opinion_rating,agent0,agent1,agent2,agent3,agent4,agent5,agent6,agent7,agent8,agent9,agent10,agent11,agent12,agent13,agent14,agent15,agent16,agent17,agent18,agent19,agent20,agent21,agent22,agent23,agent24,agent25,agent26,agent27,agent28,agent29,agent30,agent31,agent32,agent33,agent34,agent35,agent36,agent37,agent38,agent39,agent40,agent41,agent42,agent43,agent44,agent45,agent46,agent47,agent48,agent49,agent50,agent51,agent52,agent53,agent54,agent55,agent56,agent57,agent58,agent59,agent60,agent61,agent62,agent63,agent64,agent65,agent66,agent67,agent68,agent69,agent70,agent71,agent72,agent73,agent74,agent75,agent76,agent77,agent78,agent79,agent80,agent81,agent82,agent83,agent84,agent85,agent86,agent87,agent88,agent89,agent90,agent91,agent92,agent93,agent94,agent95,agent96,agent97,agent98,agent99,tweeter,tweet_rating
-0.39473369300568795,0.0,0.0,0.0,0.0,0.0,0.0,0.0,0.0,0.0,0.0,0.0,0.0,0.0,0.0,0.0,0.0,0.0,0.0,0.0,0.0,0.0,0.0,0.0,0.0,0.0,0.0,0.0,0.0,0.0,0.0,0.0,0.0,1,0.0,0.0,0.0,0.0,0.0,0.0,0.0,0.0,0.0,0.0,0.0,0.0,0.0,0.0,0.0,0.0,0.0,0.0,0.0,0.0,0.0,0.0,0.0,0.0,0.0,0.0,0.0,0.0,0.0,0.0,0.0,0.0,0.0,0.0,0.0,0.0,0.0,0.0,0.0,0.0,0.0,0.0,0.0,0.0,0.0,0.0,0.0,0.0,0.0,0.0,0.0,0.0,0.0,0.0,0.0,0.0,0.0,0.0,0.0,0.0,0.0,0.0,0.0,0.0,0.0,0.0,0.0,,
-0.39373369300568795,0.0,0.0,0.0,0.0,0.0,0.0,0.0,0.0,0.0,0.0,0.0,0.0,0.0,0.0,0.0,0.0,0.0,0.0,0.0,0.0,0.0,0.0,0.0,0.0,0.0,0.0,0.0,0.0,0.0,0.0,0.0,0.0,1,0.0,0.0,0.0,0.0,0.0,0.0,0.0,0.0,0.0,0.0,0.0,0.0,0.0,0.0,0.0019744438320215985,0.0,0.0,0.0,0.0,0.0,0.0,0.0,0.0,0.0,0.0,0.0,0.0,0.0,0.0,0.0,0.0,0.0,0.0,0.0,0.0,0.0,0.0,0.0,0.0,0.0,0.0,0.0,0.0,0.0,0.0,0.0,0.0,0.0,0.0,0.0,0.0,0.0,0.0,0.0,0.0,0.0,0.0,0.0,0.0,0.0,0.0,0.0,0.0,0.0,0.0,0.0,0.0,agent47,-0.16865331801306893
-0.39273369300568794,0.0,0.0,0.0,0.0,0.0,0.0,0.0,0.0,0.0,0.0,0.0,0.0,0.0,0.0,0.0,0.0,0.0,0.0,0.0,0.0,0.0,0.0,0.0,0.0,0.0,0.0,0.0,0.0,0.0,0.0,0.0,0.0,1,0.0,0.0,0.0,0.0,0.0,0.0,0.0,0.0,0.0,0.0,0.0,0.0,0.0,0.0,0.0019744438320215985,0.0,0.0,0.0,0.0,0.0,0.0,0.0,0.0,0.0,0.0,0.0,0.0,0.0,0.0,0.0,0.0,0.0,0.0,0.0,0.0,0.0,0.0,0.0,0.0019780138512052016,0.0,0.0,0.0,0.0,0.0,0.0,0.0,0.0,0.0,0.0,0.0,0.0,0.0,0.0,0.0,0.0,0.0,0.0,0.0,0.0,0.0,0.0,0.0,0.0,0.0,0.0,0.0,0.0,agent71,-0.6034294192129642
-0.39173369300568794,0.0,0.0,0.0,0.0,0.0,0.0,0.0,0.0,0.0,0.0,0.0,0.0,0.0,0.0,0.0019984158056982,0.0,0.0,0.0,0.0,0.0,0.0,0.0,0.0,0.0,0.0,0.0,0.0,0.0,0.0,0.0,0.0,0.0,1,0.0,0.0,0.0,0.0,0.0,0.0,0.0,0.0,0.0,0.0,0.0,0.0,0.0,0.0,0.0019744438320215985,0.0,0.0,0.0,0.0,0.0,0.0,0.0,0.0,0.0,0.0,0.0,0.0,0.0,0.0,0.0,0.0,0.0,0.0,0.0,0.0,0.0,0.0,0.0,0.0019780138512052016,0.0,0.0,0.0,0.0,0.0,0.0,0.0,0.0,0.0,0.0,0.0,0.0,0.0,0.0,0.0,0.0,0.0,0.0,0.0,0.0,0.0,0.0,0.0,0.0,0.0,0.0,0.0,0.0,agent14,-0.3364452518867489
-0.39073369300568794,0.0,0.0,0.0,0.0,0.0,0.0,0.0,0.0,0.0,0.0,0.0,0.0,0.0,0.0,0.0019984158056982,0.0,0.0,0.0,0.0,0.0,0.0,0.0,0.0,0.0,0.0,0.0,0.0,0.0,0.0,0.0,0.0,0.0,1,0.0,0.0,0.0,0.0,0.0,0.0,0.0,0.0,0.0,0.0,0.0,0.0,0.0,0.0,0.0019744438320215985,0.0,0.0,0.0,0.0,0.0,-0.0016439763302414528,0.0,0.0,0.0,0.0,0.0,0.0,0.0,0.0,0.0,0.0,0.0,0.0,0.0,0.0,0.0,0.0,0.0,0.0019780138512052016,0.0,0.0,0.0,0.0,0.0,0.0,0.0,0.0,0.0,0.0,0.0,0.0,0.0,0.0,0.0,0.0,0.0,0.0,0.0,0.0,0.0,0.0,0.0,0.0,0.0,0.0,0.0,0.0,agent53,0.4520952822713492
-0.38973369300568794,0.0,0.0,0.0,0.0,0.0,0.0,0.0,0.0,0.0,0.0,0.0,0.0,0.0,0.0,0.0019984158056982,0.0,0.0,0.0,0.0,0.0,0.0,0.0,0.0,0.0,0.0,0.0,0.0,0.0,0.0,0.0,0.0,0.0,1,0.0,0.0,0.0,0.0,0.0,0.0,0.0,0.0,0.0,0.0,0.0,0.0,0.0,0.0,0.0019744438320215985,0.0,0.0,0.0,0.0,0.0,-0.0016439763302414528,0.0,0.0,0.0,0.0,0.0,0.0,0.0,0.0,0.0,0.0,0.0,0.0,0.0,0.0,0.0,0.0,0.0,0.0019780138512052016,0.0,0.0019993361658213965,0.0,0.0,0.0,0.0,0.0,0.0,0.0,0.0,0.0,0.0,0.0,0.0,0.0,0.0,0.0,0.0,0.0,0.0,0.0,0.0,0.0,0.0,0.0,0.0,0.0,0.0,agent73,-0.42717087672242293
-0.3907353369820182,0.0,0.0,0.0,0.0,0.0,0.0,0.0,0.0,0.0,0.0,0.0,0.0,0.0,0.0,0.0019984158056982,0.0,0.0,0.0,0.0,0.0,0.0,0.0,0.0,0.0,0.0,0.0,0.0,0.0,0.0,0.0,0.0,0.0,1,0.0,0.0,0.0,0.0,0.0,0.0,0.0,0.0,0.0,0.0,0.0,0.0,0.0,0.0,0.0019744438320215985,0.0,0.0,0.0,0.0,0.0,-0.0032887959894581827,0.0,0.0,0.0,0.0,0.0,0.0,0.0,0.0,0.0,0.0,0.0,0.0,0.0,0.0,0.0,0.0,0.0,0.0019780138512052016,0.0,0.0019993361658213965,0.0,0.0,0.0,0.0,0.0,0.0,0.0,0.0,0.0,0.0,0.0,0.0,0.0,0.0,0.0,0.0,0.0,0.0,0.0,0.0,0.0,0.0,0.0,0.0,0.0,0.0,agent53,0.4530952822713492
-0.3917373114258502,0.0,0.0,0.0,0.0,0.0,0.0,0.0,0.0,0.0,0.0,0.0,0.0,0.0,0.0,0.0019984158056982,0.0,0.0,0.0,0.0,0.0,0.0,0.0,0.0,0.0,0.0,0.0,0.0,0.0,0.0,0.0,0.0,0.0,1,0.0,0.0,0.0,0.0,0.0,0.0,0.0,0.0,0.0,0.0,0.0,0.0,0.0,0.0,0.003949113281466125,0.0,0.0,0.0,0.0,0.0,-0.0032887959894581827,0.0,0.0,0.0,0.0,0.0,0.0,0.0,0.0,0.0,0.0,0.0,0.0,0.0,0.0,0.0,0.0,0.0,0.0019780138512052016,0.0,0.0019993361658213965,0.0,0.0,0.0,0.0,0.0,0.0,0.0,0.0,0.0,0.0,0.0,0.0,0.0,0.0,0.0,0.0,0.0,0.0,0.0,0.0,0.0,0.0,0.0,0.0,0.0,0.0,agent47,-0.16565512658815376
-0.3907373114258502,0.0,0.0,0.0,0.0,0.0,0.0,0.0,0.0,0.0,0.0,0.0,0.0,0.0,0.0,0.0019984158056982,0.0,0.0,0.0,0.0,0.0,0.0,0.0,0.0019660274813453607,0.0,0.0,0.0,0.0,0.0,0.0,0.0,0.0,0.0,1,0.0,0.0,0.0,0.0,0.0,0.0,0.0,0.0,0.0,0.0,0.0,0.0,0.0,0.0,0.003949113281466125,0.0,0.0,0.0,0.0,0.0,-0.0032887959894581827,0.0,0.0,0.0,0.0,0.0,0.0,0.0,0.0,0.0,0.0,0.0,0.0,0.0,0.0,0.0,0.0,0.0,0.0019780138512052016,0.0,0.0019993361658213965,0.0,0.0,0.0,0.0,0.0,0.0,0.0,0.0,0.0,0.0,0.0,0.0,0.0,0.0,0.0,0.0,0.0,0.0,0.0,0.0,0.0,0.0,0.0,0.0,0.0,0.0,agent22,-0.13107462267028902
-0.3897373114258502,0.0,0.0,0.0,0.0,0.0,0.0,0.0,0.0,0.0,0.0,0.0,0.0,0.0,0.0,0.0019984158056982,0.0,0.0,0.0,0.0,0.0,0.0,0.0,0.0019660274813453607,0.0,0.0,0.0,0.0,0.0,0.0,0.0,0.0,0.0,1,0.0,0.0,0.0,0.0,0.0,0.0,0.0,0.0,0.0,0.0,0.0,0.0,0.0,0.0,0.003949113281466125,0.0,0.0,0.0,0.0,0.0,-0.0032887959894581827,0.0,0.0,0.0,0.0,0.0,0.0,0.0,0.0,0.0,0.0,0.0,0.0,0.0,0.0,0.0,0.0,0.0,0.0019780138512052016,0.0,0.0019993361658213965,0.0,0.0,0.0,0.0,0.0,0.0,0.0,0.0,0.0,0.0,0.0,0.0,0.0,0.0019360108927446427,0.0,0.0,0.0,0.0,0.0,0.0,0.0,0.0,0.0,0.0,0.0,0.0,agent87,-0.032996882468323836
-0.3887373114258502,0.0,0.0,0.0,0.0,0.0,0.0,0.0,0.0,0.0,0.0,0.0,0.0,0.0,0.0,0.0019984158056982,0.0,0.0,0.0,0.0,0.0,0.0,0.0,0.0019660274813453607,0.0,0.0,0.0,0.0,0.0,0.0019964387161951463,0.0,0.0,0.0,1,0.0,0.0,0.0,0.0,0.0,0.0,0.0,0.0,0.0,0.0,0.0,0.0,0.0,0.0,0.003949113281466125,0.0,0.0,0.0,0.0,0.0,-0.0032887959894581827,0.0,0.0,0.0,0.0,0.0,0.0,0.0,0.0,0.0,0.0,0.0,0.0,0.0,0.0,0.0,0.0,0.0,0.0019780138512052016,0.0,0.0019993361658213965,0.0,0.0,0.0,0.0,0.0,0.0,0.0,0.0,0.0,0.0,0.0,0.0,0.0,0.0019360108927446427,0.0,0.0,0.0,0.0,0.0,0.0,0.0,0.0,0.0,0.0,0.0,0.0,agent28,-0.3053420058116889
-0.3877373114258502,0.0,0.0,0.0,0.0,0.0,0.0,0.0,0.0,0.0,0.0,0.0,0.0,0.0,0.0,0.0019984158056982,0.0,0.0,0.0,0.0,0.0,0.0,0.0,0.0019660274813453607,0.0,0.0,0.0,0.0,0.0,0.0019964387161951463,0.0,0.0,0.0,1,0.0,0.0,0.0,0.0,0.0,0.0,0.0,0.0,0.0,0.0,0.0,0.0,0.0,0.0,0.003949113281466125,0.0,0.0,0.0,0.0,0.0,-0.0032887959894581827,0.0,0.0,0.0,0.0,0.0,0.0,0.0,0.0,0.0,0.0,0.0,0.0,0.0,0.0,0.0,0.0,0.0,0.0019780138512052016,0.0,0.0019993361658213965,0.0,0.0,0.0,0.0,0.0,0.0,0.0,0.0,0.0,0.0,0.0,0.0,0.0,0.0019360108927446427,0.0,0.0,0.0,0.0,0.0,0.0,0.0,0.0019724917648694827,0.0,0.0,0.0,0.0,agent95,-0.6232932115030695
-0.3867373114258502,0.0,0.0,0.0,0.0,0.0,0.0,0.0,0.0,0.0,0.0,0.0,0.0,0.0,0.0,0.0019984158056982,0.0,0.0,0.0,0.0,0.0,0.0,0.0,0.0019660274813453607,0.0,0.0,0.0,0.0,0.0,0.0019964387161951463,0.0,0.0,0.0,1,0.0,0.0,0.0,0.0,0.0,0.0,0.0,0.0,0.0,0.0,0.0,0.0,0.0,0.0,0.003949113281466125,0.0,0.0,0.0,0.0,0.0,-0.0032887959894581827,0.0,-0.0016892040038878507,0.0,0.0,0.0,0.0,0.0,0.0,0.0,0.0,0.0,0.0,0.0,0.0,0.0,0.0,0.0,0.0019780138512052016,0.0,0.0019993361658213965,0.0,0.0,0.0,0.0,0.0,0.0,0.0,0.0,0.0,0.0,0.0,0.0,0.0,0.0019360108927446427,0.0,0.0,0.0,0.0,0.0,0.0,0.0,0.0019724917648694827,0.0,0.0,0.0,0.0,agent55,0.40067374394076427
-0.3857373114258502,0.0,0.0,0.0,0.0,0.0,0.0,0.0,0.0,0.0,0.0,0.0,0.0,0.0,0.0,0.0019984158056982,0.0,0.0,0.0,0.0,0.0,0.0,0.0,0.0019660274813453607,0.0,0.0,0.0,0.0,0.0,0.0019964387161951463,0.0,0.0,0.0,1,0.0,0.0,0.0,0.0,0.0,0.0,0.0,0.0,0.0,0.0,0.0,0.0,0.0,0.0,0.003949113281466125,0.0,0.0,0.0,0.0,0.0,-0.0032887959894581827,0.0,-0.0016892040038878507,0.0,0.0,0.0,0.0,0.0,0.0,0.0,0.0,0.0,0.0,0.0,0.0,0.0,0.0,0.0,0.0019780138512052016,0.0,0.0019993361658213965,0.0,0.0,0.0,0.0,0.0,0.0,-0.0014555981242326019,0.0,0.0,0.0,0.0,0.0,0.0,0.0019360108927446427,0.0,0.0,0.0,0.0,0.0,0.0,0.0,0.0019724917648694827,0.0,0.0,0.0,0.0,agent80,0.6567202830813712
-0.3847373114258502,0.0,0.0,0.0,0.0,0.0,0.0,0.0,0.0,0.0,0.0,0.0,0.0,0.0,0.0,0.0019984158056982,0.0,0.0,0.0,0.0,0.0,0.0,0.0,0.0019660274813453607,0.0,0.0,0.0,0.0,0.0,0.0019964387161951463,0.0,0.0,0.0,1,0.0,0.0,0.0,0.0,0.0,0.0,0.0,0.0,0.0,0.0,0.0,0.0,0.0,0.0,0.003949113281466125,0.0,0.0,0.0,0.0,0.0,-0.0032887959894581827,0.0,-0.0016892040038878507,0.0,0.0,0.0,0.0,0.0,0.0,0.0,0.0,0.0,0.0,0.0,0.0,0.0,0.0,0.0,0.0019780138512052016,0.0,0.0019993361658213965,0.0,0.0,0.0,0.0,0.0,0.0,-0.0014555981242326019,0.0,-0.0012972931816032985,0.0,0.0,0.0,0.0,0.0019360108927446427,0.0,0.0,0.0,0.0,0.0,0.0,0.0,0.0019724917648694827,0.0,0.0,0.0,0.0,agent82,0.799764116997331
-0.3837373114258502,0.0,0.0,0.0,0.0,0.0,0.0,0.0,0.0,0.0,0.0,0.0,0.0,0.0,0.0,0.0019984158056982,0.0,0.0,0.0,0.0,0.0,0.0,0.0,0.0019660274813453607,-0.0014271981240348793,0.0,0.0,0.0,0.0,0.0019964387161951463,0.0,0.0,0.0,1,0.0,0.0,0.0,0.0,0.0,0.0,0.0,0.0,0.0,0.0,0.0,0.0,0.0,0.0,0.003949113281466125,0.0,0.0,0.0,0.0,0.0,-0.0032887959894581827,0.0,-0.0016892040038878507,0.0,0.0,0.0,0.0,0.0,0.0,0.0,0.0,0.0,0.0,0.0,0.0,0.0,0.0,0.0,0.0019780138512052016,0.0,0.0019993361658213965,0.0,0.0,0.0,0.0,0.0,0.0,-0.0014555981242326019,0.0,-0.0012972931816032985,0.0,0.0,0.0,0.0,0.0019360108927446427,0.0,0.0,0.0,0.0,0.0,0.0,0.0,0.0019724917648694827,0.0,0.0,0.0,0.0,agent23,0.6855914940961917
-0.3827373114258502,0.0,0.0,0.0,0.0,0.0,0.0,0.0,0.0,0.0,0.0,0.0,0.0,0.0,0.0,0.0019984158056982,0.0,0.0,0.0,0.0,0.0,0.0,0.0,0.0019660274813453607,-0.0014271981240348793,0.0,0.0,0.0,0.0,0.0019964387161951463,0.0,0.0,0.0,1,0.0,0.0,0.0,0.0,0.0,0.0,0.0,0.0,0.0,0.0,0.0,0.0,0.0,0.0,0.003949113281466125,0.0,0.0,0.0,0.001976021436161892,0.0,-0.0032887959894581827,0.0,-0.0016892040038878507,0.0,0.0,0.0,0.0,0.0,0.0,0.0,0.0,0.0,0.0,0.0,0.0,0.0,0.0,0.0,0.0019780138512052016,0.0,0.0019993361658213965,0.0,0.0,0.0,0.0,0.0,0.0,-0.0014555981242326019,0.0,-0.0012972931816032985,0.0,0.0,0.0,0.0,0.0019360108927446427,0.0,0.0,0.0,0.0,0.0,0.0,0.0,0.0019724917648694827,0.0,0.0,0.0,0.0,agent51,-0.16474615252618985
-0.3817373114258502,0.0,0.0,0.0,0.0,0.0,0.0,0.0,0.0,0.0,0.0,0.0,0.0,0.0,0.0,0.0019984158056982,0.0,0.0,0.0,0.0,0.0,0.0,0.0,0.0019660274813453607,-0.0014271981240348793,0.0,0.0,0.0,0.0,0.0019964387161951463,0.0,0.0,0.0,1,0.0,0.0,0.0,0.0,0.0,0.0,0.0,0.0,0.0,0.0,0.0,0.0,0.0,0.0,0.003949113281466125,0.0,0.0,0.0,0.001976021436161892,0.0,-0.0032887959894581827,0.0,-0.0016892040038878507,0.0,0.0,0.0,0.0,0.0,0.0,0.0,0.0,0.0,0.0019612507493614656,0.0,0.0,0.0,0.0,0.0,0.0019780138512052016,0.0,0.0019993361658213965,0.0,0.0,0.0,0.0,0.0,0.0,-0.0014555981242326019,0.0,-0.0012972931816032985,0.0,0.0,0.0,0.0,0.0019360108927446427,0.0,0.0,0.0,0.0,0.0,0.0,0.0,0.0019724917648694827,0.0,0.0,0.0,0.0,agent65,-0.6611228377684899
-0.3807373114258502,0.0,0.0,0.0,0.0,0.0,0.0,0.0,0.0,0.0,0.0,0.0,0.0,0.0,0.0,0.0019984158056982,0.0,0.0,0.0,0.0,-0.0012434201834633396,0.0,0.0,0.0019660274813453607,-0.0014271981240348793,0.0,0.0,0.0,0.0,0.0019964387161951463,0.0,0.0,0.0,1,0.0,0.0,0.0,0.0,0.0,0.0,0.0,0.0,0.0,0.0,0.0,0.0,0.0,0.0,0.003949113281466125,0.0,0.0,0.0,0.001976021436161892,0.0,-0.0032887959894581827,0.0,-0.0016892040038878507,0.0,0.0,0.0,0.0,0.0,0.0,0.0,0.0,0.0,0.0019612507493614656,0.0,0.0,0.0,0.0,0.0,0.0019780138512052016,0.0,0.0019993361658213965,0.0,0.0,0.0,0.0,0.0,0.0,-0.0014555981242326019,0.0,-0.0012972931816032985,0.0,0.0,0.0,0.0,0.0019360108927446427,0.0,0.0,0.0,0.0,0.0,0.0,0.0,0.0019724917648694827,0.0,0.0,0.0,0.0,agent19,0.8483682259461758
-0.3797373114258502,0.0,0.0,0.0,0.0,0.0,0.0,0.0,0.0,0.0,0.0,0.0,0.0,0.0,0.0,0.0019984158056982,0.0,0.0,0.0,0.0,-0.0012434201834633396,0.0,0.0,0.0019660274813453607,-0.0014271981240348793,0.0,0.0,0.0,0.0,0.0019964387161951463,0.0,0.0,0.0,1,0.0,0.0,0.0,0.0,0.0,0.0,0.0,0.0,0.0,0.0,0.0,0.0,0.0,0.0,0.003949113281466125,0.0019999689382772254,0.0,0.0,0.001976021436161892,0.0,-0.0032887959894581827,0.0,-0.0016892040038878507,0.0,0.0,0.0,0.0,0.0,0.0,0.0,0.0,0.0,0.0019612507493614656,0.0,0.0,0.0,0.0,0.0,0.0019780138512052016,0.0,0.0019993361658213965,0.0,0.0,0.0,0.0,0.0,0.0,-0.0014555981242326019,0.0,-0.0012972931816032985,0.0,0.0,0.0,0.0,0.0019360108927446427,0.0,0.0,0.0,0.0,0.0,0.0,0.0,0.0019724917648694827,0.0,0.0,0.0,0.0,agent48,-0.37285546864960173
-0.3787373114258502,0.0,0.0,0.0,0.0,0.0,0.0,0.0,0.0,0.0,0.0,0.0,0.0,0.0,0.0,0.0019984158056982,0.0,0.0,0.0,0.0,-0.0012434201834633396,0.0,0.0,0.0019660274813453607,-0.0014271981240348793,0.0,0.0,0.0,0.0,0.0019964387161951463,0.0,0.0,0.0,1,0.0,0.0,0.0,0.0,0.0,0.0,0.0,0.0,0.0,0.0,0.0,0.0,0.0,0.0,0.003949113281466125,0.0019999689382772254,0.0,0.0,0.001976021436161892,0.0,-0.0032887959894581827,0.0,-0.0016892040038878507,0.0,0.0,0.0,0.0,0.0,0.0,0.0,0.0,0.0,0.0019612507493614656,0.0,0.0,0.0,0.0,0.0,0.0019780138512052016,0.0,0.0019993361658213965,0.0,0.0,0.0,0.0,0.0,0.0,-0.0014555981242326019,0.0,-0.0012972931816032985,0.0,0.0,0.0,0.0,0.0019360108927446427,0.0,0.0,0.0,0.0,-0.0013930916690708052,0.0,0.0,0.0019724917648694827,0.0,0.0,0.0,0.0,agent92,0.7219961689850836
-0.3777373114258502,0.0,0.0,0.0,0.0,0.0,0.0,0.0,0.0,0.0,0.0,0.0,0.0,0.0,0.0,0.0019984158056982,0.0,0.0,0.0,-0.0010495417130411092,-0.0012434201834633396,0.0,0.0,0.0019660274813453607,-0.0014271981240348793,0.0,0.0,0.0,0.0,0.0019964387161951463,0.0,0.0,0.0,1,0.0,0.0,0.0,0.0,0.0,0.0,0.0,0.0,0.0,0.0,0.0,0.0,0.0,0.0,0.003949113281466125,0.0019999689382772254,0.0,0.0,0.001976021436161892,0.0,-0.0032887959894581827,0.0,-0.0016892040038878507,0.0,0.0,0.0,0.0,0.0,0.0,0.0,0.0,0.0,0.0019612507493614656,0.0,0.0,0.0,0.0,0.0,0.0019780138512052016,0.0,0.0019993361658213965,0.0,0.0,0.0,0.0,0.0,0.0,-0.0014555981242326019,0.0,-0.0012972931816032985,0.0,0.0,0.0,0.0,0.0019360108927446427,0.0,0.0,0.0,0.0,-0.0013930916690708052,0.0,0.0,0.0019724917648694827,0.0,0.0,0.0,0.0,agent18,1
-0.3767373114258502,0.0,0.0,0.0,0.0,0.0,0.0,0.0,0.0,0.0,0.0,0.0,0.0,0.0,0.0,0.0019984158056982,0.0,0.0,0.0,-0.0010495417130411092,-0.0012434201834633396,0.0,0.0,0.0019660274813453607,-0.0014271981240348793,0.0,0.0,0.0,0.0,0.0019964387161951463,0.0,0.0,0.0,1,0.0,0.0,0.0,0.0,0.0,0.0,0.0,0.0,0.0,0.0,0.0,0.0,0.0,0.0,0.003949113281466125,0.0019999689382772254,0.0,0.0,0.001976021436161892,0.0,-0.0032887959894581827,0.0,-0.0016892040038878507,0.0,0.0,0.0,0.0,-0.001733553862690773,0.0,0.0,0.0,0.0,0.0019612507493614656,0.0,0.0,0.0,0.0,0.0,0.0019780138512052016,0.0,0.0019993361658213965,0.0,0.0,0.0,0.0,0.0,0.0,-0.0014555981242326019,0.0,-0.0012972931816032985,0.0,0.0,0.0,0.0,0.0019360108927446427,0.0,0.0,0.0,0.0,-0.0013930916690708052,0.0,0.0,0.0019724917648694827,0.0,0.0,0.0,0.0,agent60,0.3522573971977492
-0.37773928744728635,0.0,0.0,0.0,0.0,0.0,0.0,0.0,0.0,0.0,0.0,0.0,0.0,0.0,0.0,0.0019984158056982,0.0,0.0,0.0,-0.0010495417130411092,-0.0012434201834633396,0.0,0.0,0.0019660274813453607,-0.0014271981240348793,0.0,0.0,0.0,0.0,0.0019964387161951463,0.0,0.0,0.0,1,0.0,0.0,0.0,0.0,0.0,0.0,0.0,0.0,0.0,0.0,0.0,0.0,0.0,0.0,0.003949113281466125,0.0019999689382772254,0.0,0.0,0.0039522613634826835,0.0,-0.0032887959894581827,0.0,-0.0016892040038878507,0.0,0.0,0.0,0.0,-0.001733553862690773,0.0,0.0,0.0,0.0,0.0019612507493614656,0.0,0.0,0.0,0.0,0.0,0.0019780138512052016,0.0,0.0019993361658213965,0.0,0.0,0.0,0.0,0.0,0.0,-0.0014555981242326019,0.0,-0.0012972931816032985,0.0,0.0,0.0,0.0,0.0019360108927446427,0.0,0.0,0.0,0.0,-0.0013930916690708052,0.0,0.0,0.0019724917648694827,0.0,0.0,0.0,0.0,agent51,-0.15874615252618984
-0.37673928744728635,0.0,0.0,0.0,0.0,0.0,0.0,0.0,0.0,0.0,0.0,0.0,0.0,0.0,0.0,0.0019984158056982,-0.0010509172279121216,0.0,0.0,-0.0010495417130411092,-0.0012434201834633396,0.0,0.0,0.0019660274813453607,-0.0014271981240348793,0.0,0.0,0.0,0.0,0.0019964387161951463,0.0,0.0,0.0,1,0.0,0.0,0.0,0.0,0.0,0.0,0.0,0.0,0.0,0.0,0.0,0.0,0.0,0.0,0.003949113281466125,0.0019999689382772254,0.0,0.0,0.0039522613634826835,0.0,-0.0032887959894581827,0.0,-0.0016892040038878507,0.0,0.0,0.0,0.0,-0.001733553862690773,0.0,0.0,0.0,0.0,0.0019612507493614656,0.0,0.0,0.0,0.0,0.0,0.0019780138512052016,0.0,0.0019993361658213965,0.0,0.0,0.0,0.0,0.0,0.0,-0.0014555981242326019,0.0,-0.0012972931816032985,0.0,0.0,0.0,0.0,0.0019360108927446427,0.0,0.0,0.0,0.0,-0.0013930916690708052,0.0,0.0,0.0019724917648694827,0.0,0.0,0.0,0.0,agent15,1
-0.37573928744728635,0.0,0.0,0.0,0.0,0.0,0.0,0.0,0.0,0.0,0.0,0.0,0.0,0.0,0.0,0.0019984158056982,-0.0010509172279121216,0.0,0.0,-0.0010495417130411092,-0.0012434201834633396,0.0,0.0,0.0019660274813453607,-0.0014271981240348793,0.0,0.0,0.0,0.0,0.0019964387161951463,0.0,0.0,0.0,1,0.0,0.0,0.0,0.0,0.0,0.0,0.0,0.0,0.0,0.0,0.0,0.0,0.0,0.0,0.003949113281466125,0.0019999689382772254,0.0,0.0,0.0039522613634826835,0.0,-0.0032887959894581827,0.0,-0.0016892040038878507,0.0,0.0,0.0,0.0019613725100465114,-0.001733553862690773,0.0,0.0,0.0,0.0,0.0019612507493614656,0.0,0.0,0.0,0.0,0.0,0.0019780138512052016,0.0,0.0019993361658213965,0.0,0.0,0.0,0.0,0.0,0.0,-0.0014555981242326019,0.0,-0.0012972931816032985,0.0,0.0,0.0,0.0,0.0019360108927446427,0.0,0.0,0.0,0.0,-0.0013930916690708052,0.0,0.0,0.0019724917648694827,0.0,0.0,0.0,0.0,agent59,-0.09879148675985944
-0.37473928744728635,0.0,0.0,-0.001706942676189746,0.0,0.0,0.0,0.0,0.0,0.0,0.0,0.0,0.0,0.0,0.0,0.0019984158056982,-0.0010509172279121216,0.0,0.0,-0.0010495417130411092,-0.0012434201834633396,0.0,0.0,0.0019660274813453607,-0.0014271981240348793,0.0,0.0,0.0,0.0,0.0019964387161951463,0.0,0.0,0.0,1,0.0,0.0,0.0,0.0,0.0,0.0,0.0,0.0,0.0,0.0,0.0,0.0,0.0,0.0,0.003949113281466125,0.0019999689382772254,0.0,0.0,0.0039522613634826835,0.0,-0.0032887959894581827,0.0,-0.0016892040038878507,0.0,0.0,0.0,0.0019613725100465114,-0.001733553862690773,0.0,0.0,0.0,0.0,0.0019612507493614656,0.0,0.0,0.0,0.0,0.0,0.0019780138512052016,0.0,0.0019993361658213965,0.0,0.0,0.0,0.0,0.0,0.0,-0.0014555981242326019,0.0,-0.0012972931816032985,0.0,0.0,0.0,0.0,0.0019360108927446427,0.0,0.0,0.0,0.0,-0.0013930916690708052,0.0,0.0,0.0019724917648694827,0.0,0.0,0.0,0.0,agent2,0.38984196076906563
-0.37373928744728635,0.0,0.0,-0.001706942676189746,0.0,0.0,0.0,0.0,0.0,0.0,0.0,0.0,0.0,0.0,0.0,0.0019984158056982,-0.0010509172279121216,0.0,0.0,-0.0010495417130411092,-0.0012434201834633396,0.0,0.0,0.0019660274813453607,-0.0014271981240348793,0.0,0.0,0.0,0.0,0.0019964387161951463,0.0,0.0,0.0,1,0.0,0.0,0.0,0.0,0.0,0.0,0.0,0.0,0.0,0.0,0.0,0.0,0.0,0.0,0.003949113281466125,0.0019999689382772254,0.0,0.0,0.0039522613634826835,0.0,-0.0032887959894581827,0.0,-0.0016892040038878507,0.0,0.0,0.0,0.0019613725100465114,-0.001733553862690773,0.0,0.0,0.0,0.0,0.0019612507493614656,0.0,0.0,0.0,0.0,0.0,0.0019780138512052016,0.0,0.0019993361658213965,0.0,0.0,0.0,0.0,0.0,0.0,-0.0014555981242326019,0.0,-0.0012972931816032985,0.0,0.0,0.0,0.0,0.0019360108927446427,0.0,0.0,0.0,0.0,-0.0013930916690708052,0.0,0.0,0.0019724917648694827,0.0,0.0019567007517799105,0.0,0.0,agent97,-0.6690155121753105
-0.37273928744728635,0.0,0.0,-0.001706942676189746,0.0,0.0,0.0,0.0,0.0,0.0,0.0,0.0,0.0,0.0,0.0,0.0019984158056982,-0.0010509172279121216,0.0,0.0,-0.0010495417130411092,-0.0012434201834633396,0.0,0.0,0.0019660274813453607,-0.0014271981240348793,0.0,0.0,0.0,0.0,0.0019964387161951463,0.0,0.0,0.0,1,0.0,0.0,0.0,0.0,0.0,0.0,0.0,0.0,0.0,0.0,0.0,0.0,0.0,0.0,0.003949113281466125,0.0019999689382772254,0.0,0.0,0.0039522613634826835,0.0,-0.0032887959894581827,0.0,-0.0016892040038878507,0.0,0.0,0.0,0.0019613725100465114,-0.001733553862690773,0.0,0.0019984812254513857,0.0,0.0,0.0019612507493614656,0.0,0.0,0.0,0.0,0.0,0.0019780138512052016,0.0,0.0019993361658213965,0.0,0.0,0.0,0.0,0.0,0.0,-0.0014555981242326019,0.0,-0.0012972931816032985,0.0,0.0,0.0,0.0,0.0019360108927446427,0.0,0.0,0.0,0.0,-0.0013930916690708052,0.0,0.0,0.0019724917648694827,0.0,0.0019567007517799105,0.0,0.0,agent62,-0.31862532281736317
-0.37173928744728635,0.0,0.0,-0.001706942676189746,0.0,0.0,0.0,0.0,0.0,0.0,0.0,0.0,0.0,0.0,0.0,0.0019984158056982,-0.0010509172279121216,0.001999993421578145,0.0,-0.0010495417130411092,-0.0012434201834633396,0.0,0.0,0.0019660274813453607,-0.0014271981240348793,0.0,0.0,0.0,0.0,0.0019964387161951463,0.0,0.0,0.0,1,0.0,0.0,0.0,0.0,0.0,0.0,0.0,0.0,0.0,0.0,0.0,0.0,0.0,0.0,0.003949113281466125,0.0019999689382772254,0.0,0.0,0.0039522613634826835,0.0,-0.0032887959894581827,0.0,-0.0016892040038878507,0.0,0.0,0.0,0.0019613725100465114,-0.001733553862690773,0.0,0.0019984812254513857,0.0,0.0,0.0019612507493614656,0.0,0.0,0.0,0.0,0.0,0.0019780138512052016,0.0,0.0019993361658213965,0.0,0.0,0.0,0.0,0.0,0.0,-0.0014555981242326019,0.0,-0.0012972931816032985,0.0,0.0,0.0,0.0,0.0019360108927446427,0.0,0.0,0.0,0.0,-0.0013930916690708052,0.0,0.0,0.0019724917648694827,0.0,0.0019567007517799105,0.0,0.0,agent16,-0.36911205107365935
-0.37274071464541036,0.0,0.0,-0.001706942676189746,0.0,0.0,0.0,0.0,0.0,0.0,0.0,0.0,0.0,0.0,0.0,0.0019984158056982,-0.0010509172279121216,0.001999993421578145,0.0,-0.0010495417130411092,-0.0012434201834633396,0.0,0.0,0.0019660274813453607,-0.0028533215469564717,0.0,0.0,0.0,0.0,0.0019964387161951463,0.0,0.0,0.0,1,0.0,0.0,0.0,0.0,0.0,0.0,0.0,0.0,0.0,0.0,0.0,0.0,0.0,0.0,0.003949113281466125,0.0019999689382772254,0.0,0.0,0.0039522613634826835,0.0,-0.0032887959894581827,0.0,-0.0016892040038878507,0.0,0.0,0.0,0.0019613725100465114,-0.001733553862690773,0.0,0.0019984812254513857,0.0,0.0,0.0019612507493614656,0.0,0.0,0.0,0.0,0.0,0.0019780138512052016,0.0,0.0019993361658213965,0.0,0.0,0.0,0.0,0.0,0.0,-0.0014555981242326019,0.0,-0.0012972931816032985,0.0,0.0,0.0,0.0,0.0019360108927446427,0.0,0.0,0.0,0.0,-0.0013930916690708052,0.0,0.0,0.0019724917648694827,0.0,0.0019567007517799105,0.0,0.0,agent23,0.699593132559135
-0.37374271461434866,0.0,0.0,-0.001706942676189746,0.0,0.0,0.0,0.0,0.0,0.0,0.0,0.0,0.0,0.0,0.0,0.0019984158056982,-0.0010509172279121216,0.001999993421578145,0.0,-0.0010495417130411092,-0.0012434201834633396,0.0,0.0,0.0019660274813453607,-0.0028533215469564717,0.0,0.0,0.0,0.0,0.0019964387161951463,0.0,0.0,0.0,1,0.0,0.0,0.0,0.0,0.0,0.0,0.0,0.0,0.0,0.0,0.0,0.0,0.0,0.0,0.003949113281466125,0.003999945258466734,0.0,0.0,0.0039522613634826835,0.0,-0.0032887959894581827,0.0,-0.0016892040038878507,0.0,0.0,0.0,0.0019613725100465114,-0.001733553862690773,0.0,0.0019984812254513857,0.0,0.0,0.0019612507493614656,0.0,0.0,0.0,0.0,0.0,0.0019780138512052016,0.0,0.0019993361658213965,0.0,0.0,0.0,0.0,0.0,0.0,-0.0014555981242326019,0.0,-0.0012972931816032985,0.0,0.0,0.0,0.0,0.0019360108927446427,0.0,0.0,0.0,0.0,-0.0013930916690708052,0.0,0.0,0.0019724917648694827,0.0,0.0019567007517799105,0.0,0.0,agent48,-0.36585888196925576
-0.37274271461434866,0.0,0.0,-0.001706942676189746,0.0,0.0,0.0,0.0,0.0,0.0,0.0,0.0,0.0,0.0,0.0,0.0019984158056982,-0.0010509172279121216,0.001999993421578145,0.0,-0.0010495417130411092,-0.0012434201834633396,0.0,0.0,0.0019660274813453607,-0.0028533215469564717,0.0,0.0,0.0,0.0,0.0019964387161951463,0.0,0.0,0.0,1,0.0,0.0,0.0,0.0,0.0,0.0,0.0,0.0,0.0,0.0,0.0,0.0,0.0,0.0,0.003949113281466125,0.003999945258466734,0.0,0.0,0.0039522613634826835,0.0,-0.0032887959894581827,0.0,-0.0016892040038878507,0.0,0.0,0.0,0.0019613725100465114,-0.001733553862690773,0.0,0.0019984812254513857,0.0,0.0,0.0019612507493614656,0.0,0.0,0.0,0.0,0.0,0.0019780138512052016,0.0,0.0019993361658213965,0.0,0.0,0.0,0.0,0.0,0.0,-0.0014555981242326019,0.0,-0.0012972931816032985,0.0,0.0,0.0,0.0,0.0019360108927446427,0.0,0.0,-0.0013857365485140125,0.0,-0.0013930916690708052,0.0,0.0,0.0019724917648694827,0.0,0.0019567007517799105,0.0,0.0,agent90,0.7346466136327141
-0.37374410770601774,0.0,0.0,-0.001706942676189746,0.0,0.0,0.0,0.0,0.0,0.0,0.0,0.0,0.0,0.0,0.0,0.0019984158056982,-0.0010509172279121216,0.001999993421578145,0.0,-0.0010495417130411092,-0.0012434201834633396,0.0,0.0,0.0019660274813453607,-0.0028533215469564717,0.0,0.0,0.0,0.0,0.0019964387161951463,0.0,0.0,0.0,1,0.0,0.0,0.0,0.0,0.0,0.0,0.0,0.0,0.0,0.0,0.0,0.0,0.0,0.0,0.003949113281466125,0.003999945258466734,0.0,0.0,0.0039522613634826835,0.0,-0.0032887959894581827,0.0,-0.0016892040038878507,0.0,0.0,0.0,0.0019613725100465114,-0.001733553862690773,0.0,0.0019984812254513857,0.0,0.0,0.0019612507493614656,0.0,0.0,0.0,0.0,0.0,0.0019780138512052016,0.0,0.0019993361658213965,0.0,0.0,0.0,0.0,0.0,0.0,-0.0014555981242326019,0.0,-0.0012972931816032985,0.0,0.0,0.0,0.0,0.0019360108927446427,0.0,0.0,-0.0013857365485140125,0.0,-0.002780650644252385,0.0,0.0,0.0019724917648694827,0.0,0.0019567007517799105,0.0,0.0,agent92,0.7340011806192511
-0.37274410770601774,0.0,0.0,-0.001706942676189746,0.0,0.0,0.0,0.0,0.0,0.0,0.0,0.0,0.0,0.0,0.0,0.0019984158056982,-0.0010509172279121216,0.001999993421578145,0.0,-0.0010495417130411092,-0.0012434201834633396,0.0,-0.001719323988322008,0.0019660274813453607,-0.0028533215469564717,0.0,0.0,0.0,0.0,0.0019964387161951463,0.0,0.0,0.0,1,0.0,0.0,0.0,0.0,0.0,0.0,0.0,0.0,0.0,0.0,0.0,0.0,0.0,0.0,0.003949113281466125,0.003999945258466734,0.0,0.0,0.0039522613634826835,0.0,-0.0032887959894581827,0.0,-0.0016892040038878507,0.0,0.0,0.0,0.0019613725100465114,-0.001733553862690773,0.0,0.0019984812254513857,0.0,0.0,0.0019612507493614656,0.0,0.0,0.0,0.0,0.0,0.0019780138512052016,0.0,0.0019993361658213965,0.0,0.0,0.0,0.0,0.0,0.0,-0.0014555981242326019,0.0,-0.0012972931816032985,0.0,0.0,0.0,0.0,0.0019360108927446427,0.0,0.0,-0.0013857365485140125,0.0,-0.002780650644252385,0.0,0.0,0.0019724917648694827,0.0,0.0019567007517799105,0.0,0.0,agent21,0.37549018365816134
-0.37174410770601773,0.0,0.0,-0.001706942676189746,0.0,0.0,0.0,0.0,0.0,0.0,0.0,0.0,0.0,0.0,0.0,0.0019984158056982,-0.0010509172279121216,0.001999993421578145,0.0,-0.0010495417130411092,-0.0012434201834633396,0.0,-0.001719323988322008,0.0019660274813453607,-0.0028533215469564717,0.0,0.0,0.0,0.0,0.0019964387161951463,0.0,0.0,0.0,1,0.0,0.001996977853018741,0.0,0.0,0.0,0.0,0.0,0.0,0.0,0.0,0.0,0.0,0.0,0.0,0.003949113281466125,0.003999945258466734,0.0,0.0,0.0039522613634826835,0.0,-0.0032887959894581827,0.0,-0.0016892040038878507,0.0,0.0,0.0,0.0019613725100465114,-0.001733553862690773,0.0,0.0019984812254513857,0.0,0.0,0.0019612507493614656,0.0,0.0,0.0,0.0,0.0,0.0019780138512052016,0.0,0.0019993361658213965,0.0,0.0,0.0,0.0,0.0,0.0,-0.0014555981242326019,0.0,-0.0012972931816032985,0.0,0.0,0.0,0.0,0.0019360108927446427,0.0,0.0,-0.0013857365485140125,0.0,-0.002780650644252385,0.0,0.0,0.0019724917648694827,0.0,0.0019567007517799105,0.0,0.0,agent34,-0.4504891651856912
-0.37074410770601773,0.0,0.0,-0.001706942676189746,0.0,0.0,0.0,0.0,0.0,0.0,0.0,0.0,0.0,0.0,0.0,0.0019984158056982,-0.0010509172279121216,0.001999993421578145,0.0,-0.0010495417130411092,-0.0012434201834633396,0.0,-0.001719323988322008,0.0019660274813453607,-0.0028533215469564717,0.0,0.0,0.0,0.0,0.0019964387161951463,0.0,0.0,0.0,1,0.0,0.001996977853018741,0.0,0.0,0.0,0.0,0.001818199001713898,0.0,0.0,0.0,0.0,0.0,0.0,0.0,0.003949113281466125,0.003999945258466734,0.0,0.0,0.0039522613634826835,0.0,-0.0032887959894581827,0.0,-0.0016892040038878507,0.0,0.0,0.0,0.0019613725100465114,-0.001733553862690773,0.0,0.0019984812254513857,0.0,0.0,0.0019612507493614656,0.0,0.0,0.0,0.0,0.0,0.0019780138512052016,0.0,0.0019993361658213965,0.0,0.0,0.0,0.0,0.0,0.0,-0.0014555981242326019,0.0,-0.0012972931816032985,0.0,0.0,0.0,0.0,0.0019360108927446427,0.0,0.0,-0.0013857365485140125,0.0,-0.002780650644252385,0.0,0.0,0.0019724917648694827,0.0,0.0019567007517799105,0.0,0.0,agent39,-0.9747383005239951
-0.37174540499919934,0.0,0.0,-0.001706942676189746,0.0,0.0,0.0,0.0,0.0,0.0,0.0,0.0,0.0,0.0,0.0,0.0019984158056982,-0.0010509172279121216,0.001999993421578145,0.0,-0.0010495417130411092,-0.0012434201834633396,0.0,-0.001719323988322008,0.0019660274813453607,-0.0028533215469564717,0.0,0.0,0.0,0.0,0.0019964387161951463,0.0,0.0,0.0,1,0.0,0.001996977853018741,0.0,0.0,0.0,0.0,0.001818199001713898,0.0,0.0,0.0,0.0,0.0,0.0,0.0,0.003949113281466125,0.003999945258466734,0.0,0.0,0.0039522613634826835,0.0,-0.0032887959894581827,0.0,-0.0016892040038878507,0.0,0.0,0.0,0.0019613725100465114,-0.001733553862690773,0.0,0.0019984812254513857,0.0,0.0,0.0019612507493614656,0.0,0.0,0.0,0.0,0.0,0.0019780138512052016,0.0,0.0019993361658213965,0.0,0.0,0.0,0.0,0.0,0.0,-0.0014555981242326019,0.0,-0.002586247101687011,0.0,0.0,0.0,0.0,0.0019360108927446427,0.0,0.0,-0.0013857365485140125,0.0,-0.002780650644252385,0.0,0.0,0.0019724917648694827,0.0,0.0019567007517799105,0.0,0.0,agent82,0.8217709487325056
-0.37074540499919934,0.0,0.0,-0.001706942676189746,0.0,0.0,0.0,0.0,0.0,0.0,0.0,0.0,0.0,0.0,0.0,0.0019984158056982,-0.0010509172279121216,0.001999993421578145,0.0,-0.0010495417130411092,-0.0012434201834633396,0.0,-0.001719323988322008,0.0019660274813453607,-0.0028533215469564717,0.0,0.0,0.0,0.0,0.0019964387161951463,0.0,0.0,0.0,1,0.0,0.001996977853018741,0.0,0.0,0.0,0.0,0.001818199001713898,0.0,0.0,0.0,0.0,0.0,0.0,0.0,0.003949113281466125,0.003999945258466734,0.0,-0.0017756265140481601,0.0039522613634826835,0.0,-0.0032887959894581827,0.0,-0.0016892040038878507,0.0,0.0,0.0,0.0019613725100465114,-0.001733553862690773,0.0,0.0019984812254513857,0.0,0.0,0.0019612507493614656,0.0,0.0,0.0,0.0,0.0,0.0019780138512052016,0.0,0.0019993361658213965,0.0,0.0,0.0,0.0,0.0,0.0,-0.0014555981242326019,0.0,-0.002586247101687011,0.0,0.0,0.0,0.0,0.0019360108927446427,0.0,0.0,-0.0013857365485140125,0.0,-0.002780650644252385,0.0,0.0,0.0019724917648694827,0.0,0.0019567007517799105,0.0,0.0,agent50,0.29814038519468156
-0.36974540499919933,0.0,0.0,-0.001706942676189746,0.0,0.0,0.0,0.0,0.0,0.0,0.0,0.0,0.0,0.0,0.0,0.0019984158056982,-0.0010509172279121216,0.001999993421578145,0.0,-0.0010495417130411092,-0.0012434201834633396,0.0,-0.001719323988322008,0.0019660274813453607,-0.0028533215469564717,0.0,0.0,0.0,0.0,0.0019964387161951463,0.0,0.0,0.0,1,0.0,0.001996977853018741,0.0,0.0,0.0,0.0,0.001818199001713898,0.0,0.0,0.0,0.0,0.0,0.0,0.0,0.003949113281466125,0.003999945258466734,0.0,-0.0017756265140481601,0.0039522613634826835,0.0,-0.0032887959894581827,0.0,-0.0016892040038878507,0.0,0.0,0.0,0.0019613725100465114,-0.001733553862690773,0.0,0.0019984812254513857,0.0,0.0,0.0019612507493614656,0.0,0.0,0.0,0.0,0.0,0.0019780138512052016,0.0,0.0019993361658213965,0.0,0.0,0.0,0.0,0.0,0.0,-0.0014555981242326019,0.0,-0.002586247101687011,0.0019799790532954234,0.0,0.0,0.0,0.0019360108927446427,0.0,0.0,-0.0013857365485140125,0.0,-0.002780650644252385,0.0,0.0,0.0019724917648694827,0.0,0.0019567007517799105,0.0,0.0,agent83,-0.5708501111136557
-0.36874540499919933,0.0,0.0,-0.001706942676189746,0.0,0.0,0.0,0.0,0.0,0.0,0.0,0.0,0.0,0.0,0.0,0.0019984158056982,-0.0010509172279121216,0.001999993421578145,0.0,-0.0010495417130411092,-0.0012434201834633396,0.0,-0.001719323988322008,0.0019660274813453607,-0.0028533215469564717,0.0,0.0,0.0,0.0,0.0019964387161951463,0.0,0.0,0.0,1,0.0,0.001996977853018741,0.0,0.0,0.0,0.0,0.001818199001713898,0.0,0.0,0.0,0.0,0.0,0.0,0.0,0.003949113281466125,0.003999945258466734,0.0,-0.0017756265140481601,0.0039522613634826835,0.0,-0.0032887959894581827,0.0,-0.0016892040038878507,0.0,0.0,0.0,0.0019613725100465114,-0.001733553862690773,0.0,0.0019984812254513857,0.0,0.0,0.0019612507493614656,0.0,0.0,0.0,0.0,0.0,0.0019780138512052016,0.0,0.0019993361658213965,0.0,0.0,0.0,0.0,0.0,0.0,-0.0014555981242326019,0.0019957874154130865,-0.002586247101687011,0.0019799790532954234,0.0,0.0,0.0,0.0019360108927446427,0.0,0.0,-0.0013857365485140125,0.0,-0.002780650644252385,0.0,0.0,0.0019724917648694827,0.0,0.0019567007517799105,0.0,0.0,agent81,-0.2779566847018414
-0.3697473774909642,0.0,0.0,-0.001706942676189746,0.0,0.0,0.0,0.0,0.0,0.0,0.0,0.0,0.0,0.0,0.0,0.0019984158056982,-0.0010509172279121216,0.001999993421578145,0.0,-0.0010495417130411092,-0.0012434201834633396,0.0,-0.001719323988322008,0.0019660274813453607,-0.0028533215469564717,0.0,0.0,0.0,0.0,0.0019964387161951463,0.0,0.0,0.0,1,0.0,0.001996977853018741,0.0,0.0,0.0,0.0,0.001818199001713898,0.0,0.0,0.0,0.0,0.0,0.0,0.0,0.003949113281466125,0.003999945258466734,0.0,-0.0017756265140481601,0.0039522613634826835,0.0,-0.0032887959894581827,0.0,-0.0016892040038878507,0.0,0.0,0.0,0.0019613725100465114,-0.001733553862690773,0.0,0.0019984812254513857,0.0,0.0,0.0019612507493614656,0.0,0.0,0.0,0.0,0.0,0.0019780138512052016,0.0,0.0019993361658213965,0.0,0.0,0.0,0.0,0.0,0.0,-0.0014555981242326019,0.0019957874154130865,-0.002586247101687011,0.0019799790532954234,0.0,0.0,0.0,0.0019360108927446427,0.0,0.0,-0.0013857365485140125,0.0,-0.002780650644252385,0.0,0.0,0.003944748705402026,0.0,0.0019567007517799105,0.0,0.0,agent95,-0.6043003220247466
-0.3707493744688172,0.0,0.0,-0.001706942676189746,0.0,0.0,0.0,0.0,0.0,0.0,0.0,0.0,0.0,0.0,0.0,0.0019984158056982,-0.0010509172279121216,0.001999993421578145,0.0,-0.0010495417130411092,-0.0012434201834633396,0.0,-0.001719323988322008,0.0019660274813453607,-0.0028533215469564717,0.0,0.0,0.0,0.0,0.0019964387161951463,0.0,0.0,0.0,1,0.0,0.003993877467277701,0.0,0.0,0.0,0.0,0.001818199001713898,0.0,0.0,0.0,0.0,0.0,0.0,0.0,0.003949113281466125,0.003999945258466734,0.0,-0.0017756265140481601,0.0039522613634826835,0.0,-0.0032887959894581827,0.0,-0.0016892040038878507,0.0,0.0,0.0,0.0019613725100465114,-0.001733553862690773,0.0,0.0019984812254513857,0.0,0.0,0.0019612507493614656,0.0,0.0,0.0,0.0,0.0,0.0019780138512052016,0.0,0.0019993361658213965,0.0,0.0,0.0,0.0,0.0,0.0,-0.0014555981242326019,0.0019957874154130865,-0.002586247101687011,0.0019799790532954234,0.0,0.0,0.0,0.0019360108927446427,0.0,0.0,-0.0013857365485140125,0.0,-0.002780650644252385,0.0,0.0,0.003944748705402026,0.0,0.0019567007517799105,0.0,0.0,agent34,-0.4484923549948092
-0.37175108141149343,0.0,0.0,-0.0034053873441569926,0.0,0.0,0.0,0.0,0.0,0.0,0.0,0.0,0.0,0.0,0.0,0.0019984158056982,-0.0010509172279121216,0.001999993421578145,0.0,-0.0010495417130411092,-0.0012434201834633396,0.0,-0.001719323988322008,0.0019660274813453607,-0.0028533215469564717,0.0,0.0,0.0,0.0,0.0019964387161951463,0.0,0.0,0.0,1,0.0,0.003993877467277701,0.0,0.0,0.0,0.0,0.001818199001713898,0.0,0.0,0.0,0.0,0.0,0.0,0.0,0.003949113281466125,0.003999945258466734,0.0,-0.0017756265140481601,0.0039522613634826835,0.0,-0.0032887959894581827,0.0,-0.0016892040038878507,0.0,0.0,0.0,0.0019613725100465114,-0.001733553862690773,0.0,0.0019984812254513857,0.0,0.0,0.0019612507493614656,0.0,0.0,0.0,0.0,0.0,0.0019780138512052016,0.0,0.0019993361658213965,0.0,0.0,0.0,0.0,0.0,0.0,-0.0014555981242326019,0.0019957874154130865,-0.002586247101687011,0.0019799790532954234,0.0,0.0,0.0,0.0019360108927446427,0.0,0.0,-0.0013857365485140125,0.0,-0.002780650644252385,0.0,0.0,0.003944748705402026,0.0,0.0019567007517799105,0.0,0.0,agent2,0.40585262402558997
-0.37075108141149343,0.0,0.0,-0.0034053873441569926,0.0,0.0,0.0,0.0,0.0,0.0,0.0,0.0,0.0,0.0,0.0,0.0019984158056982,-0.0010509172279121216,0.001999993421578145,0.0,-0.0010495417130411092,-0.0012434201834633396,0.0,-0.001719323988322008,0.0019660274813453607,-0.0028533215469564717,0.0,0.0,0.0,0.0,0.0019964387161951463,0.0,0.0,0.0,1,0.0,0.003993877467277701,0.0,0.0,0.0,0.0,0.001818199001713898,0.0,0.0,0.0,0.0,0.0,0.0,0.0,0.003949113281466125,0.003999945258466734,0.0,-0.0017756265140481601,0.0039522613634826835,0.0,-0.0032887959894581827,0.0,-0.0016892040038878507,0.0,0.0,-0.0016411477857893229,0.0019613725100465114,-0.001733553862690773,0.0,0.0019984812254513857,0.0,0.0,0.0019612507493614656,0.0,0.0,0.0,0.0,0.0,0.0019780138512052016,0.0,0.0019993361658213965,0.0,0.0,0.0,0.0,0.0,0.0,-0.0014555981242326019,0.0019957874154130865,-0.002586247101687011,0.0019799790532954234,0.0,0.0,0.0,0.0019360108927446427,0.0,0.0,-0.0013857365485140125,0.0,-0.002780650644252385,0.0,0.0,0.003944748705402026,0.0,0.0019567007517799105,0.0,0.0,agent58,0.47542329758102203
-0.36975108141149343,0.0,0.0,-0.0034053873441569926,0.0,0.0,0.0,0.0,0.0,0.0,0.0,0.0,0.0,0.0,0.0,0.0019984158056982,-0.0010509172279121216,0.001999993421578145,0.0,-0.0010495417130411092,-0.0012434201834633396,0.0,-0.001719323988322008,0.0019660274813453607,-0.0028533215469564717,0.0,0.0,0.0,0.0,0.0019964387161951463,0.0,0.0,0.0,1,0.0,0.003993877467277701,0.0,0.0,0.0,0.0,0.001818199001713898,0.0,0.0,0.0,0.0,0.0,0.0,0.0,0.003949113281466125,0.003999945258466734,0.0,-0.0017756265140481601,0.0039522613634826835,0.0,-0.0032887959894581827,0.0,-0.0016892040038878507,0.0,0.0,-0.0016411477857893229,0.0019613725100465114,-0.001733553862690773,0.0,0.0019984812254513857,-0.0018322555038995819,0.0,0.0019612507493614656,0.0,0.0,0.0,0.0,0.0,0.0019780138512052016,0.0,0.0019993361658213965,0.0,0.0,0.0,0.0,0.0,0.0,-0.0014555981242326019,0.0019957874154130865,-0.002586247101687011,0.0019799790532954234,0.0,0.0,0.0,0.0019360108927446427,0.0,0.0,-0.0013857365485140125,0.0,-0.002780650644252385,0.0,0.0,0.003944748705402026,0.0,0.0019567007517799105,0.0,0.0,agent63,0.2084630346119651
-0.3707538620621377,0.0,0.0,-0.0034053873441569926,0.0,0.0,0.0,0.0,0.0,0.0,0.0,0.0,0.0,0.0,0.0,0.0019984158056982,-0.0010509172279121216,0.001999993421578145,0.0,-0.0010495417130411092,-0.0012434201834633396,0.0,-0.001719323988322008,0.0019660274813453607,-0.0028533215469564717,0.0,0.0,0.0,0.0,0.0019964387161951463,0.0,0.0,0.0,1,0.0,0.003993877467277701,0.0,0.0,0.0,0.0,0.001818199001713898,0.0,0.0,0.0,0.0,0.0,0.0,0.0,0.003949113281466125,0.003999945258466734,0.0,-0.0017756265140481601,0.0039522613634826835,0.0,-0.0032887959894581827,0.0,-0.0016892040038878507,0.0,0.0,-0.0016411477857893229,0.0019613725100465114,-0.001733553862690773,0.0,0.0019984812254513857,-0.0018322555038995819,0.0,0.0019612507493614656,0.0,0.0,0.0,0.0,0.0,0.0019780138512052016,0.0,0.0019993361658213965,0.0,0.0,0.0,0.0,0.0,0.0,-0.0014555981242326019,0.0019957874154130865,-0.002586247101687011,0.0019799790532954234,0.0,0.0,0.0,0.0019360108927446427,0.0,0.0,-0.0013857365485140125,0.0,-0.004158192010645843,0.0,0.0,0.003944748705402026,0.0,0.0019567007517799105,0.0,0.0,agent92,0.7460075247453595
-0.3697538620621377,0.0,0.0,-0.0034053873441569926,0.0,0.0,0.0,0.0,0.0,0.0,0.0,0.0,0.0,0.0,0.0,0.0019984158056982,-0.0010509172279121216,0.001999993421578145,0.0,-0.0010495417130411092,-0.0012434201834633396,0.0,-0.001719323988322008,0.0019660274813453607,-0.0028533215469564717,0.0,0.0,0.0,0.0,0.0019964387161951463,0.0,0.0,0.0,1,0.0,0.003993877467277701,0.0,0.0,0.0,0.0018261461296785702,0.001818199001713898,0.0,0.0,0.0,0.0,0.0,0.0,0.0,0.003949113281466125,0.003999945258466734,0.0,-0.0017756265140481601,0.0039522613634826835,0.0,-0.0032887959894581827,0.0,-0.0016892040038878507,0.0,0.0,-0.0016411477857893229,0.0019613725100465114,-0.001733553862690773,0.0,0.0019984812254513857,-0.0018322555038995819,0.0,0.0019612507493614656,0.0,0.0,0.0,0.0,0.0,0.0019780138512052016,0.0,0.0019993361658213965,0.0,0.0,0.0,0.0,0.0,0.0,-0.0014555981242326019,0.0019957874154130865,-0.002586247101687011,0.0019799790532954234,0.0,0.0,0.0,0.0019360108927446427,0.0,0.0,-0.0013857365485140125,0.0,-0.004158192010645843,0.0,0.0,0.003944748705402026,0.0,0.0019567007517799105,0.0,0.0,agent38,-0.9604213451768671
-0.3707558400759889,0.0,0.0,-0.0034053873441569926,0.0,0.0,0.0,0.0,0.0,0.0,0.0,0.0,0.0,0.0,0.0,0.0019984158056982,-0.0010509172279121216,0.001999993421578145,0.0,-0.0010495417130411092,-0.0012434201834633396,0.0,-0.001719323988322008,0.0019660274813453607,-0.0028533215469564717,0.0,0.0,0.0,0.0,0.0019964387161951463,0.0,0.0,0.0,1,0.0,0.003993877467277701,0.0,0.0,0.0,0.0018261461296785702,0.001818199001713898,0.0,0.0,0.0,0.0,0.0,0.0,0.0,0.003949113281466125,0.003999945258466734,0.0,-0.0017756265140481601,0.0039522613634826835,0.0,-0.0032887959894581827,0.0,-0.0016892040038878507,0.0,0.0,-0.0016411477857893229,0.0019613725100465114,-0.001733553862690773,0.0,0.0019984812254513857,-0.0018322555038995819,0.0,0.0019612507493614656,0.0,0.0,0.0,0.0,0.0,0.003955817887491659,0.0,0.0019993361658213965,0.0,0.0,0.0,0.0,0.0,0.0,-0.0014555981242326019,0.0019957874154130865,-0.002586247101687011,0.0019799790532954234,0.0,0.0,0.0,0.0019360108927446427,0.0,0.0,-0.0013857365485140125,0.0,-0.004158192010645843,0.0,0.0,0.003944748705402026,0.0,0.0019567007517799105,0.0,0.0,agent71,-0.5804477808806106
-0.3717568909932168,0.0,0.0,-0.0034053873441569926,0.0,0.0,0.0,0.0,0.0,0.0,0.0,0.0,0.0,0.0,0.0,0.0019984158056982,-0.0021114314413609066,0.001999993421578145,0.0,-0.0010495417130411092,-0.0012434201834633396,0.0,-0.001719323988322008,0.0019660274813453607,-0.0028533215469564717,0.0,0.0,0.0,0.0,0.0019964387161951463,0.0,0.0,0.0,1,0.0,0.003993877467277701,0.0,0.0,0.0,0.0018261461296785702,0.001818199001713898,0.0,0.0,0.0,0.0,0.0,0.0,0.0,0.003949113281466125,0.003999945258466734,0.0,-0.0017756265140481601,0.0039522613634826835,0.0,-0.0032887959894581827,0.0,-0.0016892040038878507,0.0,0.0,-0.0016411477857893229,0.0019613725100465114,-0.001733553862690773,0.0,0.0019984812254513857,-0.0018322555038995819,0.0,0.0019612507493614656,0.0,0.0,0.0,0.0,0.0,0.003955817887491659,0.0,0.0019993361658213965,0.0,0.0,0.0,0.0,0.0,0.0,-0.0014555981242326019,0.0019957874154130865,-0.002586247101687011,0.0019799790532954234,0.0,0.0,0.0,0.0019360108927446427,0.0,0.0,-0.0013857365485140125,0.0,-0.004158192010645843,0.0,0.0,0.003944748705402026,0.0,0.0019567007517799105,0.0,0.0,agent15,1
-0.3707568909932168,0.0,0.0,-0.0034053873441569926,0.0,0.0,0.0,0.0,0.0,0.0,-0.0016654593180988049,0.0,0.0,0.0,0.0,0.0019984158056982,-0.0021114314413609066,0.001999993421578145,0.0,-0.0010495417130411092,-0.0012434201834633396,0.0,-0.001719323988322008,0.0019660274813453607,-0.0028533215469564717,0.0,0.0,0.0,0.0,0.0019964387161951463,0.0,0.0,0.0,1,0.0,0.003993877467277701,0.0,0.0,0.0,0.0018261461296785702,0.001818199001713898,0.0,0.0,0.0,0.0,0.0,0.0,0.0,0.003949113281466125,0.003999945258466734,0.0,-0.0017756265140481601,0.0039522613634826835,0.0,-0.0032887959894581827,0.0,-0.0016892040038878507,0.0,0.0,-0.0016411477857893229,0.0019613725100465114,-0.001733553862690773,0.0,0.0019984812254513857,-0.0018322555038995819,0.0,0.0019612507493614656,0.0,0.0,0.0,0.0,0.0,0.003955817887491659,0.0,0.0019993361658213965,0.0,0.0,0.0,0.0,0.0,0.0,-0.0014555981242326019,0.0019957874154130865,-0.002586247101687011,0.0019799790532954234,0.0,0.0,0.0,0.0019360108927446427,0.0,0.0,-0.0013857365485140125,0.0,-0.004158192010645843,0.0,0.0,0.003944748705402026,0.0,0.0019567007517799105,0.0,0.0,agent9,0.44621704734613554
-0.3697568909932168,0.0,0.0,-0.0034053873441569926,0.0,0.0,0.0,0.0,0.0,0.0,-0.0016654593180988049,0.0,0.0,0.0,0.0,0.0019984158056982,-0.0021114314413609066,0.001999993421578145,0.0,-0.0010495417130411092,-0.0012434201834633396,0.0,-0.001719323988322008,0.0019660274813453607,-0.0028533215469564717,0.0,0.0,0.0,0.0,0.0019964387161951463,0.0,0.0,0.0,1,0.0,0.003993877467277701,0.0,0.0,-0.0013121131006040246,0.0018261461296785702,0.001818199001713898,0.0,0.0,0.0,0.0,0.0,0.0,0.0,0.003949113281466125,0.003999945258466734,0.0,-0.0017756265140481601,0.0039522613634826835,0.0,-0.0032887959894581827,0.0,-0.0016892040038878507,0.0,0.0,-0.0016411477857893229,0.0019613725100465114,-0.001733553862690773,0.0,0.0019984812254513857,-0.0018322555038995819,0.0,0.0019612507493614656,0.0,0.0,0.0,0.0,0.0,0.003955817887491659,0.0,0.0019993361658213965,0.0,0.0,0.0,0.0,0.0,0.0,-0.0014555981242326019,0.0019957874154130865,-0.002586247101687011,0.0019799790532954234,0.0,0.0,0.0,0.0019360108927446427,0.0,0.0,-0.0013857365485140125,0.0,-0.004158192010645843,0.0,0.0,0.003944748705402026,0.0,0.0019567007517799105,0.0,0.0,agent37,0.8021769514684758
-0.3687568909932168,0.0,0.0,-0.0034053873441569926,0.0,0.0,0.0,0.0,0.0,0.0,-0.0016654593180988049,0.0,0.0,0.0,0.0,0.0019984158056982,-0.0021114314413609066,0.001999993421578145,0.0,-0.0010495417130411092,-0.0012434201834633396,0.0,-0.001719323988322008,0.0019660274813453607,-0.0028533215469564717,0.0,0.0,0.0,0.0,0.0019964387161951463,0.0,0.0,0.0,1,0.0,0.003993877467277701,0.0,0.0,-0.0013121131006040246,0.0018261461296785702,0.001818199001713898,0.0,0.0,0.0,0.0,0.0,0.0,0.0,0.003949113281466125,0.003999945258466734,0.0019717279709480255,-0.0017756265140481601,0.0039522613634826835,0.0,-0.0032887959894581827,0.0,-0.0016892040038878507,0.0,0.0,-0.0016411477857893229,0.0019613725100465114,-0.001733553862690773,0.0,0.0019984812254513857,-0.0018322555038995819,0.0,0.0019612507493614656,0.0,0.0,0.0,0.0,0.0,0.003955817887491659,0.0,0.0019993361658213965,0.0,0.0,0.0,0.0,0.0,0.0,-0.0014555981242326019,0.0019957874154130865,-0.002586247101687011,0.0019799790532954234,0.0,0.0,0.0,0.0019360108927446427,0.0,0.0,-0.0013857365485140125,0.0,-0.004158192010645843,0.0,0.0,0.003944748705402026,0.0,0.0019567007517799105,0.0,0.0,agent49,-0.1319669456550062
-0.3677568909932168,0.0,0.0,-0.0034053873441569926,0.0,0.0,0.0,0.0,0.0,0.0,-0.0016654593180988049,0.0,0.0,0.0,0.0,0.0019984158056982,-0.0021114314413609066,0.001999993421578145,0.0,-0.0010495417130411092,-0.0012434201834633396,0.0,-0.001719323988322008,0.0019660274813453607,-0.0028533215469564717,0.0,0.0,0.0,0.0,0.0019964387161951463,0.0,0.0019921168031269447,0.0,1,0.0,0.003993877467277701,0.0,0.0,-0.0013121131006040246,0.0018261461296785702,0.001818199001713898,0.0,0.0,0.0,0.0,0.0,0.0,0.0,0.003949113281466125,0.003999945258466734,0.0019717279709480255,-0.0017756265140481601,0.0039522613634826835,0.0,-0.0032887959894581827,0.0,-0.0016892040038878507,0.0,0.0,-0.0016411477857893229,0.0019613725100465114,-0.001733553862690773,0.0,0.0019984812254513857,-0.0018322555038995819,0.0,0.0019612507493614656,0.0,0.0,0.0,0.0,0.0,0.003955817887491659,0.0,0.0019993361658213965,0.0,0.0,0.0,0.0,0.0,0.0,-0.0014555981242326019,0.0019957874154130865,-0.002586247101687011,0.0019799790532954234,0.0,0.0,0.0,0.0019360108927446427,0.0,0.0,-0.0013857365485140125,0.0,-0.004158192010645843,0.0,0.0,0.003944748705402026,0.0,0.0019567007517799105,0.0,0.0,agent30,-0.49432119223409865
-0.36875885224396615,0.0,0.0,-0.0034053873441569926,0.0,0.0,0.0,0.0,0.0,0.0,-0.0016654593180988049,0.0,0.0,0.0,0.0,0.0019984158056982,-0.0021114314413609066,0.001999993421578145,0.0,-0.0010495417130411092,-0.0012434201834633396,0.0,-0.001719323988322008,0.0019660274813453607,-0.0028533215469564717,0.0,0.0,0.0,0.0,0.0019964387161951463,0.0,0.0019921168031269447,0.0,1,0.0,0.003993877467277701,0.0,0.0,-0.0013121131006040246,0.0018261461296785702,0.001818199001713898,0.0,0.0,0.0,0.0,0.0,0.0,0.0,0.003949113281466125,0.003999945258466734,0.0019717279709480255,-0.0017756265140481601,0.0039522613634826835,0.0,-0.0032887959894581827,0.0,-0.0016892040038878507,0.0,0.0,-0.0016411477857893229,0.0019613725100465114,-0.001733553862690773,0.0,0.0019984812254513857,-0.0018322555038995819,0.0,0.003922223321810711,0.0,0.0,0.0,0.0,0.0,0.003955817887491659,0.0,0.0019993361658213965,0.0,0.0,0.0,0.0,0.0,0.0,-0.0014555981242326019,0.0019957874154130865,-0.002586247101687011,0.0019799790532954234,0.0,0.0,0.0,0.0019360108927446427,0.0,0.0,-0.0013857365485140125,0.0,-0.004158192010645843,0.0,0.0,0.003944748705402026,0.0,0.0019567007517799105,0.0,0.0,agent65,-0.6471398809935215
-0.36775885224396615,0.0,0.0,-0.0034053873441569926,0.0,0.0,0.0,0.0,0.0,0.0,-0.0016654593180988049,0.0,0.0,0.0,0.0,0.0019984158056982,-0.0021114314413609066,0.001999993421578145,0.0,-0.0010495417130411092,-0.0012434201834633396,0.0,-0.001719323988322008,0.0019660274813453607,-0.0028533215469564717,0.0,0.0,0.0,0.0,0.0019964387161951463,0.0,0.0019921168031269447,0.0,1,0.0,0.003993877467277701,0.0,0.0,-0.0013121131006040246,0.0018261461296785702,0.001818199001713898,0.0,0.0,0.0,0.0,0.0,0.0,0.0,0.003949113281466125,0.003999945258466734,0.0019717279709480255,-0.0017756265140481601,0.0039522613634826835,0.0,-0.0032887959894581827,0.0,-0.0016892040038878507,0.0,0.0,-0.0016411477857893229,0.0019613725100465114,-0.001733553862690773,0.0,0.0019984812254513857,-0.0018322555038995819,0.0,0.003922223321810711,0.0,0.0,0.0,0.0,0.0,0.003955817887491659,0.0,0.0019993361658213965,0.0,0.0,0.0,0.0,0.0,0.0,-0.0014555981242326019,0.0019957874154130865,-0.002586247101687011,0.0019799790532954234,0.0,0.0,-0.001817529255347784,0.0019360108927446427,0.0,0.0,-0.0013857365485140125,0.0,-0.004158192010645843,0.0,0.0,0.003944748705402026,0.0,0.0019567007517799105,0.0,0.0,agent86,0.23534502069878532
-0.36876023798051466,0.0,0.0,-0.0034053873441569926,0.0,0.0,0.0,0.0,0.0,0.0,-0.0016654593180988049,0.0,0.0,0.0,0.0,0.0019984158056982,-0.0021114314413609066,0.001999993421578145,0.0,-0.0010495417130411092,-0.0012434201834633396,0.0,-0.001719323988322008,0.0019660274813453607,-0.0028533215469564717,0.0,0.0,0.0,0.0,0.0019964387161951463,0.0,0.0019921168031269447,0.0,1,0.0,0.003993877467277701,0.0,0.0,-0.0013121131006040246,0.0018261461296785702,0.001818199001713898,0.0,0.0,0.0,0.0,0.0,0.0,0.0,0.003949113281466125,0.003999945258466734,0.0019717279709480255,-0.0017756265140481601,0.0039522613634826835,0.0,-0.0032887959894581827,0.0,-0.0016892040038878507,0.0,0.0,-0.0016411477857893229,0.0019613725100465114,-0.001733553862690773,0.0,0.0019984812254513857,-0.0018322555038995819,0.0,0.003922223321810711,0.0,0.0,0.0,0.0,0.0,0.003955817887491659,0.0,0.0019993361658213965,0.0,0.0,0.0,0.0,0.0,0.0,-0.0014555981242326019,0.0019957874154130865,-0.002586247101687011,0.0019799790532954234,0.0,0.0,-0.001817529255347784,0.0019360108927446427,0.0,0.0,-0.0027524492538750444,0.0,-0.004158192010645843,0.0,0.0,0.003944748705402026,0.0,0.0019567007517799105,0.0,0.0,agent90,0.7576631083014713
-0.36976207023601854,0.0,0.0,-0.0034053873441569926,0.0,0.0,0.0,0.0,0.0,0.0,-0.0016654593180988049,0.0,0.0,0.0,0.0,0.0019984158056982,-0.0021114314413609066,0.001999993421578145,0.0,-0.0010495417130411092,-0.0012434201834633396,0.0,-0.001719323988322008,0.0019660274813453607,-0.0028533215469564717,0.0,0.0,0.0,0.0,0.0019964387161951463,0.0,0.0019921168031269447,0.0,1,0.0,0.003993877467277701,0.0,0.0,-0.0013121131006040246,0.0018261461296785702,0.001818199001713898,0.0,0.0,0.0,0.0,0.0,0.0,0.0,0.003949113281466125,0.003999945258466734,0.0019717279709480255,-0.0017756265140481601,0.0039522613634826835,0.0,-0.0032887959894581827,0.0,-0.0016892040038878507,0.0,0.0,-0.0016411477857893229,0.0019613725100465114,-0.001733553862690773,0.0,0.0019984812254513857,-0.00365924596810394,0.0,0.003922223321810711,0.0,0.0,0.0,0.0,0.0,0.003955817887491659,0.0,0.0019993361658213965,0.0,0.0,0.0,0.0,0.0,0.0,-0.0014555981242326019,0.0019957874154130865,-0.002586247101687011,0.0019799790532954234,0.0,0.0,-0.001817529255347784,0.0019360108927446427,0.0,0.0,-0.0027524492538750444,0.0,-0.004158192010645843,0.0,0.0,0.003944748705402026,0.0,0.0019567007517799105,0.0,0.0,agent63,0.2194736199291465
-0.37076373569533666,0.0,0.0,-0.0034053873441569926,0.0,0.0,0.0,0.0,0.0,0.0,-0.003326807602079672,0.0,0.0,0.0,0.0,0.0019984158056982,-0.0021114314413609066,0.001999993421578145,0.0,-0.0010495417130411092,-0.0012434201834633396,0.0,-0.001719323988322008,0.0019660274813453607,-0.0028533215469564717,0.0,0.0,0.0,0.0,0.0019964387161951463,0.0,0.0019921168031269447,0.0,1,0.0,0.003993877467277701,0.0,0.0,-0.0013121131006040246,0.0018261461296785702,0.001818199001713898,0.0,0.0,0.0,0.0,0.0,0.0,0.0,0.003949113281466125,0.003999945258466734,0.0019717279709480255,-0.0017756265140481601,0.0039522613634826835,0.0,-0.0032887959894581827,0.0,-0.0016892040038878507,0.0,0.0,-0.0016411477857893229,0.0019613725100465114,-0.001733553862690773,0.0,0.0019984812254513857,-0.00365924596810394,0.0,0.003922223321810711,0.0,0.0,0.0,0.0,0.0,0.003955817887491659,0.0,0.0019993361658213965,0.0,0.0,0.0,0.0,0.0,0.0,-0.0014555981242326019,0.0019957874154130865,-0.002586247101687011,0.0019799790532954234,0.0,0.0,-0.001817529255347784,0.0019360108927446427,0.0,0.0,-0.0027524492538750444,0.0,-0.004158192010645843,0.0,0.0,0.003944748705402026,0.0,0.0019567007517799105,0.0,0.0,agent9,0.4532223962262994
-0.371765455019325,0.0,0.0,-0.0034053873441569926,0.0,0.0,0.0,0.0,0.0,0.0,-0.003326807602079672,0.0,0.0,0.0,0.0,0.0019984158056982,-0.0021114314413609066,0.001999993421578145,0.0,-0.0010495417130411092,-0.0012434201834633396,0.0,-0.0034226617215907533,0.0019660274813453607,-0.0028533215469564717,0.0,0.0,0.0,0.0,0.0019964387161951463,0.0,0.0019921168031269447,0.0,1,0.0,0.003993877467277701,0.0,0.0,-0.0013121131006040246,0.0018261461296785702,0.001818199001713898,0.0,0.0,0.0,0.0,0.0,0.0,0.0,0.003949113281466125,0.003999945258466734,0.0019717279709480255,-0.0017756265140481601,0.0039522613634826835,0.0,-0.0032887959894581827,0.0,-0.0016892040038878507,0.0,0.0,-0.0016411477857893229,0.0019613725100465114,-0.001733553862690773,0.0,0.0019984812254513857,-0.00365924596810394,0.0,0.003922223321810711,0.0,0.0,0.0,0.0,0.0,0.003955817887491659,0.0,0.0019993361658213965,0.0,0.0,0.0,0.0,0.0,0.0,-0.0014555981242326019,0.0019957874154130865,-0.002586247101687011,0.0019799790532954234,0.0,0.0,-0.001817529255347784,0.0019360108927446427,0.0,0.0,-0.0027524492538750444,0.0,-0.004158192010645843,0.0,0.0,0.003944748705402026,0.0,0.0019567007517799105,0.0,0.0,agent21,0.3995118860547675
-0.370765455019325,0.0,0.0,-0.0034053873441569926,0.0,0.0,0.0,0.0,0.0,0.0,-0.003326807602079672,0.0,0.0,0.0,0.0,0.0019984158056982,-0.0021114314413609066,0.001999993421578145,0.0,-0.0010495417130411092,-0.0012434201834633396,0.0,-0.0034226617215907533,0.0019660274813453607,-0.0028533215469564717,0.0,0.0,0.0,0.0,0.0019964387161951463,0.0,0.0019921168031269447,0.0,1,0.0,0.003993877467277701,0.0,0.0,-0.0013121131006040246,0.0018261461296785702,0.001818199001713898,0.0,0.0,0.0,0.0,0.0,0.0,0.0,0.003949113281466125,0.003999945258466734,0.0019717279709480255,-0.0017756265140481601,0.0039522613634826835,0.0,-0.0032887959894581827,0.0,-0.0016892040038878507,0.0,0.0,-0.0016411477857893229,0.0019613725100465114,-0.001733553862690773,0.0,0.0019984812254513857,-0.00365924596810394,0.0,0.003922223321810711,0.0,0.0,0.0,0.0,0.0,0.003955817887491659,0.0,0.0019993361658213965,0.0,0.0,0.0,0.0,0.0,0.0,-0.0014555981242326019,0.0019957874154130865,-0.002586247101687011,0.0019799790532954234,0.0,0.0,-0.001817529255347784,0.0019360108927446427,0.0,0.0,-0.0027524492538750444,-0.0018530025357295884,-0.004158192010645843,0.0,0.0,0.003944748705402026,0.0,0.0019567007517799105,0.0,0.0,agent91,0.17044753683979963
-0.369765455019325,0.0,0.0,-0.0034053873441569926,0.0,0.0,0.0,0.0,0.0,0.0,-0.003326807602079672,0.0,0.0,0.0,0.0,0.0019984158056982,-0.0021114314413609066,0.001999993421578145,0.0,-0.0010495417130411092,-0.0012434201834633396,0.0,-0.0034226617215907533,0.0019660274813453607,-0.0028533215469564717,0.0,0.0,0.0,0.0,0.0019964387161951463,0.0,0.0019921168031269447,0.0,1,0.0,0.003993877467277701,0.0,0.0,-0.0013121131006040246,0.0018261461296785702,0.001818199001713898,0.0,0.0,0.0,0.0,0.0,0.0,0.0,0.003949113281466125,0.003999945258466734,0.0019717279709480255,-0.0017756265140481601,0.0039522613634826835,0.0,-0.0032887959894581827,0.0,-0.0016892040038878507,0.0,0.0,-0.0016411477857893229,0.0019613725100465114,-0.001733553862690773,0.0,0.0019984812254513857,-0.00365924596810394,0.0,0.003922223321810711,0.0,0.0,0.0,0.0,0.0,0.003955817887491659,0.0019448361247477051,0.0019993361658213965,0.0,0.0,0.0,0.0,0.0,0.0,-0.0014555981242326019,0.0019957874154130865,-0.002586247101687011,0.0019799790532954234,0.0,0.0,-0.001817529255347784,0.0019360108927446427,0.0,0.0,-0.0027524492538750444,-0.0018530025357295884,-0.004158192010645843,0.0,0.0,0.003944748705402026,0.0,0.0019567007517799105,0.0,0.0,agent72,-0.038609241010630124
-0.368765455019325,0.0,0.0,-0.0034053873441569926,0.0,0.0,0.0,0.0,0.0,0.0,-0.003326807602079672,0.0,0.0,0.0,0.0,0.0019984158056982,-0.0021114314413609066,0.001999993421578145,0.0,-0.0010495417130411092,-0.0012434201834633396,0.001879939665809911,-0.0034226617215907533,0.0019660274813453607,-0.0028533215469564717,0.0,0.0,0.0,0.0,0.0019964387161951463,0.0,0.0019921168031269447,0.0,1,0.0,0.003993877467277701,0.0,0.0,-0.0013121131006040246,0.0018261461296785702,0.001818199001713898,0.0,0.0,0.0,0.0,0.0,0.0,0.0,0.003949113281466125,0.003999945258466734,0.0019717279709480255,-0.0017756265140481601,0.0039522613634826835,0.0,-0.0032887959894581827,0.0,-0.0016892040038878507,0.0,0.0,-0.0016411477857893229,0.0019613725100465114,-0.001733553862690773,0.0,0.0019984812254513857,-0.00365924596810394,0.0,0.003922223321810711,0.0,0.0,0.0,0.0,0.0,0.003955817887491659,0.0019448361247477051,0.0019993361658213965,0.0,0.0,0.0,0.0,0.0,0.0,-0.0014555981242326019,0.0019957874154130865,-0.002586247101687011,0.0019799790532954234,0.0,0.0,-0.001817529255347784,0.0019360108927446427,0.0,0.0,-0.0027524492538750444,-0.0018530025357295884,-0.004158192010645843,0.0,0.0,0.003944748705402026,0.0,0.0019567007517799105,0.0,0.0,agent20,-0.8597865447493264
-0.36976730802186075,0.0,0.0,-0.0034053873441569926,0.0,0.0,0.0,0.0,0.0,0.0,-0.003326807602079672,0.0,0.0,0.0,0.0,0.0019984158056982,-0.0021114314413609066,0.001999993421578145,0.0,-0.0010495417130411092,-0.0012434201834633396,0.001879939665809911,-0.0034226617215907533,0.0019660274813453607,-0.0028533215469564717,0.0,0.0,0.0,0.0,0.0019964387161951463,0.0,0.0019921168031269447,0.0,1,0.0,0.003993877467277701,0.0,0.0,-0.0013121131006040246,0.0018261461296785702,0.001818199001713898,0.0,0.0,0.0,0.0,0.0,0.0,0.0,0.003949113281466125,0.003999945258466734,0.0019717279709480255,-0.0017756265140481601,0.0039522613634826835,0.0,-0.0032887959894581827,0.0,-0.0016892040038878507,0.0,0.0,-0.0016411477857893229,0.0019613725100465114,-0.001733553862690773,0.0,0.0019984812254513857,-0.00365924596810394,0.0,0.003922223321810711,0.0,0.0,0.0,0.0,0.0,0.003955817887491659,0.0019448361247477051,0.0019993361658213965,0.0,0.0,0.0,0.0,0.0,0.0,-0.0014555981242326019,0.0019957874154130865,-0.002586247101687011,0.0019799790532954234,0.0,0.0,-0.001817529255347784,0.0019360108927446427,0.0,0.0,-0.0027524492538750444,-0.003706546784451036,-0.004158192010645843,0.0,0.0,0.003944748705402026,0.0,0.0019567007517799105,0.0,0.0,agent91,0.17244753683979963
-0.36876730802186075,0.0,0.0,-0.0034053873441569926,0.0,0.0,0.0,0.0,0.0,0.0,-0.003326807602079672,0.0,0.0,0.0,-0.0018551035689198952,0.0019984158056982,-0.0021114314413609066,0.001999993421578145,0.0,-0.0010495417130411092,-0.0012434201834633396,0.001879939665809911,-0.0034226617215907533,0.0019660274813453607,-0.0028533215469564717,0.0,0.0,0.0,0.0,0.0019964387161951463,0.0,0.0019921168031269447,0.0,1,0.0,0.003993877467277701,0.0,0.0,-0.0013121131006040246,0.0018261461296785702,0.001818199001713898,0.0,0.0,0.0,0.0,0.0,0.0,0.0,0.003949113281466125,0.003999945258466734,0.0019717279709480255,-0.0017756265140481601,0.0039522613634826835,0.0,-0.0032887959894581827,0.0,-0.0016892040038878507,0.0,0.0,-0.0016411477857893229,0.0019613725100465114,-0.001733553862690773,0.0,0.0019984812254513857,-0.00365924596810394,0.0,0.003922223321810711,0.0,0.0,0.0,0.0,0.0,0.003955817887491659,0.0019448361247477051,0.0019993361658213965,0.0,0.0,0.0,0.0,0.0,0.0,-0.0014555981242326019,0.0019957874154130865,-0.002586247101687011,0.0019799790532954234,0.0,0.0,-0.001817529255347784,0.0019360108927446427,0.0,0.0,-0.0027524492538750444,-0.003706546784451036,-0.004158192010645843,0.0,0.0,0.003944748705402026,0.0,0.0019567007517799105,0.0,0.0,agent13,0.16855681568077394
-0.3697683575635738,0.0,0.0,-0.0034053873441569926,0.0,0.0,0.0,0.0,0.0,0.0,-0.003326807602079672,0.0,0.0,0.0,-0.0018551035689198952,0.0019984158056982,-0.0021114314413609066,0.001999993421578145,0.0,-0.0021127797412864033,-0.0012434201834633396,0.001879939665809911,-0.0034226617215907533,0.0019660274813453607,-0.0028533215469564717,0.0,0.0,0.0,0.0,0.0019964387161951463,0.0,0.0019921168031269447,0.0,1,0.0,0.003993877467277701,0.0,0.0,-0.0013121131006040246,0.0018261461296785702,0.001818199001713898,0.0,0.0,0.0,0.0,0.0,0.0,0.0,0.003949113281466125,0.003999945258466734,0.0019717279709480255,-0.0017756265140481601,0.0039522613634826835,0.0,-0.0032887959894581827,0.0,-0.0016892040038878507,0.0,0.0,-0.0016411477857893229,0.0019613725100465114,-0.001733553862690773,0.0,0.0019984812254513857,-0.00365924596810394,0.0,0.003922223321810711,0.0,0.0,0.0,0.0,0.0,0.003955817887491659,0.0019448361247477051,0.0019993361658213965,0.0,0.0,0.0,0.0,0.0,0.0,-0.0014555981242326019,0.0019957874154130865,-0.002586247101687011,0.0019799790532954234,0.0,0.0,-0.001817529255347784,0.0019360108927446427,0.0,0.0,-0.0027524492538750444,-0.003706546784451036,-0.004158192010645843,0.0,0.0,0.003944748705402026,0.0,0.0019567007517799105,0.0,0.0,agent18,1
-0.3687683575635738,0.0,0.0,-0.0034053873441569926,0.0,0.0,0.0,0.0,0.0,0.0,-0.003326807602079672,0.0,0.0,0.0,-0.0018551035689198952,0.0019984158056982,-0.0021114314413609066,0.001999993421578145,0.0,-0.0021127797412864033,-0.0012434201834633396,0.001879939665809911,-0.0034226617215907533,0.0019660274813453607,-0.0028533215469564717,0.0,0.0,0.0,0.0,0.0019964387161951463,0.0,0.0019921168031269447,0.0,1,0.0,0.003993877467277701,0.0,0.0,-0.0013121131006040246,0.0018261461296785702,0.001818199001713898,0.0,0.0,0.0,0.0,0.0,0.0,0.0,0.003949113281466125,0.003999945258466734,0.0019717279709480255,-0.0017756265140481601,0.0039522613634826835,0.0,-0.0032887959894581827,0.0,-0.0016892040038878507,0.0,0.0,-0.0016411477857893229,0.0019613725100465114,-0.001733553862690773,0.0,0.0019984812254513857,-0.00365924596810394,0.0,0.003922223321810711,0.0,0.0,0.0,0.0,0.0,0.003955817887491659,0.0019448361247477051,0.0019993361658213965,0.0,0.0,0.0,0.0,0.0,0.0,-0.0014555981242326019,0.0019957874154130865,-0.002586247101687011,0.0019799790532954234,0.0,0.0,-0.001817529255347784,0.0019360108927446427,0.0,0.0,-0.0027524492538750444,-0.003706546784451036,-0.004158192010645843,0.0,0.0019986406468863807,0.003944748705402026,0.0,0.0019567007517799105,0.0,0.0,agent94,-0.3176271432773756
-0.36977035604479924,0.0,0.0,-0.0034053873441569926,0.0,0.0,0.0,0.0,0.0,0.0,-0.003326807602079672,0.0,0.0,0.0,-0.0018551035689198952,0.0019984158056982,-0.0021114314413609066,0.001999993421578145,0.0,-0.0021127797412864033,-0.0012434201834633396,0.001879939665809911,-0.0034226617215907533,0.0019660274813453607,-0.0028533215469564717,0.0,0.0,0.0,0.0,0.0019964387161951463,0.0,0.0019921168031269447,0.0,1,0.0,0.003993877467277701,0.0,0.0,-0.0013121131006040246,0.0018261461296785702,0.001818199001713898,0.0,0.0,0.0,0.0,0.0,0.0,0.0,0.003949113281466125,0.003999945258466734,0.0019717279709480255,-0.0017756265140481601,0.0039522613634826835,0.0,-0.0032887959894581827,0.0,-0.0016892040038878507,0.0,0.0,-0.0016411477857893229,0.0019613725100465114,-0.001733553862690773,0.0,0.003997017099212789,-0.00365924596810394,0.0,0.003922223321810711,0.0,0.0,0.0,0.0,0.0,0.003955817887491659,0.0019448361247477051,0.0019993361658213965,0.0,0.0,0.0,0.0,0.0,0.0,-0.0014555981242326019,0.0019957874154130865,-0.002586247101687011,0.0019799790532954234,0.0,0.0,-0.001817529255347784,0.0019360108927446427,0.0,0.0,-0.0027524492538750444,-0.003706546784451036,-0.004158192010645843,0.0,0.0019986406468863807,0.003944748705402026,0.0,0.0019567007517799105,0.0,0.0,agent62,-0.31465502762358805
-0.37077223598446507,0.0,0.0,-0.0034053873441569926,0.0,0.0,0.0,0.0,0.0,0.0,-0.003326807602079672,0.0,0.0,0.0,-0.0018551035689198952,0.0019984158056982,-0.0021114314413609066,0.001999993421578145,0.0,-0.0021127797412864033,-0.0012434201834633396,0.0037593894628562574,-0.0034226617215907533,0.0019660274813453607,-0.0028533215469564717,0.0,0.0,0.0,0.0,0.0019964387161951463,0.0,0.0019921168031269447,0.0,1,0.0,0.003993877467277701,0.0,0.0,-0.0013121131006040246,0.0018261461296785702,0.001818199001713898,0.0,0.0,0.0,0.0,0.0,0.0,0.0,0.003949113281466125,0.003999945258466734,0.0019717279709480255,-0.0017756265140481601,0.0039522613634826835,0.0,-0.0032887959894581827,0.0,-0.0016892040038878507,0.0,0.0,-0.0016411477857893229,0.0019613725100465114,-0.001733553862690773,0.0,0.003997017099212789,-0.00365924596810394,0.0,0.003922223321810711,0.0,0.0,0.0,0.0,0.0,0.003955817887491659,0.0019448361247477051,0.0019993361658213965,0.0,0.0,0.0,0.0,0.0,0.0,-0.0014555981242326019,0.0019957874154130865,-0.002586247101687011,0.0019799790532954234,0.0,0.0,-0.001817529255347784,0.0019360108927446427,0.0,0.0,-0.0027524492538750444,-0.003706546784451036,-0.004158192010645843,0.0,0.0019986406468863807,0.003944748705402026,0.0,0.0019567007517799105,0.0,0.0,agent20,-0.8607901172635382
-0.3717743474159064,0.0,0.0,-0.0034053873441569926,0.0,0.0,0.0,0.0,0.0,0.0,-0.003326807602079672,0.0,0.0,0.0,-0.0018551035689198952,0.0019984158056982,-0.003171923179887982,0.001999993421578145,0.0,-0.0021127797412864033,-0.0012434201834633396,0.0037593894628562574,-0.0034226617215907533,0.0019660274813453607,-0.0028533215469564717,0.0,0.0,0.0,0.0,0.0019964387161951463,0.0,0.0019921168031269447,0.0,1,0.0,0.003993877467277701,0.0,0.0,-0.0013121131006040246,0.0018261461296785702,0.001818199001713898,0.0,0.0,0.0,0.0,0.0,0.0,0.0,0.003949113281466125,0.003999945258466734,0.0019717279709480255,-0.0017756265140481601,0.0039522613634826835,0.0,-0.0032887959894581827,0.0,-0.0016892040038878507,0.0,0.0,-0.0016411477857893229,0.0019613725100465114,-0.001733553862690773,0.0,0.003997017099212789,-0.00365924596810394,0.0,0.003922223321810711,0.0,0.0,0.0,0.0,0.0,0.003955817887491659,0.0019448361247477051,0.0019993361658213965,0.0,0.0,0.0,0.0,0.0,0.0,-0.0014555981242326019,0.0019957874154130865,-0.002586247101687011,0.0019799790532954234,0.0,0.0,-0.001817529255347784,0.0019360108927446427,0.0,0.0,-0.0027524492538750444,-0.003706546784451036,-0.004158192010645843,0.0,0.0019986406468863807,0.003944748705402026,0.0,0.0019567007517799105,0.0,0.0,agent15,1
-0.3727755908360899,0.0,0.0,-0.0034053873441569926,0.0,0.0,0.0,0.0,0.0,0.0,-0.003326807602079672,0.0,0.0,0.0,-0.0018551035689198952,0.0019984158056982,-0.003171923179887982,0.001999993421578145,0.0,-0.0021127797412864033,-0.0024354707621635687,0.0037593894628562574,-0.0034226617215907533,0.0019660274813453607,-0.0028533215469564717,0.0,0.0,0.0,0.0,0.0019964387161951463,0.0,0.0019921168031269447,0.0,1,0.0,0.003993877467277701,0.0,0.0,-0.0013121131006040246,0.0018261461296785702,0.001818199001713898,0.0,0.0,0.0,0.0,0.0,0.0,0.0,0.003949113281466125,0.003999945258466734,0.0019717279709480255,-0.0017756265140481601,0.0039522613634826835,0.0,-0.0032887959894581827,0.0,-0.0016892040038878507,0.0,0.0,-0.0016411477857893229,0.0019613725100465114,-0.001733553862690773,0.0,0.003997017099212789,-0.00365924596810394,0.0,0.003922223321810711,0.0,0.0,0.0,0.0,0.0,0.003955817887491659,0.0019448361247477051,0.0019993361658213965,0.0,0.0,0.0,0.0,0.0,0.0,-0.0014555981242326019,0.0019957874154130865,-0.002586247101687011,0.0019799790532954234,0.0,0.0,-0.001817529255347784,0.0019360108927446427,0.0,0.0,-0.0027524492538750444,-0.003706546784451036,-0.004158192010645843,0.0,0.0019986406468863807,0.003944748705402026,0.0,0.0019567007517799105,0.0,0.0,agent19,0.8994057509964083
-0.3737795355847953,0.0,0.0,-0.0034053873441569926,0.0,0.0,0.0,0.0,0.0,0.0,-0.003326807602079672,0.0,0.0,0.0,-0.0018551035689198952,0.0019984158056982,-0.003171923179887982,0.001999993421578145,0.0,-0.0021127797412864033,-0.0024354707621635687,0.0037593894628562574,-0.0034226617215907533,0.0019660274813453607,-0.0028533215469564717,0.0,0.0,0.0,0.0,0.0019964387161951463,0.0,0.0019921168031269447,0.0,1,0.0,0.003993877467277701,0.0,0.0,-0.0013121131006040246,0.0018261461296785702,0.001818199001713898,0.0,0.0,0.0,0.0,0.0,0.0,0.0,0.003949113281466125,0.003999945258466734,0.0019717279709480255,-0.0017756265140481601,0.0039522613634826835,0.0,-0.0032887959894581827,0.0,-0.0016892040038878507,0.0,0.0,-0.0016411477857893229,0.0019613725100465114,-0.001733553862690773,0.0,0.003997017099212789,-0.00365924596810394,0.0,0.003922223321810711,0.0,0.0,0.0,0.0,0.0,0.003955817887491659,0.0019448361247477051,0.0019993361658213965,0.0,0.0,0.0,0.0,0.0,0.0,-0.0014555981242326019,0.0019957874154130865,-0.002586247101687011,0.0019799790532954234,0.0,0.0,-0.001817529255347784,0.0019360108927446427,0.0,0.0,-0.0027524492538750444,-0.003706546784451036,-0.004158192010645843,0.0,0.0019986406468863807,0.005917241970614008,0.0,0.0019567007517799105,0.0,0.0,agent95,-0.6073250943018583
-0.3727795355847953,0.0,0.0,-0.0034053873441569926,0.0,0.0,0.0,0.0,0.0,0.0,-0.003326807602079672,0.0,0.0,0.0,-0.0018551035689198952,0.0019984158056982,-0.003171923179887982,0.001999993421578145,0.0,-0.0021127797412864033,-0.0024354707621635687,0.0037593894628562574,-0.0034226617215907533,0.0019660274813453607,-0.0028533215469564717,0.0,0.0,0.0,0.001994592410174867,0.0019964387161951463,0.0,0.0019921168031269447,0.0,1,0.0,0.003993877467277701,0.0,0.0,-0.0013121131006040246,0.0018261461296785702,0.001818199001713898,0.0,0.0,0.0,0.0,0.0,0.0,0.0,0.003949113281466125,0.003999945258466734,0.0019717279709480255,-0.0017756265140481601,0.0039522613634826835,0.0,-0.0032887959894581827,0.0,-0.0016892040038878507,0.0,0.0,-0.0016411477857893229,0.0019613725100465114,-0.001733553862690773,0.0,0.003997017099212789,-0.00365924596810394,0.0,0.003922223321810711,0.0,0.0,0.0,0.0,0.0,0.003955817887491659,0.0019448361247477051,0.0019993361658213965,0.0,0.0,0.0,0.0,0.0,0.0,-0.0014555981242326019,0.0019957874154130865,-0.002586247101687011,0.0019799790532954234,0.0,0.0,-0.001817529255347784,0.0019360108927446427,0.0,0.0,-0.0027524492538750444,-0.003706546784451036,-0.004158192010645843,0.0,0.0019986406468863807,0.005917241970614008,0.0,0.0019567007517799105,0.0,0.0,agent27,-0.26978347964868893
-0.37378348469807676,0.0,0.0,-0.0034053873441569926,0.0,0.0,0.0,0.0,0.0,0.0,-0.003326807602079672,0.0,0.0,0.0,-0.0018551035689198952,0.0019984158056982,-0.003171923179887982,0.001999993421578145,0.0,-0.0021127797412864033,-0.0024354707621635687,0.0037593894628562574,-0.0034226617215907533,0.0019660274813453607,-0.0028533215469564717,0.0,0.0,0.0,0.001994592410174867,0.0019964387161951463,0.0,0.0019921168031269447,0.0,1,0.0,0.003993877467277701,0.0,0.0,-0.0013121131006040246,0.0018261461296785702,0.001818199001713898,0.0,0.0,0.0,0.0,0.0,0.0,0.0,0.005923557340570757,0.003999945258466734,0.0019717279709480255,-0.0017756265140481601,0.0039522613634826835,0.0,-0.0032887959894581827,0.0,-0.0016892040038878507,0.0,0.0,-0.0016411477857893229,0.0019613725100465114,-0.001733553862690773,0.0,0.003997017099212789,-0.00365924596810394,0.0,0.003922223321810711,0.0,0.0,0.0,0.0,0.0,0.003955817887491659,0.0019448361247477051,0.0019993361658213965,0.0,0.0,0.0,0.0,0.0,0.0,-0.0014555981242326019,0.0019957874154130865,-0.002586247101687011,0.0019799790532954234,0.0,0.0,-0.001817529255347784,0.0019360108927446427,0.0,0.0,-0.0027524492538750444,-0.003706546784451036,-0.004158192010645843,0.0,0.0019986406468863807,0.005917241970614008,0.0,0.0019567007517799105,0.0,0.0,agent47,-0.1467001650293728
-0.3747862371473306,0.0,0.0,-0.0034053873441569926,0.0,0.0,0.0,0.0,0.0,0.0,-0.003326807602079672,0.0,0.0,0.0,-0.0018551035689198952,0.0019984158056982,-0.003171923179887982,0.001999993421578145,0.0,-0.0021127797412864033,-0.0024354707621635687,0.0037593894628562574,-0.0034226617215907533,0.0019660274813453607,-0.0028533215469564717,0.0,0.0,0.0,0.001994592410174867,0.0019964387161951463,0.0,0.0019921168031269447,0.0,1,0.0,0.003993877467277701,0.0,0.0,-0.0013121131006040246,0.0018261461296785702,0.001818199001713898,0.0,0.0,0.0,0.0,0.0,0.0,0.0,0.005923557340570757,0.003999945258466734,0.0019717279709480255,-0.0017756265140481601,0.0039522613634826835,0.0,-0.0032887959894581827,0.0,-0.0016892040038878507,0.0,0.0,-0.0016411477857893229,0.0019613725100465114,-0.001733553862690773,0.0,0.003997017099212789,-0.00365924596810394,0.0,0.003922223321810711,0.0,0.0,0.0,0.0,0.0,0.003955817887491659,0.0019448361247477051,0.0019993361658213965,0.0,0.0,0.0,0.0,0.0,0.0,-0.0014555981242326019,0.0019957874154130865,-0.002586247101687011,0.0019799790532954234,0.0,0.0,-0.001817529255347784,0.0019360108927446427,0.0,0.0,-0.0040929580236547455,-0.003706546784451036,-0.004158192010645843,0.0,0.0019986406468863807,0.005917241970614008,0.0,0.0019567007517799105,0.0,0.0,agent90,0.7746861319834427
-0.3757882317397408,0.0,0.0,-0.0034053873441569926,0.0,0.0,0.0,0.0,0.0,0.0,-0.003326807602079672,0.0,0.0,0.0,-0.0018551035689198952,0.0019984158056982,-0.003171923179887982,0.001999993421578145,0.0,-0.0021127797412864033,-0.0024354707621635687,0.0037593894628562574,-0.0034226617215907533,0.0019660274813453607,-0.0028533215469564717,0.0,0.0,0.0,0.0039892883429372816,0.0019964387161951463,0.0,0.0019921168031269447,0.0,1,0.0,0.003993877467277701,0.0,0.0,-0.0013121131006040246,0.0018261461296785702,0.001818199001713898,0.0,0.0,0.0,0.0,0.0,0.0,0.0,0.005923557340570757,0.003999945258466734,0.0019717279709480255,-0.0017756265140481601,0.0039522613634826835,0.0,-0.0032887959894581827,0.0,-0.0016892040038878507,0.0,0.0,-0.0016411477857893229,0.0019613725100465114,-0.001733553862690773,0.0,0.003997017099212789,-0.00365924596810394,0.0,0.003922223321810711,0.0,0.0,0.0,0.0,0.0,0.003955817887491659,0.0019448361247477051,0.0019993361658213965,0.0,0.0,0.0,0.0,0.0,0.0,-0.0014555981242326019,0.0019957874154130865,-0.002586247101687011,0.0019799790532954234,0.0,0.0,-0.001817529255347784,0.0019360108927446427,0.0,0.0,-0.0040929580236547455,-0.003706546784451036,-0.004158192010645843,0.0,0.0019986406468863807,0.005917241970614008,0.0,0.0019567007517799105,0.0,0.0,agent27,-0.27179043880987064
-0.3747882317397408,0.0,0.0,-0.0034053873441569926,0.0,0.0,0.0,0.0,0.0,0.0,-0.003326807602079672,0.0,0.0,0.0,-0.0018551035689198952,0.0019984158056982,-0.003171923179887982,0.001999993421578145,0.0,-0.0021127797412864033,-0.0024354707621635687,0.0037593894628562574,-0.0034226617215907533,0.0019660274813453607,-0.0028533215469564717,0.0,0.0,0.0,0.0039892883429372816,0.0019964387161951463,0.0,0.0019921168031269447,0.0,1,0.0,0.003993877467277701,0.0,0.0,-0.0013121131006040246,0.0018261461296785702,0.001818199001713898,0.0,0.0,0.0,0.0,0.0,0.0,0.0,0.005923557340570757,0.003999945258466734,0.0019717279709480255,-0.0017756265140481601,0.0039522613634826835,0.0,-0.0032887959894581827,0.0,-0.0016892040038878507,0.0,0.0,-0.0016411477857893229,0.0019613725100465114,-0.001733553862690773,0.0,0.003997017099212789,-0.00365924596810394,0.0,0.003922223321810711,0.0,0.0,0.0019530623246332038,0.0,0.0,0.003955817887491659,0.0019448361247477051,0.0019993361658213965,0.0,0.0,0.0,0.0,0.0,0.0,-0.0014555981242326019,0.0019957874154130865,-0.002586247101687011,0.0019799790532954234,0.0,0.0,-0.001817529255347784,0.0019360108927446427,0.0,0.0,-0.0040929580236547455,-0.003706546784451036,-0.004158192010645843,0.0,0.0019986406468863807,0.005917241970614008,0.0,0.0019567007517799105,0.0,0.0,agent68,-0.6821790781003856
-0.37579000736625484,0.0,0.0,-0.0034053873441569926,0.0,0.0,0.0,0.0,0.0,0.0,-0.003326807602079672,0.0,0.0,0.0,-0.0018551035689198952,0.0019984158056982,-0.003171923179887982,0.001999993421578145,0.0,-0.0021127797412864033,-0.0024354707621635687,0.0037593894628562574,-0.0034226617215907533,0.0019660274813453607,-0.0028533215469564717,0.0,0.0,0.0,0.0039892883429372816,0.0019964387161951463,0.0,0.0019921168031269447,0.0,1,0.0,0.003993877467277701,0.0,0.0,-0.0013121131006040246,0.0018261461296785702,0.001818199001713898,0.0,0.0,0.0,0.0,0.0,0.0,0.0,0.005923557340570757,0.003999945258466734,0.0019717279709480255,-0.0035228835241026854,0.0039522613634826835,0.0,-0.0032887959894581827,0.0,-0.0016892040038878507,0.0,0.0,-0.0016411477857893229,0.0019613725100465114,-0.001733553862690773,0.0,0.003997017099212789,-0.00365924596810394,0.0,0.003922223321810711,0.0,0.0,0.0019530623246332038,0.0,0.0,0.003955817887491659,0.0019448361247477051,0.0019993361658213965,0.0,0.0,0.0,0.0,0.0,0.0,-0.0014555981242326019,0.0019957874154130865,-0.002586247101687011,0.0019799790532954234,0.0,0.0,-0.001817529255347784,0.0019360108927446427,0.0,0.0,-0.0040929580236547455,-0.003706546784451036,-0.004158192010645843,0.0,0.0019986406468863807,0.005917241970614008,0.0,0.0019567007517799105,0.0,0.0,agent50,0.336187140471526
-0.37479000736625484,0.0,0.0,-0.0034053873441569926,0.0,0.0,0.0,0.0,0.0,0.0,-0.003326807602079672,0.0,0.0,0.0,-0.0018551035689198952,0.0019984158056982,-0.003171923179887982,0.001999993421578145,0.0,-0.0021127797412864033,-0.0024354707621635687,0.0037593894628562574,-0.0034226617215907533,0.0019660274813453607,-0.0028533215469564717,0.0,0.0,0.0,0.0039892883429372816,0.0019964387161951463,0.0,0.0019921168031269447,0.0,1,0.0,0.003993877467277701,0.0,0.0,-0.0013121131006040246,0.0018261461296785702,0.001818199001713898,0.0,0.0,0.0,0.0,0.0,0.0,0.0,0.005923557340570757,0.003999945258466734,0.0019717279709480255,-0.0035228835241026854,0.0039522613634826835,0.0,-0.0032887959894581827,0.0,-0.0016892040038878507,0.0,0.0,-0.0016411477857893229,0.0019613725100465114,-0.001733553862690773,0.0,0.003997017099212789,-0.00365924596810394,0.0,0.003922223321810711,0.0,0.0,0.0019530623246332038,-0.0010536009278155805,0.0,0.003955817887491659,0.0019448361247477051,0.0019993361658213965,0.0,0.0,0.0,0.0,0.0,0.0,-0.0014555981242326019,0.0019957874154130865,-0.002586247101687011,0.0019799790532954234,0.0,0.0,-0.001817529255347784,0.0019360108927446427,0.0,0.0,-0.0040929580236547455,-0.003706546784451036,-0.004158192010645843,0.0,0.0019986406468863807,0.005917241970614008,0.0,0.0019567007517799105,0.0,0.0,agent69,1
-0.37379000736625484,0.0,0.0,-0.0034053873441569926,0.0,0.0,0.0,0.0,0.0,0.0,-0.003326807602079672,0.0,0.0,0.0,-0.0018551035689198952,0.0019984158056982,-0.003171923179887982,0.001999993421578145,0.0,-0.0021127797412864033,-0.0024354707621635687,0.0037593894628562574,-0.0034226617215907533,0.0019660274813453607,-0.0028533215469564717,0.0,0.0,0.0,0.0039892883429372816,0.0019964387161951463,0.0,0.0019921168031269447,0.0,1,0.0,0.003993877467277701,0.0,0.0,-0.0013121131006040246,0.0018261461296785702,0.001818199001713898,0.0,0.0,0.0,0.0,0.001992106105305992,0.0,0.0,0.005923557340570757,0.003999945258466734,0.0019717279709480255,-0.0035228835241026854,0.0039522613634826835,0.0,-0.0032887959894581827,0.0,-0.0016892040038878507,0.0,0.0,-0.0016411477857893229,0.0019613725100465114,-0.001733553862690773,0.0,0.003997017099212789,-0.00365924596810394,0.0,0.003922223321810711,0.0,0.0,0.0019530623246332038,-0.0010536009278155805,0.0,0.003955817887491659,0.0019448361247477051,0.0019993361658213965,0.0,0.0,0.0,0.0,0.0,0.0,-0.0014555981242326019,0.0019957874154130865,-0.002586247101687011,0.0019799790532954234,0.0,0.0,-0.001817529255347784,0.0019360108927446427,0.0,0.0,-0.0040929580236547455,-0.003706546784451036,-0.004158192010645843,0.0,0.0019986406468863807,0.005917241970614008,0.0,0.0019567007517799105,0.0,0.0,agent44,-0.5004394776716098
-0.374792442837017,0.0,0.0,-0.0034053873441569926,0.0,0.0,0.0,0.0,0.0,0.0,-0.003326807602079672,0.0,0.0,0.0,-0.0018551035689198952,0.0019984158056982,-0.003171923179887982,0.001999993421578145,0.0,-0.0021127797412864033,-0.0036134424275354564,0.0037593894628562574,-0.0034226617215907533,0.0019660274813453607,-0.0028533215469564717,0.0,0.0,0.0,0.0039892883429372816,0.0019964387161951463,0.0,0.0019921168031269447,0.0,1,0.0,0.003993877467277701,0.0,0.0,-0.0013121131006040246,0.0018261461296785702,0.001818199001713898,0.0,0.0,0.0,0.0,0.001992106105305992,0.0,0.0,0.005923557340570757,0.003999945258466734,0.0019717279709480255,-0.0035228835241026854,0.0039522613634826835,0.0,-0.0032887959894581827,0.0,-0.0016892040038878507,0.0,0.0,-0.0016411477857893229,0.0019613725100465114,-0.001733553862690773,0.0,0.003997017099212789,-0.00365924596810394,0.0,0.003922223321810711,0.0,0.0,0.0019530623246332038,-0.0010536009278155805,0.0,0.003955817887491659,0.0019448361247477051,0.0019993361658213965,0.0,0.0,0.0,0.0,0.0,0.0,-0.0014555981242326019,0.0019957874154130865,-0.002586247101687011,0.0019799790532954234,0.0,0.0,-0.001817529255347784,0.0019360108927446427,0.0,0.0,-0.0040929580236547455,-0.003706546784451036,-0.004158192010645843,0.0,0.0019986406468863807,0.005917241970614008,0.0,0.0019567007517799105,0.0,0.0,agent19,0.9084177251233855
-0.373792442837017,0.0,0.0,-0.0034053873441569926,0.0,0.0,0.0,0.0,0.0,0.001999758646539574,-0.003326807602079672,0.0,0.0,0.0,-0.0018551035689198952,0.0019984158056982,-0.003171923179887982,0.001999993421578145,0.0,-0.0021127797412864033,-0.0036134424275354564,0.0037593894628562574,-0.0034226617215907533,0.0019660274813453607,-0.0028533215469564717,0.0,0.0,0.0,0.0039892883429372816,0.0019964387161951463,0.0,0.0019921168031269447,0.0,1,0.0,0.003993877467277701,0.0,0.0,-0.0013121131006040246,0.0018261461296785702,0.001818199001713898,0.0,0.0,0.0,0.0,0.001992106105305992,0.0,0.0,0.005923557340570757,0.003999945258466734,0.0019717279709480255,-0.0035228835241026854,0.0039522613634826835,0.0,-0.0032887959894581827,0.0,-0.0016892040038878507,0.0,0.0,-0.0016411477857893229,0.0019613725100465114,-0.001733553862690773,0.0,0.003997017099212789,-0.00365924596810394,0.0,0.003922223321810711,0.0,0.0,0.0019530623246332038,-0.0010536009278155805,0.0,0.003955817887491659,0.0019448361247477051,0.0019993361658213965,0.0,0.0,0.0,0.0,0.0,0.0,-0.0014555981242326019,0.0019957874154130865,-0.002586247101687011,0.0019799790532954234,0.0,0.0,-0.001817529255347784,0.0019360108927446427,0.0,0.0,-0.0040929580236547455,-0.003706546784451036,-0.004158192010645843,0.0,0.0019986406468863807,0.005917241970614008,0.0,0.0019567007517799105,0.0,0.0,agent8,-0.3967630350195667
-0.3747945556167583,0.0,0.0,-0.0034053873441569926,0.0,0.0,0.0,0.0,0.0,0.001999758646539574,-0.003326807602079672,0.0,0.0,0.0,-0.0018551035689198952,0.0019984158056982,-0.003171923179887982,0.001999993421578145,0.0,-0.0031691269032883542,-0.0036134424275354564,0.0037593894628562574,-0.0034226617215907533,0.0019660274813453607,-0.0028533215469564717,0.0,0.0,0.0,0.0039892883429372816,0.0019964387161951463,0.0,0.0019921168031269447,0.0,1,0.0,0.003993877467277701,0.0,0.0,-0.0013121131006040246,0.0018261461296785702,0.001818199001713898,0.0,0.0,0.0,0.0,0.001992106105305992,0.0,0.0,0.005923557340570757,0.003999945258466734,0.0019717279709480255,-0.0035228835241026854,0.0039522613634826835,0.0,-0.0032887959894581827,0.0,-0.0016892040038878507,0.0,0.0,-0.0016411477857893229,0.0019613725100465114,-0.001733553862690773,0.0,0.003997017099212789,-0.00365924596810394,0.0,0.003922223321810711,0.0,0.0,0.0019530623246332038,-0.0010536009278155805,0.0,0.003955817887491659,0.0019448361247477051,0.0019993361658213965,0.0,0.0,0.0,0.0,0.0,0.0,-0.0014555981242326019,0.0019957874154130865,-0.002586247101687011,0.0019799790532954234,0.0,0.0,-0.001817529255347784,0.0019360108927446427,0.0,0.0,-0.0040929580236547455,-0.003706546784451036,-0.004158192010645843,0.0,0.0019986406468863807,0.005917241970614008,0.0,0.0019567007517799105,0.0,0.0,agent18,1
-0.3737945556167583,0.0,0.0,-0.0034053873441569926,0.0,0.0,0.0,0.0,0.0,0.001999758646539574,-0.003326807602079672,0.0,0.0,0.0,-0.0018551035689198952,0.0019984158056982,-0.003171923179887982,0.001999993421578145,0.0,-0.0031691269032883542,-0.0036134424275354564,0.0037593894628562574,-0.0034226617215907533,0.0019660274813453607,-0.0028533215469564717,0.0,0.0,0.0,0.0039892883429372816,0.0019964387161951463,0.0,0.0019921168031269447,0.0,1,0.0,0.003993877467277701,0.0,0.0,-0.0013121131006040246,0.0018261461296785702,0.001818199001713898,0.0,0.0,0.0,0.0,0.001992106105305992,0.0,0.0,0.005923557340570757,0.003999945258466734,0.0019717279709480255,-0.0035228835241026854,0.0039522613634826835,0.0,-0.0032887959894581827,0.0,-0.0016892040038878507,0.0,0.0,-0.0016411477857893229,0.0019613725100465114,-0.001733553862690773,0.0,0.003997017099212789,-0.00365924596810394,0.0,0.003922223321810711,0.0,0.0,0.0019530623246332038,-0.0010536009278155805,0.0,0.003955817887491659,0.0019448361247477051,0.0019993361658213965,0.0,0.0,0.0,0.0,-0.0010549699649232602,0.0,-0.0014555981242326019,0.0019957874154130865,-0.002586247101687011,0.0019799790532954234,0.0,0.0,-0.001817529255347784,0.0019360108927446427,0.0,0.0,-0.0040929580236547455,-0.003706546784451036,-0.004158192010645843,0.0,0.0019986406468863807,0.005917241970614008,0.0,0.0019567007517799105,0.0,0.0,agent78,1
-0.37479816905918584,0.0,0.0,-0.0034053873441569926,0.0,0.0,0.0,0.0,0.0,0.001999758646539574,-0.003326807602079672,0.0,0.0,0.0,-0.0018551035689198952,0.0019984158056982,-0.003171923179887982,0.001999993421578145,0.0,-0.0031691269032883542,-0.004787552004949701,0.0037593894628562574,-0.0034226617215907533,0.0019660274813453607,-0.0028533215469564717,0.0,0.0,0.0,0.0039892883429372816,0.0019964387161951463,0.0,0.0019921168031269447,0.0,1,0.0,0.003993877467277701,0.0,0.0,-0.0013121131006040246,0.0018261461296785702,0.001818199001713898,0.0,0.0,0.0,0.0,0.001992106105305992,0.0,0.0,0.005923557340570757,0.003999945258466734,0.0019717279709480255,-0.0035228835241026854,0.0039522613634826835,0.0,-0.0032887959894581827,0.0,-0.0016892040038878507,0.0,0.0,-0.0016411477857893229,0.0019613725100465114,-0.001733553862690773,0.0,0.003997017099212789,-0.00365924596810394,0.0,0.003922223321810711,0.0,0.0,0.0019530623246332038,-0.0010536009278155805,0.0,0.003955817887491659,0.0019448361247477051,0.0019993361658213965,0.0,0.0,0.0,0.0,-0.0010549699649232602,0.0,-0.0014555981242326019,0.0019957874154130865,-0.002586247101687011,0.0019799790532954234,0.0,0.0,-0.001817529255347784,0.0019360108927446427,0.0,0.0,-0.0040929580236547455,-0.003706546784451036,-0.004158192010645843,0.0,0.0019986406468863807,0.005917241970614008,0.0,0.0019567007517799105,0.0,0.0,agent19,0.9114217083526609
-0.3758019284486487,0.0,0.0,-0.0034053873441569926,0.0,0.0,0.0,0.0,0.0,0.001999758646539574,-0.003326807602079672,0.0,0.0,0.0,-0.0018551035689198952,0.0019984158056982,-0.003171923179887982,0.001999993421578145,0.0,-0.0031691269032883542,-0.004787552004949701,0.005639335602549865,-0.0034226617215907533,0.0019660274813453607,-0.0028533215469564717,0.0,0.0,0.0,0.0039892883429372816,0.0019964387161951463,0.0,0.0019921168031269447,0.0,1,0.0,0.003993877467277701,0.0,0.0,-0.0013121131006040246,0.0018261461296785702,0.001818199001713898,0.0,0.0,0.0,0.0,0.001992106105305992,0.0,0.0,0.005923557340570757,0.003999945258466734,0.0019717279709480255,-0.0035228835241026854,0.0039522613634826835,0.0,-0.0032887959894581827,0.0,-0.0016892040038878507,0.0,0.0,-0.0016411477857893229,0.0019613725100465114,-0.001733553862690773,0.0,0.003997017099212789,-0.00365924596810394,0.0,0.003922223321810711,0.0,0.0,0.0019530623246332038,-0.0010536009278155805,0.0,0.003955817887491659,0.0019448361247477051,0.0019993361658213965,0.0,0.0,0.0,0.0,-0.0010549699649232602,0.0,-0.0014555981242326019,0.0019957874154130865,-0.002586247101687011,0.0019799790532954234,0.0,0.0,-0.001817529255347784,0.0019360108927446427,0.0,0.0,-0.0040929580236547455,-0.003706546784451036,-0.004158192010645843,0.0,0.0019986406468863807,0.005917241970614008,0.0,0.0019567007517799105,0.0,0.0,agent20,-0.8648060471721672
-0.3748019284486487,0.0,0.0,-0.0034053873441569926,0.0,0.0,0.0,0.0,0.0,0.001999758646539574,-0.003326807602079672,0.0,0.0,0.0,-0.0018551035689198952,0.0019984158056982,-0.003171923179887982,0.001999993421578145,0.0,-0.0031691269032883542,-0.004787552004949701,0.005639335602549865,-0.0034226617215907533,0.0019660274813453607,-0.0028533215469564717,0.0,0.0,0.0,0.0039892883429372816,0.0019964387161951463,0.0,0.0019921168031269447,0.0,1,0.0,0.003993877467277701,0.0,0.0,-0.0013121131006040246,0.0018261461296785702,0.001818199001713898,0.0,0.0,0.0,0.0,0.001992106105305992,0.0,0.0,0.005923557340570757,0.003999945258466734,0.0019717279709480255,-0.0035228835241026854,0.0039522613634826835,0.0,-0.0032887959894581827,0.0,-0.0016892040038878507,0.0,0.0,-0.0016411477857893229,0.0019613725100465114,-0.001733553862690773,-0.0018623594079849276,0.003997017099212789,-0.00365924596810394,0.0,0.003922223321810711,0.0,0.0,0.0019530623246332038,-0.0010536009278155805,0.0,0.003955817887491659,0.0019448361247477051,0.0019993361658213965,0.0,0.0,0.0,0.0,-0.0010549699649232602,0.0,-0.0014555981242326019,0.0019957874154130865,-0.002586247101687011,0.0019799790532954234,0.0,0.0,-0.001817529255347784,0.0019360108927446427,0.0,0.0,-0.0040929580236547455,-0.003706546784451036,-0.004158192010645843,0.0,0.0019986406468863807,0.005917241970614008,0.0,0.0019567007517799105,0.0,0.0,agent61,0.14887052559305639
-0.375803745977904,0.0,0.0,-0.0034053873441569926,0.0,0.0,0.0,0.0,0.0,0.001999758646539574,-0.003326807602079672,0.0,0.0,0.0,-0.0018551035689198952,0.0019984158056982,-0.003171923179887982,0.001999993421578145,0.0,-0.0031691269032883542,-0.004787552004949701,0.005639335602549865,-0.0034226617215907533,0.0019660274813453607,-0.0028533215469564717,0.0,0.0,0.0,0.0039892883429372816,0.0019964387161951463,0.0,0.0019921168031269447,0.0,1,0.0,0.003993877467277701,0.0,0.0,-0.0013121131006040246,0.0018261461296785702,0.001818199001713898,0.0,0.0,0.0,0.0,0.001992106105305992,0.0,0.0,0.005923557340570757,0.003999945258466734,0.0019717279709480255,-0.0035228835241026854,0.0039522613634826835,0.0,-0.0032887959894581827,0.0,-0.0016892040038878507,0.0,0.0,-0.0016411477857893229,0.0019613725100465114,-0.001733553862690773,-0.0018623594079849276,0.003997017099212789,-0.00365924596810394,0.0,0.003922223321810711,0.0,0.0,0.0019530623246332038,-0.0010536009278155805,0.0,0.003955817887491659,0.0019448361247477051,0.0019993361658213965,0.0,0.0,0.0,0.0,-0.0010549699649232602,0.0,-0.0014555981242326019,0.0019957874154130865,-0.002586247101687011,0.0019799790532954234,0.0,0.0,-0.00361196258929343,0.0019360108927446427,0.0,0.0,-0.0040929580236547455,-0.003706546784451036,-0.004158192010645843,0.0,0.0019986406468863807,0.005917241970614008,0.0,0.0019567007517799105,0.0,0.0,agent86,0.26639486825943615
-0.374803745977904,0.0,0.0,-0.0034053873441569926,0.0,0.0,0.0,0.0,0.0,0.001999758646539574,-0.003326807602079672,0.0,0.0,-0.0014776616971385692,-0.0018551035689198952,0.0019984158056982,-0.003171923179887982,0.001999993421578145,0.0,-0.0031691269032883542,-0.004787552004949701,0.005639335602549865,-0.0034226617215907533,0.0019660274813453607,-0.0028533215469564717,0.0,0.0,0.0,0.0039892883429372816,0.0019964387161951463,0.0,0.0019921168031269447,0.0,1,0.0,0.003993877467277701,0.0,0.0,-0.0013121131006040246,0.0018261461296785702,0.001818199001713898,0.0,0.0,0.0,0.0,0.001992106105305992,0.0,0.0,0.005923557340570757,0.003999945258466734,0.0019717279709480255,-0.0035228835241026854,0.0039522613634826835,0.0,-0.0032887959894581827,0.0,-0.0016892040038878507,0.0,0.0,-0.0016411477857893229,0.0019613725100465114,-0.001733553862690773,-0.0018623594079849276,0.003997017099212789,-0.00365924596810394,0.0,0.003922223321810711,0.0,0.0,0.0019530623246332038,-0.0010536009278155805,0.0,0.003955817887491659,0.0019448361247477051,0.0019993361658213965,0.0,0.0,0.0,0.0,-0.0010549699649232602,0.0,-0.0014555981242326019,0.0019957874154130865,-0.002586247101687011,0.0019799790532954234,0.0,0.0,-0.00361196258929343,0.0019360108927446427,0.0,0.0,-0.0040929580236547455,-0.003706546784451036,-0.004158192010645843,0.0,0.0019986406468863807,0.005917241970614008,0.0,0.0019567007517799105,0.0,0.0,agent12,0.6462904794841429
-0.37580853352990895,0.0,0.0,-0.0034053873441569926,0.0,0.0,0.0,0.0,0.0,0.001999758646539574,-0.003326807602079672,0.0,0.0,-0.0014776616971385692,-0.0018551035689198952,0.0019984158056982,-0.003171923179887982,0.001999993421578145,0.0,-0.0031691269032883542,-0.005955207646376414,0.005639335602549865,-0.0034226617215907533,0.0019660274813453607,-0.0028533215469564717,0.0,0.0,0.0,0.0039892883429372816,0.0019964387161951463,0.0,0.0019921168031269447,0.0,1,0.0,0.003993877467277701,0.0,0.0,-0.0013121131006040246,0.0018261461296785702,0.001818199001713898,0.0,0.0,0.0,0.0,0.001992106105305992,0.0,0.0,0.005923557340570757,0.003999945258466734,0.0019717279709480255,-0.0035228835241026854,0.0039522613634826835,0.0,-0.0032887959894581827,0.0,-0.0016892040038878507,0.0,0.0,-0.0016411477857893229,0.0019613725100465114,-0.001733553862690773,-0.0018623594079849276,0.003997017099212789,-0.00365924596810394,0.0,0.003922223321810711,0.0,0.0,0.0019530623246332038,-0.0010536009278155805,0.0,0.003955817887491659,0.0019448361247477051,0.0019993361658213965,0.0,0.0,0.0,0.0,-0.0010549699649232602,0.0,-0.0014555981242326019,0.0019957874154130865,-0.002586247101687011,0.0019799790532954234,0.0,0.0,-0.00361196258929343,0.0019360108927446427,0.0,0.0,-0.0040929580236547455,-0.003706546784451036,-0.004158192010645843,0.0,0.0019986406468863807,0.005917241970614008,0.0,0.0019567007517799105,0.0,0.0,agent19,0.9154244187846597
-0.3768095884998739,0.0,0.0,-0.0034053873441569926,0.0,0.0,0.0,0.0,0.0,0.001999758646539574,-0.003326807602079672,0.0,0.0,-0.0014776616971385692,-0.0018551035689198952,0.0019984158056982,-0.003171923179887982,0.001999993421578145,0.0,-0.0031691269032883542,-0.005955207646376414,0.005639335602549865,-0.0034226617215907533,0.0019660274813453607,-0.0028533215469564717,0.0,0.0,0.0,0.0039892883429372816,0.0019964387161951463,0.0,0.0019921168031269447,0.0,1,0.0,0.003993877467277701,0.0,0.0,-0.0013121131006040246,0.0018261461296785702,0.001818199001713898,0.0,0.0,0.0,0.0,0.001992106105305992,0.0,0.0,0.005923557340570757,0.003999945258466734,0.0019717279709480255,-0.0035228835241026854,0.0039522613634826835,0.0,-0.0032887959894581827,0.0,-0.0016892040038878507,0.0,0.0,-0.0016411477857893229,0.0019613725100465114,-0.001733553862690773,-0.0018623594079849276,0.003997017099212789,-0.00365924596810394,0.0,0.003922223321810711,0.0,0.0,0.0019530623246332038,-0.0010536009278155805,0.0,0.003955817887491659,0.0019448361247477051,0.0019993361658213965,0.0,0.0,0.0,0.0,-0.002108545404456401,0.0,-0.0014555981242326019,0.0019957874154130865,-0.002586247101687011,0.0019799790532954234,0.0,0.0,-0.00361196258929343,0.0019360108927446427,0.0,0.0,-0.0040929580236547455,-0.003706546784451036,-0.004158192010645843,0.0,0.0019986406468863807,0.005917241970614008,0.0,0.0019567007517799105,0.0,0.0,agent78,1
-0.3758095884998739,0.0,0.0,-0.0034053873441569926,0.0,0.0,0.0,0.0,0.0,0.001999758646539574,-0.003326807602079672,0.0,0.0,-0.0014776616971385692,-0.0018551035689198952,0.0019984158056982,-0.003171923179887982,0.001999993421578145,0.0,-0.0031691269032883542,-0.005955207646376414,0.005639335602549865,-0.0034226617215907533,0.0019660274813453607,-0.0028533215469564717,0.0,0.0,0.0,0.0039892883429372816,0.0019964387161951463,0.0,0.0019921168031269447,0.0,1,0.0,0.003993877467277701,0.0,0.0,-0.0013121131006040246,0.0018261461296785702,0.001818199001713898,0.0,0.0,0.0,0.0,0.001992106105305992,0.0,-0.0017559977900553237,0.005923557340570757,0.003999945258466734,0.0019717279709480255,-0.0035228835241026854,0.0039522613634826835,0.0,-0.0032887959894581827,0.0,-0.0016892040038878507,0.0,0.0,-0.0016411477857893229,0.0019613725100465114,-0.001733553862690773,-0.0018623594079849276,0.003997017099212789,-0.00365924596810394,0.0,0.003922223321810711,0.0,0.0,0.0019530623246332038,-0.0010536009278155805,0.0,0.003955817887491659,0.0019448361247477051,0.0019993361658213965,0.0,0.0,0.0,0.0,-0.002108545404456401,0.0,-0.0014555981242326019,0.0019957874154130865,-0.002586247101687011,0.0019799790532954234,0.0,0.0,-0.00361196258929343,0.0019360108927446427,0.0,0.0,-0.0040929580236547455,-0.003706546784451036,-0.004158192010645843,0.0,0.0019986406468863807,0.005917241970614008,0.0,0.0019567007517799105,0.0,0.0,agent46,0.3217635428824838
-0.3748095884998739,0.0,0.0,-0.0034053873441569926,0.0,-0.0010535739880959036,0.0,0.0,0.0,0.001999758646539574,-0.003326807602079672,0.0,0.0,-0.0014776616971385692,-0.0018551035689198952,0.0019984158056982,-0.003171923179887982,0.001999993421578145,0.0,-0.0031691269032883542,-0.005955207646376414,0.005639335602549865,-0.0034226617215907533,0.0019660274813453607,-0.0028533215469564717,0.0,0.0,0.0,0.0039892883429372816,0.0019964387161951463,0.0,0.0019921168031269447,0.0,1,0.0,0.003993877467277701,0.0,0.0,-0.0013121131006040246,0.0018261461296785702,0.001818199001713898,0.0,0.0,0.0,0.0,0.001992106105305992,0.0,-0.0017559977900553237,0.005923557340570757,0.003999945258466734,0.0019717279709480255,-0.0035228835241026854,0.0039522613634826835,0.0,-0.0032887959894581827,0.0,-0.0016892040038878507,0.0,0.0,-0.0016411477857893229,0.0019613725100465114,-0.001733553862690773,-0.0018623594079849276,0.003997017099212789,-0.00365924596810394,0.0,0.003922223321810711,0.0,0.0,0.0019530623246332038,-0.0010536009278155805,0.0,0.003955817887491659,0.0019448361247477051,0.0019993361658213965,0.0,0.0,0.0,0.0,-0.002108545404456401,0.0,-0.0014555981242326019,0.0019957874154130865,-0.002586247101687011,0.0019799790532954234,0.0,0.0,-0.00361196258929343,0.0019360108927446427,0.0,0.0,-0.0040929580236547455,-0.003706546784451036,-0.004158192010645843,0.0,0.0019986406468863807,0.005917241970614008,0.0,0.0019567007517799105,0.0,0.0,agent4,1
-0.3758135855169731,0.0,0.0,-0.0034053873441569926,0.0,-0.0010535739880959036,0.0,0.0,0.0,0.001999758646539574,-0.003326807602079672,0.0,0.0,-0.0014776616971385692,-0.0018551035689198952,0.0019984158056982,-0.003171923179887982,0.001999993421578145,0.0,-0.0031691269032883542,-0.005955207646376414,0.005639335602549865,-0.0034226617215907533,0.0019660274813453607,-0.0028533215469564717,0.0,0.0,0.0,0.0039892883429372816,0.0019964387161951463,0.0,0.0019921168031269447,0.0,1,0.0,0.003993877467277701,0.0,0.0,-0.0013121131006040246,0.0018261461296785702,0.001818199001713898,0.0,0.0,0.0,0.0,0.001992106105305992,0.0,-0.0017559977900553237,0.005923557340570757,0.003999945258466734,0.0019717279709480255,-0.0035228835241026854,0.0039522613634826835,0.0,-0.0032887959894581827,0.0,-0.0016892040038878507,0.0,0.0,-0.0016411477857893229,0.0019613725100465114,-0.001733553862690773,-0.0018623594079849276,0.005995498312529001,-0.00365924596810394,0.0,0.003922223321810711,0.0,0.0,0.0019530623246332038,-0.0010536009278155805,0.0,0.003955817887491659,0.0019448361247477051,0.0019993361658213965,0.0,0.0,0.0,0.0,-0.002108545404456401,0.0,-0.0014555981242326019,0.0019957874154130865,-0.002586247101687011,0.0019799790532954234,0.0,0.0,-0.00361196258929343,0.0019360108927446427,0.0,0.0,-0.0040929580236547455,-0.003706546784451036,-0.004158192010645843,0.0,0.0019986406468863807,0.005917241970614008,0.0,0.0019567007517799105,0.0,0.0,agent62,-0.3196954036870952
-0.3768171974795624,0.0,0.0,-0.0034053873441569926,0.0,-0.0010535739880959036,0.0,0.0,0.0,0.001999758646539574,-0.003326807602079672,0.0,0.0,-0.0014776616971385692,-0.0018551035689198952,0.0019984158056982,-0.003171923179887982,0.001999993421578145,0.0,-0.0031691269032883542,-0.005955207646376414,0.005639335602549865,-0.0034226617215907533,0.0019660274813453607,-0.0028533215469564717,0.0,0.0,0.0,0.0039892883429372816,0.0019964387161951463,0.0,0.0019921168031269447,0.0,1,0.0,0.003993877467277701,0.0,0.0,-0.0013121131006040246,0.0018261461296785702,0.001818199001713898,0.0,0.0,0.0,0.0,0.001992106105305992,0.0,-0.0017559977900553237,0.005923557340570757,0.003999945258466734,0.0019717279709480255,-0.0035228835241026854,0.0039522613634826835,0.0,-0.0032887959894581827,0.0,-0.0016892040038878507,0.0,0.0,-0.0016411477857893229,0.0019613725100465114,-0.001733553862690773,-0.0018623594079849276,0.005995498312529001,-0.00365924596810394,0.0,0.003922223321810711,0.0,0.0,0.0019530623246332038,-0.0010536009278155805,0.0,0.003955817887491659,0.0019448361247477051,0.0019993361658213965,0.0,0.0,0.0,0.0,-0.002108545404456401,0.0,-0.0014555981242326019,0.0019957874154130865,-0.002586247101687011,0.0019799790532954234,0.0,0.0,-0.0054018673294030164,0.0019360108927446427,0.0,0.0,-0.0040929580236547455,-0.003706546784451036,-0.004158192010645843,0.0,0.0019986406468863807,0.005917241970614008,0.0,0.0019567007517799105,0.0,0.0,agent86,0.27240745686041423
-0.37781930602496683,0.0,0.0,-0.0034053873441569926,0.0,-0.0010535739880959036,0.0,0.0,0.0,0.001999758646539574,-0.003326807602079672,0.0,0.0,-0.0014776616971385692,-0.0018551035689198952,0.0019984158056982,-0.003171923179887982,0.001999993421578145,0.0,-0.0031691269032883542,-0.005955207646376414,0.005639335602549865,-0.0034226617215907533,0.0019660274813453607,-0.0028533215469564717,0.0,0.0,0.0,0.0039892883429372816,0.0019964387161951463,0.0,0.0019921168031269447,0.0,1,0.0,0.003993877467277701,0.0,0.0,-0.0013121131006040246,0.0018261461296785702,0.001818199001713898,0.0,0.0,0.0,0.0,0.001992106105305992,0.0,-0.0017559977900553237,0.005923557340570757,0.003999945258466734,0.0019717279709480255,-0.0035228835241026854,0.0039522613634826835,0.0,-0.0032887959894581827,0.0,-0.0016892040038878507,0.0,0.0,-0.0016411477857893229,0.0019613725100465114,-0.001733553862690773,-0.0018623594079849276,0.005995498312529001,-0.00365924596810394,0.0,0.003922223321810711,0.0,0.0,0.0019530623246332038,-0.0010536009278155805,0.0,0.003955817887491659,0.0019448361247477051,0.0019993361658213965,0.0,0.0,0.0,0.0,-0.003160732606818663,0.0,-0.0014555981242326019,0.0019957874154130865,-0.002586247101687011,0.0019799790532954234,0.0,0.0,-0.0054018673294030164,0.0019360108927446427,0.0,0.0,-0.0040929580236547455,-0.003706546784451036,-0.004158192010645843,0.0,0.0019986406468863807,0.005917241970614008,0.0,0.0019567007517799105,0.0,0.0,agent78,1
-0.3768193060249668,0.0,0.0,-0.0034053873441569926,0.0,-0.0010535739880959036,0.0,0.0,0.0019376777478743979,0.001999758646539574,-0.003326807602079672,0.0,0.0,-0.0014776616971385692,-0.0018551035689198952,0.0019984158056982,-0.003171923179887982,0.001999993421578145,0.0,-0.0031691269032883542,-0.005955207646376414,0.005639335602549865,-0.0034226617215907533,0.0019660274813453607,-0.0028533215469564717,0.0,0.0,0.0,0.0039892883429372816,0.0019964387161951463,0.0,0.0019921168031269447,0.0,1,0.0,0.003993877467277701,0.0,0.0,-0.0013121131006040246,0.0018261461296785702,0.001818199001713898,0.0,0.0,0.0,0.0,0.001992106105305992,0.0,-0.0017559977900553237,0.005923557340570757,0.003999945258466734,0.0019717279709480255,-0.0035228835241026854,0.0039522613634826835,0.0,-0.0032887959894581827,0.0,-0.0016892040038878507,0.0,0.0,-0.0016411477857893229,0.0019613725100465114,-0.001733553862690773,-0.0018623594079849276,0.005995498312529001,-0.00365924596810394,0.0,0.003922223321810711,0.0,0.0,0.0019530623246332038,-0.0010536009278155805,0.0,0.003955817887491659,0.0019448361247477051,0.0019993361658213965,0.0,0.0,0.0,0.0,-0.003160732606818663,0.0,-0.0014555981242326019,0.0019957874154130865,-0.002586247101687011,0.0019799790532954234,0.0,0.0,-0.0054018673294030164,0.0019360108927446427,0.0,0.0,-0.0040929580236547455,-0.003706546784451036,-0.004158192010645843,0.0,0.0019986406468863807,0.005917241970614008,0.0,0.0019567007517799105,0.0,0.0,agent7,-0.730869591750958
-0.3758193060249668,0.0,0.0,-0.0034053873441569926,0.0,-0.0010535739880959036,0.0,0.0,0.0019376777478743979,0.001999758646539574,-0.003326807602079672,0.0,0.0,-0.0014776616971385692,-0.0018551035689198952,0.0019984158056982,-0.003171923179887982,0.001999993421578145,0.0,-0.0031691269032883542,-0.005955207646376414,0.005639335602549865,-0.0034226617215907533,0.0019660274813453607,-0.0028533215469564717,0.0,0.0,0.0,0.0039892883429372816,0.0019964387161951463,0.0,0.0019921168031269447,0.0,1,0.0,0.003993877467277701,0.0,0.0,-0.0013121131006040246,0.0018261461296785702,0.001818199001713898,0.0,0.0,0.0,0.0,0.001992106105305992,0.0,-0.0017559977900553237,0.005923557340570757,0.003999945258466734,0.0019717279709480255,-0.0035228835241026854,0.0039522613634826835,0.0,-0.0032887959894581827,0.0,-0.0016892040038878507,0.0,0.0,-0.0016411477857893229,0.0019613725100465114,-0.001733553862690773,-0.0018623594079849276,0.005995498312529001,-0.00365924596810394,0.0,0.003922223321810711,0.0,0.0,0.0019530623246332038,-0.0010536009278155805,0.0,0.003955817887491659,0.0019448361247477051,0.0019993361658213965,0.0,0.0,0.0,0.0,-0.003160732606818663,0.0,-0.0014555981242326019,0.0019957874154130865,-0.002586247101687011,0.0019799790532954234,0.0,0.0,-0.0054018673294030164,0.0019360108927446427,0.0,0.0,-0.0040929580236547455,-0.003706546784451036,-0.004158192010645843,0.001961938440337238,0.0019986406468863807,0.005917241970614008,0.0,0.0019567007517799105,0.0,0.0,agent93,-0.10091512097964235
-0.37682282890849095,0.0,0.0,-0.0034053873441569926,0.0,-0.0010535739880959036,0.0,0.0,0.0019376777478743979,0.001999758646539574,-0.003326807602079672,0.0,0.0,-0.0014776616971385692,-0.0018551035689198952,0.0019984158056982,-0.003171923179887982,0.001999993421578145,0.0,-0.0031691269032883542,-0.005955207646376414,0.005639335602549865,-0.0034226617215907533,0.0019660274813453607,-0.0028533215469564717,0.0,0.0,0.0,0.0039892883429372816,0.0019964387161951463,0.0,0.0019921168031269447,0.0,1,0.0,0.003993877467277701,0.0,0.0,-0.0013121131006040246,0.0018261461296785702,0.001818199001713898,0.0,0.0,0.0,0.0,0.001992106105305992,0.0,-0.0017559977900553237,0.005923557340570757,0.003999945258466734,0.0019717279709480255,-0.005254939279297351,0.0039522613634826835,0.0,-0.0032887959894581827,0.0,-0.0016892040038878507,0.0,0.0,-0.0016411477857893229,0.0019613725100465114,-0.001733553862690773,-0.0018623594079849276,0.005995498312529001,-0.00365924596810394,0.0,0.003922223321810711,0.0,0.0,0.0019530623246332038,-0.0010536009278155805,0.0,0.003955817887491659,0.0019448361247477051,0.0019993361658213965,0.0,0.0,0.0,0.0,-0.003160732606818663,0.0,-0.0014555981242326019,0.0019957874154130865,-0.002586247101687011,0.0019799790532954234,0.0,0.0,-0.0054018673294030164,0.0019360108927446427,0.0,0.0,-0.0040929580236547455,-0.003706546784451036,-0.004158192010645843,0.001961938440337238,0.0019986406468863807,0.005917241970614008,0.0,0.0019567007517799105,0.0,0.0,agent50,0.35622474293019585
-0.3778248282446568,0.0,0.0,-0.0034053873441569926,0.0,-0.0010535739880959036,0.0,0.0,0.0019376777478743979,0.001999758646539574,-0.003326807602079672,0.0,0.0,-0.0014776616971385692,-0.0018551035689198952,0.0019984158056982,-0.003171923179887982,0.001999993421578145,0.0,-0.0031691269032883542,-0.005955207646376414,0.005639335602549865,-0.0034226617215907533,0.0019660274813453607,-0.0028533215469564717,0.0,0.0,0.0,0.0039892883429372816,0.0019964387161951463,0.0,0.0019921168031269447,0.0,1,0.0,0.003993877467277701,0.0,0.0,-0.0013121131006040246,0.0018261461296785702,0.001818199001713898,0.0,0.0,0.0,0.0,0.001992106105305992,0.0,-0.0017559977900553237,0.005923557340570757,0.003999945258466734,0.0019717279709480255,-0.005254939279297351,0.0039522613634826835,0.0,-0.0032887959894581827,0.0,-0.0016892040038878507,0.0,0.0,-0.0016411477857893229,0.0019613725100465114,-0.001733553862690773,-0.0018623594079849276,0.005995498312529001,-0.00365924596810394,0.0,0.003922223321810711,0.0,0.0,0.0019530623246332038,-0.0010536009278155805,0.0,0.003955817887491659,0.0019448361247477051,0.003998635452667307,0.0,0.0,0.0,0.0,-0.003160732606818663,0.0,-0.0014555981242326019,0.0019957874154130865,-0.002586247101687011,0.0019799790532954234,0.0,0.0,-0.0054018673294030164,0.0019360108927446427,0.0,0.0,-0.0040929580236547455,-0.003706546784451036,-0.004158192010645843,0.001961938440337238,0.0019986406468863807,0.005917241970614008,0.0,0.0019567007517799105,0.0,0.0,agent73,-0.41425845776897147
-0.3788266543907865,0.0,0.0,-0.0034053873441569926,0.0,-0.0010535739880959036,0.0,0.0,0.0019376777478743979,0.001999758646539574,-0.003326807602079672,0.0,0.0,-0.0014776616971385692,-0.0018551035689198952,0.0019984158056982,-0.003171923179887982,0.001999993421578145,0.0,-0.0031691269032883542,-0.005955207646376414,0.005639335602549865,-0.0034226617215907533,0.0019660274813453607,-0.0028533215469564717,0.0,0.0,0.0,0.0039892883429372816,0.0019964387161951463,0.0,0.0019921168031269447,0.0,1,0.0,0.003993877467277701,0.0,0.0,-0.0013121131006040246,0.003651718378703059,0.001818199001713898,0.0,0.0,0.0,0.0,0.001992106105305992,0.0,-0.0017559977900553237,0.005923557340570757,0.003999945258466734,0.0019717279709480255,-0.005254939279297351,0.0039522613634826835,0.0,-0.0032887959894581827,0.0,-0.0016892040038878507,0.0,0.0,-0.0016411477857893229,0.0019613725100465114,-0.001733553862690773,-0.0018623594079849276,0.005995498312529001,-0.00365924596810394,0.0,0.003922223321810711,0.0,0.0,0.0019530623246332038,-0.0010536009278155805,0.0,0.003955817887491659,0.0019448361247477051,0.003998635452667307,0.0,0.0,0.0,0.0,-0.003160732606818663,0.0,-0.0014555981242326019,0.0019957874154130865,-0.002586247101687011,0.0019799790532954234,0.0,0.0,-0.0054018673294030164,0.0019360108927446427,0.0,0.0,-0.0040929580236547455,-0.003706546784451036,-0.004158192010645843,0.001961938440337238,0.0019986406468863807,0.005917241970614008,0.0,0.0019567007517799105,0.0,0.0,agent38,-0.9684647371155548
-0.379830610208674,0.0,0.0,-0.0034053873441569926,0.0,-0.0010535739880959036,0.0,0.0,0.0019376777478743979,0.001999758646539574,-0.003326807602079672,0.0,0.0,-0.0014776616971385692,-0.0018551035689198952,0.0019984158056982,-0.003171923179887982,0.001999993421578145,0.0,-0.0031691269032883542,-0.005955207646376414,0.005639335602549865,-0.0034226617215907533,0.0019660274813453607,-0.0028533215469564717,0.0,0.0,0.0,0.0039892883429372816,0.0019964387161951463,0.0,0.0019921168031269447,0.0,1,0.0,0.003993877467277701,0.0,0.0,-0.0013121131006040246,0.003651718378703059,0.001818199001713898,0.0,0.0,0.0,0.0,0.001992106105305992,0.0,-0.0017559977900553237,0.005923557340570757,0.003999945258466734,0.0019717279709480255,-0.005254939279297351,0.0039522613634826835,0.0,-0.0032887959894581827,0.0,-0.0016892040038878507,0.0,0.0,-0.0016411477857893229,0.0019613725100465114,-0.001733553862690773,-0.0018623594079849276,0.005995498312529001,-0.00365924596810394,0.0,0.003922223321810711,0.0,0.0,0.0019530623246332038,-0.0010536009278155805,0.0,0.005933834189230166,0.0019448361247477051,0.003998635452667307,0.0,0.0,0.0,0.0,-0.003160732606818663,0.0,-0.0014555981242326019,0.0019957874154130865,-0.002586247101687011,0.0019799790532954234,0.0,0.0,-0.0054018673294030164,0.0019360108927446427,0.0,0.0,-0.0040929580236547455,-0.003706546784451036,-0.004158192010645843,0.001961938440337238,0.0019986406468863807,0.005917241970614008,0.0,0.0019567007517799105,0.0,0.0,agent71,-0.5885106941338857
-0.378830610208674,0.0,0.0,-0.0034053873441569926,0.0,-0.0010535739880959036,0.0,0.0,0.0019376777478743979,0.001999758646539574,-0.003326807602079672,0.0,0.0,-0.0014776616971385692,-0.0018551035689198952,0.0019984158056982,-0.003171923179887982,0.001999993421578145,0.0,-0.0031691269032883542,-0.005955207646376414,0.005639335602549865,-0.0034226617215907533,0.0019660274813453607,-0.0028533215469564717,0.0,0.0,0.0,0.0039892883429372816,0.0019964387161951463,0.0,0.0019921168031269447,0.0,1,0.0,0.003993877467277701,0.0,0.0,-0.0013121131006040246,0.003651718378703059,0.001818199001713898,0.0,0.0,0.0,0.0,0.001992106105305992,0.0,-0.0017559977900553237,0.005923557340570757,0.003999945258466734,0.0019717279709480255,-0.005254939279297351,0.0039522613634826835,0.0,-0.0032887959894581827,0.0,-0.0016892040038878507,0.0,0.0,-0.0016411477857893229,0.0019613725100465114,-0.001733553862690773,-0.0018623594079849276,0.005995498312529001,-0.00365924596810394,0.0,0.003922223321810711,0.001852493894471445,0.0,0.0019530623246332038,-0.0010536009278155805,0.0,0.005933834189230166,0.0019448361247477051,0.003998635452667307,0.0,0.0,0.0,0.0,-0.003160732606818663,0.0,-0.0014555981242326019,0.0019957874154130865,-0.002586247101687011,0.0019799790532954234,0.0,0.0,-0.0054018673294030164,0.0019360108927446427,0.0,0.0,-0.0040929580236547455,-0.003706546784451036,-0.004158192010645843,0.001961938440337238,0.0019986406468863807,0.005917241970614008,0.0,0.0019567007517799105,0.0,0.0,agent66,-0.9229808758415923
-0.377830610208674,0.0,0.0,-0.0034053873441569926,0.0,-0.0010535739880959036,0.0,0.0,0.0019376777478743979,0.001999758646539574,-0.003326807602079672,0.0,0.0,-0.0014776616971385692,-0.0018551035689198952,0.0019984158056982,-0.003171923179887982,0.001999993421578145,0.0,-0.0031691269032883542,-0.005955207646376414,0.005639335602549865,-0.0034226617215907533,0.0019660274813453607,-0.0028533215469564717,0.0,0.0,0.0,0.0039892883429372816,0.0019964387161951463,0.0,0.0019921168031269447,0.0,1,0.0,0.003993877467277701,0.0,0.0,-0.0013121131006040246,0.003651718378703059,0.001818199001713898,0.0,0.0,0.0,0.0,0.001992106105305992,0.0,-0.0017559977900553237,0.005923557340570757,0.003999945258466734,0.0019717279709480255,-0.005254939279297351,0.0039522613634826835,0.0,-0.0032887959894581827,0.0,-0.0016892040038878507,0.0,0.0,-0.0016411477857893229,0.0019613725100465114,-0.001733553862690773,-0.0018623594079849276,0.005995498312529001,-0.00365924596810394,0.0,0.003922223321810711,0.001852493894471445,0.0,0.0019530623246332038,-0.0010536009278155805,0.0,0.005933834189230166,0.0019448361247477051,0.003998635452667307,0.0019621507963117416,0.0,0.0,0.0,-0.003160732606818663,0.0,-0.0014555981242326019,0.0019957874154130865,-0.002586247101687011,0.0019799790532954234,0.0,0.0,-0.0054018673294030164,0.0019360108927446427,0.0,0.0,-0.0040929580236547455,-0.003706546784451036,-0.004158192010645843,0.001961938440337238,0.0019986406468863807,0.005917241970614008,0.0,0.0019567007517799105,0.0,0.0,agent74,-0.6539640457931494
-0.3788325632709986,0.0,0.0,-0.0034053873441569926,0.0,-0.0010535739880959036,0.0,0.0,0.0019376777478743979,0.001999758646539574,-0.003326807602079672,0.0,0.0,-0.0014776616971385692,-0.0018551035689198952,0.0019984158056982,-0.003171923179887982,0.001999993421578145,0.0,-0.0031691269032883542,-0.005955207646376414,0.005639335602549865,-0.0034226617215907533,0.0019660274813453607,-0.0028533215469564717,0.0,0.0,0.0,0.0039892883429372816,0.0019964387161951463,0.0,0.0019921168031269447,0.0,1,0.0,0.003993877467277701,0.0,0.0,-0.0013121131006040246,0.003651718378703059,0.001818199001713898,0.0,0.0,0.0,0.0,0.001992106105305992,0.0,-0.0017559977900553237,0.005923557340570757,0.003999945258466734,0.0019717279709480255,-0.005254939279297351,0.0039522613634826835,0.0,-0.0032887959894581827,0.0,-0.0016892040038878507,0.0,0.0,-0.0016411477857893229,0.0019613725100465114,-0.001733553862690773,-0.0018623594079849276,0.005995498312529001,-0.00365924596810394,0.0,0.003922223321810711,0.001852493894471445,0.0,0.0039058200692675435,-0.0010536009278155805,0.0,0.005933834189230166,0.0019448361247477051,0.003998635452667307,0.0019621507963117416,0.0,0.0,0.0,-0.003160732606818663,0.0,-0.0014555981242326019,0.0019957874154130865,-0.002586247101687011,0.0019799790532954234,0.0,0.0,-0.0054018673294030164,0.0019360108927446427,0.0,0.0,-0.0040929580236547455,-0.003706546784451036,-0.004158192010645843,0.001961938440337238,0.0019986406468863807,0.005917241970614008,0.0,0.0019567007517799105,0.0,0.0,agent68,-0.6852139388576443
-0.3798364854943204,0.0,0.0,-0.0034053873441569926,0.0,-0.0010535739880959036,0.0,0.0,0.0019376777478743979,0.001999758646539574,-0.003326807602079672,0.0,0.0,-0.0014776616971385692,-0.0018551035689198952,0.0019984158056982,-0.003171923179887982,0.001999993421578145,0.0,-0.0031691269032883542,-0.005955207646376414,0.005639335602549865,-0.0034226617215907533,0.0019660274813453607,-0.0028533215469564717,0.0,0.0,0.0,0.0039892883429372816,0.0019964387161951463,0.0,0.0019921168031269447,0.0,1,0.0,0.003993877467277701,0.0,0.0,-0.0013121131006040246,0.003651718378703059,0.001818199001713898,0.0,0.0,0.0,0.0,0.001992106105305992,0.0,-0.0017559977900553237,0.005923557340570757,0.003999945258466734,0.0019717279709480255,-0.005254939279297351,0.0039522613634826835,0.0,-0.0032887959894581827,0.0,-0.0016892040038878507,0.0,0.0,-0.0016411477857893229,0.0019613725100465114,-0.001733553862690773,-0.0018623594079849276,0.005995498312529001,-0.00365924596810394,0.0,0.005883478233673517,0.001852493894471445,0.0,0.0039058200692675435,-0.0010536009278155805,0.0,0.005933834189230166,0.0019448361247477051,0.003998635452667307,0.0019621507963117416,0.0,0.0,0.0,-0.003160732606818663,0.0,-0.0014555981242326019,0.0019957874154130865,-0.002586247101687011,0.0019799790532954234,0.0,0.0,-0.0054018673294030164,0.0019360108927446427,0.0,0.0,-0.0040929580236547455,-0.003706546784451036,-0.004158192010645843,0.001961938440337238,0.0019986406468863807,0.005917241970614008,0.0,0.0019567007517799105,0.0,0.0,agent65,-0.6572031369212824
-0.3788364854943204,0.0,0.0,-0.0034053873441569926,0.0,-0.0010535739880959036,0.0,0.0,0.0019376777478743979,0.001999758646539574,-0.003326807602079672,0.0,0.0,-0.0014776616971385692,-0.0018551035689198952,0.0019984158056982,-0.003171923179887982,0.001999993421578145,0.0,-0.0031691269032883542,-0.005955207646376414,0.005639335602549865,-0.0034226617215907533,0.0019660274813453607,-0.0028533215469564717,0.0,0.0,0.0,0.0039892883429372816,0.0019964387161951463,0.0,0.0019921168031269447,0.0,1,0.0,0.003993877467277701,0.0,0.0,-0.0013121131006040246,0.003651718378703059,0.001818199001713898,0.0,0.0,0.0,0.0,0.001992106105305992,0.0,-0.0017559977900553237,0.005923557340570757,0.003999945258466734,0.0019717279709480255,-0.005254939279297351,0.0039522613634826835,0.0,-0.0032887959894581827,0.0,-0.0016892040038878507,0.0019993393581928193,0.0,-0.0016411477857893229,0.0019613725100465114,-0.001733553862690773,-0.0018623594079849276,0.005995498312529001,-0.00365924596810394,0.0,0.005883478233673517,0.001852493894471445,0.0,0.0039058200692675435,-0.0010536009278155805,0.0,0.005933834189230166,0.0019448361247477051,0.003998635452667307,0.0019621507963117416,0.0,0.0,0.0,-0.003160732606818663,0.0,-0.0014555981242326019,0.0019957874154130865,-0.002586247101687011,0.0019799790532954234,0.0,0.0,-0.0054018673294030164,0.0019360108927446427,0.0,0.0,-0.0040929580236547455,-0.003706546784451036,-0.004158192010645843,0.001961938440337238,0.0019986406468863807,0.005917241970614008,0.0,0.0019567007517799105,0.0,0.0,agent56,-0.3434870203763656
-0.3778364854943204,0.0,0.0,-0.0034053873441569926,0.0,-0.0010535739880959036,0.0,0.0,0.0019376777478743979,0.001999758646539574,-0.003326807602079672,0.0,0.0,-0.0014776616971385692,-0.0018551035689198952,0.0019984158056982,-0.003171923179887982,0.001999993421578145,0.0,-0.0031691269032883542,-0.005955207646376414,0.005639335602549865,-0.0034226617215907533,0.0019660274813453607,-0.0028533215469564717,0.0,0.0,0.0,0.0039892883429372816,0.0019964387161951463,0.0,0.0019921168031269447,0.0,1,0.0,0.003993877467277701,0.0,0.0,-0.0013121131006040246,0.003651718378703059,0.001818199001713898,0.0,0.0,0.0,0.0,0.001992106105305992,0.0,-0.0017559977900553237,0.005923557340570757,0.003999945258466734,0.0019717279709480255,-0.005254939279297351,0.0039522613634826835,0.0,-0.0032887959894581827,0.0,-0.0016892040038878507,0.0019993393581928193,0.0,-0.0016411477857893229,0.0019613725100465114,-0.001733553862690773,-0.0018623594079849276,0.005995498312529001,-0.00365924596810394,0.0,0.005883478233673517,0.001852493894471445,0.0,0.0039058200692675435,-0.0010536009278155805,0.0,0.005933834189230166,0.0019448361247477051,0.003998635452667307,0.0019621507963117416,0.0,0.0,0.0,-0.003160732606818663,0.0,-0.0014555981242326019,0.0019957874154130865,-0.002586247101687011,0.0019799790532954234,0.0,0.0,-0.0054018673294030164,0.0019360108927446427,0.0,0.0,-0.0040929580236547455,-0.003706546784451036,-0.004158192010645843,0.001961938440337238,0.0019986406468863807,0.005917241970614008,0.0019934157877447784,0.0019567007517799105,0.0,0.0,agent96,-0.4935902414696374
-0.378838485487742,0.0,0.0,-0.0034053873441569926,0.0,-0.0010535739880959036,0.0,0.0,0.0019376777478743979,0.001999758646539574,-0.003326807602079672,0.0,0.0,-0.0014776616971385692,-0.0018551035689198952,0.0019984158056982,-0.003171923179887982,0.0039999899706880905,0.0,-0.0031691269032883542,-0.005955207646376414,0.005639335602549865,-0.0034226617215907533,0.0019660274813453607,-0.0028533215469564717,0.0,0.0,0.0,0.0039892883429372816,0.0019964387161951463,0.0,0.0019921168031269447,0.0,1,0.0,0.003993877467277701,0.0,0.0,-0.0013121131006040246,0.003651718378703059,0.001818199001713898,0.0,0.0,0.0,0.0,0.001992106105305992,0.0,-0.0017559977900553237,0.005923557340570757,0.003999945258466734,0.0019717279709480255,-0.005254939279297351,0.0039522613634826835,0.0,-0.0032887959894581827,0.0,-0.0016892040038878507,0.0019993393581928193,0.0,-0.0016411477857893229,0.0019613725100465114,-0.001733553862690773,-0.0018623594079849276,0.005995498312529001,-0.00365924596810394,0.0,0.005883478233673517,0.001852493894471445,0.0,0.0039058200692675435,-0.0010536009278155805,0.0,0.005933834189230166,0.0019448361247477051,0.003998635452667307,0.0019621507963117416,0.0,0.0,0.0,-0.003160732606818663,0.0,-0.0014555981242326019,0.0019957874154130865,-0.002586247101687011,0.0019799790532954234,0.0,0.0,-0.0054018673294030164,0.0019360108927446427,0.0,0.0,-0.0040929580236547455,-0.003706546784451036,-0.004158192010645843,0.001961938440337238,0.0019986406468863807,0.005917241970614008,0.0019934157877447784,0.0019567007517799105,0.0,0.0,agent16,-0.37520936157077145
-0.377838485487742,0.0,0.0,-0.0034053873441569926,0.0,-0.0010535739880959036,0.0,0.0,0.0019376777478743979,0.001999758646539574,-0.003326807602079672,0.0,0.0,-0.0014776616971385692,-0.0018551035689198952,0.0019984158056982,-0.003171923179887982,0.0039999899706880905,0.0,-0.0031691269032883542,-0.005955207646376414,0.005639335602549865,-0.0034226617215907533,0.0019660274813453607,-0.0028533215469564717,0.0,0.0,0.0,0.0039892883429372816,0.0019964387161951463,0.0,0.0019921168031269447,0.0,1,0.0,0.003993877467277701,-0.001109483340657693,0.0,-0.0013121131006040246,0.003651718378703059,0.001818199001713898,0.0,0.0,0.0,0.0,0.001992106105305992,0.0,-0.0017559977900553237,0.005923557340570757,0.003999945258466734,0.0019717279709480255,-0.005254939279297351,0.0039522613634826835,0.0,-0.0032887959894581827,0.0,-0.0016892040038878507,0.0019993393581928193,0.0,-0.0016411477857893229,0.0019613725100465114,-0.001733553862690773,-0.0018623594079849276,0.005995498312529001,-0.00365924596810394,0.0,0.005883478233673517,0.001852493894471445,0.0,0.0039058200692675435,-0.0010536009278155805,0.0,0.005933834189230166,0.0019448361247477051,0.003998635452667307,0.0019621507963117416,0.0,0.0,0.0,-0.003160732606818663,0.0,-0.0014555981242326019,0.0019957874154130865,-0.002586247101687011,0.0019799790532954234,0.0,0.0,-0.0054018673294030164,0.0019360108927446427,0.0,0.0,-0.0040929580236547455,-0.003706546784451036,-0.004158192010645843,0.001961938440337238,0.0019986406468863807,0.005917241970614008,0.0019934157877447784,0.0019567007517799105,0.0,0.0,agent35,0.955715117289087
-0.376838485487742,0.0,0.0,-0.0034053873441569926,0.0,-0.0010535739880959036,0.0,0.0,0.0019376777478743979,0.001999758646539574,-0.003326807602079672,-0.0013866836189986335,0.0,-0.0014776616971385692,-0.0018551035689198952,0.0019984158056982,-0.003171923179887982,0.0039999899706880905,0.0,-0.0031691269032883542,-0.005955207646376414,0.005639335602549865,-0.0034226617215907533,0.0019660274813453607,-0.0028533215469564717,0.0,0.0,0.0,0.0039892883429372816,0.0019964387161951463,0.0,0.0019921168031269447,0.0,1,0.0,0.003993877467277701,-0.001109483340657693,0.0,-0.0013121131006040246,0.003651718378703059,0.001818199001713898,0.0,0.0,0.0,0.0,0.001992106105305992,0.0,-0.0017559977900553237,0.005923557340570757,0.003999945258466734,0.0019717279709480255,-0.005254939279297351,0.0039522613634826835,0.0,-0.0032887959894581827,0.0,-0.0016892040038878507,0.0019993393581928193,0.0,-0.0016411477857893229,0.0019613725100465114,-0.001733553862690773,-0.0018623594079849276,0.005995498312529001,-0.00365924596810394,0.0,0.005883478233673517,0.001852493894471445,0.0,0.0039058200692675435,-0.0010536009278155805,0.0,0.005933834189230166,0.0019448361247477051,0.003998635452667307,0.0019621507963117416,0.0,0.0,0.0,-0.003160732606818663,0.0,-0.0014555981242326019,0.0019957874154130865,-0.002586247101687011,0.0019799790532954234,0.0,0.0,-0.0054018673294030164,0.0019360108927446427,0.0,0.0,-0.0040929580236547455,-0.003706546784451036,-0.004158192010645843,0.001961938440337238,0.0019986406468863807,0.005917241970614008,0.0019934157877447784,0.0019567007517799105,0.0,0.0,agent10,0.7296960566384769
-0.3778404848271002,0.0,0.0,-0.0034053873441569926,0.0,-0.0010535739880959036,0.0,0.0,0.0019376777478743979,0.001999758646539574,-0.003326807602079672,-0.0013866836189986335,0.0,-0.0014776616971385692,-0.0018551035689198952,0.0019984158056982,-0.003171923179887982,0.0039999899706880905,0.0,-0.0031691269032883542,-0.005955207646376414,0.005639335602549865,-0.0034226617215907533,0.0019660274813453607,-0.0028533215469564717,0.0,0.0,0.0,0.0039892883429372816,0.0019964387161951463,0.0,0.0019921168031269447,0.0,1,0.0,0.003993877467277701,-0.001109483340657693,0.0,-0.0013121131006040246,0.003651718378703059,0.001818199001713898,0.0,0.0,0.0,0.0,0.001992106105305992,0.0,-0.0017559977900553237,0.005923557340570757,0.003999945258466734,0.0019717279709480255,-0.005254939279297351,0.0039522613634826835,0.0,-0.0032887959894581827,0.0,-0.0016892040038878507,0.003998714565832062,0.0,-0.0016411477857893229,0.0019613725100465114,-0.001733553862690773,-0.0018623594079849276,0.005995498312529001,-0.00365924596810394,0.0,0.005883478233673517,0.001852493894471445,0.0,0.0039058200692675435,-0.0010536009278155805,0.0,0.005933834189230166,0.0019448361247477051,0.003998635452667307,0.0019621507963117416,0.0,0.0,0.0,-0.003160732606818663,0.0,-0.0014555981242326019,0.0019957874154130865,-0.002586247101687011,0.0019799790532954234,0.0,0.0,-0.0054018673294030164,0.0019360108927446427,0.0,0.0,-0.0040929580236547455,-0.003706546784451036,-0.004158192010645843,0.001961938440337238,0.0019986406468863807,0.005917241970614008,0.0019934157877447784,0.0019567007517799105,0.0,0.0,agent56,-0.3414890198409504
-0.3768404848271002,0.0,0.0,-0.0034053873441569926,0.0,-0.0010535739880959036,0.0,0.0,0.0019376777478743979,0.001999758646539574,-0.003326807602079672,-0.0013866836189986335,0.0,-0.0014776616971385692,-0.0018551035689198952,0.0019984158056982,-0.003171923179887982,0.0039999899706880905,0.0,-0.0031691269032883542,-0.005955207646376414,0.005639335602549865,-0.0034226617215907533,0.0019660274813453607,-0.0028533215469564717,0.0,0.0,0.0019651520361638644,0.0039892883429372816,0.0019964387161951463,0.0,0.0019921168031269447,0.0,1,0.0,0.003993877467277701,-0.001109483340657693,0.0,-0.0013121131006040246,0.003651718378703059,0.001818199001713898,0.0,0.0,0.0,0.0,0.001992106105305992,0.0,-0.0017559977900553237,0.005923557340570757,0.003999945258466734,0.0019717279709480255,-0.005254939279297351,0.0039522613634826835,0.0,-0.0032887959894581827,0.0,-0.0016892040038878507,0.003998714565832062,0.0,-0.0016411477857893229,0.0019613725100465114,-0.001733553862690773,-0.0018623594079849276,0.005995498312529001,-0.00365924596810394,0.0,0.005883478233673517,0.001852493894471445,0.0,0.0039058200692675435,-0.0010536009278155805,0.0,0.005933834189230166,0.0019448361247477051,0.003998635452667307,0.0019621507963117416,0.0,0.0,0.0,-0.003160732606818663,0.0,-0.0014555981242326019,0.0019957874154130865,-0.002586247101687011,0.0019799790532954234,0.0,0.0,-0.0054018673294030164,0.0019360108927446427,0.0,0.0,-0.0040929580236547455,-0.003706546784451036,-0.004158192010645843,0.001961938440337238,0.0019986406468863807,0.005917241970614008,0.0019934157877447784,0.0019567007517799105,0.0,0.0,agent26,-0.11384062181147002
-0.37784245085458157,0.0,0.0,-0.0034053873441569926,0.0,-0.0010535739880959036,0.0,0.0,0.0019376777478743979,0.001999758646539574,-0.003326807602079672,-0.0013866836189986335,0.0,-0.0014776616971385692,-0.0018551035689198952,0.0019984158056982,-0.003171923179887982,0.0039999899706880905,0.0,-0.0031691269032883542,-0.005955207646376414,0.005639335602549865,-0.0034226617215907533,0.003932317097107037,-0.0028533215469564717,0.0,0.0,0.0019651520361638644,0.0039892883429372816,0.0019964387161951463,0.0,0.0019921168031269447,0.0,1,0.0,0.003993877467277701,-0.001109483340657693,0.0,-0.0013121131006040246,0.003651718378703059,0.001818199001713898,0.0,0.0,0.0,0.0,0.001992106105305992,0.0,-0.0017559977900553237,0.005923557340570757,0.003999945258466734,0.0019717279709480255,-0.005254939279297351,0.0039522613634826835,0.0,-0.0032887959894581827,0.0,-0.0016892040038878507,0.003998714565832062,0.0,-0.0016411477857893229,0.0019613725100465114,-0.001733553862690773,-0.0018623594079849276,0.005995498312529001,-0.00365924596810394,0.0,0.005883478233673517,0.001852493894471445,0.0,0.0039058200692675435,-0.0010536009278155805,0.0,0.005933834189230166,0.0019448361247477051,0.003998635452667307,0.0019621507963117416,0.0,0.0,0.0,-0.003160732606818663,0.0,-0.0014555981242326019,0.0019957874154130865,-0.002586247101687011,0.0019799790532954234,0.0,0.0,-0.0054018673294030164,0.0019360108927446427,0.0,0.0,-0.0040929580236547455,-0.003706546784451036,-0.004158192010645843,0.001961938440337238,0.0019986406468863807,0.005917241970614008,0.0019934157877447784,0.0019567007517799105,0.0,0.0,agent22,-0.11718538960144068
-0.3788480901901841,0.0,0.0,-0.0034053873441569926,0.0,-0.0010535739880959036,0.0,0.0,0.0019376777478743979,0.001999758646539574,-0.003326807602079672,-0.0013866836189986335,0.0,-0.0014776616971385692,-0.0018551035689198952,0.0019984158056982,-0.003171923179887982,0.0039999899706880905,0.0,-0.0031691269032883542,-0.005955207646376414,0.007519777113511695,-0.0034226617215907533,0.003932317097107037,-0.0028533215469564717,0.0,0.0,0.0019651520361638644,0.0039892883429372816,0.0019964387161951463,0.0,0.0019921168031269447,0.0,1,0.0,0.003993877467277701,-0.001109483340657693,0.0,-0.0013121131006040246,0.003651718378703059,0.001818199001713898,0.0,0.0,0.0,0.0,0.001992106105305992,0.0,-0.0017559977900553237,0.005923557340570757,0.003999945258466734,0.0019717279709480255,-0.005254939279297351,0.0039522613634826835,0.0,-0.0032887959894581827,0.0,-0.0016892040038878507,0.003998714565832062,0.0,-0.0016411477857893229,0.0019613725100465114,-0.001733553862690773,-0.0018623594079849276,0.005995498312529001,-0.00365924596810394,0.0,0.005883478233673517,0.001852493894471445,0.0,0.0039058200692675435,-0.0010536009278155805,0.0,0.005933834189230166,0.0019448361247477051,0.003998635452667307,0.0019621507963117416,0.0,0.0,0.0,-0.003160732606818663,0.0,-0.0014555981242326019,0.0019957874154130865,-0.002586247101687011,0.0019799790532954234,0.0,0.0,-0.0054018673294030164,0.0019360108927446427,0.0,0.0,-0.0040929580236547455,-0.003706546784451036,-0.004158192010645843,0.001961938440337238,0.0019986406468863807,0.005917241970614008,0.0019934157877447784,0.0019567007517799105,0.0,0.0,agent20,-0.8668383384409086
-0.3798500468909359,0.0,0.0,-0.0034053873441569926,0.0,-0.0010535739880959036,0.0,0.0,0.0019376777478743979,0.001999758646539574,-0.003326807602079672,-0.0013866836189986335,0.0,-0.0014776616971385692,-0.0018551035689198952,0.0019984158056982,-0.003171923179887982,0.0039999899706880905,0.0,-0.0031691269032883542,-0.005955207646376414,0.007519777113511695,-0.0034226617215907533,0.003932317097107037,-0.0028533215469564717,0.0,0.0,0.0019651520361638644,0.0039892883429372816,0.0019964387161951463,0.0,0.0019921168031269447,0.0,1,0.0,0.003993877467277701,-0.001109483340657693,0.0,-0.0013121131006040246,0.003651718378703059,0.001818199001713898,0.0,0.0,0.0,0.0,0.001992106105305992,0.0,-0.0017559977900553237,0.005923557340570757,0.003999945258466734,0.0019717279709480255,-0.005254939279297351,0.0039522613634826835,0.0,-0.0032887959894581827,0.0,-0.0016892040038878507,0.003998714565832062,0.0,-0.0016411477857893229,0.0019613725100465114,-0.001733553862690773,-0.0018623594079849276,0.005995498312529001,-0.00365924596810394,0.0,0.005883478233673517,0.001852493894471445,0.0,0.0039058200692675435,-0.0010536009278155805,0.0,0.005933834189230166,0.0019448361247477051,0.003998635452667307,0.0019621507963117416,0.0,0.0,0.0,-0.003160732606818663,0.0,-0.0014555981242326019,0.0019957874154130865,-0.002586247101687011,0.0019799790532954234,0.0,0.0,-0.0054018673294030164,0.0019360108927446427,0.0,0.0,-0.0040929580236547455,-0.003706546784451036,-0.004158192010645843,0.001961938440337238,0.0019986406468863807,0.005917241970614008,0.0019934157877447784,0.003913110733156112,0.0,0.0,agent97,-0.6741107482551638
-0.3808575666680494,0.0,0.0,-0.0034053873441569926,0.0,-0.0010535739880959036,0.0,0.0,0.0019376777478743979,0.001999758646539574,-0.003326807602079672,-0.0013866836189986335,0.0,-0.0014776616971385692,-0.0018551035689198952,0.0019984158056982,-0.003171923179887982,0.0039999899706880905,0.0,-0.0031691269032883542,-0.005955207646376414,0.009400709860537771,-0.0034226617215907533,0.003932317097107037,-0.0028533215469564717,0.0,0.0,0.0019651520361638644,0.0039892883429372816,0.0019964387161951463,0.0,0.0019921168031269447,0.0,1,0.0,0.003993877467277701,-0.001109483340657693,0.0,-0.0013121131006040246,0.003651718378703059,0.001818199001713898,0.0,0.0,0.0,0.0,0.001992106105305992,0.0,-0.0017559977900553237,0.005923557340570757,0.003999945258466734,0.0019717279709480255,-0.005254939279297351,0.0039522613634826835,0.0,-0.0032887959894581827,0.0,-0.0016892040038878507,0.003998714565832062,0.0,-0.0016411477857893229,0.0019613725100465114,-0.001733553862690773,-0.0018623594079849276,0.005995498312529001,-0.00365924596810394,0.0,0.005883478233673517,0.001852493894471445,0.0,0.0039058200692675435,-0.0010536009278155805,0.0,0.005933834189230166,0.0019448361247477051,0.003998635452667307,0.0019621507963117416,0.0,0.0,0.0,-0.003160732606818663,0.0,-0.0014555981242326019,0.0019957874154130865,-0.002586247101687011,0.0019799790532954234,0.0,0.0,-0.0054018673294030164,0.0019360108927446427,0.0,0.0,-0.0040929580236547455,-0.003706546784451036,-0.004158192010645843,0.001961938440337238,0.0019986406468863807,0.005917241970614008,0.0019934157877447784,0.003913110733156112,0.0,0.0,agent20,-0.8678403192815308
-0.38186041998959636,0.0,0.0,-0.0034053873441569926,0.0,-0.0010535739880959036,0.0,0.0,0.0019376777478743979,0.001999758646539574,-0.003326807602079672,-0.0013866836189986335,0.0,-0.0014776616971385692,-0.0018551035689198952,0.0019984158056982,-0.003171923179887982,0.0039999899706880905,0.0,-0.0031691269032883542,-0.005955207646376414,0.009400709860537771,-0.0034226617215907533,0.003932317097107037,-0.0041728892623545625,0.0,0.0,0.0019651520361638644,0.0039892883429372816,0.0019964387161951463,0.0,0.0019921168031269447,0.0,1,0.0,0.003993877467277701,-0.001109483340657693,0.0,-0.0013121131006040246,0.003651718378703059,0.001818199001713898,0.0,0.0,0.0,0.0,0.001992106105305992,0.0,-0.0017559977900553237,0.005923557340570757,0.003999945258466734,0.0019717279709480255,-0.005254939279297351,0.0039522613634826835,0.0,-0.0032887959894581827,0.0,-0.0016892040038878507,0.003998714565832062,0.0,-0.0016411477857893229,0.0019613725100465114,-0.001733553862690773,-0.0018623594079849276,0.005995498312529001,-0.00365924596810394,0.0,0.005883478233673517,0.001852493894471445,0.0,0.0039058200692675435,-0.0010536009278155805,0.0,0.005933834189230166,0.0019448361247477051,0.003998635452667307,0.0019621507963117416,0.0,0.0,0.0,-0.003160732606818663,0.0,-0.0014555981242326019,0.0019957874154130865,-0.002586247101687011,0.0019799790532954234,0.0,0.0,-0.0054018673294030164,0.0019360108927446427,0.0,0.0,-0.0040929580236547455,-0.003706546784451036,-0.004158192010645843,0.001961938440337238,0.0019986406468863807,0.005917241970614008,0.0019934157877447784,0.003913110733156112,0.0,0.0,agent23,0.7857034343961118
-0.3828637467971984,0.0,0.0,-0.0034053873441569926,0.0,-0.0010535739880959036,0.0,0.0,0.0019376777478743979,0.001999758646539574,-0.004927027429373142,-0.0013866836189986335,0.0,-0.0014776616971385692,-0.0018551035689198952,0.0019984158056982,-0.003171923179887982,0.0039999899706880905,0.0,-0.0031691269032883542,-0.005955207646376414,0.009400709860537771,-0.0034226617215907533,0.003932317097107037,-0.0041728892623545625,0.0,0.0,0.0019651520361638644,0.0039892883429372816,0.0019964387161951463,0.0,0.0019921168031269447,0.0,1,0.0,0.003993877467277701,-0.001109483340657693,0.0,-0.0013121131006040246,0.003651718378703059,0.001818199001713898,0.0,0.0,0.0,0.0,0.001992106105305992,0.0,-0.0017559977900553237,0.005923557340570757,0.003999945258466734,0.0019717279709480255,-0.005254939279297351,0.0039522613634826835,0.0,-0.0032887959894581827,0.0,-0.0016892040038878507,0.003998714565832062,0.0,-0.0016411477857893229,0.0019613725100465114,-0.001733553862690773,-0.0018623594079849276,0.005995498312529001,-0.00365924596810394,0.0,0.005883478233673517,0.001852493894471445,0.0,0.0039058200692675435,-0.0010536009278155805,0.0,0.005933834189230166,0.0019448361247477051,0.003998635452667307,0.0019621507963117416,0.0,0.0,0.0,-0.003160732606818663,0.0,-0.0014555981242326019,0.0019957874154130865,-0.002586247101687011,0.0019799790532954234,0.0,0.0,-0.0054018673294030164,0.0019360108927446427,0.0,0.0,-0.0040929580236547455,-0.003706546784451036,-0.004158192010645843,0.001961938440337238,0.0019986406468863807,0.005917241970614008,0.0019934157877447784,0.003913110733156112,0.0,0.0,agent9,0.5123209628478353
-0.3838697020048448,0.0,0.0,-0.0034053873441569926,0.0,-0.0010535739880959036,0.0,0.0,0.0019376777478743979,0.001999758646539574,-0.004927027429373142,-0.0013866836189986335,0.0,-0.0014776616971385692,-0.0018551035689198952,0.0019984158056982,-0.003171923179887982,0.0039999899706880905,0.0,-0.0031691269032883542,-0.007074311177450514,0.009400709860537771,-0.0034226617215907533,0.003932317097107037,-0.0041728892623545625,0.0,0.0,0.0019651520361638644,0.0039892883429372816,0.0019964387161951463,0.0,0.0019921168031269447,0.0,1,0.0,0.003993877467277701,-0.001109483340657693,0.0,-0.0013121131006040246,0.003651718378703059,0.001818199001713898,0.0,0.0,0.0,0.0,0.001992106105305992,0.0,-0.0017559977900553237,0.005923557340570757,0.003999945258466734,0.0019717279709480255,-0.005254939279297351,0.0039522613634826835,0.0,-0.0032887959894581827,0.0,-0.0016892040038878507,0.003998714565832062,0.0,-0.0016411477857893229,0.0019613725100465114,-0.001733553862690773,-0.0018623594079849276,0.005995498312529001,-0.00365924596810394,0.0,0.005883478233673517,0.001852493894471445,0.0,0.0039058200692675435,-0.0010536009278155805,0.0,0.005933834189230166,0.0019448361247477051,0.003998635452667307,0.0019621507963117416,0.0,0.0,0.0,-0.003160732606818663,0.0,-0.0014555981242326019,0.0019957874154130865,-0.002586247101687011,0.0019799790532954234,0.0,0.0,-0.0054018673294030164,0.0019360108927446427,0.0,0.0,-0.0040929580236547455,-0.003706546784451036,-0.004158192010645843,0.001961938440337238,0.0019986406468863807,0.005917241970614008,0.0019934157877447784,0.003913110733156112,0.0,0.0,agent19,0.9444617362143347
-0.3828697020048448,0.0,0.0,-0.0034053873441569926,0.0,-0.0010535739880959036,0.0,-0.0012952497944094144,0.0019376777478743979,0.001999758646539574,-0.004927027429373142,-0.0013866836189986335,0.0,-0.0014776616971385692,-0.0018551035689198952,0.0019984158056982,-0.003171923179887982,0.0039999899706880905,0.0,-0.0031691269032883542,-0.007074311177450514,0.009400709860537771,-0.0034226617215907533,0.003932317097107037,-0.0041728892623545625,0.0,0.0,0.0019651520361638644,0.0039892883429372816,0.0019964387161951463,0.0,0.0019921168031269447,0.0,1,0.0,0.003993877467277701,-0.001109483340657693,0.0,-0.0013121131006040246,0.003651718378703059,0.001818199001713898,0.0,0.0,0.0,0.0,0.001992106105305992,0.0,-0.0017559977900553237,0.005923557340570757,0.003999945258466734,0.0019717279709480255,-0.005254939279297351,0.0039522613634826835,0.0,-0.0032887959894581827,0.0,-0.0016892040038878507,0.003998714565832062,0.0,-0.0016411477857893229,0.0019613725100465114,-0.001733553862690773,-0.0018623594079849276,0.005995498312529001,-0.00365924596810394,0.0,0.005883478233673517,0.001852493894471445,0.0,0.0039058200692675435,-0.0010536009278155805,0.0,0.005933834189230166,0.0019448361247477051,0.003998635452667307,0.0019621507963117416,0.0,0.0,0.0,-0.003160732606818663,0.0,-0.0014555981242326019,0.0019957874154130865,-0.002586247101687011,0.0019799790532954234,0.0,0.0,-0.0054018673294030164,0.0019360108927446427,0.0,0.0,-0.0040929580236547455,-0.003706546784451036,-0.004158192010645843,0.001961938440337238,0.0019986406468863807,0.005917241970614008,0.0019934157877447784,0.003913110733156112,0.0,0.0,agent6,0.8033541232198561
-0.3838715643642528,0.0,0.0,-0.0034053873441569926,0.0,-0.0010535739880959036,0.0,-0.0012952497944094144,0.0019376777478743979,0.001999758646539574,-0.004927027429373142,-0.0013866836189986335,0.0,-0.0014776616971385692,-0.0018551035689198952,0.0019984158056982,-0.003171923179887982,0.0039999899706880905,0.0,-0.0031691269032883542,-0.007074311177450514,0.009400709860537771,-0.0034226617215907533,0.003932317097107037,-0.0041728892623545625,0.0,0.0,0.0019651520361638644,0.0039892883429372816,0.0019964387161951463,0.0,0.0019921168031269447,0.0,1,0.0,0.003993877467277701,-0.001109483340657693,0.0,-0.0013121131006040246,0.003651718378703059,0.001818199001713898,0.0,0.0,0.0,0.0,0.001992106105305992,0.0,-0.0017559977900553237,0.005923557340570757,0.003999945258466734,0.0019717279709480255,-0.005254939279297351,0.0039522613634826835,0.0,-0.0032887959894581827,0.0,-0.0016892040038878507,0.003998714565832062,0.0,-0.0016411477857893229,0.0019613725100465114,-0.001733553862690773,-0.003702287996877793,0.005995498312529001,-0.00365924596810394,0.0,0.005883478233673517,0.001852493894471445,0.0,0.0039058200692675435,-0.0010536009278155805,0.0,0.005933834189230166,0.0019448361247477051,0.003998635452667307,0.0019621507963117416,0.0,0.0,0.0,-0.003160732606818663,0.0,-0.0014555981242326019,0.0019957874154130865,-0.002586247101687011,0.0019799790532954234,0.0,0.0,-0.0054018673294030164,0.0019360108927446427,0.0,0.0,-0.0040929580236547455,-0.003706546784451036,-0.004158192010645843,0.001961938440337238,0.0019986406468863807,0.005917241970614008,0.0019934157877447784,0.003913110733156112,0.0,0.0,agent61,0.18294194705716352
-0.38487556307881865,0.0,0.0,-0.0034053873441569926,0.0,-0.0010535739880959036,0.0,-0.0012952497944094144,0.0019376777478743979,0.001999758646539574,-0.004927027429373142,-0.0013866836189986335,0.0,-0.0014776616971385692,-0.0018551035689198952,0.0019984158056982,-0.003171923179887982,0.0039999899706880905,0.0,-0.0031691269032883542,-0.007074311177450514,0.009400709860537771,-0.0034226617215907533,0.003932317097107037,-0.0041728892623545625,0.0,0.0,0.0019651520361638644,0.0039892883429372816,0.0019964387161951463,0.0,0.0019921168031269447,0.0,1,0.0,0.003993877467277701,-0.001109483340657693,0.0,-0.0013121131006040246,0.003651718378703059,0.001818199001713898,0.0,0.0,0.0,0.0,0.001992106105305992,0.0,-0.0017559977900553237,0.005923557340570757,0.003999945258466734,0.0019717279709480255,-0.005254939279297351,0.0039522613634826835,0.0,-0.0032887959894581827,0.0,-0.0016892040038878507,0.005998053860388398,0.0,-0.0016411477857893229,0.0019613725100465114,-0.001733553862690773,-0.003702287996877793,0.005995498312529001,-0.00365924596810394,0.0,0.005883478233673517,0.001852493894471445,0.0,0.0039058200692675435,-0.0010536009278155805,0.0,0.005933834189230166,0.0019448361247477051,0.003998635452667307,0.0019621507963117416,0.0,0.0,0.0,-0.003160732606818663,0.0,-0.0014555981242326019,0.0019957874154130865,-0.002586247101687011,0.0019799790532954234,0.0,0.0,-0.0054018673294030164,0.0019360108927446427,0.0,0.0,-0.0040929580236547455,-0.003706546784451036,-0.004158192010645843,0.001961938440337238,0.0019986406468863807,0.005917241970614008,0.0019934157877447784,0.003913110733156112,0.0,0.0,agent56,-0.34752034860289954
-0.38387556307881865,0.0,0.0,-0.0034053873441569926,0.0,-0.0010535739880959036,0.0,-0.0012952497944094144,0.0019376777478743979,0.001999758646539574,-0.004927027429373142,-0.0013866836189986335,0.0,-0.0014776616971385692,-0.0018551035689198952,0.0019984158056982,-0.003171923179887982,0.0039999899706880905,0.0,-0.0031691269032883542,-0.007074311177450514,0.009400709860537771,-0.0034226617215907533,0.003932317097107037,-0.0041728892623545625,0.0,0.0,0.0019651520361638644,0.0039892883429372816,0.0019964387161951463,0.0,0.0019921168031269447,0.0,1,0.0,0.003993877467277701,-0.001109483340657693,0.0,-0.0013121131006040246,0.003651718378703059,0.001818199001713898,0.0,0.0,0.0019772229014921967,0.0,0.001992106105305992,0.0,-0.0017559977900553237,0.005923557340570757,0.003999945258466734,0.0019717279709480255,-0.005254939279297351,0.0039522613634826835,0.0,-0.0032887959894581827,0.0,-0.0016892040038878507,0.005998053860388398,0.0,-0.0016411477857893229,0.0019613725100465114,-0.001733553862690773,-0.003702287996877793,0.005995498312529001,-0.00365924596810394,0.0,0.005883478233673517,0.001852493894471445,0.0,0.0039058200692675435,-0.0010536009278155805,0.0,0.005933834189230166,0.0019448361247477051,0.003998635452667307,0.0019621507963117416,0.0,0.0,0.0,-0.003160732606818663,0.0,-0.0014555981242326019,0.0019957874154130865,-0.002586247101687011,0.0019799790532954234,0.0,0.0,-0.0054018673294030164,0.0019360108927446427,0.0,0.0,-0.0040929580236547455,-0.003706546784451036,-0.004158192010645843,0.001961938440337238,0.0019986406468863807,0.005917241970614008,0.0019934157877447784,0.003913110733156112,0.0,0.0,agent42,-0.5983098551117685
-0.38287556307881865,0.0,0.0,-0.0034053873441569926,0.0,-0.0010535739880959036,-0.0017004186280059458,-0.0012952497944094144,0.0019376777478743979,0.001999758646539574,-0.004927027429373142,-0.0013866836189986335,0.0,-0.0014776616971385692,-0.0018551035689198952,0.0019984158056982,-0.003171923179887982,0.0039999899706880905,0.0,-0.0031691269032883542,-0.007074311177450514,0.009400709860537771,-0.0034226617215907533,0.003932317097107037,-0.0041728892623545625,0.0,0.0,0.0019651520361638644,0.0039892883429372816,0.0019964387161951463,0.0,0.0019921168031269447,0.0,1,0.0,0.003993877467277701,-0.001109483340657693,0.0,-0.0013121131006040246,0.003651718378703059,0.001818199001713898,0.0,0.0,0.0019772229014921967,0.0,0.001992106105305992,0.0,-0.0017559977900553237,0.005923557340570757,0.003999945258466734,0.0019717279709480255,-0.005254939279297351,0.0039522613634826835,0.0,-0.0032887959894581827,0.0,-0.0016892040038878507,0.005998053860388398,0.0,-0.0016411477857893229,0.0019613725100465114,-0.001733553862690773,-0.003702287996877793,0.005995498312529001,-0.00365924596810394,0.0,0.005883478233673517,0.001852493894471445,0.0,0.0039058200692675435,-0.0010536009278155805,0.0,0.005933834189230166,0.0019448361247477051,0.003998635452667307,0.0019621507963117416,0.0,0.0,0.0,-0.003160732606818663,0.0,-0.0014555981242326019,0.0019957874154130865,-0.002586247101687011,0.0019799790532954234,0.0,0.0,-0.0054018673294030164,0.0019360108927446427,0.0,0.0,-0.0040929580236547455,-0.003706546784451036,-0.004158192010645843,0.001961938440337238,0.0019986406468863807,0.005917241970614008,0.0019934157877447784,0.003913110733156112,0.0,0.0,agent5,0.3901804710608993
-0.38287556307881865,0.0,0.0,-0.0034053873441569926,0.0,-0.0010535739880959036,-0.0017004186280059458,-0.0012952497944094144,0.0019376777478743979,0.001999758646539574,-0.004927027429373142,-0.0013866836189986335,0.0,-0.0014776616971385692,-0.0018551035689198952,0.0019984158056982,-0.003171923179887982,0.0039999899706880905,0.0,-0.0031691269032883542,-0.007074311177450514,0.009400709860537771,-0.0034226617215907533,0.003932317097107037,-0.0041728892623545625,0.0,0.0,0.0019651520361638644,0.0039892883429372816,0.0019964387161951463,0.0,0.0019921168031269447,0.0,1,0.0,0.003993877467277701,-0.001109483340657693,0.0,-0.0013121131006040246,0.003651718378703059,0.001818199001713898,0.0,0.0,0.0019772229014921967,0.0,0.001992106105305992,0.0,-0.0017559977900553237,0.005923557340570757,0.003999945258466734,0.0019717279709480255,-0.005254939279297351,0.0039522613634826835,0.0,-0.0032887959894581827,0.0,-0.0016892040038878507,0.005998053860388398,0.0,-0.0016411477857893229,0.0019613725100465114,-0.001733553862690773,-0.003702287996877793,0.005995498312529001,-0.00365924596810394,0.0,0.005883478233673517,0.001852493894471445,0.0,0.0039058200692675435,-0.0010536009278155805,0.0,0.005933834189230166,0.0019448361247477051,0.003998635452667307,0.0019621507963117416,0.0,0.0,0.0,-0.003160732606818663,0.0,-0.0014555981242326019,0.0019957874154130865,-0.002586247101687011,0.0019799790532954234,0.0,0.0,-0.0054018673294030164,0.0019360108927446427,0.0,0.0,-0.0040929580236547455,-0.003706546784451036,-0.004158192010645843,0.001961938440337238,0.0019986406468863807,0.005917241970614008,0.0019934157877447784,0.003913110733156112,0.0,0.0,agent32,-0.38287556307881865
-0.3838794761895518,0.0,0.0,-0.0034053873441569926,0.0,-0.0010535739880959036,-0.0017004186280059458,-0.0012952497944094144,0.0019376777478743979,0.001999758646539574,-0.004927027429373142,-0.0013866836189986335,0.0,-0.0014776616971385692,-0.0018551035689198952,0.0019984158056982,-0.003171923179887982,0.0039999899706880905,0.0,-0.0031691269032883542,-0.007074311177450514,0.009400709860537771,-0.0034226617215907533,0.003932317097107037,-0.0041728892623545625,0.0,0.0,0.0019651520361638644,0.0039892883429372816,0.0019964387161951463,0.0,0.0019921168031269447,0.0,1,0.0,0.003993877467277701,-0.001109483340657693,0.0,-0.0013121131006040246,0.003651718378703059,0.001818199001713898,0.0,0.0,0.0019772229014921967,0.0,0.001992106105305992,0.0,-0.0017559977900553237,0.005923557340570757,0.003999945258466734,0.0019717279709480255,-0.005254939279297351,0.0039522613634826835,0.0,-0.0032887959894581827,0.0,-0.0016892040038878507,0.005998053860388398,0.0,-0.0016411477857893229,0.0019613725100465114,-0.001733553862690773,-0.003702287996877793,0.005995498312529001,-0.00365924596810394,0.0,0.005883478233673517,0.001852493894471445,0.0,0.0039058200692675435,-0.0010536009278155805,0.0,0.005933834189230166,0.0019448361247477051,0.003998635452667307,0.0019621507963117416,0.0,0.0,0.0,-0.003160732606818663,0.0,-0.0014555981242326019,0.0019957874154130865,-0.002586247101687011,0.0019799790532954234,0.0,0.0,-0.0054018673294030164,0.0019360108927446427,0.0,0.0,-0.0040929580236547455,-0.003706546784451036,-0.004158192010645843,0.001961938440337238,0.0019986406468863807,0.005917241970614008,0.0019934157877447784,0.005870110777455036,0.0,0.0,agent97,-0.6761329779930071
-0.38488364907881417,0.0,0.0,-0.0034053873441569926,0.0,-0.0010535739880959036,-0.0017004186280059458,-0.0012952497944094144,0.0019376777478743979,0.001999758646539574,-0.004927027429373142,-0.0013866836189986335,0.0,-0.0014776616971385692,-0.0018551035689198952,0.0019984158056982,-0.003171923179887982,0.0039999899706880905,0.0,-0.0031691269032883542,-0.007074311177450514,0.009400709860537771,-0.0034226617215907533,0.003932317097107037,-0.005478336345559754,0.0,0.0,0.0019651520361638644,0.0039892883429372816,0.0019964387161951463,0.0,0.0019921168031269447,0.0,1,0.0,0.003993877467277701,-0.001109483340657693,0.0,-0.0013121131006040246,0.003651718378703059,0.001818199001713898,0.0,0.0,0.0019772229014921967,0.0,0.001992106105305992,0.0,-0.0017559977900553237,0.005923557340570757,0.003999945258466734,0.0019717279709480255,-0.005254939279297351,0.0039522613634826835,0.0,-0.0032887959894581827,0.0,-0.0016892040038878507,0.005998053860388398,0.0,-0.0016411477857893229,0.0019613725100465114,-0.001733553862690773,-0.003702287996877793,0.005995498312529001,-0.00365924596810394,0.0,0.005883478233673517,0.001852493894471445,0.0,0.0039058200692675435,-0.0010536009278155805,0.0,0.005933834189230166,0.0019448361247477051,0.003998635452667307,0.0019621507963117416,0.0,0.0,0.0,-0.003160732606818663,0.0,-0.0014555981242326019,0.0019957874154130865,-0.002586247101687011,0.0019799790532954234,0.0,0.0,-0.0054018673294030164,0.0019360108927446427,0.0,0.0,-0.0040929580236547455,-0.003706546784451036,-0.004158192010645843,0.001961938440337238,0.0019986406468863807,0.005917241970614008,0.0019934157877447784,0.005870110777455036,0.0,0.0,agent23,0.7947238640354861
-0.38388364907881417,0.0,0.0,-0.0034053873441569926,0.0,-0.0010535739880959036,-0.0017004186280059458,-0.0012952497944094144,0.0019376777478743979,0.001999758646539574,-0.004927027429373142,-0.0013866836189986335,0.0,-0.0014776616971385692,-0.0018551035689198952,0.0019984158056982,-0.003171923179887982,0.0039999899706880905,0.0,-0.0031691269032883542,-0.007074311177450514,0.009400709860537771,-0.0034226617215907533,0.003932317097107037,-0.005478336345559754,-0.0011467012018734155,0.0,0.0019651520361638644,0.0039892883429372816,0.0019964387161951463,0.0,0.0019921168031269447,0.0,1,0.0,0.003993877467277701,-0.001109483340657693,0.0,-0.0013121131006040246,0.003651718378703059,0.001818199001713898,0.0,0.0,0.0019772229014921967,0.0,0.001992106105305992,0.0,-0.0017559977900553237,0.005923557340570757,0.003999945258466734,0.0019717279709480255,-0.005254939279297351,0.0039522613634826835,0.0,-0.0032887959894581827,0.0,-0.0016892040038878507,0.005998053860388398,0.0,-0.0016411477857893229,0.0019613725100465114,-0.001733553862690773,-0.003702287996877793,0.005995498312529001,-0.00365924596810394,0.0,0.005883478233673517,0.001852493894471445,0.0,0.0039058200692675435,-0.0010536009278155805,0.0,0.005933834189230166,0.0019448361247477051,0.003998635452667307,0.0019621507963117416,0.0,0.0,0.0,-0.003160732606818663,0.0,-0.0014555981242326019,0.0019957874154130865,-0.002586247101687011,0.0019799790532954234,0.0,0.0,-0.0054018673294030164,0.0019360108927446427,0.0,0.0,-0.0040929580236547455,-0.003706546784451036,-0.004158192010645843,0.001961938440337238,0.0019986406468863807,0.005917241970614008,0.0019934157877447784,0.005870110777455036,0.0,0.0,agent24,0.9214844446272321
-0.3848869378748036,0.0,0.0,-0.0034053873441569926,0.0,-0.0010535739880959036,-0.0017004186280059458,-0.0012952497944094144,0.0019376777478743979,0.001999758646539574,-0.004927027429373142,-0.0013866836189986335,0.0,-0.0014776616971385692,-0.0018551035689198952,0.0019984158056982,-0.003171923179887982,0.0039999899706880905,0.0,-0.0031691269032883542,-0.007074311177450514,0.009400709860537771,-0.0034226617215907533,0.003932317097107037,-0.005478336345559754,-0.0011467012018734155,0.0,0.0019651520361638644,0.0039892883429372816,0.0019964387161951463,0.0,0.0019921168031269447,0.0,1,0.0,0.003993877467277701,-0.001109483340657693,0.0,-0.0013121131006040246,0.003651718378703059,0.001818199001713898,0.0,0.0,0.0019772229014921967,0.0,0.001992106105305992,0.0,-0.0017559977900553237,0.005923557340570757,0.003999945258466734,0.0019717279709480255,-0.005254939279297351,0.0039522613634826835,0.0,-0.004828826760351964,0.0,-0.0016892040038878507,0.005998053860388398,0.0,-0.0016411477857893229,0.0019613725100465114,-0.001733553862690773,-0.003702287996877793,0.005995498312529001,-0.00365924596810394,0.0,0.005883478233673517,0.001852493894471445,0.0,0.0039058200692675435,-0.0010536009278155805,0.0,0.005933834189230166,0.0019448361247477051,0.003998635452667307,0.0019621507963117416,0.0,0.0,0.0,-0.003160732606818663,0.0,-0.0014555981242326019,0.0019957874154130865,-0.002586247101687011,0.0019799790532954234,0.0,0.0,-0.0054018673294030164,0.0019360108927446427,0.0,0.0,-0.0040929580236547455,-0.003706546784451036,-0.004158192010645843,0.001961938440337238,0.0019986406468863807,0.005917241970614008,0.0019934157877447784,0.005870110777455036,0.0,0.0,agent53,0.5752505741727788
-0.385888233124598,0.0,0.0,-0.0034053873441569926,0.0,-0.0010535739880959036,-0.0017004186280059458,-0.0025785370445724288,0.0019376777478743979,0.001999758646539574,-0.004927027429373142,-0.0013866836189986335,0.0,-0.0014776616971385692,-0.0018551035689198952,0.0019984158056982,-0.003171923179887982,0.0039999899706880905,0.0,-0.0031691269032883542,-0.007074311177450514,0.009400709860537771,-0.0034226617215907533,0.003932317097107037,-0.005478336345559754,-0.0011467012018734155,0.0,0.0019651520361638644,0.0039892883429372816,0.0019964387161951463,0.0,0.0019921168031269447,0.0,1,0.0,0.003993877467277701,-0.001109483340657693,0.0,-0.0013121131006040246,0.003651718378703059,0.001818199001713898,0.0,0.0,0.0019772229014921967,0.0,0.001992106105305992,0.0,-0.0017559977900553237,0.005923557340570757,0.003999945258466734,0.0019717279709480255,-0.005254939279297351,0.0039522613634826835,0.0,-0.004828826760351964,0.0,-0.0016892040038878507,0.005998053860388398,0.0,-0.0016411477857893229,0.0019613725100465114,-0.001733553862690773,-0.003702287996877793,0.005995498312529001,-0.00365924596810394,0.0,0.005883478233673517,0.001852493894471445,0.0,0.0039058200692675435,-0.0010536009278155805,0.0,0.005933834189230166,0.0019448361247477051,0.003998635452667307,0.0019621507963117416,0.0,0.0,0.0,-0.003160732606818663,0.0,-0.0014555981242326019,0.0019957874154130865,-0.002586247101687011,0.0019799790532954234,0.0,0.0,-0.0054018673294030164,0.0019360108927446427,0.0,0.0,-0.0040929580236547455,-0.003706546784451036,-0.004158192010645843,0.001961938440337238,0.0019986406468863807,0.005917241970614008,0.0019934157877447784,0.005870110777455036,0.0,0.0,agent6,0.8123705530911001
-0.3868941032353755,0.0,0.0,-0.0034053873441569926,0.0,-0.0010535739880959036,-0.0017004186280059458,-0.0025785370445724288,0.0019376777478743979,0.001999758646539574,-0.004927027429373142,-0.0013866836189986335,0.0,-0.0014776616971385692,-0.0018551035689198952,0.0019984158056982,-0.003171923179887982,0.0039999899706880905,0.0,-0.0031691269032883542,-0.007074311177450514,0.009400709860537771,-0.0034226617215907533,0.003932317097107037,-0.005478336345559754,-0.0011467012018734155,0.0,0.0019651520361638644,0.0039892883429372816,0.0019964387161951463,0.0,0.0019921168031269447,0.0,1,0.0,0.003993877467277701,-0.001109483340657693,0.0,-0.0013121131006040246,0.003651718378703059,0.001818199001713898,0.0,0.0,0.0019772229014921967,0.0,0.001992106105305992,0.0,-0.0017559977900553237,0.005923557340570757,0.003999945258466734,0.0019717279709480255,-0.005254939279297351,0.0039522613634826835,0.0,-0.004828826760351964,0.0,-0.0016892040038878507,0.005998053860388398,0.0,-0.0016411477857893229,0.0019613725100465114,-0.001733553862690773,-0.003702287996877793,0.005995498312529001,-0.00365924596810394,0.0,0.005883478233673517,0.001852493894471445,0.0,0.0039058200692675435,-0.0010536009278155805,0.0,0.005933834189230166,0.0019448361247477051,0.003998635452667307,0.0019621507963117416,0.0,0.0,0.0,-0.003160732606818663,0.0,-0.0014555981242326019,0.0019957874154130865,-0.002586247101687011,0.0019799790532954234,0.0,0.0,-0.0054018673294030164,0.0019360108927446427,0.0,0.0,-0.0040929580236547455,-0.003706546784451036,-0.004158192010645843,0.001961938440337238,0.0019986406468863807,0.005917241970614008,0.0019934157877447784,0.007827405330787067,0.0,0.0,agent97,-0.6781396545684214
-0.38790010128923585,0.0,0.0,-0.0034053873441569926,0.0,-0.0010535739880959036,-0.0017004186280059458,-0.0025785370445724288,0.0019376777478743979,0.001999758646539574,-0.004927027429373142,-0.0013866836189986335,0.0,-0.0014776616971385692,-0.0018551035689198952,0.0019984158056982,-0.003171923179887982,0.0039999899706880905,0.0,-0.0031691269032883542,-0.007074311177450514,0.009400709860537771,-0.0034226617215907533,0.003932317097107037,-0.005478336345559754,-0.0011467012018734155,0.0,0.0019651520361638644,0.0039892883429372816,0.0019964387161951463,0.0,0.0019921168031269447,0.0,1,0.0,0.003993877467277701,-0.001109483340657693,0.0,-0.0013121131006040246,0.003651718378703059,0.001818199001713898,0.0,0.0,0.0019772229014921967,0.0,0.001992106105305992,0.0,-0.0017559977900553237,0.005923557340570757,0.003999945258466734,0.0019717279709480255,-0.005254939279297351,0.0039522613634826835,0.0,-0.004828826760351964,0.0,-0.0016892040038878507,0.007997318305412067,0.0,-0.0016411477857893229,0.0019613725100465114,-0.001733553862690773,-0.003702287996877793,0.005995498312529001,-0.00365924596810394,0.0,0.005883478233673517,0.001852493894471445,0.0,0.0039058200692675435,-0.0010536009278155805,0.0,0.005933834189230166,0.0019448361247477051,0.003998635452667307,0.0019621507963117416,0.0,0.0,0.0,-0.003160732606818663,0.0,-0.0014555981242326019,0.0019957874154130865,-0.002586247101687011,0.0019799790532954234,0.0,0.0,-0.0054018673294030164,0.0019360108927446427,0.0,0.0,-0.0040929580236547455,-0.003706546784451036,-0.004158192010645843,0.001961938440337238,0.0019986406468863807,0.005917241970614008,0.0019934157877447784,0.007827405330787067,0.0,0.0,agent56,-0.3485390520339968
-0.38890209707665124,0.0,0.0,-0.0034053873441569926,0.0,-0.0010535739880959036,-0.0017004186280059458,-0.0025785370445724288,0.0019376777478743979,0.001999758646539574,-0.004927027429373142,-0.0013866836189986335,0.0,-0.0014776616971385692,-0.0018551035689198952,0.0019984158056982,-0.003171923179887982,0.0039999899706880905,0.0,-0.0031691269032883542,-0.007074311177450514,0.009400709860537771,-0.0034226617215907533,0.003932317097107037,-0.005478336345559754,-0.0011467012018734155,0.0,0.0019651520361638644,0.0039892883429372816,0.0019964387161951463,0.0,0.0019921168031269447,0.0,1,0.0,0.003993877467277701,-0.001109483340657693,0.0,-0.0013121131006040246,0.003651718378703059,0.001818199001713898,0.0,0.0,0.0019772229014921967,0.0,0.001992106105305992,0.0,-0.0017559977900553237,0.005923557340570757,0.003999945258466734,0.0019717279709480255,-0.005254939279297351,0.0039522613634826835,0.0,-0.004828826760351964,0.0,-0.0016892040038878507,0.007997318305412067,0.0,-0.0016411477857893229,0.0019613725100465114,-0.001733553862690773,-0.003702287996877793,0.005995498312529001,-0.00365924596810394,0.0,0.005883478233673517,0.001852493894471445,0.0,0.0039058200692675435,-0.0010536009278155805,0.0,0.005933834189230166,0.0019448361247477051,0.003998635452667307,0.0019621507963117416,0.0,0.0,0.0,-0.003160732606818663,0.0,-0.0014555981242326019,0.003991575180901728,-0.002586247101687011,0.0019799790532954234,0.0,0.0,-0.0054018673294030164,0.0019360108927446427,0.0,0.0,-0.0040929580236547455,-0.003706546784451036,-0.004158192010645843,0.001961938440337238,0.0019986406468863807,0.005917241970614008,0.0019934157877447784,0.007827405330787067,0.0,0.0,agent81,-0.296115194998946
-0.3899079805548849,0.0,0.0,-0.0034053873441569926,0.0,-0.0010535739880959036,-0.0017004186280059458,-0.0025785370445724288,0.0019376777478743979,0.001999758646539574,-0.004927027429373142,-0.0013866836189986335,0.0,-0.0014776616971385692,-0.0018551035689198952,0.0019984158056982,-0.003171923179887982,0.0039999899706880905,0.0,-0.0031691269032883542,-0.007074311177450514,0.009400709860537771,-0.0034226617215907533,0.003932317097107037,-0.005478336345559754,-0.0011467012018734155,0.0,0.0019651520361638644,0.0039892883429372816,0.0019964387161951463,0.0,0.0019921168031269447,0.0,1,0.0,0.003993877467277701,-0.001109483340657693,0.0,-0.0013121131006040246,0.003651718378703059,0.001818199001713898,0.0,0.0,0.0019772229014921967,0.0,0.001992106105305992,0.0,-0.0017559977900553237,0.005923557340570757,0.003999945258466734,0.0019717279709480255,-0.005254939279297351,0.0039522613634826835,0.0,-0.004828826760351964,0.0,-0.0016892040038878507,0.007997318305412067,0.0,-0.0016411477857893229,0.0019613725100465114,-0.001733553862690773,-0.003702287996877793,0.005995498312529001,-0.00365924596810394,0.0,0.0078452903183165,0.001852493894471445,0.0,0.0039058200692675435,-0.0010536009278155805,0.0,0.005933834189230166,0.0019448361247477051,0.003998635452667307,0.0019621507963117416,0.0,0.0,0.0,-0.003160732606818663,0.0,-0.0014555981242326019,0.003991575180901728,-0.002586247101687011,0.0019799790532954234,0.0,0.0,-0.0054018673294030164,0.0019360108927446427,0.0,0.0,-0.0040929580236547455,-0.003706546784451036,-0.004158192010645843,0.001961938440337238,0.0019986406468863807,0.005917241970614008,0.0019934157877447784,0.007827405330787067,0.0,0.0,agent65,-0.6652638721361492
-0.3909097141087476,0.0,0.0,-0.0034053873441569926,0.0,-0.0010535739880959036,-0.0017004186280059458,-0.0025785370445724288,0.0019376777478743979,0.001999758646539574,-0.004927027429373142,-0.0013866836189986335,0.0,-0.0014776616971385692,-0.0018551035689198952,0.0019984158056982,-0.003171923179887982,0.0039999899706880905,0.0,-0.0031691269032883542,-0.007074311177450514,0.009400709860537771,-0.0034226617215907533,0.003932317097107037,-0.005478336345559754,-0.0011467012018734155,0.0,0.0019651520361638644,0.0039892883429372816,0.0019964387161951463,0.0,0.0019921168031269447,0.0,1,0.0,0.003993877467277701,-0.001109483340657693,0.0,-0.0013121131006040246,0.003651718378703059,0.001818199001713898,0.0,0.0,0.0019772229014921967,0.0,0.001992106105305992,0.0,-0.0017559977900553237,0.005923557340570757,0.003999945258466734,0.0019717279709480255,-0.005254939279297351,0.0039522613634826835,0.0,-0.004828826760351964,0.0,-0.0016892040038878507,0.007997318305412067,0.0,-0.0016411477857893229,0.0019613725100465114,-0.0033686026987689616,-0.003702287996877793,0.005995498312529001,-0.00365924596810394,0.0,0.0078452903183165,0.001852493894471445,0.0,0.0039058200692675435,-0.0010536009278155805,0.0,0.005933834189230166,0.0019448361247477051,0.003998635452667307,0.0019621507963117416,0.0,0.0,0.0,-0.003160732606818663,0.0,-0.0014555981242326019,0.003991575180901728,-0.002586247101687011,0.0019799790532954234,0.0,0.0,-0.0054018673294030164,0.0019360108927446427,0.0,0.0,-0.0040929580236547455,-0.003706546784451036,-0.004158192010645843,0.001961938440337238,0.0019986406468863807,0.005917241970614008,0.0019934157877447784,0.007827405330787067,0.0,0.0,agent60,0.4644352337586735
-0.3899097141087476,0.0,0.0,-0.0034053873441569926,0.0,-0.0010535739880959036,-0.0017004186280059458,-0.0025785370445724288,0.0019376777478743979,0.001999758646539574,-0.004927027429373142,-0.0013866836189986335,0.0,-0.0014776616971385692,-0.0018551035689198952,0.0019984158056982,-0.003171923179887982,0.0039999899706880905,0.0,-0.0031691269032883542,-0.007074311177450514,0.009400709860537771,-0.0034226617215907533,0.003932317097107037,-0.005478336345559754,-0.0011467012018734155,0.0,0.0019651520361638644,0.0039892883429372816,0.0019964387161951463,0.001860237970359284,0.0019921168031269447,0.0,1,0.0,0.003993877467277701,-0.001109483340657693,0.0,-0.0013121131006040246,0.003651718378703059,0.001818199001713898,0.0,0.0,0.0019772229014921967,0.0,0.001992106105305992,0.0,-0.0017559977900553237,0.005923557340570757,0.003999945258466734,0.0019717279709480255,-0.005254939279297351,0.0039522613634826835,0.0,-0.004828826760351964,0.0,-0.0016892040038878507,0.007997318305412067,0.0,-0.0016411477857893229,0.0019613725100465114,-0.0033686026987689616,-0.003702287996877793,0.005995498312529001,-0.00365924596810394,0.0,0.0078452903183165,0.001852493894471445,0.0,0.0039058200692675435,-0.0010536009278155805,0.0,0.005933834189230166,0.0019448361247477051,0.003998635452667307,0.0019621507963117416,0.0,0.0,0.0,-0.003160732606818663,0.0,-0.0014555981242326019,0.003991575180901728,-0.002586247101687011,0.0019799790532954234,0.0,0.0,-0.0054018673294030164,0.0019360108927446427,0.0,0.0,-0.0040929580236547455,-0.003706546784451036,-0.004158192010645843,0.001961938440337238,0.0019986406468863807,0.005917241970614008,0.0019934157877447784,0.007827405330787067,0.0,0.0,agent29,-0.9196100633439563
-0.3909114145273756,0.0,0.0,-0.0034053873441569926,0.0,-0.0010535739880959036,-0.00338668935294917,-0.0025785370445724288,0.0019376777478743979,0.001999758646539574,-0.004927027429373142,-0.0013866836189986335,0.0,-0.0014776616971385692,-0.0018551035689198952,0.0019984158056982,-0.003171923179887982,0.0039999899706880905,0.0,-0.0031691269032883542,-0.007074311177450514,0.009400709860537771,-0.0034226617215907533,0.003932317097107037,-0.005478336345559754,-0.0011467012018734155,0.0,0.0019651520361638644,0.0039892883429372816,0.0019964387161951463,0.001860237970359284,0.0019921168031269447,0.0,1,0.0,0.003993877467277701,-0.001109483340657693,0.0,-0.0013121131006040246,0.003651718378703059,0.001818199001713898,0.0,0.0,0.0019772229014921967,0.0,0.001992106105305992,0.0,-0.0017559977900553237,0.005923557340570757,0.003999945258466734,0.0019717279709480255,-0.005254939279297351,0.0039522613634826835,0.0,-0.004828826760351964,0.0,-0.0016892040038878507,0.007997318305412067,0.0,-0.0016411477857893229,0.0019613725100465114,-0.0033686026987689616,-0.003702287996877793,0.005995498312529001,-0.00365924596810394,0.0,0.0078452903183165,0.001852493894471445,0.0,0.0039058200692675435,-0.0010536009278155805,0.0,0.005933834189230166,0.0019448361247477051,0.003998635452667307,0.0019621507963117416,0.0,0.0,0.0,-0.003160732606818663,0.0,-0.0014555981242326019,0.003991575180901728,-0.002586247101687011,0.0019799790532954234,0.0,0.0,-0.0054018673294030164,0.0019360108927446427,0.0,0.0,-0.0040929580236547455,-0.003706546784451036,-0.004158192010645843,0.001961938440337238,0.0019986406468863807,0.005917241970614008,0.0019934157877447784,0.007827405330787067,0.0,0.0,agent5,0.40221309841059383
-0.3899114145273756,0.0,0.0,-0.0034053873441569926,0.0,-0.0010535739880959036,-0.00338668935294917,-0.0025785370445724288,0.0019376777478743979,0.001999758646539574,-0.004927027429373142,-0.0013866836189986335,0.0,-0.0014776616971385692,-0.0018551035689198952,0.0019984158056982,-0.003171923179887982,0.0039999899706880905,0.0,-0.0031691269032883542,-0.007074311177450514,0.009400709860537771,-0.0034226617215907533,0.003932317097107037,-0.005478336345559754,-0.0011467012018734155,0.0,0.0019651520361638644,0.0039892883429372816,0.0019964387161951463,0.001860237970359284,0.0019921168031269447,0.0,1,0.0,0.003993877467277701,-0.001109483340657693,0.0,-0.0013121131006040246,0.003651718378703059,0.001818199001713898,0.0,0.0,0.0019772229014921967,0.0,0.001992106105305992,0.0,-0.0017559977900553237,0.005923557340570757,0.003999945258466734,0.0019717279709480255,-0.005254939279297351,0.0039522613634826835,0.0,-0.004828826760351964,0.0,-0.0016892040038878507,0.007997318305412067,0.0,-0.0016411477857893229,0.0019613725100465114,-0.0033686026987689616,-0.003702287996877793,0.005995498312529001,-0.00365924596810394,0.0,0.0078452903183165,0.001852493894471445,0.0,0.0039058200692675435,-0.0010536009278155805,0.001985819384589166,0.005933834189230166,0.0019448361247477051,0.003998635452667307,0.0019621507963117416,0.0,0.0,0.0,-0.003160732606818663,0.0,-0.0014555981242326019,0.003991575180901728,-0.002586247101687011,0.0019799790532954234,0.0,0.0,-0.0054018673294030164,0.0019360108927446427,0.0,0.0,-0.0040929580236547455,-0.003706546784451036,-0.004158192010645843,0.001961938440337238,0.0019986406468863807,0.005917241970614008,0.0019934157877447784,0.007827405330787067,0.0,0.0,agent70,-0.5593193443337485
-0.3889114145273756,0.0,-0.0011167219560736974,-0.0034053873441569926,0.0,-0.0010535739880959036,-0.00338668935294917,-0.0025785370445724288,0.0019376777478743979,0.001999758646539574,-0.004927027429373142,-0.0013866836189986335,0.0,-0.0014776616971385692,-0.0018551035689198952,0.0019984158056982,-0.003171923179887982,0.0039999899706880905,0.0,-0.0031691269032883542,-0.007074311177450514,0.009400709860537771,-0.0034226617215907533,0.003932317097107037,-0.005478336345559754,-0.0011467012018734155,0.0,0.0019651520361638644,0.0039892883429372816,0.0019964387161951463,0.001860237970359284,0.0019921168031269447,0.0,1,0.0,0.003993877467277701,-0.001109483340657693,0.0,-0.0013121131006040246,0.003651718378703059,0.001818199001713898,0.0,0.0,0.0019772229014921967,0.0,0.001992106105305992,0.0,-0.0017559977900553237,0.005923557340570757,0.003999945258466734,0.0019717279709480255,-0.005254939279297351,0.0039522613634826835,0.0,-0.004828826760351964,0.0,-0.0016892040038878507,0.007997318305412067,0.0,-0.0016411477857893229,0.0019613725100465114,-0.0033686026987689616,-0.003702287996877793,0.005995498312529001,-0.00365924596810394,0.0,0.0078452903183165,0.001852493894471445,0.0,0.0039058200692675435,-0.0010536009278155805,0.001985819384589166,0.005933834189230166,0.0019448361247477051,0.003998635452667307,0.0019621507963117416,0.0,0.0,0.0,-0.003160732606818663,0.0,-0.0014555981242326019,0.003991575180901728,-0.002586247101687011,0.0019799790532954234,0.0,0.0,-0.0054018673294030164,0.0019360108927446427,0.0,0.0,-0.0040929580236547455,-0.003706546784451036,-0.004158192010645843,0.001961938440337238,0.0019986406468863807,0.005917241970614008,0.0019934157877447784,0.007827405330787067,0.0,0.0,agent1,0.9392071233963888
-0.3899134109660918,0.0,-0.0011167219560736974,-0.0034053873441569926,0.0,-0.0010535739880959036,-0.00338668935294917,-0.0025785370445724288,0.0019376777478743979,0.001999758646539574,-0.004927027429373142,-0.0013866836189986335,0.0,-0.0014776616971385692,-0.0018551035689198952,0.0019984158056982,-0.003171923179887982,0.0039999899706880905,0.0,-0.0031691269032883542,-0.007074311177450514,0.009400709860537771,-0.0034226617215907533,0.003932317097107037,-0.005478336345559754,-0.0011467012018734155,0.0,0.0019651520361638644,0.0039892883429372816,0.003992877756428006,0.001860237970359284,0.0019921168031269447,0.0,1,0.0,0.003993877467277701,-0.001109483340657693,0.0,-0.0013121131006040246,0.003651718378703059,0.001818199001713898,0.0,0.0,0.0019772229014921967,0.0,0.001992106105305992,0.0,-0.0017559977900553237,0.005923557340570757,0.003999945258466734,0.0019717279709480255,-0.005254939279297351,0.0039522613634826835,0.0,-0.004828826760351964,0.0,-0.0016892040038878507,0.007997318305412067,0.0,-0.0016411477857893229,0.0019613725100465114,-0.0033686026987689616,-0.003702287996877793,0.005995498312529001,-0.00365924596810394,0.0,0.0078452903183165,0.001852493894471445,0.0,0.0039058200692675435,-0.0010536009278155805,0.001985819384589166,0.005933834189230166,0.0019448361247477051,0.003998635452667307,0.0019621507963117416,0.0,0.0,0.0,-0.003160732606818663,0.0,-0.0014555981242326019,0.003991575180901728,-0.002586247101687011,0.0019799790532954234,0.0,0.0,-0.0054018673294030164,0.0019360108927446427,0.0,0.0,-0.0040929580236547455,-0.003706546784451036,-0.004158192010645843,0.001961938440337238,0.0019986406468863807,0.005917241970614008,0.0019934157877447784,0.007827405330787067,0.0,0.0,agent28,-0.30451994852350933
-0.39091538269406273,0.0,-0.0011167219560736974,-0.0034053873441569926,0.0,-0.0010535739880959036,-0.00338668935294917,-0.0025785370445724288,0.0019376777478743979,0.001999758646539574,-0.004927027429373142,-0.0013866836189986335,0.0,-0.0014776616971385692,-0.0018551035689198952,0.0019984158056982,-0.003171923179887982,0.0039999899706880905,0.0,-0.0031691269032883542,-0.007074311177450514,0.009400709860537771,-0.0034226617215907533,0.003932317097107037,-0.005478336345559754,-0.0011467012018734155,0.0,0.0019651520361638644,0.0039892883429372816,0.003992877756428006,0.001860237970359284,0.0019921168031269447,0.0,1,0.0,0.003993877467277701,-0.001109483340657693,0.0,-0.0013121131006040246,0.003651718378703059,0.001818199001713898,0.0,0.0,0.0019772229014921967,0.0,0.001992106105305992,0.0,-0.0017559977900553237,0.005923557340570757,0.003999945258466734,0.00394345774362634,-0.005254939279297351,0.0039522613634826835,0.0,-0.004828826760351964,0.0,-0.0016892040038878507,0.007997318305412067,0.0,-0.0016411477857893229,0.0019613725100465114,-0.0033686026987689616,-0.003702287996877793,0.005995498312529001,-0.00365924596810394,0.0,0.0078452903183165,0.001852493894471445,0.0,0.0039058200692675435,-0.0010536009278155805,0.001985819384589166,0.005933834189230166,0.0019448361247477051,0.003998635452667307,0.0019621507963117416,0.0,0.0,0.0,-0.003160732606818663,0.0,-0.0014555981242326019,0.003991575180901728,-0.002586247101687011,0.0019799790532954234,0.0,0.0,-0.0054018673294030164,0.0019360108927446427,0.0,0.0,-0.0040929580236547455,-0.003706546784451036,-0.004158192010645843,0.001961938440337238,0.0019986406468863807,0.005917241970614008,0.0019934157877447784,0.007827405330787067,0.0,0.0,agent49,-0.15213104273125042
-0.39191643626805084,0.0,-0.0011167219560736974,-0.0034053873441569926,0.0,-0.0020862511871884183,-0.00338668935294917,-0.0025785370445724288,0.0019376777478743979,0.001999758646539574,-0.004927027429373142,-0.0013866836189986335,0.0,-0.0014776616971385692,-0.0018551035689198952,0.0019984158056982,-0.003171923179887982,0.0039999899706880905,0.0,-0.0031691269032883542,-0.007074311177450514,0.009400709860537771,-0.0034226617215907533,0.003932317097107037,-0.005478336345559754,-0.0011467012018734155,0.0,0.0019651520361638644,0.0039892883429372816,0.003992877756428006,0.001860237970359284,0.0019921168031269447,0.0,1,0.0,0.003993877467277701,-0.001109483340657693,0.0,-0.0013121131006040246,0.003651718378703059,0.001818199001713898,0.0,0.0,0.0019772229014921967,0.0,0.001992106105305992,0.0,-0.0017559977900553237,0.005923557340570757,0.003999945258466734,0.00394345774362634,-0.005254939279297351,0.0039522613634826835,0.0,-0.004828826760351964,0.0,-0.0016892040038878507,0.007997318305412067,0.0,-0.0016411477857893229,0.0019613725100465114,-0.0033686026987689616,-0.003702287996877793,0.005995498312529001,-0.00365924596810394,0.0,0.0078452903183165,0.001852493894471445,0.0,0.0039058200692675435,-0.0010536009278155805,0.001985819384589166,0.005933834189230166,0.0019448361247477051,0.003998635452667307,0.0019621507963117416,0.0,0.0,0.0,-0.003160732606818663,0.0,-0.0014555981242326019,0.003991575180901728,-0.002586247101687011,0.0019799790532954234,0.0,0.0,-0.0054018673294030164,0.0019360108927446427,0.0,0.0,-0.0040929580236547455,-0.003706546784451036,-0.004158192010645843,0.001961938440337238,0.0019986406468863807,0.005917241970614008,0.0019934157877447784,0.007827405330787067,0.0,0.0,agent4,1
-0.39091643626805084,0.0,-0.0011167219560736974,-0.0034053873441569926,0.0,-0.0020862511871884183,-0.00338668935294917,-0.0025785370445724288,0.0019376777478743979,0.001999758646539574,-0.004927027429373142,-0.0013866836189986335,0.0,-0.0014776616971385692,-0.0018551035689198952,0.0019984158056982,-0.003171923179887982,0.0039999899706880905,0.0,-0.0031691269032883542,-0.007074311177450514,0.009400709860537771,-0.0034226617215907533,0.003932317097107037,-0.005478336345559754,-0.0011467012018734155,0.0,0.0019651520361638644,0.0039892883429372816,0.003992877756428006,0.001860237970359284,0.0019921168031269447,0.0,1,0.0,0.003993877467277701,-0.001109483340657693,0.0,-0.0013121131006040246,0.003651718378703059,0.001818199001713898,0.0,0.0,0.0019772229014921967,0.0,0.001992106105305992,0.0,-0.0017559977900553237,0.005923557340570757,0.003999945258466734,0.00394345774362634,-0.005254939279297351,0.0039522613634826835,0.0,-0.004828826760351964,0.0,-0.0016892040038878507,0.007997318305412067,0.0,-0.0016411477857893229,0.0019613725100465114,-0.0033686026987689616,-0.003702287996877793,0.005995498312529001,-0.00365924596810394,-0.0014969860450122613,0.0078452903183165,0.001852493894471445,0.0,0.0039058200692675435,-0.0010536009278155805,0.001985819384589166,0.005933834189230166,0.0019448361247477051,0.003998635452667307,0.0019621507963117416,0.0,0.0,0.0,-0.003160732606818663,0.0,-0.0014555981242326019,0.003991575180901728,-0.002586247101687011,0.0019799790532954234,0.0,0.0,-0.0054018673294030164,0.0019360108927446427,0.0,0.0,-0.0040929580236547455,-0.003706546784451036,-0.004158192010645843,0.001961938440337238,0.0019986406468863807,0.005917241970614008,0.0019934157877447784,0.007827405330787067,0.0,0.0,agent64,0.6110929903952668
-0.3919216912073301,0.0,-0.0011167219560736974,-0.0034053873441569926,0.0,-0.0020862511871884183,-0.00338668935294917,-0.0025785370445724288,0.0019376777478743979,0.001999758646539574,-0.004927027429373142,-0.0013866836189986335,0.0,-0.0014776616971385692,-0.0018551035689198952,0.0019984158056982,-0.003171923179887982,0.0039999899706880905,0.0,-0.0031691269032883542,-0.007074311177450514,0.009400709860537771,-0.0034226617215907533,0.003932317097107037,-0.005478336345559754,-0.0011467012018734155,0.0,0.0019651520361638644,0.0039892883429372816,0.003992877756428006,0.001860237970359284,0.0019921168031269447,0.0,1,0.0,0.003993877467277701,-0.001109483340657693,0.0,-0.0013121131006040246,0.003651718378703059,0.001818199001713898,0.0,0.0,0.0019772229014921967,0.0,0.001992106105305992,0.0,-0.0017559977900553237,0.005923557340570757,0.003999945258466734,0.00394345774362634,-0.006941124603620754,0.0039522613634826835,0.0,-0.004828826760351964,0.0,-0.0016892040038878507,0.007997318305412067,0.0,-0.0016411477857893229,0.0019613725100465114,-0.0033686026987689616,-0.003702287996877793,0.005995498312529001,-0.00365924596810394,-0.0014969860450122613,0.0078452903183165,0.001852493894471445,0.0,0.0039058200692675435,-0.0010536009278155805,0.001985819384589166,0.005933834189230166,0.0019448361247477051,0.003998635452667307,0.0019621507963117416,0.0,0.0,0.0,-0.003160732606818663,0.0,-0.0014555981242326019,0.003991575180901728,-0.002586247101687011,0.0019799790532954234,0.0,0.0,-0.0054018673294030164,0.0019360108927446427,0.0,0.0,-0.0040929580236547455,-0.003706546784451036,-0.004158192010645843,0.001961938440337238,0.0019986406468863807,0.005917241970614008,0.0019934157877447784,0.007827405330787067,0.0,0.0,agent50,0.4013141812627242
-0.3929233323551159,0.0,-0.0011167219560736974,-0.0034053873441569926,0.0,-0.0020862511871884183,-0.00338668935294917,-0.0025785370445724288,0.0019376777478743979,0.001999758646539574,-0.004927027429373142,-0.0013866836189986335,0.0,-0.0014776616971385692,-0.0018551035689198952,0.0019984158056982,-0.003171923179887982,0.0039999899706880905,0.0,-0.0031691269032883542,-0.007074311177450514,0.009400709860537771,-0.0034226617215907533,0.003932317097107037,-0.005478336345559754,-0.0011467012018734155,0.0,0.0019651520361638644,0.0039892883429372816,0.003992877756428006,0.001860237970359284,0.0019921168031269447,0.0,1,0.0,0.003993877467277701,-0.001109483340657693,0.0,-0.0013121131006040246,0.003651718378703059,0.001818199001713898,0.0,0.0,0.0019772229014921967,0.0,0.001992106105305992,0.0,-0.0017559977900553237,0.005923557340570757,0.003999945258466734,0.00394345774362634,-0.006941124603620754,0.0039522613634826835,0.0,-0.004828826760351964,0.0,-0.0016892040038878507,0.007997318305412067,0.0,-0.0031730999821429216,0.0019613725100465114,-0.0033686026987689616,-0.003702287996877793,0.005995498312529001,-0.00365924596810394,-0.0014969860450122613,0.0078452903183165,0.001852493894471445,0.0,0.0039058200692675435,-0.0010536009278155805,0.001985819384589166,0.005933834189230166,0.0019448361247477051,0.003998635452667307,0.0019621507963117416,0.0,0.0,0.0,-0.003160732606818663,0.0,-0.0014555981242326019,0.003991575180901728,-0.002586247101687011,0.0019799790532954234,0.0,0.0,-0.0054018673294030164,0.0019360108927446427,0.0,0.0,-0.0040929580236547455,-0.003706546784451036,-0.004158192010645843,0.001961938440337238,0.0019986406468863807,0.005917241970614008,0.0019934157877447784,0.007827405330787067,0.0,0.0,agent58,0.5755986482650775
-0.3939273239302968,0.0,-0.0011167219560736974,-0.0034053873441569926,0.0,-0.0020862511871884183,-0.00338668935294917,-0.0025785370445724288,0.0019376777478743979,0.001999758646539574,-0.004927027429373142,-0.0013866836189986335,0.0,-0.0014776616971385692,-0.0018551035689198952,0.0019984158056982,-0.003171923179887982,0.0039999899706880905,0.0,-0.0031691269032883542,-0.007074311177450514,0.009400709860537771,-0.0034226617215907533,0.003932317097107037,-0.005478336345559754,-0.0011467012018734155,0.0,0.0019651520361638644,0.0039892883429372816,0.003992877756428006,0.001860237970359284,0.0019921168031269447,0.0,1,0.0,0.003993877467277701,-0.001109483340657693,0.0,-0.0013121131006040246,0.003651718378703059,0.001818199001713898,0.0,0.0,0.0019772229014921967,0.0,0.001992106105305992,0.0,-0.0017559977900553237,0.005923557340570757,0.003999945258466734,0.00394345774362634,-0.006941124603620754,0.0039522613634826835,0.0,-0.004828826760351964,0.0,-0.0016892040038878507,0.007997318305412067,0.0,-0.0031730999821429216,0.0019613725100465114,-0.0033686026987689616,-0.003702287996877793,0.005995498312529001,-0.00365924596810394,-0.0014969860450122613,0.0078452903183165,0.001852493894471445,0.0,0.0039058200692675435,-0.0010536009278155805,0.001985819384589166,0.005933834189230166,0.0019448361247477051,0.003998635452667307,0.0019621507963117416,0.0,0.0,0.0,-0.003160732606818663,0.0,-0.0014555981242326019,0.005987270516657694,-0.002586247101687011,0.0019799790532954234,0.0,0.0,-0.0054018673294030164,0.0019360108927446427,0.0,0.0,-0.0040929580236547455,-0.003706546784451036,-0.004158192010645843,0.001961938440337238,0.0019986406468863807,0.005917241970614008,0.0019934157877447784,0.007827405330787067,0.0,0.0,agent81,-0.300136865194932
-0.39493439824147425,0.0,-0.0011167219560736974,-0.0034053873441569926,0.0,-0.0020862511871884183,-0.00338668935294917,-0.0025785370445724288,0.0019376777478743979,0.001999758646539574,-0.004927027429373142,-0.0013866836189986335,0.0,-0.0014776616971385692,-0.0018551035689198952,0.0019984158056982,-0.003171923179887982,0.0039999899706880905,0.0,-0.0031691269032883542,-0.008142105445584384,0.009400709860537771,-0.0034226617215907533,0.003932317097107037,-0.005478336345559754,-0.0011467012018734155,0.0,0.0019651520361638644,0.0039892883429372816,0.003992877756428006,0.001860237970359284,0.0019921168031269447,0.0,1,0.0,0.003993877467277701,-0.001109483340657693,0.0,-0.0013121131006040246,0.003651718378703059,0.001818199001713898,0.0,0.0,0.0019772229014921967,0.0,0.001992106105305992,0.0,-0.0017559977900553237,0.005923557340570757,0.003999945258466734,0.00394345774362634,-0.006941124603620754,0.0039522613634826835,0.0,-0.004828826760351964,0.0,-0.0016892040038878507,0.007997318305412067,0.0,-0.0031730999821429216,0.0019613725100465114,-0.0033686026987689616,-0.003702287996877793,0.005995498312529001,-0.00365924596810394,-0.0014969860450122613,0.0078452903183165,0.001852493894471445,0.0,0.0039058200692675435,-0.0010536009278155805,0.001985819384589166,0.005933834189230166,0.0019448361247477051,0.003998635452667307,0.0019621507963117416,0.0,0.0,0.0,-0.003160732606818663,0.0,-0.0014555981242326019,0.005987270516657694,-0.002586247101687011,0.0019799790532954234,0.0,0.0,-0.0054018673294030164,0.0019360108927446427,0.0,0.0,-0.0040929580236547455,-0.003706546784451036,-0.004158192010645843,0.001961938440337238,0.0019986406468863807,0.005917241970614008,0.0019934157877447784,0.007827405330787067,0.0,0.0,agent19,0.9715072090050109
-0.3959422435317926,0.0,-0.0011167219560736974,-0.0034053873441569926,0.0,-0.0020862511871884183,-0.00338668935294917,-0.0025785370445724288,0.0019376777478743979,0.001999758646539574,-0.004927027429373142,-0.0013866836189986335,0.0,-0.0014776616971385692,-0.0018551035689198952,0.0019984158056982,-0.003171923179887982,0.0039999899706880905,0.0,-0.0031691269032883542,-0.008142105445584384,0.009400709860537771,-0.0034226617215907533,0.003932317097107037,-0.005478336345559754,-0.0011467012018734155,0.0,0.0019651520361638644,0.0039892883429372816,0.003992877756428006,0.001860237970359284,0.0019921168031269447,0.0,1,0.0,0.003993877467277701,-0.001109483340657693,0.0,-0.0013121131006040246,0.003651718378703059,0.001818199001713898,0.0,0.0,0.0019772229014921967,0.0,0.001992106105305992,0.0,-0.0017559977900553237,0.005923557340570757,0.003999945258466734,0.00394345774362634,-0.006941124603620754,0.0039522613634826835,0.0,-0.004828826760351964,0.0,-0.0016892040038878507,0.007997318305412067,0.0,-0.0031730999821429216,0.0019613725100465114,-0.0033686026987689616,-0.003702287996877793,0.005995498312529001,-0.00365924596810394,-0.0014969860450122613,0.00980738114232751,0.001852493894471445,0.0,0.0039058200692675435,-0.0010536009278155805,0.001985819384589166,0.005933834189230166,0.0019448361247477051,0.003998635452667307,0.0019621507963117416,0.0,0.0,0.0,-0.003160732606818663,0.0,-0.0014555981242326019,0.005987270516657694,-0.002586247101687011,0.0019799790532954234,0.0,0.0,-0.0054018673294030164,0.0019360108927446427,0.0,0.0,-0.0040929580236547455,-0.003706546784451036,-0.004158192010645843,0.001961938440337238,0.0019986406468863807,0.005917241970614008,0.0019934157877447784,0.007827405330787067,0.0,0.0,agent65,-0.6702857228759861
-0.39694589525017127,0.0,-0.0011167219560736974,-0.0034053873441569926,0.0,-0.0020862511871884183,-0.00338668935294917,-0.0025785370445724288,0.0019376777478743979,0.001999758646539574,-0.004927027429373142,-0.0013866836189986335,0.0,-0.0014776616971385692,-0.0018551035689198952,0.0019984158056982,-0.003171923179887982,0.0039999899706880905,0.0,-0.0031691269032883542,-0.008142105445584384,0.009400709860537771,-0.0034226617215907533,0.003932317097107037,-0.005478336345559754,-0.0011467012018734155,0.0,0.0019651520361638644,0.0039892883429372816,0.003992877756428006,0.001860237970359284,0.0019921168031269447,0.0,1,0.0,0.003993877467277701,-0.001109483340657693,0.0,-0.0013121131006040246,0.005478485844027544,0.001818199001713898,0.0,0.0,0.0019772229014921967,0.0,0.001992106105305992,0.0,-0.0017559977900553237,0.005923557340570757,0.003999945258466734,0.00394345774362634,-0.006941124603620754,0.0039522613634826835,0.0,-0.004828826760351964,0.0,-0.0016892040038878507,0.007997318305412067,0.0,-0.0031730999821429216,0.0019613725100465114,-0.0033686026987689616,-0.003702287996877793,0.005995498312529001,-0.00365924596810394,-0.0014969860450122613,0.00980738114232751,0.001852493894471445,0.0,0.0039058200692675435,-0.0010536009278155805,0.001985819384589166,0.005933834189230166,0.0019448361247477051,0.003998635452667307,0.0019621507963117416,0.0,0.0,0.0,-0.003160732606818663,0.0,-0.0014555981242326019,0.005987270516657694,-0.002586247101687011,0.0019799790532954234,0.0,0.0,-0.0054018673294030164,0.0019360108927446427,0.0,0.0,-0.0040929580236547455,-0.003706546784451036,-0.004158192010645843,0.001961938440337238,0.0019986406468863807,0.005917241970614008,0.0019934157877447784,0.007827405330787067,0.0,0.0,agent38,-0.984555078382538
-0.3979472073632719,0.0,-0.0011167219560736974,-0.0034053873441569926,0.0,-0.0020862511871884183,-0.00338668935294917,-0.0025785370445724288,0.0019376777478743979,0.001999758646539574,-0.004927027429373142,-0.0013866836189986335,0.0,-0.0014776616971385692,-0.0018551035689198952,0.0019984158056982,-0.003171923179887982,0.0039999899706880905,0.0,-0.0031691269032883542,-0.008142105445584384,0.009400709860537771,-0.0034226617215907533,0.003932317097107037,-0.005478336345559754,-0.0011467012018734155,0.0,0.0019651520361638644,0.0039892883429372816,0.003992877756428006,0.001860237970359284,0.0019921168031269447,0.0,1,0.0,0.003993877467277701,-0.001109483340657693,0.0,-0.0024706265189603895,0.005478485844027544,0.001818199001713898,0.0,0.0,0.0019772229014921967,0.0,0.001992106105305992,0.0,-0.0017559977900553237,0.005923557340570757,0.003999945258466734,0.00394345774362634,-0.006941124603620754,0.0039522613634826835,0.0,-0.004828826760351964,0.0,-0.0016892040038878507,0.007997318305412067,0.0,-0.0031730999821429216,0.0019613725100465114,-0.0033686026987689616,-0.003702287996877793,0.005995498312529001,-0.00365924596810394,-0.0014969860450122613,0.00980738114232751,0.001852493894471445,0.0,0.0039058200692675435,-0.0010536009278155805,0.001985819384589166,0.005933834189230166,0.0019448361247477051,0.003998635452667307,0.0019621507963117416,0.0,0.0,0.0,-0.003160732606818663,0.0,-0.0014555981242326019,0.005987270516657694,-0.002586247101687011,0.0019799790532954234,0.0,0.0,-0.0054018673294030164,0.0019360108927446427,0.0,0.0,-0.0040929580236547455,-0.003706546784451036,-0.004158192010645843,0.001961938440337238,0.0019986406468863807,0.005917241970614008,0.0019934157877447784,0.007827405330787067,0.0,0.0,agent37,0.9003486600792149
-0.3969472073632719,-0.0010228718027126145,-0.0011167219560736974,-0.0034053873441569926,0.0,-0.0020862511871884183,-0.00338668935294917,-0.0025785370445724288,0.0019376777478743979,0.001999758646539574,-0.004927027429373142,-0.0013866836189986335,0.0,-0.0014776616971385692,-0.0018551035689198952,0.0019984158056982,-0.003171923179887982,0.0039999899706880905,0.0,-0.0031691269032883542,-0.008142105445584384,0.009400709860537771,-0.0034226617215907533,0.003932317097107037,-0.005478336345559754,-0.0011467012018734155,0.0,0.0019651520361638644,0.0039892883429372816,0.003992877756428006,0.001860237970359284,0.0019921168031269447,0.0,1,0.0,0.003993877467277701,-0.001109483340657693,0.0,-0.0024706265189603895,0.005478485844027544,0.001818199001713898,0.0,0.0,0.0019772229014921967,0.0,0.001992106105305992,0.0,-0.0017559977900553237,0.005923557340570757,0.003999945258466734,0.00394345774362634,-0.006941124603620754,0.0039522613634826835,0.0,-0.004828826760351964,0.0,-0.0016892040038878507,0.007997318305412067,0.0,-0.0031730999821429216,0.0019613725100465114,-0.0033686026987689616,-0.003702287996877793,0.005995498312529001,-0.00365924596810394,-0.0014969860450122613,0.00980738114232751,0.001852493894471445,0.0,0.0039058200692675435,-0.0010536009278155805,0.001985819384589166,0.005933834189230166,0.0019448361247477051,0.003998635452667307,0.0019621507963117416,0.0,0.0,0.0,-0.003160732606818663,0.0,-0.0014555981242326019,0.005987270516657694,-0.002586247101687011,0.0019799790532954234,0.0,0.0,-0.0054018673294030164,0.0019360108927446427,0.0,0.0,-0.0040929580236547455,-0.003706546784451036,-0.004158192010645843,0.001961938440337238,0.0019986406468863807,0.005917241970614008,0.0019934157877447784,0.007827405330787067,0.0,0.0,agent0,1
-0.39795037928645177,-0.0010228718027126145,-0.0011167219560736974,-0.0034053873441569926,0.0,-0.0020862511871884183,-0.00338668935294917,-0.0025785370445724288,0.0019376777478743979,0.001999758646539574,-0.004927027429373142,-0.0013866836189986335,0.0,-0.0014776616971385692,-0.0018551035689198952,0.0019984158056982,-0.00419619242980796,0.0039999899706880905,0.0,-0.0031691269032883542,-0.008142105445584384,0.009400709860537771,-0.0034226617215907533,0.003932317097107037,-0.005478336345559754,-0.0011467012018734155,0.0,0.0019651520361638644,0.0039892883429372816,0.003992877756428006,0.001860237970359284,0.0019921168031269447,0.0,1,0.0,0.003993877467277701,-0.001109483340657693,0.0,-0.0024706265189603895,0.005478485844027544,0.001818199001713898,0.0,0.0,0.0019772229014921967,0.0,0.001992106105305992,0.0,-0.0017559977900553237,0.005923557340570757,0.003999945258466734,0.00394345774362634,-0.006941124603620754,0.0039522613634826835,0.0,-0.004828826760351964,0.0,-0.0016892040038878507,0.007997318305412067,0.0,-0.0031730999821429216,0.0019613725100465114,-0.0033686026987689616,-0.003702287996877793,0.005995498312529001,-0.00365924596810394,-0.0014969860450122613,0.00980738114232751,0.001852493894471445,0.0,0.0039058200692675435,-0.0010536009278155805,0.001985819384589166,0.005933834189230166,0.0019448361247477051,0.003998635452667307,0.0019621507963117416,0.0,0.0,0.0,-0.003160732606818663,0.0,-0.0014555981242326019,0.005987270516657694,-0.002586247101687011,0.0019799790532954234,0.0,0.0,-0.0054018673294030164,0.0019360108927446427,0.0,0.0,-0.0040929580236547455,-0.003706546784451036,-0.004158192010645843,0.001961938440337238,0.0019986406468863807,0.005917241970614008,0.0019934157877447784,0.007827405330787067,0.0,0.0,agent15,1
-0.39895176597007076,-0.0010228718027126145,-0.0011167219560736974,-0.0034053873441569926,0.0,-0.0020862511871884183,-0.00338668935294917,-0.0025785370445724288,0.0019376777478743979,0.001999758646539574,-0.004927027429373142,-0.0027025257437071296,0.0,-0.0014776616971385692,-0.0018551035689198952,0.0019984158056982,-0.00419619242980796,0.0039999899706880905,0.0,-0.0031691269032883542,-0.008142105445584384,0.009400709860537771,-0.0034226617215907533,0.003932317097107037,-0.005478336345559754,-0.0011467012018734155,0.0,0.0019651520361638644,0.0039892883429372816,0.003992877756428006,0.001860237970359284,0.0019921168031269447,0.0,1,0.0,0.003993877467277701,-0.001109483340657693,0.0,-0.0024706265189603895,0.005478485844027544,0.001818199001713898,0.0,0.0,0.0019772229014921967,0.0,0.001992106105305992,0.0,-0.0017559977900553237,0.005923557340570757,0.003999945258466734,0.00394345774362634,-0.006941124603620754,0.0039522613634826835,0.0,-0.004828826760351964,0.0,-0.0016892040038878507,0.007997318305412067,0.0,-0.0031730999821429216,0.0019613725100465114,-0.0033686026987689616,-0.003702287996877793,0.005995498312529001,-0.00365924596810394,-0.0014969860450122613,0.00980738114232751,0.001852493894471445,0.0,0.0039058200692675435,-0.0010536009278155805,0.001985819384589166,0.005933834189230166,0.0019448361247477051,0.003998635452667307,0.0019621507963117416,0.0,0.0,0.0,-0.003160732606818663,0.0,-0.0014555981242326019,0.005987270516657694,-0.002586247101687011,0.0019799790532954234,0.0,0.0,-0.0054018673294030164,0.0019360108927446427,0.0,0.0,-0.0040929580236547455,-0.003706546784451036,-0.004158192010645843,0.001961938440337238,0.0019986406468863807,0.005917241970614008,0.0019934157877447784,0.007827405330787067,0.0,0.0,agent10,0.771799914828924
-0.39995374594912403,-0.0010228718027126145,-0.0011167219560736974,-0.0034053873441569926,0.0,-0.0020862511871884183,-0.00338668935294917,-0.0025785370445724288,0.0019376777478743979,0.001999758646539574,-0.004927027429373142,-0.0027025257437071296,0.0,-0.0014776616971385692,-0.0018551035689198952,0.0019984158056982,-0.00419619242980796,0.0039999899706880905,0.0,-0.0031691269032883542,-0.008142105445584384,0.009400709860537771,-0.0034226617215907533,0.003932317097107037,-0.005478336345559754,-0.0011467012018734155,0.0,0.0019651520361638644,0.0039892883429372816,0.003992877756428006,0.001860237970359284,0.0019921168031269447,0.0,1,0.0,0.003993877467277701,-0.001109483340657693,0.0,-0.0024706265189603895,0.005478485844027544,0.001818199001713898,0.0,0.0,0.0019772229014921967,0.0,0.001992106105305992,0.0,-0.0017559977900553237,0.005923557340570757,0.003999945258466734,0.00394345774362634,-0.006941124603620754,0.0039522613634826835,0.0,-0.004828826760351964,0.0,-0.0016892040038878507,0.007997318305412067,0.0,-0.0031730999821429216,0.0019613725100465114,-0.0033686026987689616,-0.003702287996877793,0.005995498312529001,-0.00365924596810394,-0.0014969860450122613,0.00980738114232751,0.001852493894471445,0.0,0.0039058200692675435,-0.0010536009278155805,0.001985819384589166,0.005933834189230166,0.0019448361247477051,0.003998635452667307,0.0019621507963117416,0.0,0.0,0.0,-0.003160732606818663,0.0,-0.0014555981242326019,0.005987270516657694,-0.002586247101687011,0.003959961162738411,0.0,0.0,-0.0054018673294030164,0.0019360108927446427,0.0,0.0,-0.0040929580236547455,-0.003706546784451036,-0.004158192010645843,0.001961938440337238,0.0019986406468863807,0.005917241970614008,0.0019934157877447784,0.007827405330787067,0.0,0.0,agent83,-0.5990411987595735
-0.39895374594912403,-0.0010228718027126145,-0.0011167219560736974,-0.0034053873441569926,0.0,-0.0020862511871884183,-0.00338668935294917,-0.0025785370445724288,0.0019376777478743979,0.001999758646539574,-0.004927027429373142,-0.0027025257437071296,0.0,-0.0014776616971385692,-0.0018551035689198952,0.0019984158056982,-0.00419619242980796,0.0039999899706880905,0.0,-0.0031691269032883542,-0.008142105445584384,0.009400709860537771,-0.0034226617215907533,0.003932317097107037,-0.005478336345559754,-0.0011467012018734155,0.0,0.0019651520361638644,0.0039892883429372816,0.003992877756428006,0.001860237970359284,0.0019921168031269447,0.0,1,0.0,0.003993877467277701,-0.001109483340657693,0.0,-0.0024706265189603895,0.005478485844027544,0.001818199001713898,-0.0017101882312263168,0.0,0.0019772229014921967,0.0,0.001992106105305992,0.0,-0.0017559977900553237,0.005923557340570757,0.003999945258466734,0.00394345774362634,-0.006941124603620754,0.0039522613634826835,0.0,-0.004828826760351964,0.0,-0.0016892040038878507,0.007997318305412067,0.0,-0.0031730999821429216,0.0019613725100465114,-0.0033686026987689616,-0.003702287996877793,0.005995498312529001,-0.00365924596810394,-0.0014969860450122613,0.00980738114232751,0.001852493894471445,0.0,0.0039058200692675435,-0.0010536009278155805,0.001985819384589166,0.005933834189230166,0.0019448361247477051,0.003998635452667307,0.0019621507963117416,0.0,0.0,0.0,-0.003160732606818663,0.0,-0.0014555981242326019,0.005987270516657694,-0.002586247101687011,0.003959961162738411,0.0,0.0,-0.0054018673294030164,0.0019360108927446427,0.0,0.0,-0.0040929580236547455,-0.003706546784451036,-0.004158192010645843,0.001961938440337238,0.0019986406468863807,0.005917241970614008,0.0019934157877447784,0.007827405330787067,0.0,0.0,agent40,0.36137636480925545
-0.39895374594912403,-0.0010228718027126145,-0.0011167219560736974,-0.0034053873441569926,0.0,-0.0020862511871884183,-0.00338668935294917,-0.0025785370445724288,0.0019376777478743979,0.001999758646539574,-0.004927027429373142,-0.0027025257437071296,0.0,-0.0014776616971385692,-0.0018551035689198952,0.0019984158056982,-0.00419619242980796,0.0039999899706880905,0.0,-0.0031691269032883542,-0.008142105445584384,0.009400709860537771,-0.0034226617215907533,0.003932317097107037,-0.005478336345559754,-0.0011467012018734155,0.0,0.0019651520361638644,0.0039892883429372816,0.003992877756428006,0.001860237970359284,0.0019921168031269447,0.0,1,0.0,0.003993877467277701,-0.001109483340657693,0.0,-0.0024706265189603895,0.005478485844027544,0.001818199001713898,-0.0017101882312263168,0.0,0.0019772229014921967,0.0,0.001992106105305992,0.0,-0.0017559977900553237,0.005923557340570757,0.003999945258466734,0.00394345774362634,-0.006941124603620754,0.0039522613634826835,0.0,-0.004828826760351964,0.0,-0.0016892040038878507,0.007997318305412067,0.0,-0.0031730999821429216,0.0019613725100465114,-0.0033686026987689616,-0.003702287996877793,0.005995498312529001,-0.00365924596810394,-0.0014969860450122613,0.00980738114232751,0.001852493894471445,0.0,0.0039058200692675435,-0.0010536009278155805,0.001985819384589166,0.005933834189230166,0.0019448361247477051,0.003998635452667307,0.0019621507963117416,0.0,0.0,0.0,-0.003160732606818663,0.0,-0.0014555981242326019,0.005987270516657694,-0.002586247101687011,0.003959961162738411,0.0,0.0,-0.0054018673294030164,0.0019360108927446427,0.0,0.0,-0.0040929580236547455,-0.003706546784451036,-0.004158192010645843,0.001961938440337238,0.0019986406468863807,0.005917241970614008,0.0019934157877447784,0.007827405330787067,0.0,0.0,agent32,-0.39895374594912403
-0.3999571513364682,-0.0010228718027126145,-0.0011167219560736974,-0.004984006000182423,0.0,-0.0020862511871884183,-0.00338668935294917,-0.0025785370445724288,0.0019376777478743979,0.001999758646539574,-0.004927027429373142,-0.0027025257437071296,0.0,-0.0014776616971385692,-0.0018551035689198952,0.0019984158056982,-0.00419619242980796,0.0039999899706880905,0.0,-0.0031691269032883542,-0.008142105445584384,0.009400709860537771,-0.0034226617215907533,0.003932317097107037,-0.005478336345559754,-0.0011467012018734155,0.0,0.0019651520361638644,0.0039892883429372816,0.003992877756428006,0.001860237970359284,0.0019921168031269447,0.0,1,0.0,0.003993877467277701,-0.001109483340657693,0.0,-0.0024706265189603895,0.005478485844027544,0.001818199001713898,-0.0017101882312263168,0.0,0.0019772229014921967,0.0,0.001992106105305992,0.0,-0.0017559977900553237,0.005923557340570757,0.003999945258466734,0.00394345774362634,-0.006941124603620754,0.0039522613634826835,0.0,-0.004828826760351964,0.0,-0.0016892040038878507,0.007997318305412067,0.0,-0.0031730999821429216,0.0019613725100465114,-0.0033686026987689616,-0.003702287996877793,0.005995498312529001,-0.00365924596810394,-0.0014969860450122613,0.00980738114232751,0.001852493894471445,0.0,0.0039058200692675435,-0.0010536009278155805,0.001985819384589166,0.005933834189230166,0.0019448361247477051,0.003998635452667307,0.0019621507963117416,0.0,0.0,0.0,-0.003160732606818663,0.0,-0.0014555981242326019,0.005987270516657694,-0.002586247101687011,0.003959961162738411,0.0,0.0,-0.0054018673294030164,0.0019360108927446427,0.0,0.0,-0.0040929580236547455,-0.003706546784451036,-0.004158192010645843,0.001961938440337238,0.0019986406468863807,0.005917241970614008,0.0019934157877447784,0.007827405330787067,0.0,0.0,agent2,0.5190673256767614
-0.4009590064400371,-0.0010228718027126145,-0.0011167219560736974,-0.004984006000182423,0.0,-0.0020862511871884183,-0.00338668935294917,-0.0025785370445724288,0.0019376777478743979,0.001999758646539574,-0.004927027429373142,-0.0027025257437071296,0.0,-0.0014776616971385692,-0.0036361672282673686,0.0019984158056982,-0.00419619242980796,0.0039999899706880905,0.0,-0.0031691269032883542,-0.008142105445584384,0.009400709860537771,-0.0034226617215907533,0.003932317097107037,-0.005478336345559754,-0.0011467012018734155,0.0,0.0019651520361638644,0.0039892883429372816,0.003992877756428006,0.001860237970359284,0.0019921168031269447,0.0,1,0.0,0.003993877467277701,-0.001109483340657693,0.0,-0.0024706265189603895,0.005478485844027544,0.001818199001713898,-0.0017101882312263168,0.0,0.0019772229014921967,0.0,0.001992106105305992,0.0,-0.0017559977900553237,0.005923557340570757,0.003999945258466734,0.00394345774362634,-0.006941124603620754,0.0039522613634826835,0.0,-0.004828826760351964,0.0,-0.0016892040038878507,0.007997318305412067,0.0,-0.0031730999821429216,0.0019613725100465114,-0.0033686026987689616,-0.003702287996877793,0.005995498312529001,-0.00365924596810394,-0.0014969860450122613,0.00980738114232751,0.001852493894471445,0.0,0.0039058200692675435,-0.0010536009278155805,0.001985819384589166,0.005933834189230166,0.0019448361247477051,0.003998635452667307,0.0019621507963117416,0.0,0.0,0.0,-0.003160732606818663,0.0,-0.0014555981242326019,0.005987270516657694,-0.002586247101687011,0.003959961162738411,0.0,0.0,-0.0054018673294030164,0.0019360108927446427,0.0,0.0,-0.0040929580236547455,-0.003706546784451036,-0.004158192010645843,0.001961938440337238,0.0019986406468863807,0.005917241970614008,0.0019934157877447784,0.007827405330787067,0.0,0.0,agent13,0.2617623370459227
-0.40196299931779356,-0.0010228718027126145,-0.0011167219560736974,-0.004984006000182423,0.0,-0.0020862511871884183,-0.00338668935294917,-0.0025785370445724288,0.0019376777478743979,0.001999758646539574,-0.004927027429373142,-0.0027025257437071296,0.0,-0.0014776616971385692,-0.0036361672282673686,0.0019984158056982,-0.00419619242980796,0.0039999899706880905,0.0,-0.0031691269032883542,-0.008142105445584384,0.009400709860537771,-0.0034226617215907533,0.003932317097107037,-0.005478336345559754,-0.0011467012018734155,0.0,0.0019651520361638644,0.0039892883429372816,0.005989316917838757,0.001860237970359284,0.0019921168031269447,0.0,1,0.0,0.003993877467277701,-0.001109483340657693,0.0,-0.0024706265189603895,0.005478485844027544,0.001818199001713898,-0.0017101882312263168,0.0,0.0019772229014921967,0.0,0.001992106105305992,0.0,-0.0017559977900553237,0.005923557340570757,0.003999945258466734,0.00394345774362634,-0.006941124603620754,0.0039522613634826835,0.0,-0.004828826760351964,0.0,-0.0016892040038878507,0.007997318305412067,0.0,-0.0031730999821429216,0.0019613725100465114,-0.0033686026987689616,-0.003702287996877793,0.005995498312529001,-0.00365924596810394,-0.0014969860450122613,0.00980738114232751,0.001852493894471445,0.0,0.0039058200692675435,-0.0010536009278155805,0.001985819384589166,0.005933834189230166,0.0019448361247477051,0.003998635452667307,0.0019621507963117416,0.0,0.0,0.0,-0.003160732606818663,0.0,-0.0014555981242326019,0.005987270516657694,-0.002586247101687011,0.003959961162738411,0.0,0.0,-0.0054018673294030164,0.0019360108927446427,0.0,0.0,-0.0040929580236547455,-0.003706546784451036,-0.004158192010645843,0.001961938440337238,0.0019986406468863807,0.005917241970614008,0.0019934157877447784,0.007827405330787067,0.0,0.0,agent28,-0.3165689763505935
-0.4029669427755372,-0.0010228718027126145,-0.0011167219560736974,-0.004984006000182423,0.0,-0.0020862511871884183,-0.00338668935294917,-0.0025785370445724288,0.0019376777478743979,0.001999758646539574,-0.004927027429373142,-0.0027025257437071296,0.0,-0.0014776616971385692,-0.0036361672282673686,0.0019984158056982,-0.00419619242980796,0.0039999899706880905,0.0,-0.0031691269032883542,-0.008142105445584384,0.009400709860537771,-0.0034226617215907533,0.003932317097107037,-0.005478336345559754,-0.0011467012018734155,0.0,0.0019651520361638644,0.0039892883429372816,0.005989316917838757,0.001860237970359284,0.0019921168031269447,0.0,1,0.0,0.003993877467277701,-0.001109483340657693,0.0,-0.0024706265189603895,0.005478485844027544,0.001818199001713898,-0.0017101882312263168,0.0,0.0019772229014921967,0.0,0.001992106105305992,0.0,-0.0017559977900553237,0.005923557340570757,0.003999945258466734,0.005915188351034308,-0.006941124603620754,0.0039522613634826835,0.0,-0.004828826760351964,0.0,-0.0016892040038878507,0.007997318305412067,0.0,-0.0031730999821429216,0.0019613725100465114,-0.0033686026987689616,-0.003702287996877793,0.005995498312529001,-0.00365924596810394,-0.0014969860450122613,0.00980738114232751,0.001852493894471445,0.0,0.0039058200692675435,-0.0010536009278155805,0.001985819384589166,0.005933834189230166,0.0019448361247477051,0.003998635452667307,0.0019621507963117416,0.0,0.0,0.0,-0.003160732606818663,0.0,-0.0014555981242326019,0.005987270516657694,-0.002586247101687011,0.003959961162738411,0.0,0.0,-0.0054018673294030164,0.0019360108927446427,0.0,0.0,-0.0040929580236547455,-0.003706546784451036,-0.004158192010645843,0.001961938440337238,0.0019986406468863807,0.005917241970614008,0.0019934157877447784,0.007827405330787067,0.0,0.0,agent49,-0.1641841415863578
-0.40397094272079564,-0.0010228718027126145,-0.0011167219560736974,-0.004984006000182423,0.0,-0.0020862511871884183,-0.00338668935294917,-0.0025785370445724288,0.0019376777478743979,0.001999758646539574,-0.004927027429373142,-0.0027025257437071296,0.0,-0.0014776616971385692,-0.0036361672282673686,0.0019984158056982,-0.00419619242980796,0.0039999899706880905,0.0,-0.0031691269032883542,-0.008142105445584384,0.009400709860537771,-0.0034226617215907533,0.003932317097107037,-0.005478336345559754,-0.0011467012018734155,0.0,0.0019651520361638644,0.0039892883429372816,0.005989316917838757,0.001860237970359284,0.0019921168031269447,0.0,1,0.0,0.003993877467277701,-0.001109483340657693,0.0,-0.0024706265189603895,0.005478485844027544,0.001818199001713898,-0.0017101882312263168,0.0,0.0019772229014921967,0.0,0.001992106105305992,0.0,-0.0017559977900553237,0.005923557340570757,0.005999914200931185,0.005915188351034308,-0.006941124603620754,0.0039522613634826835,0.0,-0.004828826760351964,0.0,-0.0016892040038878507,0.007997318305412067,0.0,-0.0031730999821429216,0.0019613725100465114,-0.0033686026987689616,-0.003702287996877793,0.005995498312529001,-0.00365924596810394,-0.0014969860450122613,0.00980738114232751,0.001852493894471445,0.0,0.0039058200692675435,-0.0010536009278155805,0.001985819384589166,0.005933834189230166,0.0019448361247477051,0.003998635452667307,0.0019621507963117416,0.0,0.0,0.0,-0.003160732606818663,0.0,-0.0014555981242326019,0.005987270516657694,-0.002586247101687011,0.003959961162738411,0.0,0.0,-0.0054018673294030164,0.0019360108927446427,0.0,0.0,-0.0040929580236547455,-0.003706546784451036,-0.004158192010645843,0.001961938440337238,0.0019986406468863807,0.005917241970614008,0.0019934157877447784,0.007827405330787067,0.0,0.0,agent48,-0.39508563126680185
-0.40297094272079564,-0.0010228718027126145,-0.0011167219560736974,-0.004984006000182423,0.0,-0.0020862511871884183,-0.00338668935294917,-0.0025785370445724288,0.0019376777478743979,0.001999758646539574,-0.004927027429373142,-0.0027025257437071296,0.0,-0.0014776616971385692,-0.0036361672282673686,0.0019984158056982,-0.00419619242980796,0.0039999899706880905,0.0,-0.0031691269032883542,-0.008142105445584384,0.009400709860537771,-0.0034226617215907533,0.003932317097107037,-0.005478336345559754,-0.0011467012018734155,0.0,0.0019651520361638644,0.0039892883429372816,0.005989316917838757,0.001860237970359284,0.0019921168031269447,-0.0015428615812272924,1,0.0,0.003993877467277701,-0.001109483340657693,0.0,-0.0024706265189603895,0.005478485844027544,0.001818199001713898,-0.0017101882312263168,0.0,0.0019772229014921967,0.0,0.001992106105305992,0.0,-0.0017559977900553237,0.005923557340570757,0.005999914200931185,0.005915188351034308,-0.006941124603620754,0.0039522613634826835,0.0,-0.004828826760351964,0.0,-0.0016892040038878507,0.007997318305412067,0.0,-0.0031730999821429216,0.0019613725100465114,-0.0033686026987689616,-0.003702287996877793,0.005995498312529001,-0.00365924596810394,-0.0014969860450122613,0.00980738114232751,0.001852493894471445,0.0,0.0039058200692675435,-0.0010536009278155805,0.001985819384589166,0.005933834189230166,0.0019448361247477051,0.003998635452667307,0.0019621507963117416,0.0,0.0,0.0,-0.003160732606818663,0.0,-0.0014555981242326019,0.005987270516657694,-0.002586247101687011,0.003959961162738411,0.0,0.0,-0.0054018673294030164,0.0019360108927446427,0.0,0.0,-0.0040929580236547455,-0.003706546784451036,-0.004158192010645843,0.001961938440337238,0.0019986406468863807,0.005917241970614008,0.0019934157877447784,0.007827405330787067,0.0,0.0,agent31,0.552207302976844
-0.4039727952146901,-0.0010228718027126145,-0.0011167219560736974,-0.004984006000182423,0.0,-0.0020862511871884183,-0.00338668935294917,-0.0025785370445724288,0.0019376777478743979,0.001999758646539574,-0.004927027429373142,-0.0027025257437071296,0.0,-0.0014776616971385692,-0.0036361672282673686,0.0019984158056982,-0.00419619242980796,0.0039999899706880905,0.0,-0.0031691269032883542,-0.008142105445584384,0.009400709860537771,-0.0034226617215907533,0.003932317097107037,-0.005478336345559754,-0.0011467012018734155,0.0,0.0019651520361638644,0.0039892883429372816,0.005989316917838757,0.001860237970359284,0.0019921168031269447,-0.0015428615812272924,1,0.0,0.003993877467277701,-0.001109483340657693,0.0,-0.0024706265189603895,0.005478485844027544,0.001818199001713898,-0.0017101882312263168,0.0,0.0019772229014921967,0.0,0.001992106105305992,0.0,-0.0017559977900553237,0.005923557340570757,0.005999914200931185,0.005915188351034308,-0.006941124603620754,0.0039522613634826835,0.0,-0.004828826760351964,0.0,-0.0016892040038878507,0.007997318305412067,0.0,-0.0031730999821429216,0.0019613725100465114,-0.0033686026987689616,-0.003702287996877793,0.005995498312529001,-0.00365924596810394,-0.0014969860450122613,0.00980738114232751,0.003704458941606829,0.0,0.0039058200692675435,-0.0010536009278155805,0.001985819384589166,0.005933834189230166,0.0019448361247477051,0.003998635452667307,0.0019621507963117416,0.0,0.0,0.0,-0.003160732606818663,0.0,-0.0014555981242326019,0.005987270516657694,-0.002586247101687011,0.003959961162738411,0.0,0.0,-0.0054018673294030164,0.0019360108927446427,0.0,0.0,-0.0040929580236547455,-0.003706546784451036,-0.004158192010645843,0.001961938440337238,0.0019986406468863807,0.005917241970614008,0.0019934157877447784,0.007827405330787067,0.0,0.0,agent66,-0.9470940039204038
-0.4049743380762713,-0.0010228718027126145,-0.0011167219560736974,-0.004984006000182423,0.0,-0.0020862511871884183,-0.00338668935294917,-0.0025785370445724288,0.0019376777478743979,0.001999758646539574,-0.004927027429373142,-0.0027025257437071296,0.0,-0.0014776616971385692,-0.0036361672282673686,0.0019984158056982,-0.00419619242980796,0.0039999899706880905,0.0,-0.0031691269032883542,-0.008142105445584384,0.009400709860537771,-0.0034226617215907533,0.003932317097107037,-0.005478336345559754,-0.0011467012018734155,0.0,0.0019651520361638644,0.0039892883429372816,0.005989316917838757,0.001860237970359284,0.0019921168031269447,-0.0030847637549908883,1,0.0,0.003993877467277701,-0.001109483340657693,0.0,-0.0024706265189603895,0.005478485844027544,0.001818199001713898,-0.0017101882312263168,0.0,0.0019772229014921967,0.0,0.001992106105305992,0.0,-0.0017559977900553237,0.005923557340570757,0.005999914200931185,0.005915188351034308,-0.006941124603620754,0.0039522613634826835,0.0,-0.004828826760351964,0.0,-0.0016892040038878507,0.007997318305412067,0.0,-0.0031730999821429216,0.0019613725100465114,-0.0033686026987689616,-0.003702287996877793,0.005995498312529001,-0.00365924596810394,-0.0014969860450122613,0.00980738114232751,0.003704458941606829,0.0,0.0039058200692675435,-0.0010536009278155805,0.001985819384589166,0.005933834189230166,0.0019448361247477051,0.003998635452667307,0.0019621507963117416,0.0,0.0,0.0,-0.003160732606818663,0.0,-0.0014555981242326019,0.005987270516657694,-0.002586247101687011,0.003959961162738411,0.0,0.0,-0.0054018673294030164,0.0019360108927446427,0.0,0.0,-0.0040929580236547455,-0.003706546784451036,-0.004158192010645843,0.001961938440337238,0.0019986406468863807,0.005917241970614008,0.0019934157877447784,0.007827405330787067,0.0,0.0,agent31,0.5532083017950702
-0.4059777066789701,-0.0010228718027126145,-0.0011167219560736974,-0.004984006000182423,0.0,-0.0020862511871884183,-0.00338668935294917,-0.0025785370445724288,0.0019376777478743979,0.001999758646539574,-0.004927027429373142,-0.0027025257437071296,0.0,-0.0014776616971385692,-0.0036361672282673686,0.0019984158056982,-0.00419619242980796,0.0039999899706880905,0.0,-0.0031691269032883542,-0.008142105445584384,0.009400709860537771,-0.0034226617215907533,0.003932317097107037,-0.005478336345559754,-0.0011467012018734155,0.0,0.0019651520361638644,0.0039892883429372816,0.005989316917838757,0.001860237970359284,0.0019921168031269447,-0.0030847637549908883,1,0.0,0.003993877467277701,-0.001109483340657693,0.0,-0.0024706265189603895,0.005478485844027544,0.001818199001713898,-0.0017101882312263168,0.0,0.0019772229014921967,0.0,0.001992106105305992,0.0,-0.0017559977900553237,0.005923557340570757,0.005999914200931185,0.005915188351034308,-0.006941124603620754,0.0039522613634826835,0.0,-0.004828826760351964,0.0,-0.0016892040038878507,0.007997318305412067,0.0,-0.0031730999821429216,0.0019613725100465114,-0.004964969672033152,-0.003702287996877793,0.005995498312529001,-0.00365924596810394,-0.0014969860450122613,0.00980738114232751,0.003704458941606829,0.0,0.0039058200692675435,-0.0010536009278155805,0.001985819384589166,0.005933834189230166,0.0019448361247477051,0.003998635452667307,0.0019621507963117416,0.0,0.0,0.0,-0.003160732606818663,0.0,-0.0014555981242326019,0.005987270516657694,-0.002586247101687011,0.003959961162738411,0.0,0.0,-0.0054018673294030164,0.0019360108927446427,0.0,0.0,-0.0040929580236547455,-0.003706546784451036,-0.004158192010645843,0.001961938440337238,0.0019986406468863807,0.005917241970614008,0.0019934157877447784,0.007827405330787067,0.0,0.0,agent60,0.49350551894425165
-0.4069836218673211,-0.0010228718027126145,-0.0011167219560736974,-0.004984006000182423,0.0,-0.0020862511871884183,-0.00338668935294917,-0.0025785370445724288,0.0019376777478743979,0.001999758646539574,-0.004927027429373142,-0.0027025257437071296,0.0,-0.0014776616971385692,-0.0036361672282673686,0.0019984158056982,-0.00419619242980796,0.0039999899706880905,0.0,-0.0031691269032883542,-0.008142105445584384,0.009400709860537771,-0.0034226617215907533,0.003932317097107037,-0.005478336345559754,-0.0011467012018734155,0.0,0.0019651520361638644,0.0039892883429372816,0.005989316917838757,0.001860237970359284,0.0019921168031269447,-0.0030847637549908883,1,0.0,0.003993877467277701,-0.001109483340657693,0.0,-0.0024706265189603895,0.005478485844027544,0.001818199001713898,-0.0017101882312263168,0.0,0.0019772229014921967,0.0,0.001992106105305992,0.0,-0.0017559977900553237,0.005923557340570757,0.005999914200931185,0.00788667981206279,-0.006941124603620754,0.0039522613634826835,0.0,-0.004828826760351964,0.0,-0.0016892040038878507,0.007997318305412067,0.0,-0.0031730999821429216,0.0019613725100465114,-0.004964969672033152,-0.003702287996877793,0.005995498312529001,-0.00365924596810394,-0.0014969860450122613,0.00980738114232751,0.003704458941606829,0.0,0.0039058200692675435,-0.0010536009278155805,0.001985819384589166,0.005933834189230166,0.0019448361247477051,0.003998635452667307,0.0019621507963117416,0.0,0.0,0.0,-0.003160732606818663,0.0,-0.0014555981242326019,0.005987270516657694,-0.002586247101687011,0.003959961162738411,0.0,0.0,-0.0054018673294030164,0.0019360108927446427,0.0,0.0,-0.0040929580236547455,-0.003706546784451036,-0.004158192010645843,0.001961938440337238,0.0019986406468863807,0.005917241970614008,0.0019934157877447784,0.007827405330787067,0.0,0.0,agent49,-0.16719521581534966
-0.4059836218673211,-0.0010228718027126145,-0.0011167219560736974,-0.004984006000182423,0.0,-0.0020862511871884183,-0.00338668935294917,-0.0025785370445724288,0.0019376777478743979,0.001999758646539574,-0.004927027429373142,-0.0027025257437071296,0.0,-0.0014776616971385692,-0.0036361672282673686,0.0019984158056982,-0.00419619242980796,0.0039999899706880905,0.0,-0.0031691269032883542,-0.008142105445584384,0.009400709860537771,-0.0034226617215907533,0.003932317097107037,-0.005478336345559754,-0.0011467012018734155,0.0,0.0019651520361638644,0.0039892883429372816,0.005989316917838757,0.001860237970359284,0.0019921168031269447,-0.0030847637549908883,1,0.0,0.003993877467277701,-0.001109483340657693,0.0,-0.0024706265189603895,0.005478485844027544,0.001818199001713898,-0.0017101882312263168,0.0,0.0019772229014921967,0.0018714972462149269,0.001992106105305992,0.0,-0.0017559977900553237,0.005923557340570757,0.005999914200931185,0.00788667981206279,-0.006941124603620754,0.0039522613634826835,0.0,-0.004828826760351964,0.0,-0.0016892040038878507,0.007997318305412067,0.0,-0.0031730999821429216,0.0019613725100465114,-0.004964969672033152,-0.003702287996877793,0.005995498312529001,-0.00365924596810394,-0.0014969860450122613,0.00980738114232751,0.003704458941606829,0.0,0.0039058200692675435,-0.0010536009278155805,0.001985819384589166,0.005933834189230166,0.0019448361247477051,0.003998635452667307,0.0019621507963117416,0.0,0.0,0.0,-0.003160732606818663,0.0,-0.0014555981242326019,0.005987270516657694,-0.002586247101687011,0.003959961162738411,0.0,0.0,-0.0054018673294030164,0.0019360108927446427,0.0,0.0,-0.0040929580236547455,-0.003706546784451036,-0.004158192010645843,0.001961938440337238,0.0019986406468863807,0.005917241970614008,0.0019934157877447784,0.007827405330787067,0.0,0.0,agent43,-0.9139407281101929
-0.4069917639727667,-0.0010228718027126145,-0.0011167219560736974,-0.004984006000182423,0.0,-0.0020862511871884183,-0.00338668935294917,-0.0025785370445724288,0.0019376777478743979,0.001999758646539574,-0.004927027429373142,-0.0027025257437071296,0.0,-0.0014776616971385692,-0.0036361672282673686,0.0019984158056982,-0.00419619242980796,0.0039999899706880905,0.0,-0.0031691269032883542,-0.009165560303508902,0.009400709860537771,-0.0034226617215907533,0.003932317097107037,-0.005478336345559754,-0.0011467012018734155,0.0,0.0019651520361638644,0.0039892883429372816,0.005989316917838757,0.001860237970359284,0.0019921168031269447,-0.0030847637549908883,1,0.0,0.003993877467277701,-0.001109483340657693,0.0,-0.0024706265189603895,0.005478485844027544,0.001818199001713898,-0.0017101882312263168,0.0,0.0019772229014921967,0.0018714972462149269,0.001992106105305992,0.0,-0.0017559977900553237,0.005923557340570757,0.005999914200931185,0.00788667981206279,-0.006941124603620754,0.0039522613634826835,0.0,-0.004828826760351964,0.0,-0.0016892040038878507,0.007997318305412067,0.0,-0.0031730999821429216,0.0019613725100465114,-0.004964969672033152,-0.003702287996877793,0.005995498312529001,-0.00365924596810394,-0.0014969860450122613,0.00980738114232751,0.003704458941606829,0.0,0.0039058200692675435,-0.0010536009278155805,0.001985819384589166,0.005933834189230166,0.0019448361247477051,0.003998635452667307,0.0019621507963117416,0.0,0.0,0.0,-0.003160732606818663,0.0,-0.0014555981242326019,0.005987270516657694,-0.002586247101687011,0.003959961162738411,0.0,0.0,-0.0054018673294030164,0.0019360108927446427,0.0,0.0,-0.0040929580236547455,-0.003706546784451036,-0.004158192010645843,0.001961938440337238,0.0019986406468863807,0.005917241970614008,0.0019934157877447784,0.007827405330787067,0.0,0.0,agent19,0.9915464436951206
-0.4059917639727667,-0.0010228718027126145,-0.0011167219560736974,-0.004984006000182423,0.0,-0.0020862511871884183,-0.00338668935294917,-0.0025785370445724288,0.0019376777478743979,0.001999758646539574,-0.004927027429373142,-0.0027025257437071296,0.0,-0.0014776616971385692,-0.0036361672282673686,0.0019984158056982,-0.00419619242980796,0.0039999899706880905,0.0,-0.0031691269032883542,-0.009165560303508902,0.009400709860537771,-0.0034226617215907533,0.003932317097107037,-0.005478336345559754,-0.0011467012018734155,0.0,0.0019651520361638644,0.0039892883429372816,0.005989316917838757,0.001860237970359284,0.0019921168031269447,-0.0030847637549908883,1,0.0,0.003993877467277701,-0.001109483340657693,0.0,-0.0024706265189603895,0.005478485844027544,0.001818199001713898,-0.0017101882312263168,0.0,0.0019772229014921967,0.0018714972462149269,0.001992106105305992,0.0,-0.0017559977900553237,0.005923557340570757,0.005999914200931185,0.00788667981206279,-0.006941124603620754,0.0039522613634826835,0.0,-0.004828826760351964,0.001995688417563186,-0.0016892040038878507,0.007997318305412067,0.0,-0.0031730999821429216,0.0019613725100465114,-0.004964969672033152,-0.003702287996877793,0.005995498312529001,-0.00365924596810394,-0.0014969860450122613,0.00980738114232751,0.003704458941606829,0.0,0.0039058200692675435,-0.0010536009278155805,0.001985819384589166,0.005933834189230166,0.0019448361247477051,0.003998635452667307,0.0019621507963117416,0.0,0.0,0.0,-0.003160732606818663,0.0,-0.0014555981242326019,0.005987270516657694,-0.002586247101687011,0.003959961162738411,0.0,0.0,-0.0054018673294030164,0.0019360108927446427,0.0,0.0,-0.0040929580236547455,-0.003706546784451036,-0.004158192010645843,0.001961938440337238,0.0019986406468863807,0.005917241970614008,0.0019934157877447784,0.007827405330787067,0.0,0.0,agent54,-0.314130766381594
-0.4049917639727667,-0.0010228718027126145,-0.0011167219560736974,-0.004984006000182423,0.0,-0.0020862511871884183,-0.00338668935294917,-0.0025785370445724288,0.0019376777478743979,0.001999758646539574,-0.004927027429373142,-0.0027025257437071296,0.0,-0.0014776616971385692,-0.0036361672282673686,0.0019984158056982,-0.00419619242980796,0.0039999899706880905,0.0,-0.0031691269032883542,-0.009165560303508902,0.009400709860537771,-0.0034226617215907533,0.003932317097107037,-0.005478336345559754,-0.0011467012018734155,0.0,0.0019651520361638644,0.0039892883429372816,0.005989316917838757,0.001860237970359284,0.0019921168031269447,-0.0030847637549908883,1,-0.0011912618026640419,0.003993877467277701,-0.001109483340657693,0.0,-0.0024706265189603895,0.005478485844027544,0.001818199001713898,-0.0017101882312263168,0.0,0.0019772229014921967,0.0018714972462149269,0.001992106105305992,0.0,-0.0017559977900553237,0.005923557340570757,0.005999914200931185,0.00788667981206279,-0.006941124603620754,0.0039522613634826835,0.0,-0.004828826760351964,0.001995688417563186,-0.0016892040038878507,0.007997318305412067,0.0,-0.0031730999821429216,0.0019613725100465114,-0.004964969672033152,-0.003702287996877793,0.005995498312529001,-0.00365924596810394,-0.0014969860450122613,0.00980738114232751,0.003704458941606829,0.0,0.0039058200692675435,-0.0010536009278155805,0.001985819384589166,0.005933834189230166,0.0019448361247477051,0.003998635452667307,0.0019621507963117416,0.0,0.0,0.0,-0.003160732606818663,0.0,-0.0014555981242326019,0.005987270516657694,-0.002586247101687011,0.003959961162738411,0.0,0.0,-0.0054018673294030164,0.0019360108927446427,0.0,0.0,-0.0040929580236547455,-0.003706546784451036,-0.004158192010645843,0.001961938440337238,0.0019986406468863807,0.005917241970614008,0.0019934157877447784,0.007827405330787067,0.0,0.0,agent33,0.8658086899789987
-0.40599724245861074,-0.0010228718027126145,-0.0011167219560736974,-0.004984006000182423,0.0,-0.0020862511871884183,-0.00338668935294917,-0.0025785370445724288,0.0019376777478743979,0.001999758646539574,-0.004927027429373142,-0.0027025257437071296,0.0,-0.0014776616971385692,-0.0036361672282673686,0.0019984158056982,-0.00419619242980796,0.0039999899706880905,0.0,-0.0031691269032883542,-0.009165560303508902,0.009400709860537771,-0.0034226617215907533,0.003932317097107037,-0.005478336345559754,-0.0011467012018734155,0.0,0.0019651520361638644,0.0039892883429372816,0.005989316917838757,0.001860237970359284,0.0019921168031269447,-0.0030847637549908883,1,-0.0011912618026640419,0.003993877467277701,-0.001109483340657693,0.0,-0.0024706265189603895,0.007305264540893213,0.001818199001713898,-0.0017101882312263168,0.0,0.0019772229014921967,0.0018714972462149269,0.001992106105305992,0.0,-0.0017559977900553237,0.005923557340570757,0.005999914200931185,0.00788667981206279,-0.006941124603620754,0.0039522613634826835,0.0,-0.004828826760351964,0.001995688417563186,-0.0016892040038878507,0.007997318305412067,0.0,-0.0031730999821429216,0.0019613725100465114,-0.004964969672033152,-0.003702287996877793,0.005995498312529001,-0.00365924596810394,-0.0014969860450122613,0.00980738114232751,0.003704458941606829,0.0,0.0039058200692675435,-0.0010536009278155805,0.001985819384589166,0.005933834189230166,0.0019448361247477051,0.003998635452667307,0.0019621507963117416,0.0,0.0,0.0,-0.003160732606818663,0.0,-0.0014555981242326019,0.005987270516657694,-0.002586247101687011,0.003959961162738411,0.0,0.0,-0.0054018673294030164,0.0019360108927446427,0.0,0.0,-0.0040929580236547455,-0.003706546784451036,-0.004158192010645843,0.001961938440337238,0.0019986406468863807,0.005917241970614008,0.0019934157877447784,0.007827405330787067,0.0,0.0,agent38,-0.9935855171409965
-0.40700220742828275,-0.0010228718027126145,-0.0011167219560736974,-0.004984006000182423,0.0,-0.0020862511871884183,-0.00338668935294917,-0.0025785370445724288,0.0019376777478743979,0.001999758646539574,-0.004927027429373142,-0.0027025257437071296,0.0,-0.0014776616971385692,-0.0036361672282673686,0.0019984158056982,-0.00419619242980796,0.0039999899706880905,0.0,-0.0031691269032883542,-0.009165560303508902,0.009400709860537771,-0.0034226617215907533,0.003932317097107037,-0.005478336345559754,-0.0011467012018734155,0.0,0.0019651520361638644,0.0039892883429372816,0.005989316917838757,0.001860237970359284,0.0019921168031269447,-0.0030847637549908883,1,-0.0011912618026640419,0.003993877467277701,-0.001109483340657693,0.0,-0.0024706265189603895,0.007305264540893213,0.001818199001713898,-0.0017101882312263168,0.0,0.0019772229014921967,0.0018714972462149269,0.001992106105305992,0.0,-0.0017559977900553237,0.005923557340570757,0.005999914200931185,0.00788667981206279,-0.006941124603620754,0.0039522613634826835,0.0,-0.004828826760351964,0.001995688417563186,-0.0016892040038878507,0.007997318305412067,0.0,-0.0031730999821429216,0.0019613725100465114,-0.006554982437968185,-0.003702287996877793,0.005995498312529001,-0.00365924596810394,-0.0014969860450122613,0.00980738114232751,0.003704458941606829,0.0,0.0039058200692675435,-0.0010536009278155805,0.001985819384589166,0.005933834189230166,0.0019448361247477051,0.003998635452667307,0.0019621507963117416,0.0,0.0,0.0,-0.003160732606818663,0.0,-0.0014555981242326019,0.005987270516657694,-0.002586247101687011,0.003959961162738411,0.0,0.0,-0.0054018673294030164,0.0019360108927446427,0.0,0.0,-0.0040929580236547455,-0.003706546784451036,-0.004158192010645843,0.001961938440337238,0.0019986406468863807,0.005917241970614008,0.0019934157877447784,0.007827405330787067,0.0,0.0,agent60,0.49952717362851723
-0.4080039634260728,-0.0010228718027126145,-0.0011167219560736974,-0.004984006000182423,0.0,-0.0020862511871884183,-0.00338668935294917,-0.0025785370445724288,0.0019376777478743979,0.001999758646539574,-0.004927027429373142,-0.0027025257437071296,0.0,-0.0014776616971385692,-0.0036361672282673686,0.0019984158056982,-0.00419619242980796,0.0039999899706880905,0.0,-0.0031691269032883542,-0.009165560303508902,0.009400709860537771,-0.0034226617215907533,0.003932317097107037,-0.005478336345559754,-0.0011467012018734155,0.0,0.0019651520361638644,0.0039892883429372816,0.005989316917838757,0.001860237970359284,0.0019921168031269447,-0.0030847637549908883,1,-0.0011912618026640419,0.003993877467277701,-0.001109483340657693,0.0,-0.0024706265189603895,0.007305264540893213,0.001818199001713898,-0.0017101882312263168,0.0,0.0019772229014921967,0.0018714972462149269,0.001992106105305992,0.0,-0.0034279749459698674,0.005923557340570757,0.005999914200931185,0.00788667981206279,-0.006941124603620754,0.0039522613634826835,0.0,-0.004828826760351964,0.001995688417563186,-0.0016892040038878507,0.007997318305412067,0.0,-0.0031730999821429216,0.0019613725100465114,-0.006554982437968185,-0.003702287996877793,0.005995498312529001,-0.00365924596810394,-0.0014969860450122613,0.00980738114232751,0.003704458941606829,0.0,0.0039058200692675435,-0.0010536009278155805,0.001985819384589166,0.005933834189230166,0.0019448361247477051,0.003998635452667307,0.0019621507963117416,0.0,0.0,0.0,-0.003160732606818663,0.0,-0.0014555981242326019,0.005987270516657694,-0.002586247101687011,0.003959961162738411,0.0,0.0,-0.0054018673294030164,0.0019360108927446427,0.0,0.0,-0.0040929580236547455,-0.003706546784451036,-0.004158192010645843,0.001961938440337238,0.0019986406468863807,0.005917241970614008,0.0019934157877447784,0.007827405330787067,0.0,0.0,agent46,0.40296426605744917
-0.4070039634260728,-0.0010228718027126145,-0.0011167219560736974,-0.004984006000182423,0.0,-0.0020862511871884183,-0.00338668935294917,-0.0025785370445724288,0.0019376777478743979,0.001999758646539574,-0.004927027429373142,-0.0027025257437071296,0.0,-0.0014776616971385692,-0.0036361672282673686,0.0019984158056982,-0.00419619242980796,0.0039999899706880905,0.0,-0.0031691269032883542,-0.009165560303508902,0.009400709860537771,-0.0034226617215907533,0.003932317097107037,-0.005478336345559754,-0.0011467012018734155,0.0,0.0019651520361638644,0.0039892883429372816,0.005989316917838757,0.001860237970359284,0.0019921168031269447,-0.0030847637549908883,1,-0.0011912618026640419,0.003993877467277701,-0.001109483340657693,0.0,-0.0024706265189603895,0.007305264540893213,0.001818199001713898,-0.0017101882312263168,0.0,0.0019772229014921967,0.0018714972462149269,0.001992106105305992,0.0,-0.0034279749459698674,0.005923557340570757,0.005999914200931185,0.00788667981206279,-0.006941124603620754,0.0039522613634826835,0.0,-0.004828826760351964,0.001995688417563186,-0.0016892040038878507,0.007997318305412067,0.0,-0.0031730999821429216,0.0019613725100465114,-0.006554982437968185,-0.003702287996877793,0.005995498312529001,-0.00365924596810394,-0.0014969860450122613,0.00980738114232751,0.003704458941606829,0.0,0.0039058200692675435,-0.0010536009278155805,0.001985819384589166,0.005933834189230166,0.0019448361247477051,0.003998635452667307,0.0019621507963117416,0.0,0.0,0.0,-0.003160732606818663,0.0,-0.0014555981242326019,0.005987270516657694,-0.002586247101687011,0.003959961162738411,-0.0017652248963556643,0.0,-0.0054018673294030164,0.0019360108927446427,0.0,0.0,-0.0040929580236547455,-0.003706546784451036,-0.004158192010645843,0.001961938440337238,0.0019986406468863807,0.005917241970614008,0.0019934157877447784,0.007827405330787067,0.0,0.0,agent84,0.27723337304113355
-0.4060039634260728,-0.0010228718027126145,-0.0011167219560736974,-0.004984006000182423,0.0,-0.0020862511871884183,-0.00338668935294917,-0.0025785370445724288,0.0019376777478743979,0.001999758646539574,-0.004927027429373142,-0.0027025257437071296,0.0,-0.0014776616971385692,-0.0036361672282673686,0.0019984158056982,-0.00419619242980796,0.0039999899706880905,0.0,-0.0031691269032883542,-0.009165560303508902,0.009400709860537771,-0.0034226617215907533,0.003932317097107037,-0.005478336345559754,-0.0011467012018734155,0.0,0.0019651520361638644,0.0039892883429372816,0.005989316917838757,0.001860237970359284,0.0019921168031269447,-0.0030847637549908883,1,-0.0011912618026640419,0.003993877467277701,-0.001109483340657693,-0.001796728140147461,-0.0024706265189603895,0.007305264540893213,0.001818199001713898,-0.0017101882312263168,0.0,0.0019772229014921967,0.0018714972462149269,0.001992106105305992,0.0,-0.0034279749459698674,0.005923557340570757,0.005999914200931185,0.00788667981206279,-0.006941124603620754,0.0039522613634826835,0.0,-0.004828826760351964,0.001995688417563186,-0.0016892040038878507,0.007997318305412067,0.0,-0.0031730999821429216,0.0019613725100465114,-0.006554982437968185,-0.003702287996877793,0.005995498312529001,-0.00365924596810394,-0.0014969860450122613,0.00980738114232751,0.003704458941606829,0.0,0.0039058200692675435,-0.0010536009278155805,0.001985819384589166,0.005933834189230166,0.0019448361247477051,0.003998635452667307,0.0019621507963117416,0.0,0.0,0.0,-0.003160732606818663,0.0,-0.0014555981242326019,0.005987270516657694,-0.002586247101687011,0.003959961162738411,-0.0017652248963556643,0.0,-0.0054018673294030164,0.0019360108927446427,0.0,0.0,-0.0040929580236547455,-0.003706546784451036,-0.004158192010645843,0.001961938440337238,0.0019986406468863807,0.005917241970614008,0.0019934157877447784,0.007827405330787067,0.0,0.0,agent36,0.23060384683433974
-0.4070057286509692,-0.0010228718027126145,-0.0011167219560736974,-0.004984006000182423,0.0,-0.0020862511871884183,-0.00338668935294917,-0.0025785370445724288,0.0019376777478743979,0.001999758646539574,-0.004927027429373142,-0.0027025257437071296,0.0,-0.0014776616971385692,-0.0036361672282673686,0.0019984158056982,-0.00419619242980796,0.0039999899706880905,0.0,-0.0031691269032883542,-0.009165560303508902,0.009400709860537771,-0.0034226617215907533,0.003932317097107037,-0.005478336345559754,-0.0011467012018734155,0.0,0.0019651520361638644,0.0039892883429372816,0.005989316917838757,0.001860237970359284,0.0019921168031269447,-0.0030847637549908883,1,-0.0011912618026640419,0.003993877467277701,-0.001109483340657693,-0.001796728140147461,-0.0024706265189603895,0.007305264540893213,0.001818199001713898,-0.0017101882312263168,0.0,0.0019772229014921967,0.0018714972462149269,0.001992106105305992,0.0,-0.0034279749459698674,0.005923557340570757,0.005999914200931185,0.00788667981206279,-0.006941124603620754,0.0039522613634826835,0.0,-0.004828826760351964,0.001995688417563186,-0.0016892040038878507,0.007997318305412067,0.0,-0.0031730999821429216,0.0019613725100465114,-0.006554982437968185,-0.003702287996877793,0.005995498312529001,-0.00365924596810394,-0.0014969860450122613,0.00980738114232751,0.003704458941606829,0.0,0.0039058200692675435,-0.0010536009278155805,0.001985819384589166,0.005933834189230166,0.0019448361247477051,0.003998635452667307,0.0019621507963117416,0.0,0.0,0.0,-0.003160732606818663,0.0,-0.0014555981242326019,0.005987270516657694,-0.002586247101687011,0.003959961162738411,-0.003531134530047796,0.0,-0.0054018673294030164,0.0019360108927446427,0.0,0.0,-0.0040929580236547455,-0.003706546784451036,-0.004158192010645843,0.001961938440337238,0.0019986406468863807,0.005917241970614008,0.0019934157877447784,0.007827405330787067,0.0,0.0,agent84,0.27823337304113355
-0.4080097225284365,-0.0010228718027126145,-0.0011167219560736974,-0.004984006000182423,0.0,-0.0020862511871884183,-0.00338668935294917,-0.0025785370445724288,0.0019376777478743979,0.001999758646539574,-0.004927027429373142,-0.0027025257437071296,0.0,-0.0014776616971385692,-0.0036361672282673686,0.0019984158056982,-0.00419619242980796,0.0039999899706880905,0.0,-0.0031691269032883542,-0.009165560303508902,0.009400709860537771,-0.0034226617215907533,0.003932317097107037,-0.005478336345559754,-0.0011467012018734155,0.0,0.0019651520361638644,0.0039892883429372816,0.005989316917838757,0.001860237970359284,0.0019921168031269447,-0.0030847637549908883,1,-0.0011912618026640419,0.0059908558476265,-0.001109483340657693,-0.001796728140147461,-0.0024706265189603895,0.007305264540893213,0.001818199001713898,-0.0017101882312263168,0.0,0.0019772229014921967,0.0018714972462149269,0.001992106105305992,0.0,-0.0034279749459698674,0.005923557340570757,0.005999914200931185,0.00788667981206279,-0.006941124603620754,0.0039522613634826835,0.0,-0.004828826760351964,0.001995688417563186,-0.0016892040038878507,0.007997318305412067,0.0,-0.0031730999821429216,0.0019613725100465114,-0.006554982437968185,-0.003702287996877793,0.005995498312529001,-0.00365924596810394,-0.0014969860450122613,0.00980738114232751,0.003704458941606829,0.0,0.0039058200692675435,-0.0010536009278155805,0.001985819384589166,0.005933834189230166,0.0019448361247477051,0.003998635452667307,0.0019621507963117416,0.0,0.0,0.0,-0.003160732606818663,0.0,-0.0014555981242326019,0.005987270516657694,-0.002586247101687011,0.003959961162738411,-0.003531134530047796,0.0,-0.0054018673294030164,0.0019360108927446427,0.0,0.0,-0.0040929580236547455,-0.003706546784451036,-0.004158192010645843,0.001961938440337238,0.0019986406468863807,0.005917241970614008,0.0019934157877447784,0.007827405330787067,0.0,0.0,agent34,-0.4847440030233847
-0.40901381548646015,-0.0010228718027126145,-0.0011167219560736974,-0.004984006000182423,0.0,-0.0020862511871884183,-0.00338668935294917,-0.0025785370445724288,0.0019376777478743979,0.001999758646539574,-0.004927027429373142,-0.0027025257437071296,0.0,-0.0014776616971385692,-0.0036361672282673686,0.0019984158056982,-0.00419619242980796,0.0039999899706880905,0.0,-0.0031691269032883542,-0.009165560303508902,0.009400709860537771,-0.0034226617215907533,0.003932317097107037,-0.005478336345559754,-0.0011467012018734155,0.0,0.0019651520361638644,0.0039892883429372816,0.005989316917838757,0.001860237970359284,0.0019921168031269447,-0.0030847637549908883,1,-0.0011912618026640419,0.0059908558476265,-0.001109483340657693,-0.001796728140147461,-0.0024706265189603895,0.007305264540893213,0.001818199001713898,-0.0017101882312263168,0.0,0.0019772229014921967,0.0018714972462149269,0.001992106105305992,0.0,-0.0034279749459698674,0.005923557340570757,0.005999914200931185,0.00788667981206279,-0.006941124603620754,0.0039522613634826835,0.0,-0.004828826760351964,0.001995688417563186,-0.0016892040038878507,0.007997318305412067,0.0,-0.0031730999821429216,0.0019613725100465114,-0.006554982437968185,-0.003702287996877793,0.005995498312529001,-0.00365924596810394,-0.0014969860450122613,0.00980738114232751,0.003704458941606829,0.0,0.0039058200692675435,-0.0010536009278155805,0.001985819384589166,0.005933834189230166,0.0019448361247477051,0.003998635452667307,0.0019621507963117416,0.0,0.0,0.0,-0.003160732606818663,0.0,-0.0014555981242326019,0.005987270516657694,-0.002586247101687011,0.003959961162738411,-0.003531134530047796,0.0,-0.0054018673294030164,0.0019360108927446427,0.0,0.0,-0.005266180366398916,-0.003706546784451036,-0.004158192010645843,0.001961938440337238,0.0019986406468863807,0.005917241970614008,0.0019934157877447784,0.007827405330787067,0.0,0.0,agent90,0.8778966949497792
-0.4100178047748031,-0.0010228718027126145,-0.0011167219560736974,-0.004984006000182423,0.0,-0.0020862511871884183,-0.00338668935294917,-0.0025785370445724288,0.0019376777478743979,0.001999758646539574,-0.004927027429373142,-0.0027025257437071296,0.0,-0.0014776616971385692,-0.0036361672282673686,0.0019984158056982,-0.00419619242980796,0.0039999899706880905,0.0,-0.0031691269032883542,-0.009165560303508902,0.009400709860537771,-0.0034226617215907533,0.003932317097107037,-0.005478336345559754,-0.0011467012018734155,0.0,0.0019651520361638644,0.00598388144367479,0.005989316917838757,0.001860237970359284,0.0019921168031269447,-0.0030847637549908883,1,-0.0011912618026640419,0.0059908558476265,-0.001109483340657693,-0.001796728140147461,-0.0024706265189603895,0.007305264540893213,0.001818199001713898,-0.0017101882312263168,0.0,0.0019772229014921967,0.0018714972462149269,0.001992106105305992,0.0,-0.0034279749459698674,0.005923557340570757,0.005999914200931185,0.00788667981206279,-0.006941124603620754,0.0039522613634826835,0.0,-0.004828826760351964,0.001995688417563186,-0.0016892040038878507,0.007997318305412067,0.0,-0.0031730999821429216,0.0019613725100465114,-0.006554982437968185,-0.003702287996877793,0.005995498312529001,-0.00365924596810394,-0.0014969860450122613,0.00980738114232751,0.003704458941606829,0.0,0.0039058200692675435,-0.0010536009278155805,0.001985819384589166,0.005933834189230166,0.0019448361247477051,0.003998635452667307,0.0019621507963117416,0.0,0.0,0.0,-0.003160732606818663,0.0,-0.0014555981242326019,0.005987270516657694,-0.002586247101687011,0.003959961162738411,-0.003531134530047796,0.0,-0.0054018673294030164,0.0019360108927446427,0.0,0.0,-0.005266180366398916,-0.003706546784451036,-0.004158192010645843,0.001961938440337238,0.0019986406468863807,0.005917241970614008,0.0019934157877447784,0.007827405330787067,0.0,0.0,agent27,-0.3050244000395864
-0.4110205073005468,-0.0010228718027126145,-0.0011167219560736974,-0.004984006000182423,0.0,-0.0020862511871884183,-0.00338668935294917,-0.0025785370445724288,0.0019376777478743979,0.001999758646539574,-0.004927027429373142,-0.0039730341278062025,0.0,-0.0014776616971385692,-0.0036361672282673686,0.0019984158056982,-0.00419619242980796,0.0039999899706880905,0.0,-0.0031691269032883542,-0.009165560303508902,0.009400709860537771,-0.0034226617215907533,0.003932317097107037,-0.005478336345559754,-0.0011467012018734155,0.0,0.0019651520361638644,0.00598388144367479,0.005989316917838757,0.001860237970359284,0.0019921168031269447,-0.0030847637549908883,1,-0.0011912618026640419,0.0059908558476265,-0.001109483340657693,-0.001796728140147461,-0.0024706265189603895,0.007305264540893213,0.001818199001713898,-0.0017101882312263168,0.0,0.0019772229014921967,0.0018714972462149269,0.001992106105305992,0.0,-0.0034279749459698674,0.005923557340570757,0.005999914200931185,0.00788667981206279,-0.006941124603620754,0.0039522613634826835,0.0,-0.004828826760351964,0.001995688417563186,-0.0016892040038878507,0.007997318305412067,0.0,-0.0031730999821429216,0.0019613725100465114,-0.006554982437968185,-0.003702287996877793,0.005995498312529001,-0.00365924596810394,-0.0014969860450122613,0.00980738114232751,0.003704458941606829,0.0,0.0039058200692675435,-0.0010536009278155805,0.001985819384589166,0.005933834189230166,0.0019448361247477051,0.003998635452667307,0.0019621507963117416,0.0,0.0,0.0,-0.003160732606818663,0.0,-0.0014555981242326019,0.005987270516657694,-0.002586247101687011,0.003959961162738411,-0.003531134530047796,0.0,-0.0054018673294030164,0.0019360108927446427,0.0,0.0,-0.005266180366398916,-0.003706546784451036,-0.004158192010645843,0.001961938440337238,0.0019986406468863807,0.005917241970614008,0.0019934157877447784,0.007827405330787067,0.0,0.0,agent10,0.7978659776322027
-0.41202230402868695,-0.0010228718027126145,-0.0011167219560736974,-0.004984006000182423,0.0,-0.0020862511871884183,-0.00338668935294917,-0.0025785370445724288,0.0019376777478743979,0.001999758646539574,-0.004927027429373142,-0.0039730341278062025,0.0,-0.0014776616971385692,-0.0036361672282673686,0.0019984158056982,-0.00419619242980796,0.0039999899706880905,0.0,-0.0031691269032883542,-0.009165560303508902,0.009400709860537771,-0.0034226617215907533,0.003932317097107037,-0.005478336345559754,-0.0011467012018734155,0.0,0.0019651520361638644,0.00598388144367479,0.005989316917838757,0.001860237970359284,0.0019921168031269447,-0.0030847637549908883,1,-0.0011912618026640419,0.0059908558476265,-0.001109483340657693,-0.0035876545853989563,-0.0024706265189603895,0.007305264540893213,0.001818199001713898,-0.0017101882312263168,0.0,0.0019772229014921967,0.0018714972462149269,0.001992106105305992,0.0,-0.0034279749459698674,0.005923557340570757,0.005999914200931185,0.00788667981206279,-0.006941124603620754,0.0039522613634826835,0.0,-0.004828826760351964,0.001995688417563186,-0.0016892040038878507,0.007997318305412067,0.0,-0.0031730999821429216,0.0019613725100465114,-0.006554982437968185,-0.003702287996877793,0.005995498312529001,-0.00365924596810394,-0.0014969860450122613,0.00980738114232751,0.003704458941606829,0.0,0.0039058200692675435,-0.0010536009278155805,0.001985819384589166,0.005933834189230166,0.0019448361247477051,0.003998635452667307,0.0019621507963117416,0.0,0.0,0.0,-0.003160732606818663,0.0,-0.0014555981242326019,0.005987270516657694,-0.002586247101687011,0.003959961162738411,-0.003531134530047796,0.0,-0.0054018673294030164,0.0019360108927446427,0.0,0.0,-0.005266180366398916,-0.003706546784451036,-0.004158192010645843,0.001961938440337238,0.0019986406468863807,0.005917241970614008,0.0019934157877447784,0.007827405330787067,0.0,0.0,agent36,0.23562244634312293
-0.41102230402868695,-0.0010228718027126145,-0.0011167219560736974,-0.004984006000182423,0.0,-0.0020862511871884183,-0.00338668935294917,-0.0025785370445724288,0.0019376777478743979,0.001999758646539574,-0.004927027429373142,-0.0039730341278062025,0.0,-0.0014776616971385692,-0.0036361672282673686,0.0019984158056982,-0.00419619242980796,0.0039999899706880905,0.0,-0.0031691269032883542,-0.009165560303508902,0.009400709860537771,-0.0034226617215907533,0.003932317097107037,-0.005478336345559754,-0.0011467012018734155,0.0,0.0019651520361638644,0.00598388144367479,0.005989316917838757,0.001860237970359284,0.0019921168031269447,-0.0030847637549908883,1,-0.0011912618026640419,0.0059908558476265,-0.001109483340657693,-0.0035876545853989563,-0.0024706265189603895,0.007305264540893213,0.001818199001713898,-0.0017101882312263168,0.0,0.0019772229014921967,0.0018714972462149269,0.001992106105305992,-0.0012981046821852042,-0.0034279749459698674,0.005923557340570757,0.005999914200931185,0.00788667981206279,-0.006941124603620754,0.0039522613634826835,0.0,-0.004828826760351964,0.001995688417563186,-0.0016892040038878507,0.007997318305412067,0.0,-0.0031730999821429216,0.0019613725100465114,-0.006554982437968185,-0.003702287996877793,0.005995498312529001,-0.00365924596810394,-0.0014969860450122613,0.00980738114232751,0.003704458941606829,0.0,0.0039058200692675435,-0.0010536009278155805,0.001985819384589166,0.005933834189230166,0.0019448361247477051,0.003998635452667307,0.0019621507963117416,0.0,0.0,0.0,-0.003160732606818663,0.0,-0.0014555981242326019,0.005987270516657694,-0.002586247101687011,0.003959961162738411,-0.003531134530047796,0.0,-0.0054018673294030164,0.0019360108927446427,0.0,0.0,-0.005266180366398916,-0.003706546784451036,-0.004158192010645843,0.001961938440337238,0.0019986406468863807,0.005917241970614008,0.0019934157877447784,0.007827405330787067,0.0,0.0,agent45,0.7727944056904121
-0.41202623634578406,-0.0010228718027126145,-0.0011167219560736974,-0.004984006000182423,0.0,-0.0020862511871884183,-0.00338668935294917,-0.0025785370445724288,0.0019376777478743979,0.001999758646539574,-0.004927027429373142,-0.0039730341278062025,0.0,-0.0014776616971385692,-0.0036361672282673686,0.0019984158056982,-0.00419619242980796,0.0039999899706880905,0.0,-0.0031691269032883542,-0.009165560303508902,0.009400709860537771,-0.0034226617215907533,0.005898349128213019,-0.005478336345559754,-0.0011467012018734155,0.0,0.0019651520361638644,0.00598388144367479,0.005989316917838757,0.001860237970359284,0.0019921168031269447,-0.0030847637549908883,1,-0.0011912618026640419,0.0059908558476265,-0.001109483340657693,-0.0035876545853989563,-0.0024706265189603895,0.007305264540893213,0.001818199001713898,-0.0017101882312263168,0.0,0.0019772229014921967,0.0018714972462149269,0.001992106105305992,-0.0012981046821852042,-0.0034279749459698674,0.005923557340570757,0.005999914200931185,0.00788667981206279,-0.006941124603620754,0.0039522613634826835,0.0,-0.004828826760351964,0.001995688417563186,-0.0016892040038878507,0.007997318305412067,0.0,-0.0031730999821429216,0.0019613725100465114,-0.006554982437968185,-0.003702287996877793,0.005995498312529001,-0.00365924596810394,-0.0014969860450122613,0.00980738114232751,0.003704458941606829,0.0,0.0039058200692675435,-0.0010536009278155805,0.001985819384589166,0.005933834189230166,0.0019448361247477051,0.003998635452667307,0.0019621507963117416,0.0,0.0,0.0,-0.003160732606818663,0.0,-0.0014555981242326019,0.005987270516657694,-0.002586247101687011,0.003959961162738411,-0.003531134530047796,0.0,-0.0054018673294030164,0.0019360108927446427,0.0,0.0,-0.005266180366398916,-0.003706546784451036,-0.004158192010645843,0.001961938440337238,0.0019986406468863807,0.005917241970614008,0.0019934157877447784,0.007827405330787067,0.0,0.0,agent22,-0.15037707044856705
-0.4130281740235319,-0.0010228718027126145,-0.0011167219560736974,-0.004984006000182423,0.0,-0.0020862511871884183,-0.00338668935294917,-0.0025785370445724288,0.0038750104910272825,0.001999758646539574,-0.004927027429373142,-0.0039730341278062025,0.0,-0.0014776616971385692,-0.0036361672282673686,0.0019984158056982,-0.00419619242980796,0.0039999899706880905,0.0,-0.0031691269032883542,-0.009165560303508902,0.009400709860537771,-0.0034226617215907533,0.005898349128213019,-0.005478336345559754,-0.0011467012018734155,0.0,0.0019651520361638644,0.00598388144367479,0.005989316917838757,0.001860237970359284,0.0019921168031269447,-0.0030847637549908883,1,-0.0011912618026640419,0.0059908558476265,-0.001109483340657693,-0.0035876545853989563,-0.0024706265189603895,0.007305264540893213,0.001818199001713898,-0.0017101882312263168,0.0,0.0019772229014921967,0.0018714972462149269,0.001992106105305992,-0.0012981046821852042,-0.0034279749459698674,0.005923557340570757,0.005999914200931185,0.00788667981206279,-0.006941124603620754,0.0039522613634826835,0.0,-0.004828826760351964,0.001995688417563186,-0.0016892040038878507,0.007997318305412067,0.0,-0.0031730999821429216,0.0019613725100465114,-0.006554982437968185,-0.003702287996877793,0.005995498312529001,-0.00365924596810394,-0.0014969860450122613,0.00980738114232751,0.003704458941606829,0.0,0.0039058200692675435,-0.0010536009278155805,0.001985819384589166,0.005933834189230166,0.0019448361247477051,0.003998635452667307,0.0019621507963117416,0.0,0.0,0.0,-0.003160732606818663,0.0,-0.0014555981242326019,0.005987270516657694,-0.002586247101687011,0.003959961162738411,-0.003531134530047796,0.0,-0.0054018673294030164,0.0019360108927446427,0.0,0.0,-0.005266180366398916,-0.003706546784451036,-0.004158192010645843,0.001961938440337238,0.0019986406468863807,0.005917241970614008,0.0019934157877447784,0.007827405330787067,0.0,0.0,agent7,-0.7660523846656937
-0.4120281740235319,-0.0010228718027126145,-0.0011167219560736974,-0.004984006000182423,0.0,-0.0020862511871884183,-0.00338668935294917,-0.0025785370445724288,0.0038750104910272825,0.001999758646539574,-0.004927027429373142,-0.0039730341278062025,0.0,-0.0014776616971385692,-0.0036361672282673686,0.0019984158056982,-0.00419619242980796,0.0039999899706880905,0.0,-0.0031691269032883542,-0.009165560303508902,0.009400709860537771,-0.0034226617215907533,0.005898349128213019,-0.005478336345559754,-0.0011467012018734155,0.0,0.0019651520361638644,0.00598388144367479,0.005989316917838757,0.001860237970359284,0.0019921168031269447,-0.0030847637549908883,1,-0.0011912618026640419,0.0059908558476265,-0.001109483340657693,-0.0035876545853989563,-0.0024706265189603895,0.007305264540893213,0.001818199001713898,-0.0017101882312263168,0.0,0.0019772229014921967,0.0018714972462149269,0.001992106105305992,-0.0012981046821852042,-0.0034279749459698674,0.005923557340570757,0.005999914200931185,0.00788667981206279,-0.006941124603620754,0.0039522613634826835,0.0,-0.004828826760351964,0.001995688417563186,-0.0016892040038878507,0.007997318305412067,0.0,-0.0031730999821429216,0.0019613725100465114,-0.006554982437968185,-0.003702287996877793,0.005995498312529001,-0.00365924596810394,-0.0014969860450122613,0.00980738114232751,0.003704458941606829,0.0,0.0039058200692675435,-0.0010536009278155805,0.001985819384589166,0.005933834189230166,0.0019448361247477051,0.003998635452667307,0.0019621507963117416,-0.0010016756897078614,0.0,0.0,-0.003160732606818663,0.0,-0.0014555981242326019,0.005987270516657694,-0.002586247101687011,0.003959961162738411,-0.003531134530047796,0.0,-0.0054018673294030164,0.0019360108927446427,0.0,0.0,-0.005266180366398916,-0.003706546784451036,-0.004158192010645843,0.001961938440337238,0.0019986406468863807,0.005917241970614008,0.0019934157877447784,0.007827405330787067,0.0,0.0,agent75,1
-0.41303409126550256,-0.0010228718027126145,-0.0011167219560736974,-0.004984006000182423,0.0,-0.0020862511871884183,-0.00338668935294917,-0.0025785370445724288,0.0038750104910272825,0.001999758646539574,-0.004927027429373142,-0.0039730341278062025,0.0,-0.0014776616971385692,-0.0036361672282673686,0.0019984158056982,-0.00419619242980796,0.0039999899706880905,0.0,-0.0031691269032883542,-0.009165560303508902,0.009400709860537771,-0.0034226617215907533,0.005898349128213019,-0.005478336345559754,-0.0011467012018734155,0.0,0.0019651520361638644,0.00598388144367479,0.005989316917838757,0.001860237970359284,0.0019921168031269447,-0.0030847637549908883,1,-0.0011912618026640419,0.0059908558476265,-0.001109483340657693,-0.0035876545853989563,-0.0024706265189603895,0.007305264540893213,0.001818199001713898,-0.0017101882312263168,0.0,0.0019772229014921967,0.0018714972462149269,0.001992106105305992,-0.0012981046821852042,-0.0034279749459698674,0.005923557340570757,0.005999914200931185,0.00788667981206279,-0.006941124603620754,0.0039522613634826835,0.0,-0.004828826760351964,0.001995688417563186,-0.0016892040038878507,0.007997318305412067,0.0,-0.0031730999821429216,0.0019613725100465114,-0.006554982437968185,-0.003702287996877793,0.005995498312529001,-0.00365924596810394,-0.0014969860450122613,0.00980738114232751,0.003704458941606829,0.0,0.0039058200692675435,-0.0010536009278155805,0.001985819384589166,0.005933834189230166,0.0019448361247477051,0.003998635452667307,0.0019621507963117416,-0.0010016756897078614,0.0,0.0,-0.003160732606818663,0.0,-0.0014555981242326019,0.005987270516657694,-0.002586247101687011,0.003959961162738411,-0.003531134530047796,0.0,-0.0054018673294030164,0.0019360108927446427,0.0,0.0,-0.005266180366398916,-0.003706546784451036,-0.004158192010645843,0.001961938440337238,0.0019986406468863807,0.007889974786947774,0.0019934157877447784,0.007827405330787067,0.0,0.0,agent95,-0.6455541197607648
-0.41403605263801263,-0.0010228718027126145,-0.0011167219560736974,-0.004984006000182423,0.0,-0.0020862511871884183,-0.00338668935294917,-0.0025785370445724288,0.0038750104910272825,0.001999758646539574,-0.004927027429373142,-0.0039730341278062025,0.0,-0.0014776616971385692,-0.0036361672282673686,0.0019984158056982,-0.00419619242980796,0.0039999899706880905,0.0,-0.0031691269032883542,-0.009165560303508902,0.009400709860537771,-0.0034226617215907533,0.005898349128213019,-0.005478336345559754,-0.0011467012018734155,0.0,0.0019651520361638644,0.00598388144367479,0.005989316917838757,0.001860237970359284,0.0019921168031269447,-0.0030847637549908883,1,-0.0011912618026640419,0.0059908558476265,-0.001109483340657693,-0.0035876545853989563,-0.0024706265189603895,0.007305264540893213,0.001818199001713898,-0.0017101882312263168,0.0,0.0019772229014921967,0.0018714972462149269,0.001992106105305992,-0.0012981046821852042,-0.0034279749459698674,0.005923557340570757,0.005999914200931185,0.00788667981206279,-0.006941124603620754,0.0039522613634826835,0.0,-0.004828826760351964,0.001995688417563186,-0.0016892040038878507,0.007997318305412067,0.0,-0.0031730999821429216,0.003923027953302155,-0.006554982437968185,-0.003702287996877793,0.005995498312529001,-0.00365924596810394,-0.0014969860450122613,0.00980738114232751,0.003704458941606829,0.0,0.0039058200692675435,-0.0010536009278155805,0.001985819384589166,0.005933834189230166,0.0019448361247477051,0.003998635452667307,0.0019621507963117416,-0.0010016756897078614,0.0,0.0,-0.003160732606818663,0.0,-0.0014555981242326019,0.005987270516657694,-0.002586247101687011,0.003959961162738411,-0.003531134530047796,0.0,-0.0054018673294030164,0.0019360108927446427,0.0,0.0,-0.005266180366398916,-0.003706546784451036,-0.004158192010645843,0.001961938440337238,0.0019986406468863807,0.007889974786947774,0.0019934157877447784,0.007827405330787067,0.0,0.0,agent59,-0.13610609793742978
-0.4150380512786595,-0.0010228718027126145,-0.0011167219560736974,-0.004984006000182423,0.0,-0.0020862511871884183,-0.00338668935294917,-0.0025785370445724288,0.0038750104910272825,0.001999758646539574,-0.004927027429373142,-0.0039730341278062025,0.0,-0.0014776616971385692,-0.0036361672282673686,0.0019984158056982,-0.00419619242980796,0.0039999899706880905,0.0,-0.0031691269032883542,-0.009165560303508902,0.009400709860537771,-0.0034226617215907533,0.005898349128213019,-0.005478336345559754,-0.0011467012018734155,0.0,0.0019651520361638644,0.00598388144367479,0.005989316917838757,0.001860237970359284,0.0019921168031269447,-0.0030847637549908883,1,-0.0011912618026640419,0.0059908558476265,-0.001109483340657693,-0.0035876545853989563,-0.0024706265189603895,0.007305264540893213,0.001818199001713898,-0.0017101882312263168,0.0,0.0019772229014921967,0.0018714972462149269,0.001992106105305992,-0.0012981046821852042,-0.0034279749459698674,0.005923557340570757,0.005999914200931185,0.00788667981206279,-0.006941124603620754,0.0039522613634826835,0.0,-0.004828826760351964,0.001995688417563186,-0.0016892040038878507,0.007997318305412067,0.0,-0.0031730999821429216,0.003923027953302155,-0.006554982437968185,-0.003702287996877793,0.005995498312529001,-0.00365924596810394,-0.0014969860450122613,0.00980738114232751,0.003704458941606829,0.0,0.0039058200692675435,-0.0010536009278155805,0.001985819384589166,0.005933834189230166,0.0019448361247477051,0.003998635452667307,0.0019621507963117416,-0.0010016756897078614,0.0,0.0,-0.003160732606818663,0.0,-0.0014555981242326019,0.005987270516657694,-0.002586247101687011,0.003959961162738411,-0.003531134530047796,0.0,-0.0054018673294030164,0.0019360108927446427,0.0,0.0,-0.005266180366398916,-0.003706546784451036,-0.004158192010645843,0.001961938440337238,0.003997333230008471,0.007889974786947774,0.0019934157877447784,0.007827405330787067,0.0,0.0,agent94,-0.36290060743784575
-0.4160440351601032,-0.0010228718027126145,-0.0011167219560736974,-0.004984006000182423,0.0,-0.0020862511871884183,-0.00338668935294917,-0.0025785370445724288,0.0038750104910272825,0.001999758646539574,-0.004927027429373142,-0.0039730341278062025,0.0,-0.0014776616971385692,-0.0036361672282673686,0.0019984158056982,-0.00419619242980796,0.0039999899706880905,0.0,-0.0031691269032883542,-0.009165560303508902,0.009400709860537771,-0.0034226617215907533,0.005898349128213019,-0.005478336345559754,-0.0011467012018734155,0.0,0.0019651520361638644,0.007978369659585486,0.005989316917838757,0.001860237970359284,0.0019921168031269447,-0.0030847637549908883,1,-0.0011912618026640419,0.0059908558476265,-0.001109483340657693,-0.0035876545853989563,-0.0024706265189603895,0.007305264540893213,0.001818199001713898,-0.0017101882312263168,0.0,0.0019772229014921967,0.0018714972462149269,0.001992106105305992,-0.0012981046821852042,-0.0034279749459698674,0.005923557340570757,0.005999914200931185,0.00788667981206279,-0.006941124603620754,0.0039522613634826835,0.0,-0.004828826760351964,0.001995688417563186,-0.0016892040038878507,0.007997318305412067,0.0,-0.0031730999821429216,0.003923027953302155,-0.006554982437968185,-0.003702287996877793,0.005995498312529001,-0.00365924596810394,-0.0014969860450122613,0.00980738114232751,0.003704458941606829,0.0,0.0039058200692675435,-0.0010536009278155805,0.001985819384589166,0.005933834189230166,0.0019448361247477051,0.003998635452667307,0.0019621507963117416,-0.0010016756897078614,0.0,0.0,-0.003160732606818663,0.0,-0.0014555981242326019,0.005987270516657694,-0.002586247101687011,0.003959961162738411,-0.003531134530047796,0.0,-0.0054018673294030164,0.0019360108927446427,0.0,0.0,-0.005266180366398916,-0.003706546784451036,-0.004158192010645843,0.001961938440337238,0.003997333230008471,0.007889974786947774,0.0019934157877447784,0.007827405330787067,0.0,0.0,agent27,-0.3100448696971478
-0.4170474578218248,-0.0010228718027126145,-0.0011167219560736974,-0.004984006000182423,0.0,-0.0020862511871884183,-0.00338668935294917,-0.0025785370445724288,0.0038750104910272825,0.001999758646539574,-0.004927027429373142,-0.0039730341278062025,0.0,-0.0014776616971385692,-0.0036361672282673686,0.0019984158056982,-0.00419619242980796,0.0039999899706880905,0.0,-0.0031691269032883542,-0.009165560303508902,0.009400709860537771,-0.004975348511238808,0.005898349128213019,-0.005478336345559754,-0.0011467012018734155,0.0,0.0019651520361638644,0.007978369659585486,0.005989316917838757,0.001860237970359284,0.0019921168031269447,-0.0030847637549908883,1,-0.0011912618026640419,0.0059908558476265,-0.001109483340657693,-0.0035876545853989563,-0.0024706265189603895,0.007305264540893213,0.001818199001713898,-0.0017101882312263168,0.0,0.0019772229014921967,0.0018714972462149269,0.001992106105305992,-0.0012981046821852042,-0.0034279749459698674,0.005923557340570757,0.005999914200931185,0.00788667981206279,-0.006941124603620754,0.0039522613634826835,0.0,-0.004828826760351964,0.001995688417563186,-0.0016892040038878507,0.007997318305412067,0.0,-0.0031730999821429216,0.003923027953302155,-0.006554982437968185,-0.003702287996877793,0.005995498312529001,-0.00365924596810394,-0.0014969860450122613,0.00980738114232751,0.003704458941606829,0.0,0.0039058200692675435,-0.0010536009278155805,0.001985819384589166,0.005933834189230166,0.0019448361247477051,0.003998635452667307,0.0019621507963117416,-0.0010016756897078614,0.0,0.0,-0.003160732606818663,0.0,-0.0014555981242326019,0.005987270516657694,-0.002586247101687011,0.003959961162738411,-0.003531134530047796,0.0,-0.0054018673294030164,0.0019360108927446427,0.0,0.0,-0.005266180366398916,-0.003706546784451036,-0.004158192010645843,0.001961938440337238,0.003997333230008471,0.007889974786947774,0.0019934157877447784,0.007827405330787067,0.0,0.0,agent21,0.5298028978601876
-0.41804945623763046,-0.0010228718027126145,-0.0011167219560736974,-0.004984006000182423,0.0,-0.0020862511871884183,-0.00338668935294917,-0.0025785370445724288,0.0038750104910272825,0.001999758646539574,-0.004927027429373142,-0.0039730341278062025,0.0,-0.0014776616971385692,-0.0036361672282673686,0.003996887777284654,-0.00419619242980796,0.0039999899706880905,0.0,-0.0031691269032883542,-0.009165560303508902,0.009400709860537771,-0.004975348511238808,0.005898349128213019,-0.005478336345559754,-0.0011467012018734155,0.0,0.0019651520361638644,0.007978369659585486,0.005989316917838757,0.001860237970359284,0.0019921168031269447,-0.0030847637549908883,1,-0.0011912618026640419,0.0059908558476265,-0.001109483340657693,-0.0035876545853989563,-0.0024706265189603895,0.007305264540893213,0.001818199001713898,-0.0017101882312263168,0.0,0.0019772229014921967,0.0018714972462149269,0.001992106105305992,-0.0012981046821852042,-0.0034279749459698674,0.005923557340570757,0.005999914200931185,0.00788667981206279,-0.006941124603620754,0.0039522613634826835,0.0,-0.004828826760351964,0.001995688417563186,-0.0016892040038878507,0.007997318305412067,0.0,-0.0031730999821429216,0.003923027953302155,-0.006554982437968185,-0.003702287996877793,0.005995498312529001,-0.00365924596810394,-0.0014969860450122613,0.00980738114232751,0.003704458941606829,0.0,0.0039058200692675435,-0.0010536009278155805,0.001985819384589166,0.005933834189230166,0.0019448361247477051,0.003998635452667307,0.0019621507963117416,-0.0010016756897078614,0.0,0.0,-0.003160732606818663,0.0,-0.0014555981242326019,0.005987270516657694,-0.002586247101687011,0.003959961162738411,-0.003531134530047796,0.0,-0.0054018673294030164,0.0019360108927446427,0.0,0.0,-0.005266180366398916,-0.003706546784451036,-0.004158192010645843,0.001961938440337238,0.003997333230008471,0.007889974786947774,0.0019934157877447784,0.007827405330787067,0.0,0.0,agent14,-0.3617658439968667
-0.41704945623763046,-0.0010228718027126145,-0.0011167219560736974,-0.004984006000182423,-0.0018996027990728923,-0.0020862511871884183,-0.00338668935294917,-0.0025785370445724288,0.0038750104910272825,0.001999758646539574,-0.004927027429373142,-0.0039730341278062025,0.0,-0.0014776616971385692,-0.0036361672282673686,0.003996887777284654,-0.00419619242980796,0.0039999899706880905,0.0,-0.0031691269032883542,-0.009165560303508902,0.009400709860537771,-0.004975348511238808,0.005898349128213019,-0.005478336345559754,-0.0011467012018734155,0.0,0.0019651520361638644,0.007978369659585486,0.005989316917838757,0.001860237970359284,0.0019921168031269447,-0.0030847637549908883,1,-0.0011912618026640419,0.0059908558476265,-0.001109483340657693,-0.0035876545853989563,-0.0024706265189603895,0.007305264540893213,0.001818199001713898,-0.0017101882312263168,0.0,0.0019772229014921967,0.0018714972462149269,0.001992106105305992,-0.0012981046821852042,-0.0034279749459698674,0.005923557340570757,0.005999914200931185,0.00788667981206279,-0.006941124603620754,0.0039522613634826835,0.0,-0.004828826760351964,0.001995688417563186,-0.0016892040038878507,0.007997318305412067,0.0,-0.0031730999821429216,0.003923027953302155,-0.006554982437968185,-0.003702287996877793,0.005995498312529001,-0.00365924596810394,-0.0014969860450122613,0.00980738114232751,0.003704458941606829,0.0,0.0039058200692675435,-0.0010536009278155805,0.001985819384589166,0.005933834189230166,0.0019448361247477051,0.003998635452667307,0.0019621507963117416,-0.0010016756897078614,0.0,0.0,-0.003160732606818663,0.0,-0.0014555981242326019,0.005987270516657694,-0.002586247101687011,0.003959961162738411,-0.003531134530047796,0.0,-0.0054018673294030164,0.0019360108927446427,0.0,0.0,-0.005266180366398916,-0.003706546784451036,-0.004158192010645843,0.001961938440337238,0.003997333230008471,0.007889974786947774,0.0019934157877447784,0.007827405330787067,0.0,0.0,agent3,0.030051427330138443
-0.41805204248473216,-0.0010228718027126145,-0.0011167219560736974,-0.004984006000182423,-0.0018996027990728923,-0.0020862511871884183,-0.00338668935294917,-0.0025785370445724288,0.0038750104910272825,0.001999758646539574,-0.004927027429373142,-0.0039730341278062025,0.0,-0.0014776616971385692,-0.0036361672282673686,0.003996887777284654,-0.00419619242980796,0.0039999899706880905,0.0,-0.0031691269032883542,-0.009165560303508902,0.009400709860537771,-0.004975348511238808,0.005898349128213019,-0.005478336345559754,-0.0011467012018734155,0.0,0.0019651520361638644,0.007978369659585486,0.005989316917838757,0.001860237970359284,0.0019921168031269447,-0.0030847637549908883,1,-0.0011912618026640419,0.0059908558476265,-0.001109483340657693,-0.0035876545853989563,-0.0024706265189603895,0.007305264540893213,0.001818199001713898,-0.0017101882312263168,0.0,0.0019772229014921967,0.0018714972462149269,0.001992106105305992,-0.0012981046821852042,-0.0034279749459698674,0.005923557340570757,0.005999914200931185,0.00788667981206279,-0.006941124603620754,0.0039522613634826835,0.0,-0.004828826760351964,0.001995688417563186,-0.0016892040038878507,0.007997318305412067,0.0,-0.0031730999821429216,0.003923027953302155,-0.006554982437968185,-0.003702287996877793,0.005995498312529001,-0.00365924596810394,-0.0014969860450122613,0.00980738114232751,0.003704458941606829,0.0,0.0039058200692675435,-0.0010536009278155805,0.001985819384589166,0.005933834189230166,0.0019448361247477051,0.003998635452667307,0.0019621507963117416,-0.0010016756897078614,0.0,0.0,-0.003160732606818663,0.0,-0.0014555981242326019,0.005987270516657694,-0.003614494775827257,0.003959961162738411,-0.003531134530047796,0.0,-0.0054018673294030164,0.0019360108927446427,0.0,0.0,-0.005266180366398916,-0.003706546784451036,-0.004158192010645843,0.001961938440337238,0.003997333230008471,0.007889974786947774,0.0019934157877447784,0.007827405330787067,0.0,0.0,agent82,0.9770469004463357
-0.41905574694367376,-0.0010228718027126145,-0.0011167219560736974,-0.004984006000182423,-0.0018996027990728923,-0.0020862511871884183,-0.00338668935294917,-0.0025785370445724288,0.0038750104910272825,0.001999758646539574,-0.004927027429373142,-0.0039730341278062025,0.0,-0.0014776616971385692,-0.0036361672282673686,0.003996887777284654,-0.00419619242980796,0.0039999899706880905,0.0,-0.0031691269032883542,-0.009165560303508902,0.009400709860537771,-0.004975348511238808,0.005898349128213019,-0.005478336345559754,-0.0011467012018734155,0.0,0.0019651520361638644,0.007978369659585486,0.005989316917838757,0.001860237970359284,0.0019921168031269447,-0.0030847637549908883,1,-0.0011912618026640419,0.0059908558476265,-0.001109483340657693,-0.0035876545853989563,-0.0024706265189603895,0.007305264540893213,0.001818199001713898,-0.0017101882312263168,0.0,0.0019772229014921967,0.0018714972462149269,0.001992106105305992,-0.0012981046821852042,-0.0034279749459698674,0.005923557340570757,0.005999914200931185,0.00788667981206279,-0.006941124603620754,0.0039522613634826835,0.0,-0.004828826760351964,0.001995688417563186,-0.0016892040038878507,0.007997318305412067,0.0,-0.0031730999821429216,0.003923027953302155,-0.006554982437968185,-0.003702287996877793,0.005995498312529001,-0.00365924596810394,-0.0014969860450122613,0.00980738114232751,0.005556979705244026,0.0,0.0039058200692675435,-0.0010536009278155805,0.001985819384589166,0.005933834189230166,0.0019448361247477051,0.003998635452667307,0.0019621507963117416,-0.0010016756897078614,0.0,0.0,-0.003160732606818663,0.0,-0.0014555981242326019,0.005987270516657694,-0.003614494775827257,0.003959961162738411,-0.003531134530047796,0.0,-0.0054018673294030164,0.0019360108927446427,0.0,0.0,-0.005266180366398916,-0.003706546784451036,-0.004158192010645843,0.001961938440337238,0.003997333230008471,0.007889974786947774,0.0019934157877447784,0.007827405330787067,0.0,0.0,agent66,-0.9611528367445141
-0.42005760718164414,-0.0010228718027126145,-0.0011167219560736974,-0.004984006000182423,-0.0018996027990728923,-0.0020862511871884183,-0.00338668935294917,-0.0025785370445724288,0.0038750104910272825,0.001999758646539574,-0.004927027429373142,-0.0039730341278062025,0.0,-0.0014776616971385692,-0.0036361672282673686,0.003996887777284654,-0.00419619242980796,0.0039999899706880905,0.0,-0.0031691269032883542,-0.009165560303508902,0.009400709860537771,-0.004975348511238808,0.005898349128213019,-0.005478336345559754,-0.0011467012018734155,0.0,0.0019651520361638644,0.007978369659585486,0.005989316917838757,0.003719434155958575,0.0019921168031269447,-0.0030847637549908883,1,-0.0011912618026640419,0.0059908558476265,-0.001109483340657693,-0.0035876545853989563,-0.0024706265189603895,0.007305264540893213,0.001818199001713898,-0.0017101882312263168,0.0,0.0019772229014921967,0.0018714972462149269,0.001992106105305992,-0.0012981046821852042,-0.0034279749459698674,0.005923557340570757,0.005999914200931185,0.00788667981206279,-0.006941124603620754,0.0039522613634826835,0.0,-0.004828826760351964,0.001995688417563186,-0.0016892040038878507,0.007997318305412067,0.0,-0.0031730999821429216,0.003923027953302155,-0.006554982437968185,-0.003702287996877793,0.005995498312529001,-0.00365924596810394,-0.0014969860450122613,0.00980738114232751,0.005556979705244026,0.0,0.0039058200692675435,-0.0010536009278155805,0.001985819384589166,0.005933834189230166,0.0019448361247477051,0.003998635452667307,0.0019621507963117416,-0.0010016756897078614,0.0,0.0,-0.003160732606818663,0.0,-0.0014555981242326019,0.005987270516657694,-0.003614494775827257,0.003959961162738411,-0.003531134530047796,0.0,-0.0054018673294030164,0.0019360108927446427,0.0,0.0,-0.005266180366398916,-0.003706546784451036,-0.004158192010645843,0.001961938440337238,0.003997333230008471,0.007889974786947774,0.0019934157877447784,0.007827405330787067,0.0,0.0,agent29,-0.9497229013836467
-0.4210610351565901,-0.0010228718027126145,-0.0011167219560736974,-0.004984006000182423,-0.0018996027990728923,-0.0020862511871884183,-0.00338668935294917,-0.0025785370445724288,0.0038750104910272825,0.001999758646539574,-0.004927027429373142,-0.0039730341278062025,0.0,-0.0014776616971385692,-0.0036361672282673686,0.003996887777284654,-0.00419619242980796,0.0039999899706880905,0.0,-0.0031691269032883542,-0.009165560303508902,0.009400709860537771,-0.004975348511238808,0.005898349128213019,-0.005478336345559754,-0.0011467012018734155,0.0,0.0019651520361638644,0.007978369659585486,0.005989316917838757,0.003719434155958575,0.0019921168031269447,-0.0030847637549908883,1,-0.0011912618026640419,0.0059908558476265,-0.001109483340657693,-0.0035876545853989563,-0.0024706265189603895,0.007305264540893213,0.001818199001713898,-0.0017101882312263168,0.0,0.0019772229014921967,0.0018714972462149269,0.001992106105305992,-0.0012981046821852042,-0.005070899249357969,0.005923557340570757,0.005999914200931185,0.00788667981206279,-0.006941124603620754,0.0039522613634826835,0.0,-0.004828826760351964,0.001995688417563186,-0.0016892040038878507,0.007997318305412067,0.0,-0.0031730999821429216,0.003923027953302155,-0.006554982437968185,-0.003702287996877793,0.005995498312529001,-0.00365924596810394,-0.0014969860450122613,0.00980738114232751,0.005556979705244026,0.0,0.0039058200692675435,-0.0010536009278155805,0.001985819384589166,0.005933834189230166,0.0019448361247477051,0.003998635452667307,0.0019621507963117416,-0.0010016756897078614,0.0,0.0,-0.003160732606818663,0.0,-0.0014555981242326019,0.005987270516657694,-0.003614494775827257,0.003959961162738411,-0.003531134530047796,0.0,-0.0054018673294030164,0.0019360108927446427,0.0,0.0,-0.005266180366398916,-0.003706546784451036,-0.004158192010645843,0.001961938440337238,0.003997333230008471,0.007889974786947774,0.0019934157877447784,0.007827405330787067,0.0,0.0,agent46,0.4250171783987773
-0.42206203683227983,-0.0010228718027126145,-0.0011167219560736974,-0.004984006000182423,-0.0018996027990728923,-0.0020862511871884183,-0.00338668935294917,-0.0025785370445724288,0.0038750104910272825,0.001999758646539574,-0.004927027429373142,-0.0039730341278062025,0.0,-0.0014776616971385692,-0.0036361672282673686,0.003996887777284654,-0.00419619242980796,0.0039999899706880905,0.0,-0.0031691269032883542,-0.009165560303508902,0.009400709860537771,-0.004975348511238808,0.005898349128213019,-0.005478336345559754,-0.0011467012018734155,0.0,0.0019651520361638644,0.007978369659585486,0.005989316917838757,0.003719434155958575,0.0019921168031269447,-0.0030847637549908883,1,-0.0011912618026640419,0.0059908558476265,-0.001109483340657693,-0.0035876545853989563,-0.0024706265189603895,0.007305264540893213,0.001818199001713898,-0.0017101882312263168,0.0,0.0019772229014921967,0.0018714972462149269,0.001992106105305992,-0.0012981046821852042,-0.005070899249357969,0.005923557340570757,0.005999914200931185,0.00788667981206279,-0.006941124603620754,0.0039522613634826835,0.0,-0.004828826760351964,0.001995688417563186,-0.0016892040038878507,0.007997318305412067,0.0,-0.0031730999821429216,0.003923027953302155,-0.006554982437968185,-0.003702287996877793,0.005995498312529001,-0.00365924596810394,-0.0014969860450122613,0.00980738114232751,0.005556979705244026,0.0,0.0039058200692675435,-0.0010536009278155805,0.001985819384589166,0.005933834189230166,0.0019448361247477051,0.003998635452667307,0.0019621507963117416,-0.001991968456887702,0.0,0.0,-0.003160732606818663,0.0,-0.0014555981242326019,0.005987270516657694,-0.003614494775827257,0.003959961162738411,-0.003531134530047796,0.0,-0.0054018673294030164,0.0019360108927446427,0.0,0.0,-0.005266180366398916,-0.003706546784451036,-0.004158192010645843,0.001961938440337238,0.003997333230008471,0.007889974786947774,0.0019934157877447784,0.007827405330787067,0.0,0.0,agent75,1
-0.42306402894908296,-0.0010228718027126145,-0.0011167219560736974,-0.004984006000182423,-0.0018996027990728923,-0.0020862511871884183,-0.00338668935294917,-0.0025785370445724288,0.0038750104910272825,0.001999758646539574,-0.004927027429373142,-0.0039730341278062025,0.0,-0.0014776616971385692,-0.0036361672282673686,0.003996887777284654,-0.00419619242980796,0.0039999899706880905,0.0,-0.0031691269032883542,-0.009165560303508902,0.009400709860537771,-0.004975348511238808,0.005898349128213019,-0.005478336345559754,-0.0011467012018734155,0.0,0.0019651520361638644,0.007978369659585486,0.005989316917838757,0.003719434155958575,0.003984108874222878,-0.0030847637549908883,1,-0.0011912618026640419,0.0059908558476265,-0.001109483340657693,-0.0035876545853989563,-0.0024706265189603895,0.007305264540893213,0.001818199001713898,-0.0017101882312263168,0.0,0.0019772229014921967,0.0018714972462149269,0.001992106105305992,-0.0012981046821852042,-0.005070899249357969,0.005923557340570757,0.005999914200931185,0.00788667981206279,-0.006941124603620754,0.0039522613634826835,0.0,-0.004828826760351964,0.001995688417563186,-0.0016892040038878507,0.007997318305412067,0.0,-0.0031730999821429216,0.003923027953302155,-0.006554982437968185,-0.003702287996877793,0.005995498312529001,-0.00365924596810394,-0.0014969860450122613,0.00980738114232751,0.005556979705244026,0.0,0.0039058200692675435,-0.0010536009278155805,0.001985819384589166,0.005933834189230166,0.0019448361247477051,0.003998635452667307,0.0019621507963117416,-0.001991968456887702,0.0,0.0,-0.003160732606818663,0.0,-0.0014555981242326019,0.005987270516657694,-0.003614494775827257,0.003959961162738411,-0.003531134530047796,0.0,-0.0054018673294030164,0.0019360108927446427,0.0,0.0,-0.005266180366398916,-0.003706546784451036,-0.004158192010645843,0.001961938440337238,0.003997333230008471,0.007889974786947774,0.0019934157877447784,0.007827405330787067,0.0,0.0,agent30,-0.5486158112055971
-0.42206402894908296,-0.0010228718027126145,-0.0011167219560736974,-0.004984006000182423,-0.0018996027990728923,-0.0020862511871884183,-0.00338668935294917,-0.0025785370445724288,0.0038750104910272825,0.001999758646539574,-0.004927027429373142,-0.0039730341278062025,0.0,-0.0014776616971385692,-0.0036361672282673686,0.003996887777284654,-0.00419619242980796,0.0039999899706880905,0.0,-0.0031691269032883542,-0.009165560303508902,0.009400709860537771,-0.004975348511238808,0.005898349128213019,-0.005478336345559754,-0.0011467012018734155,0.0,0.0019651520361638644,0.007978369659585486,0.005989316917838757,0.003719434155958575,0.003984108874222878,-0.0030847637549908883,1,-0.0011912618026640419,0.0059908558476265,-0.001109483340657693,-0.0035876545853989563,-0.0024706265189603895,0.007305264540893213,0.001818199001713898,-0.0017101882312263168,0.0,0.0019772229014921967,0.0018714972462149269,0.001992106105305992,-0.0012981046821852042,-0.005070899249357969,0.005923557340570757,0.005999914200931185,0.00788667981206279,-0.006941124603620754,0.0039522613634826835,0.0,-0.004828826760351964,0.001995688417563186,-0.0016892040038878507,0.007997318305412067,0.0,-0.0031730999821429216,0.003923027953302155,-0.006554982437968185,-0.003702287996877793,0.005995498312529001,-0.00365924596810394,-0.0014969860450122613,0.00980738114232751,0.005556979705244026,0.0,0.0039058200692675435,-0.0010536009278155805,0.001985819384589166,0.005933834189230166,0.0019448361247477051,0.003998635452667307,0.0019621507963117416,-0.001991968456887702,0.0,0.0,-0.003160732606818663,0.0,-0.0014555981242326019,0.005987270516657694,-0.003614494775827257,0.003959961162738411,-0.003531134530047796,0.0,-0.0054018673294030164,0.0019360108927446427,0.0,-0.0010708669708960367,-0.005266180366398916,-0.003706546784451036,-0.004158192010645843,0.001961938440337238,0.003997333230008471,0.007889974786947774,0.0019934157877447784,0.007827405330787067,0.0,0.0,agent89,0.9401182986241315
-0.42106402894908296,-0.0010228718027126145,-0.0011167219560736974,-0.004984006000182423,-0.0018996027990728923,-0.0020862511871884183,-0.00338668935294917,-0.0025785370445724288,0.0038750104910272825,0.001999758646539574,-0.004927027429373142,-0.0039730341278062025,0.0,-0.0014776616971385692,-0.0036361672282673686,0.003996887777284654,-0.00419619242980796,0.0039999899706880905,0.0,-0.0031691269032883542,-0.009165560303508902,0.009400709860537771,-0.004975348511238808,0.005898349128213019,-0.005478336345559754,-0.0011467012018734155,0.0,0.0019651520361638644,0.007978369659585486,0.005989316917838757,0.003719434155958575,0.003984108874222878,-0.0030847637549908883,1,-0.0011912618026640419,0.0059908558476265,-0.001109483340657693,-0.0035876545853989563,-0.0024706265189603895,0.007305264540893213,0.001818199001713898,-0.0017101882312263168,0.0,0.0019772229014921967,0.0018714972462149269,0.001992106105305992,-0.0012981046821852042,-0.005070899249357969,0.005923557340570757,0.005999914200931185,0.00788667981206279,-0.006941124603620754,0.0039522613634826835,0.0,-0.004828826760351964,0.001995688417563186,-0.0016892040038878507,0.007997318305412067,0.0,-0.0031730999821429216,0.003923027953302155,-0.006554982437968185,-0.003702287996877793,0.005995498312529001,-0.00365924596810394,-0.0014969860450122613,0.00980738114232751,0.005556979705244026,0.0,0.0039058200692675435,-0.0010536009278155805,0.001985819384589166,0.005933834189230166,0.0019448361247477051,0.003998635452667307,0.0019621507963117416,-0.001991968456887702,0.0,0.0,-0.003160732606818663,0.0,-0.0014555981242326019,0.005987270516657694,-0.003614494775827257,0.003959961162738411,-0.003531134530047796,0.0,-0.0054018673294030164,0.0019360108927446427,0.001953822742626074,-0.0010708669708960367,-0.005266180366398916,-0.003706546784451036,-0.004158192010645843,0.001961938440337238,0.003997333230008471,0.007889974786947774,0.0019934157877447784,0.007827405330787067,0.0,0.0,agent88,-0.7259628850638306
-0.4220655066107801,-0.0010228718027126145,-0.0011167219560736974,-0.004984006000182423,-0.0018996027990728923,-0.0020862511871884183,-0.00338668935294917,-0.0025785370445724288,0.0038750104910272825,0.001999758646539574,-0.004927027429373142,-0.0039730341278062025,0.0,-0.0027819267252430753,-0.0036361672282673686,0.003996887777284654,-0.00419619242980796,0.0039999899706880905,0.0,-0.0031691269032883542,-0.009165560303508902,0.009400709860537771,-0.004975348511238808,0.005898349128213019,-0.005478336345559754,-0.0011467012018734155,0.0,0.0019651520361638644,0.007978369659585486,0.005989316917838757,0.003719434155958575,0.003984108874222878,-0.0030847637549908883,1,-0.0011912618026640419,0.0059908558476265,-0.001109483340657693,-0.0035876545853989563,-0.0024706265189603895,0.007305264540893213,0.001818199001713898,-0.0017101882312263168,0.0,0.0019772229014921967,0.0018714972462149269,0.001992106105305992,-0.0012981046821852042,-0.005070899249357969,0.005923557340570757,0.005999914200931185,0.00788667981206279,-0.006941124603620754,0.0039522613634826835,0.0,-0.004828826760351964,0.001995688417563186,-0.0016892040038878507,0.007997318305412067,0.0,-0.0031730999821429216,0.003923027953302155,-0.006554982437968185,-0.003702287996877793,0.005995498312529001,-0.00365924596810394,-0.0014969860450122613,0.00980738114232751,0.005556979705244026,0.0,0.0039058200692675435,-0.0010536009278155805,0.001985819384589166,0.005933834189230166,0.0019448361247477051,0.003998635452667307,0.0019621507963117416,-0.001991968456887702,0.0,0.0,-0.003160732606818663,0.0,-0.0014555981242326019,0.005987270516657694,-0.003614494775827257,0.003959961162738411,-0.003531134530047796,0.0,-0.0054018673294030164,0.0019360108927446427,0.001953822742626074,-0.0010708669708960367,-0.005266180366398916,-0.003706546784451036,-0.004158192010645843,0.001961938440337238,0.003997333230008471,0.007889974786947774,0.0019934157877447784,0.007827405330787067,0.0,0.0,agent12,0.7585418136063821
-0.42306680471546226,-0.0010228718027126145,-0.0011167219560736974,-0.004984006000182423,-0.0018996027990728923,-0.0020862511871884183,-0.00338668935294917,-0.0025785370445724288,0.0038750104910272825,0.001999758646539574,-0.004927027429373142,-0.0039730341278062025,0.0,-0.0027819267252430753,-0.0036361672282673686,0.003996887777284654,-0.00419619242980796,0.0039999899706880905,0.0,-0.0031691269032883542,-0.009165560303508902,0.009400709860537771,-0.004975348511238808,0.005898349128213019,-0.005478336345559754,-0.0011467012018734155,0.0,0.0019651520361638644,0.007978369659585486,0.005989316917838757,0.003719434155958575,0.003984108874222878,-0.0030847637549908883,1,-0.0011912618026640419,0.0059908558476265,-0.001109483340657693,-0.0035876545853989563,-0.0024706265189603895,0.007305264540893213,0.001818199001713898,-0.0017101882312263168,0.0,0.0019772229014921967,0.0018714972462149269,0.001992106105305992,-0.002561332492685182,-0.005070899249357969,0.005923557340570757,0.005999914200931185,0.00788667981206279,-0.006941124603620754,0.0039522613634826835,0.0,-0.004828826760351964,0.001995688417563186,-0.0016892040038878507,0.007997318305412067,0.0,-0.0031730999821429216,0.003923027953302155,-0.006554982437968185,-0.003702287996877793,0.005995498312529001,-0.00365924596810394,-0.0014969860450122613,0.00980738114232751,0.005556979705244026,0.0,0.0039058200692675435,-0.0010536009278155805,0.001985819384589166,0.005933834189230166,0.0019448361247477051,0.003998635452667307,0.0019621507963117416,-0.001991968456887702,0.0,0.0,-0.003160732606818663,0.0,-0.0014555981242326019,0.005987270516657694,-0.003614494775827257,0.003959961162738411,-0.003531134530047796,0.0,-0.0054018673294030164,0.0019360108927446427,0.001953822742626074,-0.0010708669708960367,-0.005266180366398916,-0.003706546784451036,-0.004158192010645843,0.001961938440337238,0.003997333230008471,0.007889974786947774,0.0019934157877447784,0.007827405330787067,0.0,0.0,agent45,0.7918308559342455
-0.4240728002137748,-0.0010228718027126145,-0.0011167219560736974,-0.004984006000182423,-0.0018996027990728923,-0.0020862511871884183,-0.00338668935294917,-0.0025785370445724288,0.0038750104910272825,0.001999758646539574,-0.004927027429373142,-0.0039730341278062025,0.0,-0.0027819267252430753,-0.0036361672282673686,0.003996887777284654,-0.00419619242980796,0.0039999899706880905,0.0,-0.0031691269032883542,-0.009165560303508902,0.009400709860537771,-0.004975348511238808,0.005898349128213019,-0.005478336345559754,-0.0011467012018734155,0.0,0.0019651520361638644,0.007978369659585486,0.005989316917838757,0.003719434155958575,0.003984108874222878,-0.0030847637549908883,1,-0.0011912618026640419,0.0059908558476265,-0.001109483340657693,-0.0035876545853989563,-0.0024706265189603895,0.007305264540893213,0.001818199001713898,-0.0017101882312263168,0.0,0.0019772229014921967,0.0018714972462149269,0.001992106105305992,-0.002561332492685182,-0.005070899249357969,0.005923557340570757,0.005999914200931185,0.00788667981206279,-0.006941124603620754,0.0039522613634826835,0.0,-0.004828826760351964,0.001995688417563186,-0.0016892040038878507,0.007997318305412067,0.0,-0.0031730999821429216,0.003923027953302155,-0.006554982437968185,-0.003702287996877793,0.007993923982486875,-0.00365924596810394,-0.0014969860450122613,0.00980738114232751,0.005556979705244026,0.0,0.0039058200692675435,-0.0010536009278155805,0.001985819384589166,0.005933834189230166,0.0019448361247477051,0.003998635452667307,0.0019621507963117416,-0.001991968456887702,0.0,0.0,-0.003160732606818663,0.0,-0.0014555981242326019,0.005987270516657694,-0.003614494775827257,0.003959961162738411,-0.003531134530047796,0.0,-0.0054018673294030164,0.0019360108927446427,0.001953822742626074,-0.0010708669708960367,-0.005266180366398916,-0.003706546784451036,-0.004158192010645843,0.001961938440337238,0.003997333230008471,0.007889974786947774,0.0019934157877447784,0.007827405330787067,0.0,0.0,agent62,-0.3669538821017413
-0.4250758849775298,-0.0010228718027126145,-0.0011167219560736974,-0.004984006000182423,-0.0018996027990728923,-0.0020862511871884183,-0.00338668935294917,-0.0025785370445724288,0.0038750104910272825,0.001999758646539574,-0.004927027429373142,-0.0039730341278062025,0.0,-0.0027819267252430753,-0.0036361672282673686,0.003996887777284654,-0.00419619242980796,0.0039999899706880905,0.0,-0.0031691269032883542,-0.009165560303508902,0.009400709860537771,-0.004975348511238808,0.005898349128213019,-0.005478336345559754,-0.0011467012018734155,0.0,0.0019651520361638644,0.007978369659585486,0.005989316917838757,0.003719434155958575,0.003984108874222878,-0.00456824775167862,1,-0.0011912618026640419,0.0059908558476265,-0.001109483340657693,-0.0035876545853989563,-0.0024706265189603895,0.007305264540893213,0.001818199001713898,-0.0017101882312263168,0.0,0.0019772229014921967,0.0018714972462149269,0.001992106105305992,-0.002561332492685182,-0.005070899249357969,0.005923557340570757,0.005999914200931185,0.00788667981206279,-0.006941124603620754,0.0039522613634826835,0.0,-0.004828826760351964,0.001995688417563186,-0.0016892040038878507,0.007997318305412067,0.0,-0.0031730999821429216,0.003923027953302155,-0.006554982437968185,-0.003702287996877793,0.007993923982486875,-0.00365924596810394,-0.0014969860450122613,0.00980738114232751,0.005556979705244026,0.0,0.0039058200692675435,-0.0010536009278155805,0.001985819384589166,0.005933834189230166,0.0019448361247477051,0.003998635452667307,0.0019621507963117416,-0.001991968456887702,0.0,0.0,-0.003160732606818663,0.0,-0.0014555981242326019,0.005987270516657694,-0.003614494775827257,0.003959961162738411,-0.003531134530047796,0.0,-0.0054018673294030164,0.0019360108927446427,0.001953822742626074,-0.0010708669708960367,-0.005266180366398916,-0.003706546784451036,-0.004158192010645843,0.001961938440337238,0.003997333230008471,0.007889974786947774,0.0019934157877447784,0.007827405330787067,0.0,0.0,agent31,0.5923090210643011
-0.426079869086404,-0.0010228718027126145,-0.0011167219560736974,-0.004984006000182423,-0.0018996027990728923,-0.0020862511871884183,-0.00338668935294917,-0.0025785370445724288,0.0038750104910272825,0.001999758646539574,-0.004927027429373142,-0.0039730341278062025,0.0,-0.0027819267252430753,-0.0036361672282673686,0.003996887777284654,-0.00419619242980796,0.0039999899706880905,0.0,-0.0031691269032883542,-0.009165560303508902,0.009400709860537771,-0.004975348511238808,0.005898349128213019,-0.005478336345559754,-0.0011467012018734155,0.0,0.0019651520361638644,0.007978369659585486,0.005989316917838757,0.003719434155958575,0.005976227324305252,-0.00456824775167862,1,-0.0011912618026640419,0.0059908558476265,-0.001109483340657693,-0.0035876545853989563,-0.0024706265189603895,0.007305264540893213,0.001818199001713898,-0.0017101882312263168,0.0,0.0019772229014921967,0.0018714972462149269,0.001992106105305992,-0.002561332492685182,-0.005070899249357969,0.005923557340570757,0.005999914200931185,0.00788667981206279,-0.006941124603620754,0.0039522613634826835,0.0,-0.004828826760351964,0.001995688417563186,-0.0016892040038878507,0.007997318305412067,0.0,-0.0031730999821429216,0.003923027953302155,-0.006554982437968185,-0.003702287996877793,0.007993923982486875,-0.00365924596810394,-0.0014969860450122613,0.00980738114232751,0.005556979705244026,0.0,0.0039058200692675435,-0.0010536009278155805,0.001985819384589166,0.005933834189230166,0.0019448361247477051,0.003998635452667307,0.0019621507963117416,-0.001991968456887702,0.0,0.0,-0.003160732606818663,0.0,-0.0014555981242326019,0.005987270516657694,-0.003614494775827257,0.003959961162738411,-0.003531134530047796,0.0,-0.0054018673294030164,0.0019360108927446427,0.001953822742626074,-0.0010708669708960367,-0.005266180366398916,-0.003706546784451036,-0.004158192010645843,0.001961938440337238,0.003997333230008471,0.007889974786947774,0.0019934157877447784,0.007827405330787067,0.0,0.0,agent30,-0.5506270691027865
-0.42708386772185664,-0.0010228718027126145,-0.0011167219560736974,-0.004984006000182423,-0.0018996027990728923,-0.0020862511871884183,-0.00338668935294917,-0.0025785370445724288,0.0038750104910272825,0.001999758646539574,-0.004927027429373142,-0.0039730341278062025,0.0,-0.0027819267252430753,-0.0036361672282673686,0.003996887777284654,-0.00419619242980796,0.0039999899706880905,0.0,-0.0031691269032883542,-0.009165560303508902,0.009400709860537771,-0.004975348511238808,0.005898349128213019,-0.005478336345559754,-0.0011467012018734155,0.0,0.0019651520361638644,0.007978369659585486,0.005989316917838757,0.003719434155958575,0.005976227324305252,-0.00456824775167862,1,-0.0011912618026640419,0.0059908558476265,-0.001109483340657693,-0.0035876545853989563,-0.0024706265189603895,0.007305264540893213,0.001818199001713898,-0.0017101882312263168,0.0,0.0019772229014921967,0.0018714972462149269,0.001992106105305992,-0.002561332492685182,-0.005070899249357969,0.005923557340570757,0.005999914200931185,0.00788667981206279,-0.006941124603620754,0.0039522613634826835,0.0,-0.004828826760351964,0.001995688417563186,-0.0016892040038878507,0.007997318305412067,0.0,-0.0031730999821429216,0.003923027953302155,-0.006554982437968185,-0.003702287996877793,0.007993923982486875,-0.00365924596810394,-0.0014969860450122613,0.00980738114232751,0.005556979705244026,0.0,0.0039058200692675435,-0.0010536009278155805,0.001985819384589166,0.005933834189230166,0.0019448361247477051,0.005997971759524135,0.0019621507963117416,-0.001991968456887702,0.0,0.0,-0.003160732606818663,0.0,-0.0014555981242326019,0.005987270516657694,-0.003614494775827257,0.003959961162738411,-0.003531134530047796,0.0,-0.0054018673294030164,0.0019360108927446427,0.001953822742626074,-0.0010708669708960367,-0.005266180366398916,-0.003706546784451036,-0.004158192010645843,0.001961938440337238,0.003997333230008471,0.007889974786947774,0.0019934157877447784,0.007827405330787067,0.0,0.0,agent73,-0.4625131819517436
-0.4280849772051973,-0.0010228718027126145,-0.0011167219560736974,-0.004984006000182423,-0.0018996027990728923,-0.0020862511871884183,-0.00338668935294917,-0.0025785370445724288,0.0038750104910272825,0.001999758646539574,-0.004927027429373142,-0.0039730341278062025,0.0,-0.0027819267252430753,-0.0036361672282673686,0.003996887777284654,-0.00419619242980796,0.0039999899706880905,0.0,-0.0031691269032883542,-0.009165560303508902,0.009400709860537771,-0.004975348511238808,0.005898349128213019,-0.005478336345559754,-0.0011467012018734155,0.0,0.0019651520361638644,0.007978369659585486,0.005989316917838757,0.003719434155958575,0.005976227324305252,-0.00456824775167862,1,-0.0011912618026640419,0.0059908558476265,-0.0020911991579017058,-0.0035876545853989563,-0.0024706265189603895,0.007305264540893213,0.001818199001713898,-0.0017101882312263168,0.0,0.0019772229014921967,0.0018714972462149269,0.001992106105305992,-0.002561332492685182,-0.005070899249357969,0.005923557340570757,0.005999914200931185,0.00788667981206279,-0.006941124603620754,0.0039522613634826835,0.0,-0.004828826760351964,0.001995688417563186,-0.0016892040038878507,0.007997318305412067,0.0,-0.0031730999821429216,0.003923027953302155,-0.006554982437968185,-0.003702287996877793,0.007993923982486875,-0.00365924596810394,-0.0014969860450122613,0.00980738114232751,0.005556979705244026,0.0,0.0039058200692675435,-0.0010536009278155805,0.001985819384589166,0.005933834189230166,0.0019448361247477051,0.005997971759524135,0.0019621507963117416,-0.001991968456887702,0.0,0.0,-0.003160732606818663,0.0,-0.0014555981242326019,0.005987270516657694,-0.003614494775827257,0.003959961162738411,-0.003531134530047796,0.0,-0.0054018673294030164,0.0019360108927446427,0.001953822742626074,-0.0010708669708960367,-0.005266180366398916,-0.003706546784451036,-0.004158192010645843,0.001961938440337238,0.003997333230008471,0.007889974786947774,0.0019934157877447784,0.007827405330787067,0.0,0.0,agent35,1
-0.4290886794931942,-0.0010228718027126145,-0.0011167219560736974,-0.004984006000182423,-0.0018996027990728923,-0.0020862511871884183,-0.00338668935294917,-0.0025785370445724288,0.0038750104910272825,0.001999758646539574,-0.004927027429373142,-0.0039730341278062025,0.0,-0.0027819267252430753,-0.0036361672282673686,0.003996887777284654,-0.00419619242980796,0.0039999899706880905,0.0,-0.0031691269032883542,-0.009165560303508902,0.009400709860537771,-0.004975348511238808,0.005898349128213019,-0.005478336345559754,-0.0011467012018734155,0.0,0.0019651520361638644,0.007978369659585486,0.005989316917838757,0.003719434155958575,0.005976227324305252,-0.00456824775167862,1,-0.0011912618026640419,0.0059908558476265,-0.0020911991579017058,-0.0035876545853989563,-0.0024706265189603895,0.007305264540893213,0.001818199001713898,-0.0017101882312263168,0.0,0.0019772229014921967,0.0018714972462149269,0.001992106105305992,-0.002561332492685182,-0.005070899249357969,0.005923557340570757,0.005999914200931185,0.00788667981206279,-0.006941124603620754,0.0039522613634826835,0.0,-0.004828826760351964,0.001995688417563186,-0.0016892040038878507,0.007997318305412067,0.0,-0.0031730999821429216,0.003923027953302155,-0.006554982437968185,-0.005459206296780184,0.007993923982486875,-0.00365924596810394,-0.0014969860450122613,0.00980738114232751,0.005556979705244026,0.0,0.0039058200692675435,-0.0010536009278155805,0.001985819384589166,0.005933834189230166,0.0019448361247477051,0.005997971759524135,0.0019621507963117416,-0.001991968456887702,0.0,0.0,-0.003160732606818663,0.0,-0.0014555981242326019,0.005987270516657694,-0.003614494775827257,0.003959961162738411,-0.003531134530047796,0.0,-0.0054018673294030164,0.0019360108927446427,0.001953822742626074,-0.0010708669708960367,-0.005266180366398916,-0.003706546784451036,-0.004158192010645843,0.001961938440337238,0.003997333230008471,0.007889974786947774,0.0019934157877447784,0.007827405330787067,0.0,0.0,agent61,0.26916920901043095
-0.4300940813605236,-0.0010228718027126145,-0.0011167219560736974,-0.004984006000182423,-0.0018996027990728923,-0.0020862511871884183,-0.00338668935294917,-0.0025785370445724288,0.0038750104910272825,0.001999758646539574,-0.004927027429373142,-0.0039730341278062025,0.0,-0.0027819267252430753,-0.0036361672282673686,0.003996887777284654,-0.00419619242980796,0.0039999899706880905,0.0,-0.0031691269032883542,-0.009165560303508902,0.009400709860537771,-0.004975348511238808,0.005898349128213019,-0.005478336345559754,-0.0011467012018734155,0.0,0.0019651520361638644,0.007978369659585486,0.005989316917838757,0.003719434155958575,0.005976227324305252,-0.00456824775167862,1,-0.0011912618026640419,0.0059908558476265,-0.0020911991579017058,-0.0035876545853989563,-0.0024706265189603895,0.007305264540893213,0.001818199001713898,-0.0017101882312263168,0.0,0.0019772229014921967,0.0018714972462149269,0.001992106105305992,-0.002561332492685182,-0.005070899249357969,0.005923557340570757,0.005999914200931185,0.00788667981206279,-0.006941124603620754,0.0039522613634826835,0.0,-0.004828826760351964,0.001995688417563186,-0.0016892040038878507,0.007997318305412067,0.0,-0.0031730999821429216,0.003923027953302155,-0.006554982437968185,-0.005459206296780184,0.007993923982486875,-0.00365924596810394,-0.0014969860450122613,0.00980738114232751,0.005556979705244026,0.0,0.0039058200692675435,-0.0010536009278155805,0.001985819384589166,0.005933834189230166,0.0019448361247477051,0.005997971759524135,0.0019621507963117416,-0.001991968456887702,0.0,0.0,-0.003160732606818663,0.0,-0.0014555981242326019,0.005987270516657694,-0.003614494775827257,0.003959961162738411,-0.003531134530047796,0.0,-0.0070691192363828495,0.0019360108927446427,0.001953822742626074,-0.0010708669708960367,-0.005266180366398916,-0.003706546784451036,-0.004158192010645843,0.001961938440337238,0.003997333230008471,0.007889974786947774,0.0019934157877447784,0.007827405330787067,0.0,0.0,agent86,0.38669081647390513
-0.4311000686310402,-0.0010228718027126145,-0.0011167219560736974,-0.004984006000182423,-0.0018996027990728923,-0.0020862511871884183,-0.00338668935294917,-0.0025785370445724288,0.0038750104910272825,0.001999758646539574,-0.004927027429373142,-0.0039730341278062025,0.0,-0.0027819267252430753,-0.0036361672282673686,0.003996887777284654,-0.00419619242980796,0.0039999899706880905,0.0,-0.0031691269032883542,-0.009165560303508902,0.009400709860537771,-0.004975348511238808,0.005898349128213019,-0.005478336345559754,-0.0011467012018734155,0.0,0.0019651520361638644,0.007978369659585486,0.005989316917838757,0.003719434155958575,0.005976227324305252,-0.00456824775167862,1,-0.0011912618026640419,0.0059908558476265,-0.0020911991579017058,-0.0035876545853989563,-0.0024706265189603895,0.007305264540893213,0.001818199001713898,-0.0017101882312263168,0.0,0.0019772229014921967,0.0018714972462149269,0.001992106105305992,-0.002561332492685182,-0.005070899249357969,0.005923557340570757,0.005999914200931185,0.00788667981206279,-0.006941124603620754,0.0039522613634826835,0.0,-0.004828826760351964,0.001995688417563186,-0.0016892040038878507,0.007997318305412067,0.0,-0.0031730999821429216,0.003923027953302155,-0.006554982437968185,-0.005459206296780184,0.007993923982486875,-0.00365924596810394,-0.0014969860450122613,0.00980738114232751,0.005556979705244026,0.0,0.0039058200692675435,-0.0010536009278155805,0.001985819384589166,0.005933834189230166,0.0019448361247477051,0.005997971759524135,0.0019621507963117416,-0.001991968456887702,0.0,0.0,-0.003160732606818663,0.0,-0.0014555981242326019,0.007982966036865446,-0.003614494775827257,0.003959961162738411,-0.003531134530047796,0.0,-0.0070691192363828495,0.0019360108927446427,0.001953822742626074,-0.0010708669708960367,-0.005266180366398916,-0.003706546784451036,-0.004158192010645843,0.001961938440337238,0.003997333230008471,0.007889974786947774,0.0019934157877447784,0.007827405330787067,0.0,0.0,agent81,-0.33730960213853917
-0.432104041665168,-0.0010228718027126145,-0.0011167219560736974,-0.004984006000182423,-0.0018996027990728923,-0.0020862511871884183,-0.00338668935294917,-0.0025785370445724288,0.0038750104910272825,0.001999758646539574,-0.004927027429373142,-0.005180449255421938,0.0,-0.0027819267252430753,-0.0036361672282673686,0.003996887777284654,-0.00419619242980796,0.0039999899706880905,0.0,-0.0031691269032883542,-0.009165560303508902,0.009400709860537771,-0.004975348511238808,0.005898349128213019,-0.005478336345559754,-0.0011467012018734155,0.0,0.0019651520361638644,0.007978369659585486,0.005989316917838757,0.003719434155958575,0.005976227324305252,-0.00456824775167862,1,-0.0011912618026640419,0.0059908558476265,-0.0020911991579017058,-0.0035876545853989563,-0.0024706265189603895,0.007305264540893213,0.001818199001713898,-0.0017101882312263168,0.0,0.0019772229014921967,0.0018714972462149269,0.001992106105305992,-0.002561332492685182,-0.005070899249357969,0.005923557340570757,0.005999914200931185,0.00788667981206279,-0.006941124603620754,0.0039522613634826835,0.0,-0.004828826760351964,0.001995688417563186,-0.0016892040038878507,0.007997318305412067,0.0,-0.0031730999821429216,0.003923027953302155,-0.006554982437968185,-0.005459206296780184,0.007993923982486875,-0.00365924596810394,-0.0014969860450122613,0.00980738114232751,0.005556979705244026,0.0,0.0039058200692675435,-0.0010536009278155805,0.001985819384589166,0.005933834189230166,0.0019448361247477051,0.005997971759524135,0.0019621507963117416,-0.001991968456887702,0.0,0.0,-0.003160732606818663,0.0,-0.0014555981242326019,0.007982966036865446,-0.003614494775827257,0.003959961162738411,-0.003531134530047796,0.0,-0.0070691192363828495,0.0019360108927446427,0.001953822742626074,-0.0010708669708960367,-0.005266180366398916,-0.003706546784451036,-0.004158192010645843,0.001961938440337238,0.003997333230008471,0.007889974786947774,0.0019934157877447784,0.007827405330787067,0.0,0.0,agent10,0.8279351750252003
-0.4331060274845526,-0.0010228718027126145,-0.0011167219560736974,-0.004984006000182423,-0.0018996027990728923,-0.0020862511871884183,-0.00338668935294917,-0.0025785370445724288,0.0038750104910272825,0.001999758646539574,-0.004927027429373142,-0.005180449255421938,0.0,-0.0027819267252430753,-0.0036361672282673686,0.003996887777284654,-0.00419619242980796,0.0039999899706880905,0.0,-0.0031691269032883542,-0.009165560303508902,0.009400709860537771,-0.004975348511238808,0.005898349128213019,-0.005478336345559754,-0.0011467012018734155,0.0,0.0019651520361638644,0.007978369659585486,0.005989316917838757,0.003719434155958575,0.005976227324305252,-0.00456824775167862,1,-0.0011912618026640419,0.0059908558476265,-0.0020911991579017058,-0.0035876545853989563,-0.0024706265189603895,0.007305264540893213,0.001818199001713898,-0.0017101882312263168,0.0,0.0019772229014921967,0.0018714972462149269,0.001992106105305992,-0.002561332492685182,-0.005070899249357969,0.005923557340570757,0.005999914200931185,0.00788667981206279,-0.006941124603620754,0.0039522613634826835,0.0,-0.004828826760351964,0.001995688417563186,-0.0016892040038878507,0.007997318305412067,0.0,-0.0031730999821429216,0.003923027953302155,-0.006554982437968185,-0.005459206296780184,0.007993923982486875,-0.00365924596810394,-0.0014969860450122613,0.00980738114232751,0.005556979705244026,0.0,0.0039058200692675435,-0.0010536009278155805,0.003971301531009405,0.005933834189230166,0.0019448361247477051,0.005997971759524135,0.0019621507963117416,-0.001991968456887702,0.0,0.0,-0.003160732606818663,0.0,-0.0014555981242326019,0.007982966036865446,-0.003614494775827257,0.003959961162738411,-0.003531134530047796,0.0,-0.0070691192363828495,0.0019360108927446427,0.001953822742626074,-0.0010708669708960367,-0.005266180366398916,-0.003706546784451036,-0.004158192010645843,0.001961938440337238,0.003997333230008471,0.007889974786947774,0.0019934157877447784,0.007827405330787067,0.0,0.0,agent70,-0.6025027129027188
-0.43410752447059764,-0.0010228718027126145,-0.0011167219560736974,-0.004984006000182423,-0.0018996027990728923,-0.0020862511871884183,-0.00338668935294917,-0.0025785370445724288,0.0038750104910272825,0.001999758646539574,-0.004927027429373142,-0.005180449255421938,0.0,-0.0027819267252430753,-0.0036361672282673686,0.003996887777284654,-0.00419619242980796,0.0039999899706880905,0.0,-0.0031691269032883542,-0.009165560303508902,0.009400709860537771,-0.004975348511238808,0.005898349128213019,-0.005478336345559754,-0.0011467012018734155,0.0,0.0019651520361638644,0.007978369659585486,0.005989316917838757,0.003719434155958575,0.005976227324305252,-0.00456824775167862,1,-0.0011912618026640419,0.0059908558476265,-0.0020911991579017058,-0.0035876545853989563,-0.0024706265189603895,0.007305264540893213,0.001818199001713898,-0.0017101882312263168,0.0,0.0019772229014921967,0.0018714972462149269,0.001992106105305992,-0.002561332492685182,-0.005070899249357969,0.005923557340570757,0.005999914200931185,0.00788667981206279,-0.006941124603620754,0.0039522613634826835,0.0,-0.004828826760351964,0.001995688417563186,-0.0016892040038878507,0.007997318305412067,0.0,-0.0031730999821429216,0.003923027953302155,-0.006554982437968185,-0.005459206296780184,0.007993923982486875,-0.00365924596810394,-0.0028771646138025025,0.00980738114232751,0.005556979705244026,0.0,0.0039058200692675435,-0.0010536009278155805,0.003971301531009405,0.005933834189230166,0.0019448361247477051,0.005997971759524135,0.0019621507963117416,-0.001991968456887702,0.0,0.0,-0.003160732606818663,0.0,-0.0014555981242326019,0.007982966036865446,-0.003614494775827257,0.003959961162738411,-0.003531134530047796,0.0,-0.0070691192363828495,0.0019360108927446427,0.001953822742626074,-0.0010708669708960367,-0.005266180366398916,-0.003706546784451036,-0.004158192010645843,0.001961938440337238,0.003997333230008471,0.007889974786947774,0.0019934157877447784,0.007827405330787067,0.0,0.0,agent64,0.6802864740258169
-0.4351155183945801,-0.0010228718027126145,-0.0011167219560736974,-0.004984006000182423,-0.0018996027990728923,-0.0020862511871884183,-0.00338668935294917,-0.0025785370445724288,0.0038750104910272825,0.001999758646539574,-0.004927027429373142,-0.005180449255421938,0.0,-0.0027819267252430753,-0.0036361672282673686,0.003996887777284654,-0.00419619242980796,0.0039999899706880905,0.0,-0.0031691269032883542,-0.009165560303508902,0.009400709860537771,-0.004975348511238808,0.005898349128213019,-0.005478336345559754,-0.0011467012018734155,0.0,0.0019651520361638644,0.007978369659585486,0.005989316917838757,0.003719434155958575,0.005976227324305252,-0.00456824775167862,1,-0.0011912618026640419,0.0059908558476265,-0.0020911991579017058,-0.0035876545853989563,-0.0024706265189603895,0.007305264540893213,0.001818199001713898,-0.0017101882312263168,0.0,0.0019772229014921967,0.0018714972462149269,0.001992106105305992,-0.002561332492685182,-0.005070899249357969,0.005923557340570757,0.005999914200931185,0.00788667981206279,-0.006941124603620754,0.0039522613634826835,0.0,-0.004828826760351964,0.001995688417563186,-0.0016892040038878507,0.007997318305412067,0.0,-0.0031730999821429216,0.003923027953302155,-0.006554982437968185,-0.005459206296780184,0.00999229272895464,-0.00365924596810394,-0.0028771646138025025,0.00980738114232751,0.005556979705244026,0.0,0.0039058200692675435,-0.0010536009278155805,0.003971301531009405,0.005933834189230166,0.0019448361247477051,0.005997971759524135,0.0019621507963117416,-0.001991968456887702,0.0,0.0,-0.003160732606818663,0.0,-0.0014555981242326019,0.007982966036865446,-0.003614494775827257,0.003959961162738411,-0.003531134530047796,0.0,-0.0070691192363828495,0.0019360108927446427,0.001953822742626074,-0.0010708669708960367,-0.005266180366398916,-0.003706546784451036,-0.004158192010645843,0.001961938440337238,0.003997333230008471,0.007889974786947774,0.0019934157877447784,0.007827405330787067,0.0,0.0,agent62,-0.37698916433595175
-0.4361194242146494,-0.0010228718027126145,-0.0011167219560736974,-0.004984006000182423,-0.0018996027990728923,-0.0020862511871884183,-0.00338668935294917,-0.0025785370445724288,0.0038750104910272825,0.001999758646539574,-0.004927027429373142,-0.005180449255421938,0.0,-0.0027819267252430753,-0.0036361672282673686,0.003996887777284654,-0.00419619242980796,0.0039999899706880905,0.0,-0.0031691269032883542,-0.009165560303508902,0.009400709860537771,-0.004975348511238808,0.005898349128213019,-0.005478336345559754,-0.0011467012018734155,0.0,0.0019651520361638644,0.007978369659585486,0.005989316917838757,0.003719434155958575,0.005976227324305252,-0.00456824775167862,1,-0.0011912618026640419,0.0059908558476265,-0.0020911991579017058,-0.0035876545853989563,-0.0024706265189603895,0.007305264540893213,0.001818199001713898,-0.0017101882312263168,0.0,0.0019772229014921967,0.0018714972462149269,0.001992106105305992,-0.002561332492685182,-0.005070899249357969,0.005923557340570757,0.005999914200931185,0.00788667981206279,-0.006941124603620754,0.0039522613634826835,0.0,-0.004828826760351964,0.001995688417563186,-0.0016892040038878507,0.007997318305412067,0.0,-0.0031730999821429216,0.003923027953302155,-0.006554982437968185,-0.005459206296780184,0.00999229272895464,-0.00365924596810394,-0.0028771646138025025,0.00980738114232751,0.005556979705244026,0.0,0.005858893649239594,-0.0010536009278155805,0.003971301531009405,0.005933834189230166,0.0019448361247477051,0.005997971759524135,0.0019621507963117416,-0.001991968456887702,0.0,0.0,-0.003160732606818663,0.0,-0.0014555981242326019,0.007982966036865446,-0.003614494775827257,0.003959961162738411,-0.003531134530047796,0.0,-0.0070691192363828495,0.0019360108927446427,0.001953822742626074,-0.0010708669708960367,-0.005266180366398916,-0.003706546784451036,-0.004158192010645843,0.001961938440337238,0.003997333230008471,0.007889974786947774,0.0019934157877447784,0.007827405330787067,0.0,0.0,agent68,-0.7414696273206701
-0.43712132381744845,-0.0010228718027126145,-0.0011167219560736974,-0.004984006000182423,-0.003782850891925833,-0.0020862511871884183,-0.00338668935294917,-0.0025785370445724288,0.0038750104910272825,0.001999758646539574,-0.004927027429373142,-0.005180449255421938,0.0,-0.0027819267252430753,-0.0036361672282673686,0.003996887777284654,-0.00419619242980796,0.0039999899706880905,0.0,-0.0031691269032883542,-0.009165560303508902,0.009400709860537771,-0.004975348511238808,0.005898349128213019,-0.005478336345559754,-0.0011467012018734155,0.0,0.0019651520361638644,0.007978369659585486,0.005989316917838757,0.003719434155958575,0.005976227324305252,-0.00456824775167862,1,-0.0011912618026640419,0.0059908558476265,-0.0020911991579017058,-0.0035876545853989563,-0.0024706265189603895,0.007305264540893213,0.001818199001713898,-0.0017101882312263168,0.0,0.0019772229014921967,0.0018714972462149269,0.001992106105305992,-0.002561332492685182,-0.005070899249357969,0.005923557340570757,0.005999914200931185,0.00788667981206279,-0.006941124603620754,0.0039522613634826835,0.0,-0.004828826760351964,0.001995688417563186,-0.0016892040038878507,0.007997318305412067,0.0,-0.0031730999821429216,0.003923027953302155,-0.006554982437968185,-0.005459206296780184,0.00999229272895464,-0.00365924596810394,-0.0028771646138025025,0.00980738114232751,0.005556979705244026,0.0,0.005858893649239594,-0.0010536009278155805,0.003971301531009405,0.005933834189230166,0.0019448361247477051,0.005997971759524135,0.0019621507963117416,-0.001991968456887702,0.0,0.0,-0.003160732606818663,0.0,-0.0014555981242326019,0.007982966036865446,-0.003614494775827257,0.003959961162738411,-0.003531134530047796,0.0,-0.0070691192363828495,0.0019360108927446427,0.001953822742626074,-0.0010708669708960367,-0.005266180366398916,-0.003706546784451036,-0.004158192010645843,0.001961938440337238,0.003997333230008471,0.007889974786947774,0.0019934157877447784,0.007827405330787067,0.0,0.0,agent3,0.04710289966341696
-0.43812379444396743,-0.0010228718027126145,-0.0011167219560736974,-0.004984006000182423,-0.003782850891925833,-0.0020862511871884183,-0.00338668935294917,-0.0025785370445724288,0.0038750104910272825,0.001999758646539574,-0.004927027429373142,-0.005180449255421938,0.0,-0.0027819267252430753,-0.0036361672282673686,0.003996887777284654,-0.00419619242980796,0.0039999899706880905,0.0,-0.0031691269032883542,-0.009165560303508902,0.009400709860537771,-0.004975348511238808,0.005898349128213019,-0.005478336345559754,-0.0011467012018734155,0.0,0.0019651520361638644,0.007978369659585486,0.005989316917838757,0.003719434155958575,0.005976227324305252,-0.00456824775167862,1,-0.0011912618026640419,0.0059908558476265,-0.0020911991579017058,-0.0035876545853989563,-0.0034855431434262585,0.007305264540893213,0.001818199001713898,-0.0017101882312263168,0.0,0.0019772229014921967,0.0018714972462149269,0.001992106105305992,-0.002561332492685182,-0.005070899249357969,0.005923557340570757,0.005999914200931185,0.00788667981206279,-0.006941124603620754,0.0039522613634826835,0.0,-0.004828826760351964,0.001995688417563186,-0.0016892040038878507,0.007997318305412067,0.0,-0.0031730999821429216,0.003923027953302155,-0.006554982437968185,-0.005459206296780184,0.00999229272895464,-0.00365924596810394,-0.0028771646138025025,0.00980738114232751,0.005556979705244026,0.0,0.005858893649239594,-0.0010536009278155805,0.003971301531009405,0.005933834189230166,0.0019448361247477051,0.005997971759524135,0.0019621507963117416,-0.001991968456887702,0.0,0.0,-0.003160732606818663,0.0,-0.0014555981242326019,0.007982966036865446,-0.003614494775827257,0.003959961162738411,-0.003531134530047796,0.0,-0.0070691192363828495,0.0019360108927446427,0.001953822742626074,-0.0010708669708960367,-0.005266180366398916,-0.003706546784451036,-0.004158192010645843,0.001961938440337238,0.003997333230008471,0.007889974786947774,0.0019934157877447784,0.007827405330787067,0.0,0.0,agent37,0.9665049622958679
-0.4391256126429691,-0.0010228718027126145,-0.0011167219560736974,-0.004984006000182423,-0.003782850891925833,-0.0020862511871884183,-0.00338668935294917,-0.0025785370445724288,0.0038750104910272825,0.001999758646539574,-0.004927027429373142,-0.005180449255421938,0.0,-0.0027819267252430753,-0.0036361672282673686,0.003996887777284654,-0.00419619242980796,0.0039999899706880905,0.0,-0.0031691269032883542,-0.009165560303508902,0.009400709860537771,-0.004975348511238808,0.005898349128213019,-0.005478336345559754,-0.0011467012018734155,0.0,0.0019651520361638644,0.007978369659585486,0.005989316917838757,0.003719434155958575,0.005976227324305252,-0.00456824775167862,1,-0.0011912618026640419,0.0059908558476265,-0.0020911991579017058,-0.0035876545853989563,-0.0034855431434262585,0.007305264540893213,0.0036603465665288755,-0.0017101882312263168,0.0,0.0019772229014921967,0.0018714972462149269,0.001992106105305992,-0.002561332492685182,-0.005070899249357969,0.005923557340570757,0.005999914200931185,0.00788667981206279,-0.006941124603620754,0.0039522613634826835,0.0,-0.004828826760351964,0.001995688417563186,-0.0016892040038878507,0.007997318305412067,0.0,-0.0031730999821429216,0.003923027953302155,-0.006554982437968185,-0.005459206296780184,0.00999229272895464,-0.00365924596810394,-0.0028771646138025025,0.00980738114232751,0.005556979705244026,0.0,0.005858893649239594,-0.0010536009278155805,0.003971301531009405,0.005933834189230166,0.0019448361247477051,0.005997971759524135,0.0019621507963117416,-0.001991968456887702,0.0,0.0,-0.003160732606818663,0.0,-0.0014555981242326019,0.007982966036865446,-0.003614494775827257,0.003959961162738411,-0.003531134530047796,0.0,-0.0070691192363828495,0.0019360108927446427,0.001953822742626074,-0.0010708669708960367,-0.005266180366398916,-0.003706546784451036,-0.004158192010645843,0.001961938440337238,0.003997333230008471,0.007889974786947774,0.0019934157877447784,0.007827405330787067,0.0,0.0,agent39,-1
-0.44012980883539893,-0.0010228718027126145,-0.0011167219560736974,-0.004984006000182423,-0.003782850891925833,-0.0020862511871884183,-0.00338668935294917,-0.0025785370445724288,0.0038750104910272825,0.001999758646539574,-0.004927027429373142,-0.005180449255421938,0.0,-0.0027819267252430753,-0.0036361672282673686,0.003996887777284654,-0.0051606511653254595,0.0039999899706880905,0.0,-0.0031691269032883542,-0.009165560303508902,0.009400709860537771,-0.004975348511238808,0.005898349128213019,-0.005478336345559754,-0.0011467012018734155,0.0,0.0019651520361638644,0.007978369659585486,0.005989316917838757,0.003719434155958575,0.005976227324305252,-0.00456824775167862,1,-0.0011912618026640419,0.0059908558476265,-0.0020911991579017058,-0.0035876545853989563,-0.0034855431434262585,0.007305264540893213,0.0036603465665288755,-0.0017101882312263168,0.0,0.0019772229014921967,0.0018714972462149269,0.001992106105305992,-0.002561332492685182,-0.005070899249357969,0.005923557340570757,0.005999914200931185,0.00788667981206279,-0.006941124603620754,0.0039522613634826835,0.0,-0.004828826760351964,0.001995688417563186,-0.0016892040038878507,0.007997318305412067,0.0,-0.0031730999821429216,0.003923027953302155,-0.006554982437968185,-0.005459206296780184,0.00999229272895464,-0.00365924596810394,-0.0028771646138025025,0.00980738114232751,0.005556979705244026,0.0,0.005858893649239594,-0.0010536009278155805,0.003971301531009405,0.005933834189230166,0.0019448361247477051,0.005997971759524135,0.0019621507963117416,-0.001991968456887702,0.0,0.0,-0.003160732606818663,0.0,-0.0014555981242326019,0.007982966036865446,-0.003614494775827257,0.003959961162738411,-0.003531134530047796,0.0,-0.0070691192363828495,0.0019360108927446427,0.001953822742626074,-0.0010708669708960367,-0.005266180366398916,-0.003706546784451036,-0.004158192010645843,0.001961938440337238,0.003997333230008471,0.007889974786947774,0.0019934157877447784,0.007827405330787067,0.0,0.0,agent15,1
-0.4411376988101859,-0.0010228718027126145,-0.0011167219560736974,-0.004984006000182423,-0.003782850891925833,-0.0020862511871884183,-0.00338668935294917,-0.0025785370445724288,0.0038750104910272825,0.001999758646539574,-0.004927027429373142,-0.005180449255421938,0.0,-0.0027819267252430753,-0.0036361672282673686,0.003996887777284654,-0.0051606511653254595,0.0039999899706880905,0.0,-0.0031691269032883542,-0.009165560303508902,0.009400709860537771,-0.004975348511238808,0.005898349128213019,-0.005478336345559754,-0.0011467012018734155,0.0,0.0019651520361638644,0.007978369659585486,0.005989316917838757,0.003719434155958575,0.005976227324305252,-0.00456824775167862,1,-0.0011912618026640419,0.0059908558476265,-0.0020911991579017058,-0.0035876545853989563,-0.0034855431434262585,0.007305264540893213,0.0036603465665288755,-0.0017101882312263168,0.0,0.0019772229014921967,0.0018714972462149269,0.001992106105305992,-0.002561332492685182,-0.005070899249357969,0.005923557340570757,0.005999914200931185,0.00788667981206279,-0.006941124603620754,0.0039522613634826835,0.0,-0.004828826760351964,0.001995688417563186,-0.0016892040038878507,0.007997318305412067,0.0,-0.0031730999821429216,0.003923027953302155,-0.006554982437968185,-0.005459206296780184,0.00999229272895464,-0.00365924596810394,-0.0028771646138025025,0.00980738114232751,0.005556979705244026,0.0,0.005858893649239594,-0.0010536009278155805,0.003971301531009405,0.005933834189230166,0.0019448361247477051,0.005997971759524135,0.0019621507963117416,-0.001991968456887702,0.0,0.0,-0.003160732606818663,0.0,-0.0014555981242326019,0.007982966036865446,-0.003614494775827257,0.003959961162738411,-0.003531134530047796,0.0,-0.0070691192363828495,0.0019360108927446427,0.001953822742626074,-0.0010708669708960367,-0.005266180366398916,-0.003706546784451036,-0.004158192010645843,0.001961938440337238,0.003997333230008471,0.009862943779948658,0.0019934157877447784,0.007827405330787067,0.0,0.0,agent95,-0.6726422042000957
-0.44214118435332933,-0.0010228718027126145,-0.0011167219560736974,-0.004984006000182423,-0.003782850891925833,-0.0020862511871884183,-0.00338668935294917,-0.0025785370445724288,0.0038750104910272825,0.001999758646539574,-0.004927027429373142,-0.005180449255421938,0.0,-0.0027819267252430753,-0.0036361672282673686,0.003996887777284654,-0.0051606511653254595,0.0039999899706880905,0.0,-0.0031691269032883542,-0.009165560303508902,0.009400709860537771,-0.004975348511238808,0.005898349128213019,-0.005478336345559754,-0.0011467012018734155,0.0,0.0019651520361638644,0.007978369659585486,0.005989316917838757,0.003719434155958575,0.005976227324305252,-0.00456824775167862,1,-0.0011912618026640419,0.0059908558476265,-0.0020911991579017058,-0.0035876545853989563,-0.004490569607980632,0.007305264540893213,0.0036603465665288755,-0.0017101882312263168,0.0,0.0019772229014921967,0.0018714972462149269,0.001992106105305992,-0.002561332492685182,-0.005070899249357969,0.005923557340570757,0.005999914200931185,0.00788667981206279,-0.006941124603620754,0.0039522613634826835,0.0,-0.004828826760351964,0.001995688417563186,-0.0016892040038878507,0.007997318305412067,0.0,-0.0031730999821429216,0.003923027953302155,-0.006554982437968185,-0.005459206296780184,0.00999229272895464,-0.00365924596810394,-0.0028771646138025025,0.00980738114232751,0.005556979705244026,0.0,0.005858893649239594,-0.0010536009278155805,0.003971301531009405,0.005933834189230166,0.0019448361247477051,0.005997971759524135,0.0019621507963117416,-0.001991968456887702,0.0,0.0,-0.003160732606818663,0.0,-0.0014555981242326019,0.007982966036865446,-0.003614494775827257,0.003959961162738411,-0.003531134530047796,0.0,-0.0070691192363828495,0.0019360108927446427,0.001953822742626074,-0.0010708669708960367,-0.005266180366398916,-0.003706546784451036,-0.004158192010645843,0.001961938440337238,0.003997333230008471,0.009862943779948658,0.0019934157877447784,0.007827405330787067,0.0,0.0,agent37,0.9695171388064628
-0.44314534254534,-0.0010228718027126145,-0.0011167219560736974,-0.004984006000182423,-0.003782850891925833,-0.0020862511871884183,-0.00338668935294917,-0.0025785370445724288,0.0038750104910272825,0.001999758646539574,-0.004927027429373142,-0.005180449255421938,0.0,-0.0027819267252430753,-0.0036361672282673686,0.003996887777284654,-0.0051606511653254595,0.0039999899706880905,0.0,-0.0031691269032883542,-0.009165560303508902,0.009400709860537771,-0.004975348511238808,0.005898349128213019,-0.005478336345559754,-0.0011467012018734155,0.0,0.0019651520361638644,0.007978369659585486,0.005989316917838757,0.003719434155958575,0.005976227324305252,-0.00456824775167862,1,-0.0011912618026640419,0.0059908558476265,-0.0020911991579017058,-0.0035876545853989563,-0.004490569607980632,0.007305264540893213,0.0036603465665288755,-0.0017101882312263168,0.0,0.0019772229014921967,0.0018714972462149269,0.001992106105305992,-0.002561332492685182,-0.005070899249357969,0.005923557340570757,0.005999914200931185,0.00788667981206279,-0.006941124603620754,0.0039522613634826835,0.0,-0.004828826760351964,0.001995688417563186,-0.0016892040038878507,0.007997318305412067,0.0,-0.0031730999821429216,0.003923027953302155,-0.006554982437968185,-0.005459206296780184,0.00999229272895464,-0.00365924596810394,-0.0028771646138025025,0.00980738114232751,0.005556979705244026,0.0,0.005858893649239594,-0.0010536009278155805,0.003971301531009405,0.005933834189230166,0.0019448361247477051,0.005997971759524135,0.0019621507963117416,-0.001991968456887702,0.0,0.0,-0.003160732606818663,0.0,-0.0014555981242326019,0.007982966036865446,-0.003614494775827257,0.003959961162738411,-0.003531134530047796,0.0,-0.0070691192363828495,0.0019360108927446427,0.001953822742626074,-0.0010708669708960367,-0.005266180366398916,-0.003706546784451036,-0.005228609220627151,0.001961938440337238,0.003997333230008471,0.009862943779948658,0.0019934157877447784,0.007827405330787067,0.0,0.0,agent92,0.9213710378278238
-0.4441505229945954,-0.0010228718027126145,-0.0011167219560736974,-0.004984006000182423,-0.003782850891925833,-0.0020862511871884183,-0.00338668935294917,-0.0025785370445724288,0.0038750104910272825,0.001999758646539574,-0.004927027429373142,-0.006358530668504856,0.0,-0.0027819267252430753,-0.0036361672282673686,0.003996887777284654,-0.0051606511653254595,0.0039999899706880905,0.0,-0.0031691269032883542,-0.009165560303508902,0.009400709860537771,-0.004975348511238808,0.005898349128213019,-0.005478336345559754,-0.0011467012018734155,0.0,0.0019651520361638644,0.007978369659585486,0.005989316917838757,0.003719434155958575,0.005976227324305252,-0.00456824775167862,1,-0.0011912618026640419,0.0059908558476265,-0.0020911991579017058,-0.0035876545853989563,-0.004490569607980632,0.007305264540893213,0.0036603465665288755,-0.0017101882312263168,0.0,0.0019772229014921967,0.0018714972462149269,0.001992106105305992,-0.002561332492685182,-0.005070899249357969,0.005923557340570757,0.005999914200931185,0.00788667981206279,-0.006941124603620754,0.0039522613634826835,0.0,-0.004828826760351964,0.001995688417563186,-0.0016892040038878507,0.007997318305412067,0.0,-0.0031730999821429216,0.003923027953302155,-0.006554982437968185,-0.005459206296780184,0.00999229272895464,-0.00365924596810394,-0.0028771646138025025,0.00980738114232751,0.005556979705244026,0.0,0.005858893649239594,-0.0010536009278155805,0.003971301531009405,0.005933834189230166,0.0019448361247477051,0.005997971759524135,0.0019621507963117416,-0.001991968456887702,0.0,0.0,-0.003160732606818663,0.0,-0.0014555981242326019,0.007982966036865446,-0.003614494775827257,0.003959961162738411,-0.003531134530047796,0.0,-0.0070691192363828495,0.0019360108927446427,0.001953822742626074,-0.0010708669708960367,-0.005266180366398916,-0.003706546784451036,-0.005228609220627151,0.001961938440337238,0.003997333230008471,0.009862943779948658,0.0019934157877447784,0.007827405330787067,0.0,0.0,agent10,0.8389767943176675
-0.4451544460225487,-0.0010228718027126145,-0.0011167219560736974,-0.004984006000182423,-0.003782850891925833,-0.0020862511871884183,-0.00338668935294917,-0.0025785370445724288,0.0038750104910272825,0.001999758646539574,-0.004927027429373142,-0.006358530668504856,0.0,-0.0027819267252430753,-0.0036361672282673686,0.003996887777284654,-0.0051606511653254595,0.0039999899706880905,0.0,-0.0031691269032883542,-0.009165560303508902,0.009400709860537771,-0.004975348511238808,0.005898349128213019,-0.005478336345559754,-0.0011467012018734155,0.0,0.0019651520361638644,0.007978369659585486,0.005989316917838757,0.003719434155958575,0.005976227324305252,-0.00456824775167862,1,-0.0011912618026640419,0.0059908558476265,-0.0020911991579017058,-0.0035876545853989563,-0.004490569607980632,0.007305264540893213,0.0036603465665288755,-0.0017101882312263168,0.0,0.0019772229014921967,0.0018714972462149269,0.001992106105305992,-0.002561332492685182,-0.005070899249357969,0.005923557340570757,0.005999914200931185,0.00788667981206279,-0.006941124603620754,0.0039522613634826835,0.0,-0.004828826760351964,0.001995688417563186,-0.0016892040038878507,0.007997318305412067,0.0,-0.0031730999821429216,0.005884407523539842,-0.006554982437968185,-0.005459206296780184,0.00999229272895464,-0.00365924596810394,-0.0028771646138025025,0.00980738114232751,0.005556979705244026,0.0,0.005858893649239594,-0.0010536009278155805,0.003971301531009405,0.005933834189230166,0.0019448361247477051,0.005997971759524135,0.0019621507963117416,-0.001991968456887702,0.0,0.0,-0.003160732606818663,0.0,-0.0014555981242326019,0.007982966036865446,-0.003614494775827257,0.003959961162738411,-0.003531134530047796,0.0,-0.0070691192363828495,0.0019360108927446427,0.001953822742626074,-0.0010708669708960367,-0.005266180366398916,-0.003706546784451036,-0.005228609220627151,0.001961938440337238,0.003997333230008471,0.009862943779948658,0.0019934157877447784,0.007827405330787067,0.0,0.0,agent59,-0.16622812460859607
-0.44616030491619796,-0.0010228718027126145,-0.0011167219560736974,-0.004984006000182423,-0.003782850891925833,-0.0020862511871884183,-0.00338668935294917,-0.0025785370445724288,0.0038750104910272825,0.001999758646539574,-0.004927027429373142,-0.006358530668504856,0.0,-0.0027819267252430753,-0.0036361672282673686,0.003996887777284654,-0.0051606511653254595,0.0039999899706880905,0.0,-0.0031691269032883542,-0.009165560303508902,0.009400709860537771,-0.004975348511238808,0.005898349128213019,-0.005478336345559754,-0.0011467012018734155,0.0,0.0019651520361638644,0.007978369659585486,0.005989316917838757,0.003719434155958575,0.005976227324305252,-0.00456824775167862,1,-0.0011912618026640419,0.0059908558476265,-0.0020911991579017058,-0.0035876545853989563,-0.004490569607980632,0.007305264540893213,0.0036603465665288755,-0.0017101882312263168,0.0,0.0019772229014921967,0.0018714972462149269,0.001992106105305992,-0.002561332492685182,-0.005070899249357969,0.005923557340570757,0.005999914200931185,0.00788667981206279,-0.006941124603620754,0.0039522613634826835,0.0,-0.004828826760351964,0.001995688417563186,-0.0016892040038878507,0.007997318305412067,0.0,-0.0031730999821429216,0.005884407523539842,-0.006554982437968185,-0.005459206296780184,0.00999229272895464,-0.00365924596810394,-0.0028771646138025025,0.00980738114232751,0.005556979705244026,0.0,0.007812276431477081,-0.0010536009278155805,0.003971301531009405,0.005933834189230166,0.0019448361247477051,0.005997971759524135,0.0019621507963117416,-0.001991968456887702,0.0,0.0,-0.003160732606818663,0.0,-0.0014555981242326019,0.007982966036865446,-0.003614494775827257,0.003959961162738411,-0.003531134530047796,0.0,-0.0070691192363828495,0.0019360108927446427,0.001953822742626074,-0.0010708669708960367,-0.005266180366398916,-0.003706546784451036,-0.005228609220627151,0.001961938440337238,0.003997333230008471,0.009862943779948658,0.0019934157877447784,0.007827405330787067,0.0,0.0,agent68,-0.7504975899197501
-0.4471620151044292,-0.0010228718027126145,-0.0011167219560736974,-0.004984006000182423,-0.003782850891925833,-0.0020862511871884183,-0.00338668935294917,-0.0025785370445724288,0.0038750104910272825,0.001999758646539574,-0.004927027429373142,-0.006358530668504856,0.0,-0.0027819267252430753,-0.0036361672282673686,0.003996887777284654,-0.0051606511653254595,0.0039999899706880905,0.0,-0.0031691269032883542,-0.009165560303508902,0.009400709860537771,-0.004975348511238808,0.005898349128213019,-0.005478336345559754,-0.0011467012018734155,0.0,0.0019651520361638644,0.007978369659585486,0.005989316917838757,0.003719434155958575,0.005976227324305252,-0.00456824775167862,1,-0.0011912618026640419,0.0059908558476265,-0.0020911991579017058,-0.0035876545853989563,-0.004490569607980632,0.007305264540893213,0.0036603465665288755,-0.0033249592817017476,0.0,0.0019772229014921967,0.0018714972462149269,0.001992106105305992,-0.002561332492685182,-0.005070899249357969,0.005923557340570757,0.005999914200931185,0.00788667981206279,-0.006941124603620754,0.0039522613634826835,0.0,-0.004828826760351964,0.001995688417563186,-0.0016892040038878507,0.007997318305412067,0.0,-0.0031730999821429216,0.005884407523539842,-0.006554982437968185,-0.005459206296780184,0.00999229272895464,-0.00365924596810394,-0.0028771646138025025,0.00980738114232751,0.005556979705244026,0.0,0.007812276431477081,-0.0010536009278155805,0.003971301531009405,0.005933834189230166,0.0019448361247477051,0.005997971759524135,0.0019621507963117416,-0.001991968456887702,0.0,0.0,-0.003160732606818663,0.0,-0.0014555981242326019,0.007982966036865446,-0.003614494775827257,0.003959961162738411,-0.003531134530047796,0.0,-0.0070691192363828495,0.0019360108927446427,0.001953822742626074,-0.0010708669708960367,-0.005266180366398916,-0.003706546784451036,-0.005228609220627151,0.001961938440337238,0.003997333230008471,0.009862943779948658,0.0019934157877447784,0.007827405330787067,0.0,0.0,agent40,0.431597007243113
-0.44816579795532113,-0.0010228718027126145,-0.0011167219560736974,-0.004984006000182423,-0.005660697724731026,-0.0020862511871884183,-0.00338668935294917,-0.0025785370445724288,0.0038750104910272825,0.001999758646539574,-0.004927027429373142,-0.006358530668504856,0.0,-0.0027819267252430753,-0.0036361672282673686,0.003996887777284654,-0.0051606511653254595,0.0039999899706880905,0.0,-0.0031691269032883542,-0.009165560303508902,0.009400709860537771,-0.004975348511238808,0.005898349128213019,-0.005478336345559754,-0.0011467012018734155,0.0,0.0019651520361638644,0.007978369659585486,0.005989316917838757,0.003719434155958575,0.005976227324305252,-0.00456824775167862,1,-0.0011912618026640419,0.0059908558476265,-0.0020911991579017058,-0.0035876545853989563,-0.004490569607980632,0.007305264540893213,0.0036603465665288755,-0.0033249592817017476,0.0,0.0019772229014921967,0.0018714972462149269,0.001992106105305992,-0.002561332492685182,-0.005070899249357969,0.005923557340570757,0.005999914200931185,0.00788667981206279,-0.006941124603620754,0.0039522613634826835,0.0,-0.004828826760351964,0.001995688417563186,-0.0016892040038878507,0.007997318305412067,0.0,-0.0031730999821429216,0.005884407523539842,-0.006554982437968185,-0.005459206296780184,0.00999229272895464,-0.00365924596810394,-0.0028771646138025025,0.00980738114232751,0.005556979705244026,0.0,0.007812276431477081,-0.0010536009278155805,0.003971301531009405,0.005933834189230166,0.0019448361247477051,0.005997971759524135,0.0019621507963117416,-0.001991968456887702,0.0,0.0,-0.003160732606818663,0.0,-0.0014555981242326019,0.007982966036865446,-0.003614494775827257,0.003959961162738411,-0.003531134530047796,0.0,-0.0070691192363828495,0.0019360108927446427,0.001953822742626074,-0.0010708669708960367,-0.005266180366398916,-0.003706546784451036,-0.005228609220627151,0.001961938440337238,0.003997333230008471,0.009862943779948658,0.0019934157877447784,0.007827405330787067,0.0,0.0,agent3,0.047111526964752154
-0.44916941245009695,-0.0010228718027126145,-0.0011167219560736974,-0.004984006000182423,-0.005660697724731026,-0.0020862511871884183,-0.00338668935294917,-0.0025785370445724288,0.0038750104910272825,0.001999758646539574,-0.004927027429373142,-0.006358530668504856,0.0,-0.0027819267252430753,-0.0036361672282673686,0.003996887777284654,-0.0051606511653254595,0.0039999899706880905,0.0,-0.0031691269032883542,-0.009165560303508902,0.009400709860537771,-0.004975348511238808,0.005898349128213019,-0.005478336345559754,-0.0011467012018734155,0.0,0.0019651520361638644,0.007978369659585486,0.005989316917838757,0.003719434155958575,0.005976227324305252,-0.00456824775167862,1,-0.0011912618026640419,0.0059908558476265,-0.0020911991579017058,-0.0035876545853989563,-0.004490569607980632,0.007305264540893213,0.0036603465665288755,-0.0033249592817017476,0.0,0.0019772229014921967,0.0018714972462149269,0.001992106105305992,-0.002561332492685182,-0.005070899249357969,0.005923557340570757,0.005999914200931185,0.00788667981206279,-0.006941124603620754,0.0039522613634826835,0.0,-0.004828826760351964,0.001995688417563186,-0.0016892040038878507,0.007997318305412067,0.0,-0.0031730999821429216,0.005884407523539842,-0.006554982437968185,-0.005459206296780184,0.00999229272895464,-0.00365924596810394,-0.0028771646138025025,0.00980738114232751,0.005556979705244026,0.0,0.007812276431477081,-0.0010536009278155805,0.003971301531009405,0.005933834189230166,0.0019448361247477051,0.005997971759524135,0.0019621507963117416,-0.001991968456887702,0.0,0.0,-0.003160732606818663,0.0,-0.0014555981242326019,0.007982966036865446,-0.004565902686643471,0.003959961162738411,-0.003531134530047796,0.0,-0.0070691192363828495,0.0019360108927446427,0.001953822742626074,-0.0010708669708960367,-0.005266180366398916,-0.003706546784451036,-0.005228609220627151,0.001961938440337238,0.003997333230008471,0.009862943779948658,0.0019934157877447784,0.007827405330787067,0.0,0.0,agent82,1
-0.45017138967299847,-0.0010228718027126145,-0.0011167219560736974,-0.004984006000182423,-0.005660697724731026,-0.0020862511871884183,-0.00338668935294917,-0.0025785370445724288,0.0038750104910272825,0.001999758646539574,-0.004927027429373142,-0.006358530668504856,0.0,-0.0027819267252430753,-0.0036361672282673686,0.003996887777284654,-0.0051606511653254595,0.0039999899706880905,0.0,-0.0031691269032883542,-0.009165560303508902,0.009400709860537771,-0.004975348511238808,0.005898349128213019,-0.005478336345559754,-0.0011467012018734155,0.0,0.0019651520361638644,0.007978369659585486,0.005989316917838757,0.003719434155958575,0.005976227324305252,-0.00456824775167862,1,-0.0011912618026640419,0.0059908558476265,-0.0020911991579017058,-0.0035876545853989563,-0.004490569607980632,0.007305264540893213,0.0036603465665288755,-0.0033249592817017476,0.0,0.003954236268159768,0.0018714972462149269,0.001992106105305992,-0.002561332492685182,-0.005070899249357969,0.005923557340570757,0.005999914200931185,0.00788667981206279,-0.006941124603620754,0.0039522613634826835,0.0,-0.004828826760351964,0.001995688417563186,-0.0016892040038878507,0.007997318305412067,0.0,-0.0031730999821429216,0.005884407523539842,-0.006554982437968185,-0.005459206296780184,0.00999229272895464,-0.00365924596810394,-0.0028771646138025025,0.00980738114232751,0.005556979705244026,0.0,0.007812276431477081,-0.0010536009278155805,0.003971301531009405,0.005933834189230166,0.0019448361247477051,0.005997971759524135,0.0019621507963117416,-0.001991968456887702,0.0,0.0,-0.003160732606818663,0.0,-0.0014555981242326019,0.007982966036865446,-0.004565902686643471,0.003959961162738411,-0.003531134530047796,0.0,-0.0070691192363828495,0.0019360108927446427,0.001953822742626074,-0.0010708669708960367,-0.005266180366398916,-0.003706546784451036,-0.005228609220627151,0.001961938440337238,0.003997333230008471,0.009862943779948658,0.0019934157877447784,0.007827405330787067,0.0,0.0,agent42,-0.6635831868790221
-0.45117845879223484,-0.0010228718027126145,-0.0011167219560736974,-0.004984006000182423,-0.005660697724731026,-0.0020862511871884183,-0.00338668935294917,-0.0025785370445724288,0.0038750104910272825,0.001999758646539574,-0.004927027429373142,-0.006358530668504856,0.0,-0.0027819267252430753,-0.0036361672282673686,0.003996887777284654,-0.0051606511653254595,0.0039999899706880905,0.0,-0.0031691269032883542,-0.009165560303508902,0.009400709860537771,-0.004975348511238808,0.005898349128213019,-0.005478336345559754,-0.0011467012018734155,0.0,0.0019651520361638644,0.007978369659585486,0.005989316917838757,0.003719434155958575,0.005976227324305252,-0.00456824775167862,1,-0.0011912618026640419,0.0059908558476265,-0.0020911991579017058,-0.0035876545853989563,-0.004490569607980632,0.007305264540893213,0.0036603465665288755,-0.0033249592817017476,0.0,0.003954236268159768,0.0018714972462149269,0.001992106105305992,-0.002561332492685182,-0.005070899249357969,0.005923557340570757,0.005999914200931185,0.00788667981206279,-0.006941124603620754,0.0039522613634826835,0.0,-0.004828826760351964,0.001995688417563186,-0.0016892040038878507,0.007997318305412067,0.0,-0.0031730999821429216,0.005884407523539842,-0.006554982437968185,-0.005459206296780184,0.00999229272895464,-0.00365924596810394,-0.0028771646138025025,0.00980738114232751,0.005556979705244026,0.0,0.007812276431477081,-0.0010536009278155805,0.003971301531009405,0.005933834189230166,0.0019448361247477051,0.005997971759524135,0.0019621507963117416,-0.001991968456887702,0.0,0.0,-0.003160732606818663,0.0,-0.0014555981242326019,0.007982966036865446,-0.004565902686643471,0.003959961162738411,-0.003531134530047796,0.0,-0.008701939738966085,0.0019360108927446427,0.001953822742626074,-0.0010708669708960367,-0.005266180366398916,-0.003706546784451036,-0.005228609220627151,0.001961938440337238,0.003997333230008471,0.009862943779948658,0.0019934157877447784,0.007827405330787067,0.0,0.0,agent86,0.4067760969523653
-0.45017845879223484,-0.0010228718027126145,-0.0011167219560736974,-0.004984006000182423,-0.005660697724731026,-0.0020862511871884183,-0.00338668935294917,-0.0025785370445724288,0.0038750104910272825,0.001999758646539574,-0.004927027429373142,-0.006358530668504856,0.0,-0.0027819267252430753,-0.0036361672282673686,0.003996887777284654,-0.0051606511653254595,0.0039999899706880905,0.0,-0.0031691269032883542,-0.009165560303508902,0.009400709860537771,-0.004975348511238808,0.005898349128213019,-0.005478336345559754,-0.0011467012018734155,-0.001209070555112201,0.0019651520361638644,0.007978369659585486,0.005989316917838757,0.003719434155958575,0.005976227324305252,-0.00456824775167862,1,-0.0011912618026640419,0.0059908558476265,-0.0020911991579017058,-0.0035876545853989563,-0.004490569607980632,0.007305264540893213,0.0036603465665288755,-0.0033249592817017476,0.0,0.003954236268159768,0.0018714972462149269,0.001992106105305992,-0.002561332492685182,-0.005070899249357969,0.005923557340570757,0.005999914200931185,0.00788667981206279,-0.006941124603620754,0.0039522613634826835,0.0,-0.004828826760351964,0.001995688417563186,-0.0016892040038878507,0.007997318305412067,0.0,-0.0031730999821429216,0.005884407523539842,-0.006554982437968185,-0.005459206296780184,0.00999229272895464,-0.00365924596810394,-0.0028771646138025025,0.00980738114232751,0.005556979705244026,0.0,0.007812276431477081,-0.0010536009278155805,0.003971301531009405,0.005933834189230166,0.0019448361247477051,0.005997971759524135,0.0019621507963117416,-0.001991968456887702,0.0,0.0,-0.003160732606818663,0.0,-0.0014555981242326019,0.007982966036865446,-0.004565902686643471,0.003959961162738411,-0.003531134530047796,0.0,-0.008701939738966085,0.0019360108927446427,0.001953822742626074,-0.0010708669708960367,-0.005266180366398916,-0.003706546784451036,-0.005228609220627151,0.001961938440337238,0.003997333230008471,0.009862943779948658,0.0019934157877447784,0.007827405330787067,0.0,0.0,agent25,0.8065412594978133
-0.45118302703998653,-0.0010228718027126145,-0.0011167219560736974,-0.004984006000182423,-0.005660697724731026,-0.0020862511871884183,-0.00338668935294917,-0.0025785370445724288,0.0038750104910272825,0.001999758646539574,-0.004927027429373142,-0.006358530668504856,0.0,-0.0027819267252430753,-0.0036361672282673686,0.003996887777284654,-0.0051606511653254595,0.0039999899706880905,0.0,-0.0031691269032883542,-0.009165560303508902,0.009400709860537771,-0.004975348511238808,0.005898349128213019,-0.005478336345559754,-0.0011467012018734155,-0.001209070555112201,0.0019651520361638644,0.007978369659585486,0.005989316917838757,0.003719434155958575,0.005976227324305252,-0.005996229427467465,1,-0.0011912618026640419,0.0059908558476265,-0.0020911991579017058,-0.0035876545853989563,-0.004490569607980632,0.007305264540893213,0.0036603465665288755,-0.0033249592817017476,0.0,0.003954236268159768,0.0018714972462149269,0.001992106105305992,-0.002561332492685182,-0.005070899249357969,0.005923557340570757,0.005999914200931185,0.00788667981206279,-0.006941124603620754,0.0039522613634826835,0.0,-0.004828826760351964,0.001995688417563186,-0.0016892040038878507,0.007997318305412067,0.0,-0.0031730999821429216,0.005884407523539842,-0.006554982437968185,-0.005459206296780184,0.00999229272895464,-0.00365924596810394,-0.0028771646138025025,0.00980738114232751,0.005556979705244026,0.0,0.007812276431477081,-0.0010536009278155805,0.003971301531009405,0.005933834189230166,0.0019448361247477051,0.005997971759524135,0.0019621507963117416,-0.001991968456887702,0.0,0.0,-0.003160732606818663,0.0,-0.0014555981242326019,0.007982966036865446,-0.004565902686643471,0.003959961162738411,-0.003531134530047796,0.0,-0.008701939738966085,0.0019360108927446427,0.001953822742626074,-0.0010708669708960367,-0.005266180366398916,-0.003706546784451036,-0.005228609220627151,0.001961938440337238,0.003997333230008471,0.009862943779948658,0.0019934157877447784,0.007827405330787067,0.0,0.0,agent31,0.6194180298062973
-0.4521849808627292,-0.0010228718027126145,-0.0011167219560736974,-0.004984006000182423,-0.005660697724731026,-0.0020862511871884183,-0.00338668935294917,-0.0025785370445724288,0.0038750104910272825,0.001999758646539574,-0.004927027429373142,-0.006358530668504856,0.0,-0.0027819267252430753,-0.0036361672282673686,0.003996887777284654,-0.0051606511653254595,0.0039999899706880905,0.0,-0.0031691269032883542,-0.009165560303508902,0.009400709860537771,-0.004975348511238808,0.005898349128213019,-0.005478336345559754,-0.0011467012018734155,-0.001209070555112201,0.0019651520361638644,0.007978369659585486,0.005989316917838757,0.003719434155958575,0.005976227324305252,-0.005996229427467465,1,-0.0011912618026640419,0.0059908558476265,-0.0020911991579017058,-0.0035876545853989563,-0.004490569607980632,0.007305264540893213,0.0036603465665288755,-0.0033249592817017476,0.0,0.003954236268159768,0.0018714972462149269,0.001992106105305992,-0.002561332492685182,-0.005070899249357969,0.005923557340570757,0.005999914200931185,0.00788667981206279,-0.006941124603620754,0.0039522613634826835,0.0,-0.004828826760351964,0.001995688417563186,-0.0016892040038878507,0.007997318305412067,0.0,-0.0031730999821429216,0.005884407523539842,-0.006554982437968185,-0.005459206296780184,0.00999229272895464,-0.00365924596810394,-0.0028771646138025025,0.00980738114232751,0.005556979705244026,0.0,0.007812276431477081,-0.0010536009278155805,0.003971301531009405,0.005933834189230166,0.0019448361247477051,0.005997971759524135,0.0019621507963117416,-0.001991968456887702,0.0,0.0,-0.003160732606818663,0.0,-0.0014555981242326019,0.007982966036865446,-0.004565902686643471,0.003959961162738411,-0.003531134530047796,0.0,-0.008701939738966085,0.0019360108927446427,0.003907345975924872,-0.0010708669708960367,-0.005266180366398916,-0.003706546784451036,-0.005228609220627151,0.001961938440337238,0.003997333230008471,0.009862943779948658,0.0019934157877447784,0.007827405330787067,0.0,0.0,agent88,-0.7560658461728521
-0.4531900517619785,-0.0010228718027126145,-0.0011167219560736974,-0.004984006000182423,-0.005660697724731026,-0.0020862511871884183,-0.00338668935294917,-0.0025785370445724288,0.0038750104910272825,0.001999758646539574,-0.004927027429373142,-0.006358530668504856,0.0,-0.0027819267252430753,-0.0036361672282673686,0.003996887777284654,-0.0051606511653254595,0.0039999899706880905,0.0,-0.0031691269032883542,-0.009165560303508902,0.009400709860537771,-0.004975348511238808,0.005898349128213019,-0.005478336345559754,-0.0011467012018734155,-0.001209070555112201,0.0019651520361638644,0.007978369659585486,0.005989316917838757,0.003719434155958575,0.005976227324305252,-0.005996229427467465,1,-0.0011912618026640419,0.0059908558476265,-0.0020911991579017058,-0.0035876545853989563,-0.004490569607980632,0.007305264540893213,0.0036603465665288755,-0.0033249592817017476,0.0,0.003954236268159768,0.0018714972462149269,0.001992106105305992,-0.002561332492685182,-0.006652892492893083,0.005923557340570757,0.005999914200931185,0.00788667981206279,-0.006941124603620754,0.0039522613634826835,0.0,-0.004828826760351964,0.001995688417563186,-0.0016892040038878507,0.007997318305412067,0.0,-0.0031730999821429216,0.005884407523539842,-0.006554982437968185,-0.005459206296780184,0.00999229272895464,-0.00365924596810394,-0.0028771646138025025,0.00980738114232751,0.005556979705244026,0.0,0.007812276431477081,-0.0010536009278155805,0.003971301531009405,0.005933834189230166,0.0019448361247477051,0.005997971759524135,0.0019621507963117416,-0.001991968456887702,0.0,0.0,-0.003160732606818663,0.0,-0.0014555981242326019,0.007982966036865446,-0.004565902686643471,0.003959961162738411,-0.003531134530047796,0.0,-0.008701939738966085,0.0019360108927446427,0.003907345975924872,-0.0010708669708960367,-0.005266180366398916,-0.003706546784451036,-0.005228609220627151,0.001961938440337238,0.003997333230008471,0.009862943779948658,0.0019934157877447784,0.007827405330787067,0.0,0.0,agent46,0.46215276468306976
-0.454199217322282,-0.0010228718027126145,-0.0011167219560736974,-0.004984006000182423,-0.005660697724731026,-0.0020862511871884183,-0.00338668935294917,-0.0025785370445724288,0.0038750104910272825,0.001999758646539574,-0.004927027429373142,-0.006358530668504856,0.0,-0.0027819267252430753,-0.0036361672282673686,0.003996887777284654,-0.0051606511653254595,0.0039999899706880905,0.0,-0.0031691269032883542,-0.01010967964023891,0.009400709860537771,-0.004975348511238808,0.005898349128213019,-0.005478336345559754,-0.0011467012018734155,-0.001209070555112201,0.0019651520361638644,0.007978369659585486,0.005989316917838757,0.003719434155958575,0.005976227324305252,-0.005996229427467465,1,-0.0011912618026640419,0.0059908558476265,-0.0020911991579017058,-0.0035876545853989563,-0.004490569607980632,0.007305264540893213,0.0036603465665288755,-0.0033249592817017476,0.0,0.003954236268159768,0.0018714972462149269,0.001992106105305992,-0.002561332492685182,-0.006652892492893083,0.005923557340570757,0.005999914200931185,0.00788667981206279,-0.006941124603620754,0.0039522613634826835,0.0,-0.004828826760351964,0.001995688417563186,-0.0016892040038878507,0.007997318305412067,0.0,-0.0031730999821429216,0.005884407523539842,-0.006554982437968185,-0.005459206296780184,0.00999229272895464,-0.00365924596810394,-0.0028771646138025025,0.00980738114232751,0.005556979705244026,0.0,0.007812276431477081,-0.0010536009278155805,0.003971301531009405,0.005933834189230166,0.0019448361247477051,0.005997971759524135,0.0019621507963117416,-0.001991968456887702,0.0,0.0,-0.003160732606818663,0.0,-0.0014555981242326019,0.007982966036865446,-0.004565902686643471,0.003959961162738411,-0.003531134530047796,0.0,-0.008701939738966085,0.0019360108927446427,0.003907345975924872,-0.0010708669708960367,-0.005266180366398916,-0.003706546784451036,-0.005228609220627151,0.001961938440337238,0.003997333230008471,0.009862943779948658,0.0019934157877447784,0.007827405330787067,0.0,0.0,agent19,1
-0.4552028534895103,-0.0010228718027126145,-0.0011167219560736974,-0.004984006000182423,-0.005660697724731026,-0.0020862511871884183,-0.00338668935294917,-0.0025785370445724288,0.0038750104910272825,0.001999758646539574,-0.004927027429373142,-0.006358530668504856,0.0,-0.0027819267252430753,-0.005321564679235507,0.003996887777284654,-0.0051606511653254595,0.0039999899706880905,0.0,-0.0031691269032883542,-0.01010967964023891,0.009400709860537771,-0.004975348511238808,0.005898349128213019,-0.005478336345559754,-0.0011467012018734155,-0.001209070555112201,0.0019651520361638644,0.007978369659585486,0.005989316917838757,0.003719434155958575,0.005976227324305252,-0.005996229427467465,1,-0.0011912618026640419,0.0059908558476265,-0.0020911991579017058,-0.0035876545853989563,-0.004490569607980632,0.007305264540893213,0.0036603465665288755,-0.0033249592817017476,0.0,0.003954236268159768,0.0018714972462149269,0.001992106105305992,-0.002561332492685182,-0.006652892492893083,0.005923557340570757,0.005999914200931185,0.00788667981206279,-0.006941124603620754,0.0039522613634826835,0.0,-0.004828826760351964,0.001995688417563186,-0.0016892040038878507,0.007997318305412067,0.0,-0.0031730999821429216,0.005884407523539842,-0.006554982437968185,-0.005459206296780184,0.00999229272895464,-0.00365924596810394,-0.0028771646138025025,0.00980738114232751,0.005556979705244026,0.0,0.007812276431477081,-0.0010536009278155805,0.003971301531009405,0.005933834189230166,0.0019448361247477051,0.005997971759524135,0.0019621507963117416,-0.001991968456887702,0.0,0.0,-0.003160732606818663,0.0,-0.0014555981242326019,0.007982966036865446,-0.004565902686643471,0.003959961162738411,-0.003531134530047796,0.0,-0.008701939738966085,0.0019360108927446427,0.003907345975924872,-0.0010708669708960367,-0.005266180366398916,-0.003706546784451036,-0.005228609220627151,0.001961938440337238,0.003997333230008471,0.009862943779948658,0.0019934157877447784,0.007827405330787067,0.0,0.0,agent13,0.33902527679254474
-0.45620680575087375,-0.0010228718027126145,-0.0011167219560736974,-0.004984006000182423,-0.005660697724731026,-0.0020862511871884183,-0.00338668935294917,-0.0025785370445724288,0.0038750104910272825,0.001999758646539574,-0.004927027429373142,-0.006358530668504856,0.0,-0.0027819267252430753,-0.005321564679235507,0.003996887777284654,-0.0051606511653254595,0.0039999899706880905,0.0,-0.0031691269032883542,-0.01010967964023891,0.009400709860537771,-0.004975348511238808,0.005898349128213019,-0.005478336345559754,-0.0011467012018734155,-0.001209070555112201,0.0019651520361638644,0.007978369659585486,0.005989316917838757,0.003719434155958575,0.005976227324305252,-0.005996229427467465,1,-0.0011912618026640419,0.0059908558476265,-0.0020911991579017058,-0.0035876545853989563,-0.004490569607980632,0.007305264540893213,0.0036603465665288755,-0.0033249592817017476,0.0,0.003954236268159768,0.0018714972462149269,0.001992106105305992,-0.002561332492685182,-0.006652892492893083,0.005923557340570757,0.005999914200931185,0.00788667981206279,-0.006941124603620754,0.005928288533000658,0.0,-0.004828826760351964,0.001995688417563186,-0.0016892040038878507,0.007997318305412067,0.0,-0.0031730999821429216,0.005884407523539842,-0.006554982437968185,-0.005459206296780184,0.00999229272895464,-0.00365924596810394,-0.0028771646138025025,0.00980738114232751,0.005556979705244026,0.0,0.007812276431477081,-0.0010536009278155805,0.003971301531009405,0.005933834189230166,0.0019448361247477051,0.005997971759524135,0.0019621507963117416,-0.001991968456887702,0.0,0.0,-0.003160732606818663,0.0,-0.0014555981242326019,0.007982966036865446,-0.004565902686643471,0.003959961162738411,-0.003531134530047796,0.0,-0.008701939738966085,0.0019360108927446427,0.003907345975924872,-0.0010708669708960367,-0.005266180366398916,-0.003706546784451036,-0.005228609220627151,0.001961938440337238,0.003997333230008471,0.009862943779948658,0.0019934157877447784,0.007827405330787067,0.0,0.0,agent51,-0.23623787692007683
-0.45720889200206094,-0.0010228718027126145,-0.0011167219560736974,-0.004984006000182423,-0.005660697724731026,-0.003025982056630837,-0.00338668935294917,-0.0025785370445724288,0.0038750104910272825,0.001999758646539574,-0.004927027429373142,-0.006358530668504856,0.0,-0.0027819267252430753,-0.005321564679235507,0.003996887777284654,-0.0051606511653254595,0.0039999899706880905,0.0,-0.0031691269032883542,-0.01010967964023891,0.009400709860537771,-0.004975348511238808,0.005898349128213019,-0.005478336345559754,-0.0011467012018734155,-0.001209070555112201,0.0019651520361638644,0.007978369659585486,0.005989316917838757,0.003719434155958575,0.005976227324305252,-0.005996229427467465,1,-0.0011912618026640419,0.0059908558476265,-0.0020911991579017058,-0.0035876545853989563,-0.004490569607980632,0.007305264540893213,0.0036603465665288755,-0.0033249592817017476,0.0,0.003954236268159768,0.0018714972462149269,0.001992106105305992,-0.002561332492685182,-0.006652892492893083,0.005923557340570757,0.005999914200931185,0.00788667981206279,-0.006941124603620754,0.005928288533000658,0.0,-0.004828826760351964,0.001995688417563186,-0.0016892040038878507,0.007997318305412067,0.0,-0.0031730999821429216,0.005884407523539842,-0.006554982437968185,-0.005459206296780184,0.00999229272895464,-0.00365924596810394,-0.0028771646138025025,0.00980738114232751,0.005556979705244026,0.0,0.007812276431477081,-0.0010536009278155805,0.003971301531009405,0.005933834189230166,0.0019448361247477051,0.005997971759524135,0.0019621507963117416,-0.001991968456887702,0.0,0.0,-0.003160732606818663,0.0,-0.0014555981242326019,0.007982966036865446,-0.004565902686643471,0.003959961162738411,-0.003531134530047796,0.0,-0.008701939738966085,0.0019360108927446427,0.003907345975924872,-0.0010708669708960367,-0.005266180366398916,-0.003706546784451036,-0.005228609220627151,0.001961938440337238,0.003997333230008471,0.009862943779948658,0.0019934157877447784,0.007827405330787067,0.0,0.0,agent4,1
-0.4582167194073917,-0.0010228718027126145,-0.0011167219560736974,-0.004984006000182423,-0.005660697724731026,-0.003025982056630837,-0.00338668935294917,-0.0025785370445724288,0.0038750104910272825,0.001999758646539574,-0.004927027429373142,-0.006358530668504856,0.0,-0.0027819267252430753,-0.005321564679235507,0.003996887777284654,-0.0051606511653254595,0.0039999899706880905,0.0,-0.0031691269032883542,-0.01010967964023891,0.009400709860537771,-0.004975348511238808,0.005898349128213019,-0.005478336345559754,-0.0011467012018734155,-0.001209070555112201,0.0019651520361638644,0.007978369659585486,0.005989316917838757,0.003719434155958575,0.005976227324305252,-0.005996229427467465,1,-0.0011912618026640419,0.0059908558476265,-0.0020911991579017058,-0.0035876545853989563,-0.004490569607980632,0.007305264540893213,0.0036603465665288755,-0.0033249592817017476,0.0,0.003954236268159768,0.0018714972462149269,0.001992106105305992,-0.002561332492685182,-0.006652892492893083,0.005923557340570757,0.005999914200931185,0.00788667981206279,-0.006941124603620754,0.005928288533000658,0.0,-0.004828826760351964,0.001995688417563186,-0.0016892040038878507,0.007997318305412067,0.0,-0.0031730999821429216,0.005884407523539842,-0.006554982437968185,-0.005459206296780184,0.00999229272895464,-0.00365924596810394,-0.0028771646138025025,0.00980738114232751,0.005556979705244026,0.0,0.007812276431477081,-0.0010536009278155805,0.003971301531009405,0.005933834189230166,0.0019448361247477051,0.005997971759524135,0.0019621507963117416,-0.001991968456887702,0.0,0.0,-0.003160732606818663,0.0,-0.0014555981242326019,0.007982966036865446,-0.004565902686643471,0.003959961162738411,-0.003531134530047796,0.0,-0.008701939738966085,0.0019360108927446427,0.003907345975924872,-0.0010708669708960367,-0.005266180366398916,-0.003706546784451036,-0.005228609220627151,0.001961938440337238,0.003997333230008471,0.009862943779948658,0.0019934157877447784,0.009784712379561423,0.0,0.0,agent97,-0.749417554521308
-0.4592219855877581,-0.0010228718027126145,-0.0011167219560736974,-0.004984006000182423,-0.005660697724731026,-0.003025982056630837,-0.00338668935294917,-0.0025785370445724288,0.0038750104910272825,0.001999758646539574,-0.004927027429373142,-0.006358530668504856,0.0,-0.0027819267252430753,-0.005321564679235507,0.003996887777284654,-0.0051606511653254595,0.0039999899706880905,0.0,-0.0031691269032883542,-0.01010967964023891,0.009400709860537771,-0.004975348511238808,0.005898349128213019,-0.005478336345559754,-0.0011467012018734155,-0.001209070555112201,0.0019651520361638644,0.007978369659585486,0.005989316917838757,0.003719434155958575,0.005976227324305252,-0.005996229427467465,1,-0.0011912618026640419,0.0059908558476265,-0.0020911991579017058,-0.0035876545853989563,-0.004490569607980632,0.007305264540893213,0.0036603465665288755,-0.0033249592817017476,0.0,0.003954236268159768,0.0018714972462149269,0.001992106105305992,-0.002561332492685182,-0.006652892492893083,0.005923557340570757,0.005999914200931185,0.00788667981206279,-0.006941124603620754,0.005928288533000658,0.0,-0.004828826760351964,0.001995688417563186,-0.0016892040038878507,0.007997318305412067,0.0,-0.0031730999821429216,0.005884407523539842,-0.006554982437968185,-0.005459206296780184,0.00999229272895464,-0.00365924596810394,-0.0028771646138025025,0.00980738114232751,0.005556979705244026,0.0,0.007812276431477081,-0.0010536009278155805,0.003971301531009405,0.005933834189230166,0.0019448361247477051,0.005997971759524135,0.0019621507963117416,-0.001991968456887702,0.0,0.0,-0.003160732606818663,0.0,-0.0014555981242326019,0.007982966036865446,-0.004565902686643471,0.003959961162738411,-0.003531134530047796,0.0,-0.008701939738966085,0.0019360108927446427,0.003907345975924872,-0.0010708669708960367,-0.0062899444600037005,-0.003706546784451036,-0.005228609220627151,0.001961938440337238,0.003997333230008471,0.009862943779948658,0.0019934157877447784,0.009784712379561423,0.0,0.0,agent90,0.9390920556278296
-0.46022593982402626,-0.0010228718027126145,-0.0011167219560736974,-0.004984006000182423,-0.005660697724731026,-0.003025982056630837,-0.00338668935294917,-0.0025785370445724288,0.0038750104910272825,0.001999758646539574,-0.004927027429373142,-0.006358530668504856,0.0,-0.0027819267252430753,-0.005321564679235507,0.003996887777284654,-0.0051606511653254595,0.0039999899706880905,0.0,-0.0031691269032883542,-0.01010967964023891,0.009400709860537771,-0.004975348511238808,0.005898349128213019,-0.005478336345559754,-0.0011467012018734155,-0.001209070555112201,0.0019651520361638644,0.007978369659585486,0.005989316917838757,0.003719434155958575,0.005976227324305252,-0.005996229427467465,1,-0.0011912618026640419,0.0059908558476265,-0.0020911991579017058,-0.0035876545853989563,-0.004490569607980632,0.007305264540893213,0.0036603465665288755,-0.0033249592817017476,0.0,0.00593146531909663,0.0018714972462149269,0.001992106105305992,-0.002561332492685182,-0.006652892492893083,0.005923557340570757,0.005999914200931185,0.00788667981206279,-0.006941124603620754,0.005928288533000658,0.0,-0.004828826760351964,0.001995688417563186,-0.0016892040038878507,0.007997318305412067,0.0,-0.0031730999821429216,0.005884407523539842,-0.006554982437968185,-0.005459206296780184,0.00999229272895464,-0.00365924596810394,-0.0028771646138025025,0.00980738114232751,0.005556979705244026,0.0,0.007812276431477081,-0.0010536009278155805,0.003971301531009405,0.005933834189230166,0.0019448361247477051,0.005997971759524135,0.0019621507963117416,-0.001991968456887702,0.0,0.0,-0.003160732606818663,0.0,-0.0014555981242326019,0.007982966036865446,-0.004565902686643471,0.003959961162738411,-0.003531134530047796,0.0,-0.008701939738966085,0.0019360108927446427,0.003907345975924872,-0.0010708669708960367,-0.0062899444600037005,-0.003706546784451036,-0.005228609220627151,0.001961938440337238,0.003997333230008471,0.009862943779948658,0.0019934157877447784,0.009784712379561423,0.0,0.0,agent42,-0.6726274637889437
-0.46122793193013156,-0.0010228718027126145,-0.0011167219560736974,-0.004984006000182423,-0.005660697724731026,-0.003025982056630837,-0.00338668935294917,-0.0025785370445724288,0.0038750104910272825,0.001999758646539574,-0.004927027429373142,-0.006358530668504856,0.0,-0.0027819267252430753,-0.005321564679235507,0.003996887777284654,-0.0051606511653254595,0.0039999899706880905,0.0,-0.0031691269032883542,-0.01010967964023891,0.009400709860537771,-0.004975348511238808,0.005898349128213019,-0.005478336345559754,-0.0011467012018734155,-0.001209070555112201,0.0019651520361638644,0.007978369659585486,0.005989316917838757,0.003719434155958575,0.005976227324305252,-0.005996229427467465,1,-0.0011912618026640419,0.0059908558476265,-0.0020911991579017058,-0.0035876545853989563,-0.004490569607980632,0.007305264540893213,0.0036603465665288755,-0.0033249592817017476,0.0,0.00593146531909663,0.0018714972462149269,0.003984088278593989,-0.002561332492685182,-0.006652892492893083,0.005923557340570757,0.005999914200931185,0.00788667981206279,-0.006941124603620754,0.005928288533000658,0.0,-0.004828826760351964,0.001995688417563186,-0.0016892040038878507,0.007997318305412067,0.0,-0.0031730999821429216,0.005884407523539842,-0.006554982437968185,-0.005459206296780184,0.00999229272895464,-0.00365924596810394,-0.0028771646138025025,0.00980738114232751,0.005556979705244026,0.0,0.007812276431477081,-0.0010536009278155805,0.003971301531009405,0.005933834189230166,0.0019448361247477051,0.005997971759524135,0.0019621507963117416,-0.001991968456887702,0.0,0.0,-0.003160732606818663,0.0,-0.0014555981242326019,0.007982966036865446,-0.004565902686643471,0.003959961162738411,-0.003531134530047796,0.0,-0.008701939738966085,0.0019360108927446427,0.003907345975924872,-0.0010708669708960367,-0.0062899444600037005,-0.003706546784451036,-0.005228609220627151,0.001961938440337238,0.003997333230008471,0.009862943779948658,0.0019934157877447784,0.009784712379561423,0.0,0.0,agent44,-0.5868579003395507
-0.4622298034273778,-0.0010228718027126145,-0.0011167219560736974,-0.004984006000182423,-0.005660697724731026,-0.003025982056630837,-0.00338668935294917,-0.0025785370445724288,0.0038750104910272825,0.001999758646539574,-0.004927027429373142,-0.006358530668504856,0.0,-0.0027819267252430753,-0.005321564679235507,0.003996887777284654,-0.0051606511653254595,0.0039999899706880905,0.0,-0.0031691269032883542,-0.01010967964023891,0.009400709860537771,-0.004975348511238808,0.005898349128213019,-0.005478336345559754,-0.0011467012018734155,-0.001209070555112201,0.0019651520361638644,0.007978369659585486,0.005989316917838757,0.003719434155958575,0.005976227324305252,-0.005996229427467465,1,-0.0011912618026640419,0.0059908558476265,-0.0020911991579017058,-0.0035876545853989563,-0.004490569607980632,0.007305264540893213,0.0036603465665288755,-0.0033249592817017476,0.0,0.00593146531909663,0.0037425185046470457,0.003984088278593989,-0.002561332492685182,-0.006652892492893083,0.005923557340570757,0.005999914200931185,0.00788667981206279,-0.006941124603620754,0.005928288533000658,0.0,-0.004828826760351964,0.001995688417563186,-0.0016892040038878507,0.007997318305412067,0.0,-0.0031730999821429216,0.005884407523539842,-0.006554982437968185,-0.005459206296780184,0.00999229272895464,-0.00365924596810394,-0.0028771646138025025,0.00980738114232751,0.005556979705244026,0.0,0.007812276431477081,-0.0010536009278155805,0.003971301531009405,0.005933834189230166,0.0019448361247477051,0.005997971759524135,0.0019621507963117416,-0.001991968456887702,0.0,0.0,-0.003160732606818663,0.0,-0.0014555981242326019,0.007982966036865446,-0.004565902686643471,0.003959961162738411,-0.003531134530047796,0.0,-0.008701939738966085,0.0019360108927446427,0.003907345975924872,-0.0010708669708960367,-0.0062899444600037005,-0.003706546784451036,-0.005228609220627151,0.001961938440337238,0.003997333230008471,0.009862943779948658,0.0019934157877447784,0.009784712379561423,0.0,0.0,agent43,-0.9691230816763785
-0.4632357317159108,-0.0010228718027126145,-0.0011167219560736974,-0.004984006000182423,-0.005660697724731026,-0.003025982056630837,-0.00338668935294917,-0.0025785370445724288,0.0038750104910272825,0.001999758646539574,-0.004927027429373142,-0.006358530668504856,0.0,-0.0027819267252430753,-0.005321564679235507,0.003996887777284654,-0.0051606511653254595,0.0039999899706880905,0.0,-0.0031691269032883542,-0.01010967964023891,0.009400709860537771,-0.004975348511238808,0.005898349128213019,-0.005478336345559754,-0.0011467012018734155,-0.001209070555112201,0.0019651520361638644,0.007978369659585486,0.005989316917838757,0.003719434155958575,0.005976227324305252,-0.005996229427467465,1,-0.0011912618026640419,0.0059908558476265,-0.0020911991579017058,-0.0035876545853989563,-0.004490569607980632,0.007305264540893213,0.0036603465665288755,-0.0033249592817017476,0.0,0.00593146531909663,0.0037425185046470457,0.003984088278593989,-0.002561332492685182,-0.006652892492893083,0.005923557340570757,0.005999914200931185,0.00788667981206279,-0.006941124603620754,0.007904095544826361,0.0,-0.004828826760351964,0.001995688417563186,-0.0016892040038878507,0.007997318305412067,0.0,-0.0031730999821429216,0.005884407523539842,-0.006554982437968185,-0.005459206296780184,0.00999229272895464,-0.00365924596810394,-0.0028771646138025025,0.00980738114232751,0.005556979705244026,0.0,0.007812276431477081,-0.0010536009278155805,0.003971301531009405,0.005933834189230166,0.0019448361247477051,0.005997971759524135,0.0019621507963117416,-0.001991968456887702,0.0,0.0,-0.003160732606818663,0.0,-0.0014555981242326019,0.007982966036865446,-0.004565902686643471,0.003959961162738411,-0.003531134530047796,0.0,-0.008701939738966085,0.0019360108927446427,0.003907345975924872,-0.0010708669708960367,-0.0062899444600037005,-0.003706546784451036,-0.005228609220627151,0.001961938440337238,0.003997333230008471,0.009862943779948658,0.0019934157877447784,0.009784712379561423,0.0,0.0,agent51,-0.24226167767140414
-0.4642423846084037,-0.0010228718027126145,-0.0011167219560736974,-0.004984006000182423,-0.005660697724731026,-0.003025982056630837,-0.00338668935294917,-0.0025785370445724288,0.0038750104910272825,0.001999758646539574,-0.004927027429373142,-0.006358530668504856,0.0,-0.0027819267252430753,-0.005321564679235507,0.003996887777284654,-0.0051606511653254595,0.0039999899706880905,0.0,-0.0031691269032883542,-0.01010967964023891,0.009400709860537771,-0.004975348511238808,0.005898349128213019,-0.005478336345559754,-0.0011467012018734155,-0.001209070555112201,0.0019651520361638644,0.007978369659585486,0.005989316917838757,0.003719434155958575,0.005976227324305252,-0.005996229427467465,1,-0.0011912618026640419,0.0059908558476265,-0.0020911991579017058,-0.0035876545853989563,-0.004490569607980632,0.007305264540893213,0.0036603465665288755,-0.0033249592817017476,0.0,0.00593146531909663,0.0037425185046470457,0.003984088278593989,-0.002561332492685182,-0.00821536913863991,0.005923557340570757,0.005999914200931185,0.00788667981206279,-0.006941124603620754,0.007904095544826361,0.0,-0.004828826760351964,0.001995688417563186,-0.0016892040038878507,0.007997318305412067,0.0,-0.0031730999821429216,0.005884407523539842,-0.006554982437968185,-0.005459206296780184,0.00999229272895464,-0.00365924596810394,-0.0028771646138025025,0.00980738114232751,0.005556979705244026,0.0,0.007812276431477081,-0.0010536009278155805,0.003971301531009405,0.005933834189230166,0.0019448361247477051,0.005997971759524135,0.0019621507963117416,-0.001991968456887702,0.0,0.0,-0.003160732606818663,0.0,-0.0014555981242326019,0.007982966036865446,-0.004565902686643471,0.003959961162738411,-0.003531134530047796,0.0,-0.008701939738966085,0.0019360108927446427,0.003907345975924872,-0.0010708669708960367,-0.0062899444600037005,-0.003706546784451036,-0.005228609220627151,0.001961938440337238,0.003997333230008471,0.009862943779948658,0.0019934157877447784,0.009784712379561423,0.0,0.0,agent46,0.47220358139122187
-0.4652483160737228,-0.0010228718027126145,-0.0011167219560736974,-0.004984006000182423,-0.005660697724731026,-0.003025982056630837,-0.00338668935294917,-0.0025785370445724288,0.0038750104910272825,0.001999758646539574,-0.004927027429373142,-0.006358530668504856,0.0,-0.0027819267252430753,-0.005321564679235507,0.003996887777284654,-0.0051606511653254595,0.0039999899706880905,0.0,-0.0031691269032883542,-0.01010967964023891,0.009400709860537771,-0.004975348511238808,0.005898349128213019,-0.005478336345559754,-0.0011467012018734155,-0.001209070555112201,0.0019651520361638644,0.007978369659585486,0.005989316917838757,0.003719434155958575,0.005976227324305252,-0.005996229427467465,1,-0.0011912618026640419,0.0059908558476265,-0.0020911991579017058,-0.0035876545853989563,-0.004490569607980632,0.007305264540893213,0.0036603465665288755,-0.0033249592817017476,0.0,0.007908908308523737,0.0037425185046470457,0.003984088278593989,-0.002561332492685182,-0.00821536913863991,0.005923557340570757,0.005999914200931185,0.00788667981206279,-0.006941124603620754,0.007904095544826361,0.0,-0.004828826760351964,0.001995688417563186,-0.0016892040038878507,0.007997318305412067,0.0,-0.0031730999821429216,0.005884407523539842,-0.006554982437968185,-0.005459206296780184,0.00999229272895464,-0.00365924596810394,-0.0028771646138025025,0.00980738114232751,0.005556979705244026,0.0,0.007812276431477081,-0.0010536009278155805,0.003971301531009405,0.005933834189230166,0.0019448361247477051,0.005997971759524135,0.0019621507963117416,-0.001991968456887702,0.0,0.0,-0.003160732606818663,0.0,-0.0014555981242326019,0.007982966036865446,-0.004565902686643471,0.003959961162738411,-0.003531134530047796,0.0,-0.008701939738966085,0.0019360108927446427,0.003907345975924872,-0.0010708669708960367,-0.0062899444600037005,-0.003706546784451036,-0.005228609220627151,0.001961938440337238,0.003997333230008471,0.009862943779948658,0.0019934157877447784,0.009784712379561423,0.0,0.0,agent42,-0.6766429993574795
-0.46625397677144753,-0.0010228718027126145,-0.0011167219560736974,-0.004984006000182423,-0.007524764743307244,-0.003025982056630837,-0.00338668935294917,-0.0025785370445724288,0.0038750104910272825,0.001999758646539574,-0.004927027429373142,-0.006358530668504856,0.0,-0.0027819267252430753,-0.005321564679235507,0.003996887777284654,-0.0051606511653254595,0.0039999899706880905,0.0,-0.0031691269032883542,-0.01010967964023891,0.009400709860537771,-0.004975348511238808,0.005898349128213019,-0.005478336345559754,-0.0011467012018734155,-0.001209070555112201,0.0019651520361638644,0.007978369659585486,0.005989316917838757,0.003719434155958575,0.005976227324305252,-0.005996229427467465,1,-0.0011912618026640419,0.0059908558476265,-0.0020911991579017058,-0.0035876545853989563,-0.004490569607980632,0.007305264540893213,0.0036603465665288755,-0.0033249592817017476,0.0,0.007908908308523737,0.0037425185046470457,0.003984088278593989,-0.002561332492685182,-0.00821536913863991,0.005923557340570757,0.005999914200931185,0.00788667981206279,-0.006941124603620754,0.007904095544826361,0.0,-0.004828826760351964,0.001995688417563186,-0.0016892040038878507,0.007997318305412067,0.0,-0.0031730999821429216,0.005884407523539842,-0.006554982437968185,-0.005459206296780184,0.00999229272895464,-0.00365924596810394,-0.0028771646138025025,0.00980738114232751,0.005556979705244026,0.0,0.007812276431477081,-0.0010536009278155805,0.003971301531009405,0.005933834189230166,0.0019448361247477051,0.005997971759524135,0.0019621507963117416,-0.001991968456887702,0.0,0.0,-0.003160732606818663,0.0,-0.0014555981242326019,0.007982966036865446,-0.004565902686643471,0.003959961162738411,-0.003531134530047796,0.0,-0.008701939738966085,0.0019360108927446427,0.003907345975924872,-0.0010708669708960367,-0.0062899444600037005,-0.003706546784451036,-0.005228609220627151,0.001961938440337238,0.003997333230008471,0.009862943779948658,0.0019934157877447784,0.009784712379561423,0.0,0.0,agent3,0.05615935825373137
-0.467259973000875,-0.0010228718027126145,-0.0011167219560736974,-0.004984006000182423,-0.007524764743307244,-0.003025982056630837,-0.00338668935294917,-0.0025785370445724288,0.0038750104910272825,0.001999758646539574,-0.004927027429373142,-0.006358530668504856,0.0,-0.0027819267252430753,-0.005321564679235507,0.003996887777284654,-0.0051606511653254595,0.0039999899706880905,0.0,-0.0031691269032883542,-0.01010967964023891,0.009400709860537771,-0.004975348511238808,0.005898349128213019,-0.005478336345559754,-0.0011467012018734155,-0.001209070555112201,0.0019651520361638644,0.007978369659585486,0.005989316917838757,0.003719434155958575,0.005976227324305252,-0.007390408220164018,1,-0.0011912618026640419,0.0059908558476265,-0.0020911991579017058,-0.0035876545853989563,-0.004490569607980632,0.007305264540893213,0.0036603465665288755,-0.0033249592817017476,0.0,0.007908908308523737,0.0037425185046470457,0.003984088278593989,-0.002561332492685182,-0.00821536913863991,0.005923557340570757,0.005999914200931185,0.00788667981206279,-0.006941124603620754,0.007904095544826361,0.0,-0.004828826760351964,0.001995688417563186,-0.0016892040038878507,0.007997318305412067,0.0,-0.0031730999821429216,0.005884407523539842,-0.006554982437968185,-0.005459206296780184,0.00999229272895464,-0.00365924596810394,-0.0028771646138025025,0.00980738114232751,0.005556979705244026,0.0,0.007812276431477081,-0.0010536009278155805,0.003971301531009405,0.005933834189230166,0.0019448361247477051,0.005997971759524135,0.0019621507963117416,-0.001991968456887702,0.0,0.0,-0.003160732606818663,0.0,-0.0014555981242326019,0.007982966036865446,-0.004565902686643471,0.003959961162738411,-0.003531134530047796,0.0,-0.008701939738966085,0.0019360108927446427,0.003907345975924872,-0.0010708669708960367,-0.0062899444600037005,-0.003706546784451036,-0.005228609220627151,0.001961938440337238,0.003997333230008471,0.009862943779948658,0.0019934157877447784,0.009784712379561423,0.0,0.0,agent31,0.6344923221580074
-0.468269965293604,-0.0010228718027126145,-0.0011167219560736974,-0.004984006000182423,-0.007524764743307244,-0.003025982056630837,-0.00338668935294917,-0.0025785370445724288,0.0038750104910272825,0.001999758646539574,-0.004927027429373142,-0.006358530668504856,0.0,-0.0027819267252430753,-0.005321564679235507,0.003996887777284654,-0.0051606511653254595,0.0039999899706880905,0.0,-0.0031691269032883542,-0.01010967964023891,0.009400709860537771,-0.004975348511238808,0.005898349128213019,-0.005478336345559754,-0.0011467012018734155,-0.001209070555112201,0.0019651520361638644,0.007978369659585486,0.005989316917838757,0.003719434155958575,0.005976227324305252,-0.007390408220164018,1,-0.0011912618026640419,0.0059908558476265,-0.0020911991579017058,-0.0035876545853989563,-0.004490569607980632,0.007305264540893213,0.0036603465665288755,-0.0033249592817017476,0.0,0.007908908308523737,0.0037425185046470457,0.003984088278593989,-0.002561332492685182,-0.00821536913863991,0.005923557340570757,0.005999914200931185,0.00788667981206279,-0.006941124603620754,0.007904095544826361,0.0,-0.004828826760351964,0.001995688417563186,-0.0016892040038878507,0.007997318305412067,0.0,-0.0031730999821429216,0.005884407523539842,-0.006554982437968185,-0.005459206296780184,0.011990603568631358,-0.00365924596810394,-0.0028771646138025025,0.00980738114232751,0.005556979705244026,0.0,0.007812276431477081,-0.0010536009278155805,0.003971301531009405,0.005933834189230166,0.0019448361247477051,0.005997971759524135,0.0019621507963117416,-0.001991968456887702,0.0,0.0,-0.003160732606818663,0.0,-0.0014555981242326019,0.007982966036865446,-0.004565902686643471,0.003959961162738411,-0.003531134530047796,0.0,-0.008701939738966085,0.0019360108927446427,0.003907345975924872,-0.0010708669708960367,-0.0062899444600037005,-0.003706546784451036,-0.005228609220627151,0.001961938440337238,0.003997333230008471,0.009862943779948658,0.0019934157877447784,0.009784712379561423,0.0,0.0,agent62,-0.40913665025893436
-0.46927115655540663,-0.0010228718027126145,-0.0011167219560736974,-0.004984006000182423,-0.007524764743307244,-0.003025982056630837,-0.00338668935294917,-0.0025785370445724288,0.0038750104910272825,0.001999758646539574,-0.004927027429373142,-0.006358530668504856,0.0,-0.0027819267252430753,-0.005321564679235507,0.003996887777284654,-0.0051606511653254595,0.0039999899706880905,0.0,-0.0031691269032883542,-0.01010967964023891,0.009400709860537771,-0.004975348511238808,0.005898349128213019,-0.005478336345559754,-0.0011467012018734155,-0.001209070555112201,0.0019651520361638644,0.007978369659585486,0.005989316917838757,0.003719434155958575,0.005976227324305252,-0.007390408220164018,1,-0.0021924981462435548,0.0059908558476265,-0.0020911991579017058,-0.0035876545853989563,-0.004490569607980632,0.007305264540893213,0.0036603465665288755,-0.0033249592817017476,0.0,0.007908908308523737,0.0037425185046470457,0.003984088278593989,-0.002561332492685182,-0.00821536913863991,0.005923557340570757,0.005999914200931185,0.00788667981206279,-0.006941124603620754,0.007904095544826361,0.0,-0.004828826760351964,0.001995688417563186,-0.0016892040038878507,0.007997318305412067,0.0,-0.0031730999821429216,0.005884407523539842,-0.006554982437968185,-0.005459206296780184,0.011990603568631358,-0.00365924596810394,-0.0028771646138025025,0.00980738114232751,0.005556979705244026,0.0,0.007812276431477081,-0.0010536009278155805,0.003971301531009405,0.005933834189230166,0.0019448361247477051,0.005997971759524135,0.0019621507963117416,-0.001991968456887702,0.0,0.0,-0.003160732606818663,0.0,-0.0014555981242326019,0.007982966036865446,-0.004565902686643471,0.003959961162738411,-0.003531134530047796,0.0,-0.008701939738966085,0.0019360108927446427,0.003907345975924872,-0.0010708669708960367,-0.0062899444600037005,-0.003706546784451036,-0.005228609220627151,0.001961938440337238,0.003997333230008471,0.009862943779948658,0.0019934157877447784,0.009784712379561423,0.0,0.0,agent33,0.9450690997721622
-0.47027671353511186,-0.0010228718027126145,-0.0011167219560736974,-0.004984006000182423,-0.007524764743307244,-0.003025982056630837,-0.00338668935294917,-0.0025785370445724288,0.0038750104910272825,0.001999758646539574,-0.004927027429373142,-0.006358530668504856,0.0,-0.0027819267252430753,-0.005321564679235507,0.003996887777284654,-0.0051606511653254595,0.0039999899706880905,0.0,-0.0031691269032883542,-0.01010967964023891,0.009400709860537771,-0.004975348511238808,0.005898349128213019,-0.005478336345559754,-0.0011467012018734155,-0.001209070555112201,0.0019651520361638644,0.007978369659585486,0.005989316917838757,0.003719434155958575,0.005976227324305252,-0.007390408220164018,1,-0.0021924981462435548,0.0059908558476265,-0.0020911991579017058,-0.0035876545853989563,-0.004490569607980632,0.007305264540893213,0.0036603465665288755,-0.0033249592817017476,0.0,0.007908908308523737,0.0037425185046470457,0.003984088278593989,-0.002561332492685182,-0.00821536913863991,0.005923557340570757,0.005999914200931185,0.00788667981206279,-0.006941124603620754,0.007904095544826361,0.0,-0.004828826760351964,0.001995688417563186,-0.0016892040038878507,0.007997318305412067,0.0,-0.0031730999821429216,0.005884407523539842,-0.006554982437968185,-0.005459206296780184,0.011990603568631358,-0.00365924596810394,-0.0028771646138025025,0.00980738114232751,0.007416143152612008,0.0,0.007812276431477081,-0.0010536009278155805,0.003971301531009405,0.005933834189230166,0.0019448361247477051,0.005997971759524135,0.0019621507963117416,-0.001991968456887702,0.0,0.0,-0.003160732606818663,0.0,-0.0014555981242326019,0.007982966036865446,-0.004565902686643471,0.003959961162738411,-0.003531134530047796,0.0,-0.008701939738966085,0.0019360108927446427,0.003907345975924872,-0.0010708669708960367,-0.0062899444600037005,-0.003706546784451036,-0.005228609220627151,0.001961938440337238,0.003997333230008471,0.009862943779948658,0.0019934157877447784,0.009784712379561423,0.0,0.0,agent66,-1
-0.4712804329692678,-0.0010228718027126145,-0.0011167219560736974,-0.004984006000182423,-0.007524764743307244,-0.003025982056630837,-0.00338668935294917,-0.0025785370445724288,0.0038750104910272825,0.001999758646539574,-0.004927027429373142,-0.006358530668504856,0.0,-0.0027819267252430753,-0.005321564679235507,0.003996887777284654,-0.0051606511653254595,0.0039999899706880905,0.0,-0.0031691269032883542,-0.01010967964023891,0.009400709860537771,-0.004975348511238808,0.005898349128213019,-0.005478336345559754,-0.0011467012018734155,-0.001209070555112201,0.0019651520361638644,0.007978369659585486,0.005989316917838757,0.0055791916863676665,0.005976227324305252,-0.007390408220164018,1,-0.0021924981462435548,0.0059908558476265,-0.0020911991579017058,-0.0035876545853989563,-0.004490569607980632,0.007305264540893213,0.0036603465665288755,-0.0033249592817017476,0.0,0.007908908308523737,0.0037425185046470457,0.003984088278593989,-0.002561332492685182,-0.00821536913863991,0.005923557340570757,0.005999914200931185,0.00788667981206279,-0.006941124603620754,0.007904095544826361,0.0,-0.004828826760351964,0.001995688417563186,-0.0016892040038878507,0.007997318305412067,0.0,-0.0031730999821429216,0.005884407523539842,-0.006554982437968185,-0.005459206296780184,0.011990603568631358,-0.00365924596810394,-0.0028771646138025025,0.00980738114232751,0.007416143152612008,0.0,0.007812276431477081,-0.0010536009278155805,0.003971301531009405,0.005933834189230166,0.0019448361247477051,0.005997971759524135,0.0019621507963117416,-0.001991968456887702,0.0,0.0,-0.003160732606818663,0.0,-0.0014555981242326019,0.007982966036865446,-0.004565902686643471,0.003959961162738411,-0.003531134530047796,0.0,-0.008701939738966085,0.0019360108927446427,0.003907345975924872,-0.0010708669708960367,-0.0062899444600037005,-0.003706546784451036,-0.005228609220627151,0.001961938440337238,0.003997333230008471,0.009862943779948658,0.0019934157877447784,0.009784712379561423,0.0,0.0,agent29,-0.9998850019727228
-0.472285416975268,-0.0010228718027126145,-0.0011167219560736974,-0.006394653607818598,-0.007524764743307244,-0.003025982056630837,-0.00338668935294917,-0.0025785370445724288,0.0038750104910272825,0.001999758646539574,-0.004927027429373142,-0.006358530668504856,0.0,-0.0027819267252430753,-0.005321564679235507,0.003996887777284654,-0.0051606511653254595,0.0039999899706880905,0.0,-0.0031691269032883542,-0.01010967964023891,0.009400709860537771,-0.004975348511238808,0.005898349128213019,-0.005478336345559754,-0.0011467012018734155,-0.001209070555112201,0.0019651520361638644,0.007978369659585486,0.005989316917838757,0.0055791916863676665,0.005976227324305252,-0.007390408220164018,1,-0.0021924981462435548,0.0059908558476265,-0.0020911991579017058,-0.0035876545853989563,-0.004490569607980632,0.007305264540893213,0.0036603465665288755,-0.0033249592817017476,0.0,0.007908908308523737,0.0037425185046470457,0.003984088278593989,-0.002561332492685182,-0.00821536913863991,0.005923557340570757,0.005999914200931185,0.00788667981206279,-0.006941124603620754,0.007904095544826361,0.0,-0.004828826760351964,0.001995688417563186,-0.0016892040038878507,0.007997318305412067,0.0,-0.0031730999821429216,0.005884407523539842,-0.006554982437968185,-0.005459206296780184,0.011990603568631358,-0.00365924596810394,-0.0028771646138025025,0.00980738114232751,0.007416143152612008,0.0,0.007812276431477081,-0.0010536009278155805,0.003971301531009405,0.005933834189230166,0.0019448361247477051,0.005997971759524135,0.0019621507963117416,-0.001991968456887702,0.0,0.0,-0.003160732606818663,0.0,-0.0014555981242326019,0.007982966036865446,-0.004565902686643471,0.003959961162738411,-0.003531134530047796,0.0,-0.008701939738966085,0.0019360108927446427,0.003907345975924872,-0.0010708669708960367,-0.0062899444600037005,-0.003706546784451036,-0.005228609220627151,0.001961938440337238,0.003997333230008471,0.009862943779948658,0.0019934157877447784,0.009784712379561423,0.0,0.0,agent2,0.6144012813133535
-0.47328741039105576,-0.0010228718027126145,-0.0011167219560736974,-0.006394653607818598,-0.007524764743307244,-0.003025982056630837,-0.00338668935294917,-0.0025785370445724288,0.0038750104910272825,0.001999758646539574,-0.004927027429373142,-0.006358530668504856,0.0,-0.0027819267252430753,-0.005321564679235507,0.003996887777284654,-0.0051606511653254595,0.0039999899706880905,0.0,-0.0031691269032883542,-0.01010967964023891,0.009400709860537771,-0.004975348511238808,0.005898349128213019,-0.005478336345559754,-0.0011467012018734155,-0.001209070555112201,0.0019651520361638644,0.007978369659585486,0.005989316917838757,0.0055791916863676665,0.005976227324305252,-0.007390408220164018,1,-0.0021924981462435548,0.0059908558476265,-0.0020911991579017058,-0.0035876545853989563,-0.004490569607980632,0.007305264540893213,0.0036603465665288755,-0.0033249592817017476,0.0,0.007908908308523737,0.0037425185046470457,0.003984088278593989,-0.002561332492685182,-0.00821536913863991,0.005923557340570757,0.005999914200931185,0.00788667981206279,-0.006941124603620754,0.007904095544826361,0.0,-0.004828826760351964,0.001995688417563186,-0.0016892040038878507,0.007997318305412067,0.0,-0.0031730999821429216,0.005884407523539842,-0.006554982437968185,-0.005459206296780184,0.011990603568631358,-0.00365924596810394,-0.0028771646138025025,0.00980738114232751,0.007416143152612008,0.0,0.007812276431477081,-0.0010536009278155805,0.003971301531009405,0.005933834189230166,0.0019448361247477051,0.005997971759524135,0.0019621507963117416,-0.001991968456887702,0.0,0.0,-0.003160732606818663,0.0,-0.0014555981242326019,0.007982966036865446,-0.004565902686643471,0.003959961162738411,-0.003531134530047796,0.0,-0.008701939738966085,0.0019360108927446427,0.003907345975924872,-0.0010708669708960367,-0.0062899444600037005,-0.003706546784451036,-0.005228609220627151,0.001961938440337238,0.003997333230008471,0.009862943779948658,0.003986718010264703,0.009784712379561423,0.0,0.0,agent96,-0.5880245847628004
-0.4742913177370317,-0.0010228718027126145,-0.0011167219560736974,-0.006394653607818598,-0.007524764743307244,-0.003025982056630837,-0.00338668935294917,-0.0025785370445724288,0.0038750104910272825,0.001999758646539574,-0.004927027429373142,-0.006358530668504856,0.0,-0.0027819267252430753,-0.005321564679235507,0.003996887777284654,-0.0051606511653254595,0.0039999899706880905,0.0,-0.0031691269032883542,-0.01010967964023891,0.009400709860537771,-0.004975348511238808,0.005898349128213019,-0.005478336345559754,-0.0011467012018734155,-0.001209070555112201,0.0019651520361638644,0.007978369659585486,0.005989316917838757,0.0055791916863676665,0.005976227324305252,-0.007390408220164018,1,-0.0021924981462435548,0.0059908558476265,-0.0020911991579017058,-0.0035876545853989563,-0.004490569607980632,0.007305264540893213,0.0036603465665288755,-0.0033249592817017476,0.0,0.007908908308523737,0.0037425185046470457,0.003984088278593989,-0.002561332492685182,-0.00821536913863991,0.005923557340570757,0.005999914200931185,0.00788667981206279,-0.006941124603620754,0.007904095544826361,0.0,-0.004828826760351964,0.001995688417563186,-0.0016892040038878507,0.007997318305412067,0.0,-0.0031730999821429216,0.005884407523539842,-0.006554982437968185,-0.005459206296780184,0.011990603568631358,-0.00365924596810394,-0.0028771646138025025,0.00980738114232751,0.007416143152612008,0.0,0.007812276431477081,-0.0010536009278155805,0.003971301531009405,0.005933834189230166,0.0019448361247477051,0.005997971759524135,0.0019621507963117416,-0.001991968456887702,0.0,0.0,-0.003160732606818663,0.0,-0.0014555981242326019,0.007982966036865446,-0.004565902686643471,0.003959961162738411,-0.003531134530047796,0.0,-0.008701939738966085,0.0019360108927446427,0.005861177771624617,-0.0010708669708960367,-0.0062899444600037005,-0.003706546784451036,-0.005228609220627151,0.001961938440337238,0.003997333230008471,0.009862943779948658,0.003986718010264703,0.009784712379561423,0.0,0.0,agent88,-0.7771564752866282
-0.47529725157122094,-0.0010228718027126145,-0.0011167219560736974,-0.006394653607818598,-0.007524764743307244,-0.003025982056630837,-0.00338668935294917,-0.0025785370445724288,0.0038750104910272825,0.001999758646539574,-0.004927027429373142,-0.006358530668504856,0.0,-0.0027819267252430753,-0.005321564679235507,0.003996887777284654,-0.0051606511653254595,0.0039999899706880905,0.0,-0.0031691269032883542,-0.01010967964023891,0.009400709860537771,-0.004975348511238808,0.005898349128213019,-0.005478336345559754,-0.0011467012018734155,-0.001209070555112201,0.0019651520361638644,0.007978369659585486,0.005989316917838757,0.0055791916863676665,0.005976227324305252,-0.007390408220164018,1,-0.0021924981462435548,0.0059908558476265,-0.0020911991579017058,-0.0035876545853989563,-0.004490569607980632,0.007305264540893213,0.0036603465665288755,-0.0033249592817017476,0.0,0.007908908308523737,0.0037425185046470457,0.003984088278593989,-0.002561332492685182,-0.00821536913863991,0.005923557340570757,0.005999914200931185,0.00788667981206279,-0.006941124603620754,0.007904095544826361,0.0,-0.004828826760351964,0.001995688417563186,-0.0016892040038878507,0.007997318305412067,0.0,-0.0031730999821429216,0.005884407523539842,-0.006554982437968185,-0.005459206296780184,0.011990603568631358,-0.00365924596810394,-0.0028771646138025025,0.00980738114232751,0.007416143152612008,0.0,0.007812276431477081,-0.0010536009278155805,0.003971301531009405,0.007912066891087453,0.0019448361247477051,0.005997971759524135,0.0019621507963117416,-0.001991968456887702,0.0,0.0,-0.003160732606818663,0.0,-0.0014555981242326019,0.007982966036865446,-0.004565902686643471,0.003959961162738411,-0.003531134530047796,0.0,-0.008701939738966085,0.0019360108927446427,0.005861177771624617,-0.0010708669708960367,-0.0062899444600037005,-0.003706546784451036,-0.005228609220627151,0.001961938440337238,0.003997333230008471,0.009862943779948658,0.003986718010264703,0.009784712379561423,0.0,0.0,agent71,-0.6829407756453313
-0.47630311274899256,-0.0010228718027126145,-0.0011167219560736974,-0.006394653607818598,-0.007524764743307244,-0.003025982056630837,-0.00338668935294917,-0.0025785370445724288,0.0038750104910272825,0.001999758646539574,-0.004927027429373142,-0.006358530668504856,0.0,-0.0027819267252430753,-0.005321564679235507,0.003996887777284654,-0.0051606511653254595,0.0039999899706880905,0.0,-0.0031691269032883542,-0.01010967964023891,0.009400709860537771,-0.004975348511238808,0.005898349128213019,-0.005478336345559754,-0.0011467012018734155,-0.001209070555112201,0.0019651520361638644,0.007978369659585486,0.005989316917838757,0.0055791916863676665,0.005976227324305252,-0.007390408220164018,1,-0.0021924981462435548,0.0059908558476265,-0.0020911991579017058,-0.0035876545853989563,-0.004490569607980632,0.007305264540893213,0.0036603465665288755,-0.0033249592817017476,0.0,0.007908908308523737,0.0037425185046470457,0.003984088278593989,-0.002561332492685182,-0.00821536913863991,0.005923557340570757,0.005999914200931185,0.00788667981206279,-0.006941124603620754,0.007904095544826361,0.0,-0.004828826760351964,0.001995688417563186,-0.0016892040038878507,0.007997318305412067,0.0,-0.0031730999821429216,0.005884407523539842,-0.006554982437968185,-0.005459206296780184,0.011990603568631358,-0.00365924596810394,-0.0028771646138025025,0.00980738114232751,0.007416143152612008,0.0,0.007812276431477081,-0.0010536009278155805,0.003971301531009405,0.007912066891087453,0.0019448361247477051,0.005997971759524135,0.0019621507963117416,-0.001991968456887702,0.0,0.0,-0.003160732606818663,0.0,-0.0014555981242326019,0.007982966036865446,-0.004565902686643471,0.003959961162738411,-0.003531134530047796,0.0,-0.008701939738966085,0.0019360108927446427,0.007815314103762676,-0.0010708669708960367,-0.0062899444600037005,-0.003706546784451036,-0.005228609220627151,0.001961938440337238,0.003997333230008471,0.009862943779948658,0.003986718010264703,0.009784712379561423,0.0,0.0,agent88,-0.7781624620591248
-0.47730422947094864,-0.0010228718027126145,-0.0020269865157175153,-0.006394653607818598,-0.007524764743307244,-0.003025982056630837,-0.00338668935294917,-0.0025785370445724288,0.0038750104910272825,0.001999758646539574,-0.004927027429373142,-0.006358530668504856,0.0,-0.0027819267252430753,-0.005321564679235507,0.003996887777284654,-0.0051606511653254595,0.0039999899706880905,0.0,-0.0031691269032883542,-0.01010967964023891,0.009400709860537771,-0.004975348511238808,0.005898349128213019,-0.005478336345559754,-0.0011467012018734155,-0.001209070555112201,0.0019651520361638644,0.007978369659585486,0.005989316917838757,0.0055791916863676665,0.005976227324305252,-0.007390408220164018,1,-0.0021924981462435548,0.0059908558476265,-0.0020911991579017058,-0.0035876545853989563,-0.004490569607980632,0.007305264540893213,0.0036603465665288755,-0.0033249592817017476,0.0,0.007908908308523737,0.0037425185046470457,0.003984088278593989,-0.002561332492685182,-0.00821536913863991,0.005923557340570757,0.005999914200931185,0.00788667981206279,-0.006941124603620754,0.007904095544826361,0.0,-0.004828826760351964,0.001995688417563186,-0.0016892040038878507,0.007997318305412067,0.0,-0.0031730999821429216,0.005884407523539842,-0.006554982437968185,-0.005459206296780184,0.011990603568631358,-0.00365924596810394,-0.0028771646138025025,0.00980738114232751,0.007416143152612008,0.0,0.007812276431477081,-0.0010536009278155805,0.003971301531009405,0.007912066891087453,0.0019448361247477051,0.005997971759524135,0.0019621507963117416,-0.001991968456887702,0.0,0.0,-0.003160732606818663,0.0,-0.0014555981242326019,0.007982966036865446,-0.004565902686643471,0.003959961162738411,-0.003531134530047796,0.0,-0.008701939738966085,0.0019360108927446427,0.007815314103762676,-0.0010708669708960367,-0.0062899444600037005,-0.003706546784451036,-0.005228609220627151,0.001961938440337238,0.003997333230008471,0.009862943779948658,0.003986718010264703,0.009784712379561423,0.0,0.0,agent1,1
-0.4783053761721505,-0.0010228718027126145,-0.0020269865157175153,-0.006394653607818598,-0.007524764743307244,-0.003025982056630837,-0.00338668935294917,-0.0025785370445724288,0.0038750104910272825,0.001999758646539574,-0.004927027429373142,-0.006358530668504856,0.0,-0.0027819267252430753,-0.005321564679235507,0.003996887777284654,-0.0051606511653254595,0.0039999899706880905,0.0,-0.0031691269032883542,-0.01010967964023891,0.009400709860537771,-0.004975348511238808,0.005898349128213019,-0.005478336345559754,-0.002055487308667039,-0.001209070555112201,0.0019651520361638644,0.007978369659585486,0.005989316917838757,0.0055791916863676665,0.005976227324305252,-0.007390408220164018,1,-0.0021924981462435548,0.0059908558476265,-0.0020911991579017058,-0.0035876545853989563,-0.004490569607980632,0.007305264540893213,0.0036603465665288755,-0.0033249592817017476,0.0,0.007908908308523737,0.0037425185046470457,0.003984088278593989,-0.002561332492685182,-0.00821536913863991,0.005923557340570757,0.005999914200931185,0.00788667981206279,-0.006941124603620754,0.007904095544826361,0.0,-0.004828826760351964,0.001995688417563186,-0.0016892040038878507,0.007997318305412067,0.0,-0.0031730999821429216,0.005884407523539842,-0.006554982437968185,-0.005459206296780184,0.011990603568631358,-0.00365924596810394,-0.0028771646138025025,0.00980738114232751,0.007416143152612008,0.0,0.007812276431477081,-0.0010536009278155805,0.003971301531009405,0.007912066891087453,0.0019448361247477051,0.005997971759524135,0.0019621507963117416,-0.001991968456887702,0.0,0.0,-0.003160732606818663,0.0,-0.0014555981242326019,0.007982966036865446,-0.004565902686643471,0.003959961162738411,-0.003531134530047796,0.0,-0.008701939738966085,0.0019360108927446427,0.007815314103762676,-0.0010708669708960367,-0.0062899444600037005,-0.003706546784451036,-0.005228609220627151,0.001961938440337238,0.003997333230008471,0.009862943779948658,0.003986718010264703,0.009784712379561423,0.0,0.0,agent24,1
-0.47930936026042914,-0.0010228718027126145,-0.0020269865157175153,-0.006394653607818598,-0.007524764743307244,-0.003025982056630837,-0.00338668935294917,-0.0025785370445724288,0.0038750104910272825,0.001999758646539574,-0.004927027429373142,-0.006358530668504856,0.0,-0.0027819267252430753,-0.005321564679235507,0.003996887777284654,-0.0051606511653254595,0.0039999899706880905,0.0,-0.0031691269032883542,-0.01010967964023891,0.009400709860537771,-0.004975348511238808,0.005898349128213019,-0.005478336345559754,-0.002055487308667039,-0.001209070555112201,0.0019651520361638644,0.007978369659585486,0.005989316917838757,0.0055791916863676665,0.005976227324305252,-0.007390408220164018,1,-0.0021924981462435548,0.0059908558476265,-0.0020911991579017058,-0.0035876545853989563,-0.004490569607980632,0.007305264540893213,0.0036603465665288755,-0.0033249592817017476,0.0,0.007908908308523737,0.0037425185046470457,0.0059761970341531976,-0.002561332492685182,-0.00821536913863991,0.005923557340570757,0.005999914200931185,0.00788667981206279,-0.006941124603620754,0.007904095544826361,0.0,-0.004828826760351964,0.001995688417563186,-0.0016892040038878507,0.007997318305412067,0.0,-0.0031730999821429216,0.005884407523539842,-0.006554982437968185,-0.005459206296780184,0.011990603568631358,-0.00365924596810394,-0.0028771646138025025,0.00980738114232751,0.007416143152612008,0.0,0.007812276431477081,-0.0010536009278155805,0.003971301531009405,0.007912066891087453,0.0019448361247477051,0.005997971759524135,0.0019621507963117416,-0.001991968456887702,0.0,0.0,-0.003160732606818663,0.0,-0.0014555981242326019,0.007982966036865446,-0.004565902686643471,0.003959961162738411,-0.003531134530047796,0.0,-0.008701939738966085,0.0019360108927446427,0.007815314103762676,-0.0010708669708960367,-0.0062899444600037005,-0.003706546784451036,-0.005228609220627151,0.001961938440337238,0.003997333230008471,0.009862943779948658,0.003986718010264703,0.009784712379561423,0.0,0.0,agent44,-0.6039337522723895
-0.4803121421871544,-0.0010228718027126145,-0.0020269865157175153,-0.006394653607818598,-0.007524764743307244,-0.003025982056630837,-0.00338668935294917,-0.0025785370445724288,0.0038750104910272825,0.001999758646539574,-0.004927027429373142,-0.006358530668504856,0.0,-0.003940711127520192,-0.005321564679235507,0.003996887777284654,-0.0051606511653254595,0.0039999899706880905,0.0,-0.0031691269032883542,-0.01010967964023891,0.009400709860537771,-0.004975348511238808,0.005898349128213019,-0.005478336345559754,-0.002055487308667039,-0.001209070555112201,0.0019651520361638644,0.007978369659585486,0.005989316917838757,0.0055791916863676665,0.005976227324305252,-0.007390408220164018,1,-0.0021924981462435548,0.0059908558476265,-0.0020911991579017058,-0.0035876545853989563,-0.004490569607980632,0.007305264540893213,0.0036603465665288755,-0.0033249592817017476,0.0,0.007908908308523737,0.0037425185046470457,0.0059761970341531976,-0.002561332492685182,-0.00821536913863991,0.005923557340570757,0.005999914200931185,0.00788667981206279,-0.006941124603620754,0.007904095544826361,0.0,-0.004828826760351964,0.001995688417563186,-0.0016892040038878507,0.007997318305412067,0.0,-0.0031730999821429216,0.005884407523539842,-0.006554982437968185,-0.005459206296780184,0.011990603568631358,-0.00365924596810394,-0.0028771646138025025,0.00980738114232751,0.007416143152612008,0.0,0.007812276431477081,-0.0010536009278155805,0.003971301531009405,0.007912066891087453,0.0019448361247477051,0.005997971759524135,0.0019621507963117416,-0.001991968456887702,0.0,0.0,-0.003160732606818663,0.0,-0.0014555981242326019,0.007982966036865446,-0.004565902686643471,0.003959961162738411,-0.003531134530047796,0.0,-0.008701939738966085,0.0019360108927446427,0.007815314103762676,-0.0010708669708960367,-0.0062899444600037005,-0.003706546784451036,-0.005228609220627151,0.001961938440337238,0.003997333230008471,0.009862943779948658,0.003986718010264703,0.009784712379561423,0.0,0.0,agent12,0.8177762943691205
-0.4813131650589571,-0.0019272097835592535,-0.0020269865157175153,-0.006394653607818598,-0.007524764743307244,-0.003025982056630837,-0.00338668935294917,-0.0025785370445724288,0.0038750104910272825,0.001999758646539574,-0.004927027429373142,-0.006358530668504856,0.0,-0.003940711127520192,-0.005321564679235507,0.003996887777284654,-0.0051606511653254595,0.0039999899706880905,0.0,-0.0031691269032883542,-0.01010967964023891,0.009400709860537771,-0.004975348511238808,0.005898349128213019,-0.005478336345559754,-0.002055487308667039,-0.001209070555112201,0.0019651520361638644,0.007978369659585486,0.005989316917838757,0.0055791916863676665,0.005976227324305252,-0.007390408220164018,1,-0.0021924981462435548,0.0059908558476265,-0.0020911991579017058,-0.0035876545853989563,-0.004490569607980632,0.007305264540893213,0.0036603465665288755,-0.0033249592817017476,0.0,0.007908908308523737,0.0037425185046470457,0.0059761970341531976,-0.002561332492685182,-0.00821536913863991,0.005923557340570757,0.005999914200931185,0.00788667981206279,-0.006941124603620754,0.007904095544826361,0.0,-0.004828826760351964,0.001995688417563186,-0.0016892040038878507,0.007997318305412067,0.0,-0.0031730999821429216,0.005884407523539842,-0.006554982437968185,-0.005459206296780184,0.011990603568631358,-0.00365924596810394,-0.0028771646138025025,0.00980738114232751,0.007416143152612008,0.0,0.007812276431477081,-0.0010536009278155805,0.003971301531009405,0.007912066891087453,0.0019448361247477051,0.005997971759524135,0.0019621507963117416,-0.001991968456887702,0.0,0.0,-0.003160732606818663,0.0,-0.0014555981242326019,0.007982966036865446,-0.004565902686643471,0.003959961162738411,-0.003531134530047796,0.0,-0.008701939738966085,0.0019360108927446427,0.007815314103762676,-0.0010708669708960367,-0.0062899444600037005,-0.003706546784451036,-0.005228609220627151,0.001961938440337238,0.003997333230008471,0.009862943779948658,0.003986718010264703,0.009784712379561423,0.0,0.0,agent0,1
-0.4803131650589571,-0.0019272097835592535,-0.0020269865157175153,-0.006394653607818598,-0.007524764743307244,-0.003025982056630837,-0.00338668935294917,-0.0025785370445724288,0.0038750104910272825,0.001999758646539574,-0.004927027429373142,-0.006358530668504856,0.0,-0.003940711127520192,-0.005321564679235507,0.003996887777284654,-0.0051606511653254595,0.0039999899706880905,0.0,-0.0031691269032883542,-0.01010967964023891,0.009400709860537771,-0.004975348511238808,0.005898349128213019,-0.005478336345559754,-0.002055487308667039,-0.001209070555112201,0.0019651520361638644,0.007978369659585486,0.005989316917838757,0.0055791916863676665,0.005976227324305252,-0.007390408220164018,1,-0.0021924981462435548,0.0059908558476265,-0.0020911991579017058,-0.0035876545853989563,-0.004490569607980632,0.007305264540893213,0.0036603465665288755,-0.0033249592817017476,0.0019326482244335038,0.007908908308523737,0.0037425185046470457,0.0059761970341531976,-0.002561332492685182,-0.00821536913863991,0.005923557340570757,0.005999914200931185,0.00788667981206279,-0.006941124603620754,0.007904095544826361,0.0,-0.004828826760351964,0.001995688417563186,-0.0016892040038878507,0.007997318305412067,0.0,-0.0031730999821429216,0.005884407523539842,-0.006554982437968185,-0.005459206296780184,0.011990603568631358,-0.00365924596810394,-0.0028771646138025025,0.00980738114232751,0.007416143152612008,0.0,0.007812276431477081,-0.0010536009278155805,0.003971301531009405,0.007912066891087453,0.0019448361247477051,0.005997971759524135,0.0019621507963117416,-0.001991968456887702,0.0,0.0,-0.003160732606818663,0.0,-0.0014555981242326019,0.007982966036865446,-0.004565902686643471,0.003959961162738411,-0.003531134530047796,0.0,-0.008701939738966085,0.0019360108927446427,0.007815314103762676,-0.0010708669708960367,-0.0062899444600037005,-0.003706546784451036,-0.005228609220627151,0.001961938440337238,0.003997333230008471,0.009862943779948658,0.003986718010264703,0.009784712379561423,0.0,0.0,agent41,-0.848332988955422
-0.4813176556285651,-0.0019272097835592535,-0.0020269865157175153,-0.006394653607818598,-0.007524764743307244,-0.003025982056630837,-0.00338668935294917,-0.0025785370445724288,0.0038750104910272825,0.001999758646539574,-0.004927027429373142,-0.006358530668504856,0.0,-0.003940711127520192,-0.005321564679235507,0.003996887777284654,-0.0051606511653254595,0.0039999899706880905,0.0,-0.0031691269032883542,-0.01010967964023891,0.009400709860537771,-0.004975348511238808,0.005898349128213019,-0.005478336345559754,-0.002055487308667039,-0.001209070555112201,0.0019651520361638644,0.007978369659585486,0.005989316917838757,0.0055791916863676665,0.005976227324305252,-0.007390408220164018,1,-0.0021924981462435548,0.0059908558476265,-0.0020911991579017058,-0.0035876545853989563,-0.0053949060746571985,0.007305264540893213,0.0036603465665288755,-0.0033249592817017476,0.0019326482244335038,0.007908908308523737,0.0037425185046470457,0.0059761970341531976,-0.002561332492685182,-0.00821536913863991,0.005923557340570757,0.005999914200931185,0.00788667981206279,-0.006941124603620754,0.007904095544826361,0.0,-0.004828826760351964,0.001995688417563186,-0.0016892040038878507,0.007997318305412067,0.0,-0.0031730999821429216,0.005884407523539842,-0.006554982437968185,-0.005459206296780184,0.011990603568631358,-0.00365924596810394,-0.0028771646138025025,0.00980738114232751,0.007416143152612008,0.0,0.007812276431477081,-0.0010536009278155805,0.003971301531009405,0.007912066891087453,0.0019448361247477051,0.005997971759524135,0.0019621507963117416,-0.001991968456887702,0.0,0.0,-0.003160732606818663,0.0,-0.0014555981242326019,0.007982966036865446,-0.004565902686643471,0.003959961162738411,-0.003531134530047796,0.0,-0.008701939738966085,0.0019360108927446427,0.007815314103762676,-0.0010708669708960367,-0.0062899444600037005,-0.003706546784451036,-0.005228609220627151,0.001961938440337238,0.003997333230008471,0.009862943779948658,0.003986718010264703,0.009784712379561423,0.0,0.0,agent37,1
-0.48231984812671136,-0.0019272097835592535,-0.0020269865157175153,-0.006394653607818598,-0.007524764743307244,-0.003025982056630837,-0.00338668935294917,-0.0025785370445724288,0.0038750104910272825,0.001999758646539574,-0.004927027429373142,-0.006358530668504856,0.0,-0.003940711127520192,-0.005321564679235507,0.003996887777284654,-0.0051606511653254595,0.0039999899706880905,0.0,-0.0031691269032883542,-0.01010967964023891,0.009400709860537771,-0.004975348511238808,0.005898349128213019,-0.005478336345559754,-0.002055487308667039,-0.001209070555112201,0.0019651520361638644,0.007978369659585486,0.005989316917838757,0.0055791916863676665,0.005976227324305252,-0.007390408220164018,1,-0.0031550903118180724,0.0059908558476265,-0.0020911991579017058,-0.0035876545853989563,-0.0053949060746571985,0.007305264540893213,0.0036603465665288755,-0.0033249592817017476,0.0019326482244335038,0.007908908308523737,0.0037425185046470457,0.0059761970341531976,-0.002561332492685182,-0.00821536913863991,0.005923557340570757,0.005999914200931185,0.00788667981206279,-0.006941124603620754,0.007904095544826361,0.0,-0.004828826760351964,0.001995688417563186,-0.0016892040038878507,0.007997318305412067,0.0,-0.0031730999821429216,0.005884407523539842,-0.006554982437968185,-0.005459206296780184,0.011990603568631358,-0.00365924596810394,-0.0028771646138025025,0.00980738114232751,0.007416143152612008,0.0,0.007812276431477081,-0.0010536009278155805,0.003971301531009405,0.007912066891087453,0.0019448361247477051,0.005997971759524135,0.0019621507963117416,-0.001991968456887702,0.0,0.0,-0.003160732606818663,0.0,-0.0014555981242326019,0.007982966036865446,-0.004565902686643471,0.003959961162738411,-0.003531134530047796,0.0,-0.008701939738966085,0.0019360108927446427,0.007815314103762676,-0.0010708669708960367,-0.0062899444600037005,-0.003706546784451036,-0.005228609220627151,0.001961938440337238,0.003997333230008471,0.009862943779948658,0.003986718010264703,0.009784712379561423,0.0,0.0,agent33,0.9591043897633282
-0.48332723853493154,-0.0019272097835592535,-0.0020269865157175153,-0.006394653607818598,-0.007524764743307244,-0.003025982056630837,-0.00338668935294917,-0.0025785370445724288,0.0038750104910272825,0.001999758646539574,-0.004927027429373142,-0.006358530668504856,0.0,-0.003940711127520192,-0.005321564679235507,0.003996887777284654,-0.0051606511653254595,0.0039999899706880905,0.0,-0.0031691269032883542,-0.01010967964023891,0.009400709860537771,-0.004975348511238808,0.005898349128213019,-0.005478336345559754,-0.002055487308667039,-0.001209070555112201,0.0019651520361638644,0.007978369659585486,0.005989316917838757,0.0055791916863676665,0.005976227324305252,-0.00874757969388935,1,-0.0031550903118180724,0.0059908558476265,-0.0020911991579017058,-0.0035876545853989563,-0.0053949060746571985,0.007305264540893213,0.0036603465665288755,-0.0033249592817017476,0.0019326482244335038,0.007908908308523737,0.0037425185046470457,0.0059761970341531976,-0.002561332492685182,-0.00821536913863991,0.005923557340570757,0.005999914200931185,0.00788667981206279,-0.006941124603620754,0.007904095544826361,0.0,-0.004828826760351964,0.001995688417563186,-0.0016892040038878507,0.007997318305412067,0.0,-0.0031730999821429216,0.005884407523539842,-0.006554982437968185,-0.005459206296780184,0.011990603568631358,-0.00365924596810394,-0.0028771646138025025,0.00980738114232751,0.007416143152612008,0.0,0.007812276431477081,-0.0010536009278155805,0.003971301531009405,0.007912066891087453,0.0019448361247477051,0.005997971759524135,0.0019621507963117416,-0.001991968456887702,0.0,0.0,-0.003160732606818663,0.0,-0.0014555981242326019,0.007982966036865446,-0.004565902686643471,0.003959961162738411,-0.003531134530047796,0.0,-0.008701939738966085,0.0019360108927446427,0.007815314103762676,-0.0010708669708960367,-0.0062899444600037005,-0.003706546784451036,-0.005228609220627151,0.001961938440337238,0.003997333230008471,0.009862943779948658,0.003986718010264703,0.009784712379561423,0.0,0.0,agent31,0.651548333166571
-0.48232723853493153,-0.0019272097835592535,-0.0020269865157175153,-0.006394653607818598,-0.007524764743307244,-0.003025982056630837,-0.00338668935294917,-0.0025785370445724288,0.0038750104910272825,0.001999758646539574,-0.004927027429373142,-0.006358530668504856,0.0,-0.003940711127520192,-0.005321564679235507,0.003996887777284654,-0.0051606511653254595,0.0039999899706880905,0.0,-0.0031691269032883542,-0.01010967964023891,0.009400709860537771,-0.004975348511238808,0.005898349128213019,-0.005478336345559754,-0.002055487308667039,-0.001209070555112201,0.0019651520361638644,0.007978369659585486,0.005989316917838757,0.0055791916863676665,0.005976227324305252,-0.00874757969388935,1,-0.0031550903118180724,0.0059908558476265,-0.0020911991579017058,-0.0035876545853989563,-0.0053949060746571985,0.007305264540893213,0.0036603465665288755,-0.0033249592817017476,0.0019326482244335038,0.007908908308523737,0.0037425185046470457,0.0059761970341531976,-0.002561332492685182,-0.00821536913863991,0.005923557340570757,0.005999914200931185,0.00788667981206279,-0.006941124603620754,0.007904095544826361,0.0,-0.004828826760351964,0.001995688417563186,-0.0016892040038878507,0.007997318305412067,0.0,-0.0031730999821429216,0.005884407523539842,-0.006554982437968185,-0.005459206296780184,0.011990603568631358,-0.00365924596810394,-0.0028771646138025025,0.00980738114232751,0.007416143152612008,0.0,0.007812276431477081,-0.0010536009278155805,0.003971301531009405,0.007912066891087453,0.0019448361247477051,0.005997971759524135,0.0019621507963117416,-0.001991968456887702,0.0,0.0,-0.003160732606818663,0.0,-0.0014555981242326019,0.007982966036865446,-0.004565902686643471,0.003959961162738411,-0.003531134530047796,0.0,-0.008701939738966085,0.0019360108927446427,0.007815314103762676,-0.0010708669708960367,-0.0062899444600037005,-0.003706546784451036,-0.005228609220627151,0.001961938440337238,0.003997333230008471,0.009862943779948658,0.003986718010264703,0.009784712379561423,-0.001428442154226855,0.0,agent98,0.5858386473528896
-0.4833332147622558,-0.0019272097835592535,-0.0020269865157175153,-0.006394653607818598,-0.007524764743307244,-0.003025982056630837,-0.00338668935294917,-0.0025785370445724288,0.0038750104910272825,0.001999758646539574,-0.004927027429373142,-0.006358530668504856,0.0,-0.003940711127520192,-0.005321564679235507,0.003996887777284654,-0.0051606511653254595,0.0039999899706880905,0.0,-0.0031691269032883542,-0.01010967964023891,0.009400709860537771,-0.004975348511238808,0.005898349128213019,-0.005478336345559754,-0.002055487308667039,-0.001209070555112201,0.0019651520361638644,0.007978369659585486,0.005989316917838757,0.0055791916863676665,0.007968472786970111,-0.00874757969388935,1,-0.0031550903118180724,0.0059908558476265,-0.0020911991579017058,-0.0035876545853989563,-0.0053949060746571985,0.007305264540893213,0.0036603465665288755,-0.0033249592817017476,0.0019326482244335038,0.007908908308523737,0.0037425185046470457,0.0059761970341531976,-0.002561332492685182,-0.00821536913863991,0.005923557340570757,0.005999914200931185,0.00788667981206279,-0.006941124603620754,0.007904095544826361,0.0,-0.004828826760351964,0.001995688417563186,-0.0016892040038878507,0.007997318305412067,0.0,-0.0031730999821429216,0.005884407523539842,-0.006554982437968185,-0.005459206296780184,0.011990603568631358,-0.00365924596810394,-0.0028771646138025025,0.00980738114232751,0.007416143152612008,0.0,0.007812276431477081,-0.0010536009278155805,0.003971301531009405,0.007912066891087453,0.0019448361247477051,0.005997971759524135,0.0019621507963117416,-0.001991968456887702,0.0,0.0,-0.003160732606818663,0.0,-0.0014555981242326019,0.007982966036865446,-0.004565902686643471,0.003959961162738411,-0.003531134530047796,0.0,-0.008701939738966085,0.0019360108927446427,0.007815314103762676,-0.0010708669708960367,-0.0062899444600037005,-0.003706546784451036,-0.005228609220627151,0.001961938440337238,0.003997333230008471,0.009862943779948658,0.003986718010264703,0.009784712379561423,-0.001428442154226855,0.0,agent30,-0.606862673934978
-0.48433721165003313,-0.0019272097835592535,-0.0020269865157175153,-0.006394653607818598,-0.007524764743307244,-0.003025982056630837,-0.00338668935294917,-0.0025785370445724288,0.0038750104910272825,0.001999758646539574,-0.004927027429373142,-0.006358530668504856,0.0,-0.003940711127520192,-0.005321564679235507,0.005995304125284883,-0.0051606511653254595,0.0039999899706880905,0.0,-0.0031691269032883542,-0.01010967964023891,0.009400709860537771,-0.004975348511238808,0.005898349128213019,-0.005478336345559754,-0.002055487308667039,-0.001209070555112201,0.0019651520361638644,0.007978369659585486,0.005989316917838757,0.0055791916863676665,0.007968472786970111,-0.00874757969388935,1,-0.0031550903118180724,0.0059908558476265,-0.0020911991579017058,-0.0035876545853989563,-0.0053949060746571985,0.007305264540893213,0.0036603465665288755,-0.0033249592817017476,0.0019326482244335038,0.007908908308523737,0.0037425185046470457,0.0059761970341531976,-0.002561332492685182,-0.00821536913863991,0.005923557340570757,0.005999914200931185,0.00788667981206279,-0.006941124603620754,0.007904095544826361,0.0,-0.004828826760351964,0.001995688417563186,-0.0016892040038878507,0.007997318305412067,0.0,-0.0031730999821429216,0.005884407523539842,-0.006554982437968185,-0.005459206296780184,0.011990603568631358,-0.00365924596810394,-0.0028771646138025025,0.00980738114232751,0.007416143152612008,0.0,0.007812276431477081,-0.0010536009278155805,0.003971301531009405,0.007912066891087453,0.0019448361247477051,0.005997971759524135,0.0019621507963117416,-0.001991968456887702,0.0,0.0,-0.003160732606818663,0.0,-0.0014555981242326019,0.007982966036865446,-0.004565902686643471,0.003959961162738411,-0.003531134530047796,0.0,-0.008701939738966085,0.0019360108927446427,0.007815314103762676,-0.0010708669708960367,-0.0062899444600037005,-0.003706546784451036,-0.005228609220627151,0.001961938440337238,0.003997333230008471,0.009862943779948658,0.003986718010264703,0.009784712379561423,-0.001428442154226855,0.0,agent14,-0.42705440880883805
-0.48534462779318577,-0.0019272097835592535,-0.0020269865157175153,-0.006394653607818598,-0.007524764743307244,-0.003025982056630837,-0.00338668935294917,-0.0025785370445724288,0.0038750104910272825,0.001999758646539574,-0.004927027429373142,-0.006358530668504856,0.0,-0.003940711127520192,-0.005321564679235507,0.005995304125284883,-0.0051606511653254595,0.0039999899706880905,0.0,-0.0031691269032883542,-0.01010967964023891,0.009400709860537771,-0.004975348511238808,0.005898349128213019,-0.005478336345559754,-0.002055487308667039,-0.001209070555112201,0.0019651520361638644,0.007978369659585486,0.005989316917838757,0.0055791916863676665,0.007968472786970111,-0.00874757969388935,1,-0.0031550903118180724,0.0059908558476265,-0.0020911991579017058,-0.0035876545853989563,-0.0053949060746571985,0.007305264540893213,0.0036603465665288755,-0.0033249592817017476,0.0019326482244335038,0.007908908308523737,0.0037425185046470457,0.0059761970341531976,-0.002561332492685182,-0.00821536913863991,0.005923557340570757,0.005999914200931185,0.00788667981206279,-0.006941124603620754,0.007904095544826361,0.0,-0.004828826760351964,0.001995688417563186,-0.0016892040038878507,0.007997318305412067,0.0,-0.0031730999821429216,0.005884407523539842,-0.006554982437968185,-0.005459206296780184,0.011990603568631358,-0.00365924596810394,-0.0028771646138025025,0.00980738114232751,0.009283189096967577,0.0,0.007812276431477081,-0.0010536009278155805,0.003971301531009405,0.007912066891087453,0.0019448361247477051,0.005997971759524135,0.0019621507963117416,-0.001991968456887702,0.0,0.0,-0.003160732606818663,0.0,-0.0014555981242326019,0.007982966036865446,-0.004565902686643471,0.003959961162738411,-0.003531134530047796,0.0,-0.008701939738966085,0.0019360108927446427,0.007815314103762676,-0.0010708669708960367,-0.0062899444600037005,-0.003706546784451036,-0.005228609220627151,0.001961938440337238,0.003997333230008471,0.009862943779948658,0.003986718010264703,0.009784712379561423,-0.001428442154226855,0.0,agent66,-1
-0.4863525962659727,-0.0019272097835592535,-0.0020269865157175153,-0.006394653607818598,-0.007524764743307244,-0.003025982056630837,-0.00338668935294917,-0.0025785370445724288,0.0038750104910272825,0.001999758646539574,-0.004927027429373142,-0.006358530668504856,0.0,-0.003940711127520192,-0.005321564679235507,0.005995304125284883,-0.0051606511653254595,0.0039999899706880905,0.0,-0.0031691269032883542,-0.01010967964023891,0.009400709860537771,-0.004975348511238808,0.005898349128213019,-0.005478336345559754,-0.002055487308667039,-0.001209070555112201,0.0019651520361638644,0.007978369659585486,0.005989316917838757,0.0055791916863676665,0.009960842997301168,-0.00874757969388935,1,-0.0031550903118180724,0.0059908558476265,-0.0020911991579017058,-0.0035876545853989563,-0.0053949060746571985,0.007305264540893213,0.0036603465665288755,-0.0033249592817017476,0.0019326482244335038,0.007908908308523737,0.0037425185046470457,0.0059761970341531976,-0.002561332492685182,-0.00821536913863991,0.005923557340570757,0.005999914200931185,0.00788667981206279,-0.006941124603620754,0.007904095544826361,0.0,-0.004828826760351964,0.001995688417563186,-0.0016892040038878507,0.007997318305412067,0.0,-0.0031730999821429216,0.005884407523539842,-0.006554982437968185,-0.005459206296780184,0.011990603568631358,-0.00365924596810394,-0.0028771646138025025,0.00980738114232751,0.009283189096967577,0.0,0.007812276431477081,-0.0010536009278155805,0.003971301531009405,0.007912066891087453,0.0019448361247477051,0.005997971759524135,0.0019621507963117416,-0.001991968456887702,0.0,0.0,-0.003160732606818663,0.0,-0.0014555981242326019,0.007982966036865446,-0.004565902686643471,0.003959961162738411,-0.003531134530047796,0.0,-0.008701939738966085,0.0019360108927446427,0.007815314103762676,-0.0010708669708960367,-0.0062899444600037005,-0.003706546784451036,-0.005228609220627151,0.001961938440337238,0.003997333230008471,0.009862943779948658,0.003986718010264703,0.009784712379561423,-0.001428442154226855,0.0,agent30,-0.6088742976619506
-0.48736059358427813,-0.0019272097835592535,-0.0020269865157175153,-0.006394653607818598,-0.007524764743307244,-0.003025982056630837,-0.00338668935294917,-0.0025785370445724288,0.0038750104910272825,0.001999758646539574,-0.004927027429373142,-0.006358530668504856,0.0,-0.003940711127520192,-0.005321564679235507,0.005995304125284883,-0.0051606511653254595,0.0039999899706880905,0.0,-0.0031691269032883542,-0.01010967964023891,0.009400709860537771,-0.004975348511238808,0.005898349128213019,-0.005478336345559754,-0.002055487308667039,-0.001209070555112201,0.0019651520361638644,0.007978369659585486,0.005989316917838757,0.0055791916863676665,0.009960842997301168,-0.00874757969388935,1,-0.0031550903118180724,0.0059908558476265,-0.0020911991579017058,-0.0035876545853989563,-0.0053949060746571985,0.007305264540893213,0.0036603465665288755,-0.0033249592817017476,0.0019326482244335038,0.007908908308523737,0.0037425185046470457,0.0059761970341531976,-0.002561332492685182,-0.00821536913863991,0.005923557340570757,0.005999914200931185,0.00788667981206279,-0.006941124603620754,0.007904095544826361,0.0,-0.004828826760351964,0.001995688417563186,-0.0016892040038878507,0.009996582776705384,0.0,-0.0031730999821429216,0.005884407523539842,-0.006554982437968185,-0.005459206296780184,0.011990603568631358,-0.00365924596810394,-0.0028771646138025025,0.00980738114232751,0.009283189096967577,0.0,0.007812276431477081,-0.0010536009278155805,0.003971301531009405,0.007912066891087453,0.0019448361247477051,0.005997971759524135,0.0019621507963117416,-0.001991968456887702,0.0,0.0,-0.003160732606818663,0.0,-0.0014555981242326019,0.007982966036865446,-0.004565902686643471,0.003959961162738411,-0.003531134530047796,0.0,-0.008701939738966085,0.0019360108927446427,0.007815314103762676,-0.0010708669708960367,-0.0062899444600037005,-0.003706546784451036,-0.005228609220627151,0.001961938440337238,0.003997333230008471,0.009862943779948658,0.003986718010264703,0.009784712379561423,-0.001428442154226855,0.0,agent56,-0.4479982299778271
-0.4883625557350744,-0.0019272097835592535,-0.0020269865157175153,-0.006394653607818598,-0.007524764743307244,-0.003025982056630837,-0.00338668935294917,-0.0025785370445724288,0.0038750104910272825,0.001999758646539574,-0.004927027429373142,-0.006358530668504856,0.0,-0.003940711127520192,-0.005321564679235507,0.005995304125284883,-0.0051606511653254595,0.0039999899706880905,0.0,-0.0031691269032883542,-0.01010967964023891,0.009400709860537771,-0.004975348511238808,0.005898349128213019,-0.005478336345559754,-0.002055487308667039,-0.001209070555112201,0.0019651520361638644,0.007978369659585486,0.005989316917838757,0.0055791916863676665,0.009960842997301168,-0.00874757969388935,1,-0.0031550903118180724,0.0059908558476265,-0.0020911991579017058,-0.0035876545853989563,-0.0053949060746571985,0.007305264540893213,0.0036603465665288755,-0.0033249592817017476,0.0019326482244335038,0.007908908308523737,0.0037425185046470457,0.0059761970341531976,-0.002561332492685182,-0.00821536913863991,0.005923557340570757,0.005999914200931185,0.00788667981206279,-0.006941124603620754,0.007904095544826361,0.0,-0.004828826760351964,0.001995688417563186,-0.0016892040038878507,0.009996582776705384,0.0,-0.0031730999821429216,0.005884407523539842,-0.006554982437968185,-0.005459206296780184,0.011990603568631358,-0.00365924596810394,-0.0028771646138025025,0.00980738114232751,0.009283189096967577,0.0,0.007812276431477081,-0.0010536009278155805,0.003971301531009405,0.007912066891087453,0.0019448361247477051,0.005997971759524135,0.003924039497819173,-0.001991968456887702,0.0,0.0,-0.003160732606818663,0.0,-0.0014555981242326019,0.007982966036865446,-0.004565902686643471,0.003959961162738411,-0.003531134530047796,0.0,-0.008701939738966085,0.0019360108927446427,0.007815314103762676,-0.0010708669708960367,-0.0062899444600037005,-0.003706546784451036,-0.005228609220627151,0.001961938440337238,0.003997333230008471,0.009862943779948658,0.003986718010264703,0.009784712379561423,-0.001428442154226855,0.0,agent74,-0.763444995507199
-0.48936643074556546,-0.0019272097835592535,-0.0020269865157175153,-0.006394653607818598,-0.007524764743307244,-0.003025982056630837,-0.00338668935294917,-0.0025785370445724288,0.005812713029474224,0.001999758646539574,-0.004927027429373142,-0.006358530668504856,0.0,-0.003940711127520192,-0.005321564679235507,0.005995304125284883,-0.0051606511653254595,0.0039999899706880905,0.0,-0.0031691269032883542,-0.01010967964023891,0.009400709860537771,-0.004975348511238808,0.005898349128213019,-0.005478336345559754,-0.002055487308667039,-0.001209070555112201,0.0019651520361638644,0.007978369659585486,0.005989316917838757,0.0055791916863676665,0.009960842997301168,-0.00874757969388935,1,-0.0031550903118180724,0.0059908558476265,-0.0020911991579017058,-0.0035876545853989563,-0.0053949060746571985,0.007305264540893213,0.0036603465665288755,-0.0033249592817017476,0.0019326482244335038,0.007908908308523737,0.0037425185046470457,0.0059761970341531976,-0.002561332492685182,-0.00821536913863991,0.005923557340570757,0.005999914200931185,0.00788667981206279,-0.006941124603620754,0.007904095544826361,0.0,-0.004828826760351964,0.001995688417563186,-0.0016892040038878507,0.009996582776705384,0.0,-0.0031730999821429216,0.005884407523539842,-0.006554982437968185,-0.005459206296780184,0.011990603568631358,-0.00365924596810394,-0.0028771646138025025,0.00980738114232751,0.009283189096967577,0.0,0.007812276431477081,-0.0010536009278155805,0.003971301531009405,0.007912066891087453,0.0019448361247477051,0.005997971759524135,0.003924039497819173,-0.001991968456887702,0.0,0.0,-0.003160732606818663,0.0,-0.0014555981242326019,0.007982966036865446,-0.004565902686643471,0.003959961162738411,-0.003531134530047796,0.0,-0.008701939738966085,0.0019360108927446427,0.007815314103762676,-0.0010708669708960367,-0.0062899444600037005,-0.003706546784451036,-0.005228609220627151,0.001961938440337238,0.003997333230008471,0.009862943779948658,0.003986718010264703,0.009784712379561423,-0.001428442154226855,0.0,agent7,-0.8413426162287472
-0.4903746461147041,-0.0019272097835592535,-0.0020269865157175153,-0.006394653607818598,-0.007524764743307244,-0.003025982056630837,-0.00338668935294917,-0.0025785370445724288,0.005812713029474224,0.001999758646539574,-0.004927027429373142,-0.006358530668504856,0.0,-0.003940711127520192,-0.005321564679235507,0.005995304125284883,-0.0051606511653254595,0.0039999899706880905,0.0,-0.0031691269032883542,-0.01010967964023891,0.009400709860537771,-0.004975348511238808,0.005898349128213019,-0.005478336345559754,-0.002055487308667039,-0.001209070555112201,0.0019651520361638644,0.007978369659585486,0.005989316917838757,0.0055791916863676665,0.009960842997301168,-0.00874757969388935,1,-0.0031550903118180724,0.0059908558476265,-0.0020911991579017058,-0.0035876545853989563,-0.0053949060746571985,0.007305264540893213,0.0036603465665288755,-0.0033249592817017476,0.0019326482244335038,0.007908908308523737,0.0037425185046470457,0.0059761970341531976,-0.002561332492685182,-0.009724638995224362,0.005923557340570757,0.005999914200931185,0.00788667981206279,-0.006941124603620754,0.007904095544826361,0.0,-0.004828826760351964,0.001995688417563186,-0.0016892040038878507,0.009996582776705384,0.0,-0.0031730999821429216,0.005884407523539842,-0.006554982437968185,-0.005459206296780184,0.011990603568631358,-0.00365924596810394,-0.0028771646138025025,0.00980738114232751,0.009283189096967577,0.0,0.007812276431477081,-0.0010536009278155805,0.003971301531009405,0.007912066891087453,0.0019448361247477051,0.005997971759524135,0.003924039497819173,-0.001991968456887702,0.0,0.0,-0.003160732606818663,0.0,-0.0014555981242326019,0.007982966036865446,-0.004565902686643471,0.003959961162738411,-0.003531134530047796,0.0,-0.008701939738966085,0.0019360108927446427,0.007815314103762676,-0.0010708669708960367,-0.0062899444600037005,-0.003706546784451036,-0.005228609220627151,0.001961938440337238,0.003997333230008471,0.009862943779948658,0.003986718010264703,0.009784712379561423,-0.001428442154226855,0.0,agent46,0.5013203445931879
-0.4913810407683119,-0.0019272097835592535,-0.0020269865157175153,-0.007759748265351959,-0.007524764743307244,-0.003025982056630837,-0.00338668935294917,-0.0025785370445724288,0.005812713029474224,0.001999758646539574,-0.004927027429373142,-0.006358530668504856,0.0,-0.003940711127520192,-0.005321564679235507,0.005995304125284883,-0.0051606511653254595,0.0039999899706880905,0.0,-0.0031691269032883542,-0.01010967964023891,0.009400709860537771,-0.004975348511238808,0.005898349128213019,-0.005478336345559754,-0.002055487308667039,-0.001209070555112201,0.0019651520361638644,0.007978369659585486,0.005989316917838757,0.0055791916863676665,0.009960842997301168,-0.00874757969388935,1,-0.0031550903118180724,0.0059908558476265,-0.0020911991579017058,-0.0035876545853989563,-0.0053949060746571985,0.007305264540893213,0.0036603465665288755,-0.0033249592817017476,0.0019326482244335038,0.007908908308523737,0.0037425185046470457,0.0059761970341531976,-0.002561332492685182,-0.009724638995224362,0.005923557340570757,0.005999914200931185,0.00788667981206279,-0.006941124603620754,0.007904095544826361,0.0,-0.004828826760351964,0.001995688417563186,-0.0016892040038878507,0.009996582776705384,0.0,-0.0031730999821429216,0.005884407523539842,-0.006554982437968185,-0.005459206296780184,0.011990603568631358,-0.00365924596810394,-0.0028771646138025025,0.00980738114232751,0.009283189096967577,0.0,0.007812276431477081,-0.0010536009278155805,0.003971301531009405,0.007912066891087453,0.0019448361247477051,0.005997971759524135,0.003924039497819173,-0.001991968456887702,0.0,0.0,-0.003160732606818663,0.0,-0.0014555981242326019,0.007982966036865446,-0.004565902686643471,0.003959961162738411,-0.003531134530047796,0.0,-0.008701939738966085,0.0019360108927446427,0.007815314103762676,-0.0010708669708960367,-0.0062899444600037005,-0.003706546784451036,-0.005228609220627151,0.001961938440337238,0.003997333230008471,0.009862943779948658,0.003986718010264703,0.009784712379561423,-0.001428442154226855,0.0,agent2,0.6364841227349144
-0.4923866199599983,-0.0019272097835592535,-0.0020269865157175153,-0.007759748265351959,-0.007524764743307244,-0.003025982056630837,-0.00338668935294917,-0.0025785370445724288,0.005812713029474224,0.001999758646539574,-0.004927027429373142,-0.006358530668504856,0.0,-0.003940711127520192,-0.005321564679235507,0.005995304125284883,-0.0051606511653254595,0.0039999899706880905,0.0,-0.0031691269032883542,-0.01010967964023891,0.009400709860537771,-0.004975348511238808,0.005898349128213019,-0.005478336345559754,-0.002055487308667039,-0.001209070555112201,0.0019651520361638644,0.007978369659585486,0.005989316917838757,0.007449845063522704,0.009960842997301168,-0.00874757969388935,1,-0.0031550903118180724,0.0059908558476265,-0.0020911991579017058,-0.0035876545853989563,-0.0053949060746571985,0.007305264540893213,0.0036603465665288755,-0.0033249592817017476,0.0019326482244335038,0.007908908308523737,0.0037425185046470457,0.0059761970341531976,-0.002561332492685182,-0.009724638995224362,0.005923557340570757,0.005999914200931185,0.00788667981206279,-0.006941124603620754,0.007904095544826361,0.0,-0.004828826760351964,0.001995688417563186,-0.0016892040038878507,0.009996582776705384,0.0,-0.0031730999821429216,0.005884407523539842,-0.006554982437968185,-0.005459206296780184,0.011990603568631358,-0.00365924596810394,-0.0028771646138025025,0.00980738114232751,0.009283189096967577,0.0,0.007812276431477081,-0.0010536009278155805,0.003971301531009405,0.007912066891087453,0.0019448361247477051,0.005997971759524135,0.003924039497819173,-0.001991968456887702,0.0,0.0,-0.003160732606818663,0.0,-0.0014555981242326019,0.007982966036865446,-0.004565902686643471,0.003959961162738411,-0.003531134530047796,0.0,-0.008701939738966085,0.0019360108927446427,0.007815314103762676,-0.0010708669708960367,-0.0062899444600037005,-0.003706546784451036,-0.005228609220627151,0.001961938440337238,0.003997333230008471,0.009862943779948658,0.003986718010264703,0.009784712379561423,-0.001428442154226855,0.0,agent29,-1
-0.4933945240555431,-0.0019272097835592535,-0.0020269865157175153,-0.007759748265351959,-0.007524764743307244,-0.003025982056630837,-0.00338668935294917,-0.0025785370445724288,0.005812713029474224,0.001999758646539574,-0.004927027429373142,-0.006358530668504856,0.0,-0.003940711127520192,-0.005321564679235507,0.005995304125284883,-0.0051606511653254595,0.0039999899706880905,0.0,-0.0031691269032883542,-0.01010967964023891,0.009400709860537771,-0.004975348511238808,0.005898349128213019,-0.005478336345559754,-0.002055487308667039,-0.001209070555112201,0.0019651520361638644,0.007978369659585486,0.005989316917838757,0.007449845063522704,0.009960842997301168,-0.00874757969388935,1,-0.0031550903118180724,0.0059908558476265,-0.0020911991579017058,-0.0035876545853989563,-0.0053949060746571985,0.007305264540893213,0.0036603465665288755,-0.0033249592817017476,0.0019326482244335038,0.007908908308523737,0.0037425185046470457,0.0059761970341531976,-0.002561332492685182,-0.009724638995224362,0.005923557340570757,0.005999914200931185,0.00788667981206279,-0.006941124603620754,0.009879681700248154,0.0,-0.004828826760351964,0.001995688417563186,-0.0016892040038878507,0.009996582776705384,0.0,-0.0031730999821429216,0.005884407523539842,-0.006554982437968185,-0.005459206296780184,0.011990603568631358,-0.00365924596810394,-0.0028771646138025025,0.00980738114232751,0.009283189096967577,0.0,0.007812276431477081,-0.0010536009278155805,0.003971301531009405,0.007912066891087453,0.0019448361247477051,0.005997971759524135,0.003924039497819173,-0.001991968456887702,0.0,0.0,-0.003160732606818663,0.0,-0.0014555981242326019,0.007982966036865446,-0.004565902686643471,0.003959961162738411,-0.003531134530047796,0.0,-0.008701939738966085,0.0019360108927446427,0.007815314103762676,-0.0010708669708960367,-0.0062899444600037005,-0.003706546784451036,-0.005228609220627151,0.001961938440337238,0.003997333230008471,0.009862943779948658,0.003986718010264703,0.009784712379561423,-0.001428442154226855,0.0,agent51,-0.27141673704285785
-0.49440433143668544,-0.0019272097835592535,-0.0020269865157175153,-0.007759748265351959,-0.007524764743307244,-0.003025982056630837,-0.00338668935294917,-0.0025785370445724288,0.005812713029474224,0.001999758646539574,-0.004927027429373142,-0.006358530668504856,0.0,-0.003940711127520192,-0.005321564679235507,0.005995304125284883,-0.0051606511653254595,0.0039999899706880905,0.0,-0.0031691269032883542,-0.01010967964023891,0.009400709860537771,-0.004975348511238808,0.005898349128213019,-0.005478336345559754,-0.002055487308667039,-0.001209070555112201,0.0019651520361638644,0.007978369659585486,0.005989316917838757,0.007449845063522704,0.009960842997301168,-0.00874757969388935,1,-0.0031550903118180724,0.0059908558476265,-0.0020911991579017058,-0.0035876545853989563,-0.0053949060746571985,0.007305264540893213,0.0036603465665288755,-0.0033249592817017476,0.0019326482244335038,0.007908908308523737,0.0037425185046470457,0.0059761970341531976,-0.002561332492685182,-0.009724638995224362,0.005923557340570757,0.005999914200931185,0.00788667981206279,-0.006941124603620754,0.009879681700248154,0.0,-0.004828826760351964,0.001995688417563186,-0.0016892040038878507,0.009996582776705384,0.0,-0.0031730999821429216,0.005884407523539842,-0.006554982437968185,-0.005459206296780184,0.011990603568631358,-0.00365924596810394,-0.0028771646138025025,0.011769485908493,0.009283189096967577,0.0,0.007812276431477081,-0.0010536009278155805,0.003971301531009405,0.007912066891087453,0.0019448361247477051,0.005997971759524135,0.003924039497819173,-0.001991968456887702,0.0,0.0,-0.003160732606818663,0.0,-0.0014555981242326019,0.007982966036865446,-0.004565902686643471,0.003959961162738411,-0.003531134530047796,0.0,-0.008701939738966085,0.0019360108927446427,0.007815314103762676,-0.0010708669708960367,-0.0062899444600037005,-0.003706546784451036,-0.005228609220627151,0.001961938440337238,0.003997333230008471,0.009862943779948658,0.003986718010264703,0.009784712379561423,-0.001428442154226855,0.0,agent65,-0.7686952099773597
-0.49540602064068934,-0.0019272097835592535,-0.0020269865157175153,-0.007759748265351959,-0.007524764743307244,-0.003025982056630837,-0.00338668935294917,-0.0025785370445724288,0.005812713029474224,0.001999758646539574,-0.004927027429373142,-0.006358530668504856,0.0,-0.003940711127520192,-0.005321564679235507,0.005995304125284883,-0.0051606511653254595,0.0039999899706880905,0.0,-0.0031691269032883542,-0.01010967964023891,0.009400709860537771,-0.004975348511238808,0.005898349128213019,-0.005478336345559754,-0.002055487308667039,-0.001209070555112201,0.0019651520361638644,0.007978369659585486,0.005989316917838757,0.007449845063522704,0.009960842997301168,-0.00874757969388935,1,-0.0031550903118180724,0.0059908558476265,-0.0020911991579017058,-0.0035876545853989563,-0.0053949060746571985,0.007305264540893213,0.0036603465665288755,-0.0033249592817017476,0.0019326482244335038,0.007908908308523737,0.0037425185046470457,0.0059761970341531976,-0.002561332492685182,-0.009724638995224362,0.005923557340570757,0.005999914200931185,0.00788667981206279,-0.006941124603620754,0.009879681700248154,0.0,-0.004828826760351964,0.001995688417563186,-0.0030132050838169227,0.009996582776705384,0.0,-0.0031730999821429216,0.005884407523539842,-0.006554982437968185,-0.005459206296780184,0.011990603568631358,-0.00365924596810394,-0.0028771646138025025,0.011769485908493,0.009283189096967577,0.0,0.007812276431477081,-0.0010536009278155805,0.003971301531009405,0.007912066891087453,0.0019448361247477051,0.005997971759524135,0.003924039497819173,-0.001991968456887702,0.0,0.0,-0.003160732606818663,0.0,-0.0014555981242326019,0.007982966036865446,-0.004565902686643471,0.003959961162738411,-0.003531134530047796,0.0,-0.008701939738966085,0.0019360108927446427,0.007815314103762676,-0.0010708669708960367,-0.0062899444600037005,-0.003706546784451036,-0.005228609220627151,0.001961938440337238,0.003997333230008471,0.009862943779948658,0.003986718010264703,0.009784712379561423,-0.001428442154226855,0.0,agent55,0.6683500880955976
-0.4964074762388136,-0.0019272097835592535,-0.0020269865157175153,-0.007759748265351959,-0.007524764743307244,-0.003025982056630837,-0.00338668935294917,-0.0025785370445724288,0.005812713029474224,0.001999758646539574,-0.004927027429373142,-0.006358530668504856,0.0,-0.003940711127520192,-0.005321564679235507,0.005995304125284883,-0.0051606511653254595,0.0039999899706880905,0.0,-0.0031691269032883542,-0.01010967964023891,0.009400709860537771,-0.004975348511238808,0.005898349128213019,-0.005478336345559754,-0.002055487308667039,-0.001209070555112201,0.0019651520361638644,0.007978369659585486,0.005989316917838757,0.007449845063522704,0.009960842997301168,-0.00874757969388935,1,-0.0031550903118180724,0.0059908558476265,-0.0020911991579017058,-0.0035876545853989563,-0.0053949060746571985,0.007305264540893213,0.0036603465665288755,-0.0033249592817017476,0.0019326482244335038,0.007908908308523737,0.0037425185046470457,0.0059761970341531976,-0.002561332492685182,-0.009724638995224362,0.005923557340570757,0.005999914200931185,0.00788667981206279,-0.006941124603620754,0.009879681700248154,0.0,-0.004828826760351964,0.001995688417563186,-0.0030132050838169227,0.009996582776705384,0.0,-0.0031730999821429216,0.005884407523539842,-0.006554982437968185,-0.005459206296780184,0.011990603568631358,-0.00365924596810394,-0.0028771646138025025,0.011769485908493,0.009283189096967577,0.0,0.007812276431477081,-0.0010536009278155805,0.003971301531009405,0.007912066891087453,0.0019448361247477051,0.005997971759524135,0.003924039497819173,-0.001991968456887702,0.0,0.0,-0.003160732606818663,0.0,-0.00244775319155924,0.007982966036865446,-0.004565902686643471,0.003959961162738411,-0.003531134530047796,0.0,-0.008701939738966085,0.0019360108927446427,0.007815314103762676,-0.0010708669708960367,-0.0062899444600037005,-0.003706546784451036,-0.005228609220627151,0.001961938440337238,0.003997333230008471,0.009862943779948658,0.003986718010264703,0.009784712379561423,-0.001428442154226855,0.0,agent80,0.9243439099269174
-0.4974106369714204,-0.0019272097835592535,-0.0020269865157175153,-0.007759748265351959,-0.007524764743307244,-0.003025982056630837,-0.00338668935294917,-0.0025785370445724288,0.005812713029474224,0.001999758646539574,-0.004927027429373142,-0.006358530668504856,0.0,-0.003940711127520192,-0.005321564679235507,0.005995304125284883,-0.0051606511653254595,0.0039999899706880905,0.0,-0.0031691269032883542,-0.01010967964023891,0.009400709860537771,-0.004975348511238808,0.005898349128213019,-0.005478336345559754,-0.002055487308667039,-0.001209070555112201,0.0019651520361638644,0.007978369659585486,0.005989316917838757,0.007449845063522704,0.009960842997301168,-0.00874757969388935,1,-0.0031550903118180724,0.0059908558476265,-0.0020911991579017058,-0.0035876545853989563,-0.0053949060746571985,0.007305264540893213,0.0036603465665288755,-0.0033249592817017476,0.0019326482244335038,0.007908908308523737,0.0037425185046470457,0.0059761970341531976,-0.002561332492685182,-0.009724638995224362,0.005923557340570757,0.005999914200931185,0.00788667981206279,-0.006941124603620754,0.009879681700248154,0.0,-0.004828826760351964,0.001995688417563186,-0.0030132050838169227,0.009996582776705384,0.0,-0.0031730999821429216,0.005884407523539842,-0.006554982437968185,-0.005459206296780184,0.011990603568631358,-0.00365924596810394,-0.0028771646138025025,0.011769485908493,0.009283189096967577,0.0,0.007812276431477081,-0.0010536009278155805,0.003971301531009405,0.007912066891087453,0.0019448361247477051,0.005997971759524135,0.003924039497819173,-0.001991968456887702,0.0,0.0,-0.004041114939346955,0.0,-0.00244775319155924,0.007982966036865446,-0.004565902686643471,0.003959961162738411,-0.003531134530047796,0.0,-0.008701939738966085,0.0019360108927446427,0.007815314103762676,-0.0010708669708960367,-0.0062899444600037005,-0.003706546784451036,-0.005228609220627151,0.001961938440337238,0.003997333230008471,0.009862943779948658,0.003986718010264703,0.009784712379561423,-0.001428442154226855,0.0,agent78,1
-0.49841662628833827,-0.0019272097835592535,-0.0020269865157175153,-0.007759748265351959,-0.007524764743307244,-0.003025982056630837,-0.00338668935294917,-0.0025785370445724288,0.005812713029474224,0.001999758646539574,-0.004927027429373142,-0.006358530668504856,0.0,-0.003940711127520192,-0.005321564679235507,0.005995304125284883,-0.0051606511653254595,0.0039999899706880905,0.0,-0.0031691269032883542,-0.01010967964023891,0.009400709860537771,-0.004975348511238808,0.005898349128213019,-0.005478336345559754,-0.002055487308667039,-0.001209070555112201,0.0019651520361638644,0.007978369659585486,0.00798567164521394,0.007449845063522704,0.009960842997301168,-0.00874757969388935,1,-0.0031550903118180724,0.0059908558476265,-0.0020911991579017058,-0.0035876545853989563,-0.0053949060746571985,0.007305264540893213,0.0036603465665288755,-0.0033249592817017476,0.0019326482244335038,0.007908908308523737,0.0037425185046470457,0.0059761970341531976,-0.002561332492685182,-0.009724638995224362,0.005923557340570757,0.005999914200931185,0.00788667981206279,-0.006941124603620754,0.009879681700248154,0.0,-0.004828826760351964,0.001995688417563186,-0.0030132050838169227,0.009996582776705384,0.0,-0.0031730999821429216,0.005884407523539842,-0.006554982437968185,-0.005459206296780184,0.011990603568631358,-0.00365924596810394,-0.0028771646138025025,0.011769485908493,0.009283189096967577,0.0,0.007812276431477081,-0.0010536009278155805,0.003971301531009405,0.007912066891087453,0.0019448361247477051,0.005997971759524135,0.003924039497819173,-0.001991968456887702,0.0,0.0,-0.004041114939346955,0.0,-0.00244775319155924,0.007982966036865446,-0.004565902686643471,0.003959961162738411,-0.003531134530047796,0.0,-0.008701939738966085,0.0019360108927446427,0.007815314103762676,-0.0010708669708960367,-0.0062899444600037005,-0.003706546784451036,-0.005228609220627151,0.001961938440337238,0.003997333230008471,0.009862943779948658,0.003986718010264703,0.009784712379561423,-0.001428442154226855,0.0,agent28,-0.41202594718668795
-0.49942861689190693,-0.0019272097835592535,-0.0020269865157175153,-0.007759748265351959,-0.007524764743307244,-0.003025982056630837,-0.00338668935294917,-0.0025785370445724288,0.005812713029474224,0.001999758646539574,-0.004927027429373142,-0.006358530668504856,0.0,-0.003940711127520192,-0.005321564679235507,0.005995304125284883,-0.0051606511653254595,0.0039999899706880905,0.0,-0.0031691269032883542,-0.01010967964023891,0.009400709860537771,-0.004975348511238808,0.005898349128213019,-0.005478336345559754,-0.002055487308667039,-0.001209070555112201,0.0019651520361638644,0.007978369659585486,0.00798567164521394,0.007449845063522704,0.009960842997301168,-0.00874757969388935,1,-0.0031550903118180724,0.0059908558476265,-0.0020911991579017058,-0.0035876545853989563,-0.0053949060746571985,0.007305264540893213,0.0036603465665288755,-0.0033249592817017476,0.0019326482244335038,0.007908908308523737,0.0037425185046470457,0.0059761970341531976,-0.002561332492685182,-0.009724638995224362,0.005923557340570757,0.005999914200931185,0.00788667981206279,-0.006941124603620754,0.009879681700248154,0.0,-0.004828826760351964,0.001995688417563186,-0.0030132050838169227,0.009996582776705384,0.0,-0.0031730999821429216,0.005884407523539842,-0.006554982437968185,-0.005459206296780184,0.013988855272715543,-0.00365924596810394,-0.0028771646138025025,0.011769485908493,0.009283189096967577,0.0,0.007812276431477081,-0.0010536009278155805,0.003971301531009405,0.007912066891087453,0.0019448361247477051,0.005997971759524135,0.003924039497819173,-0.001991968456887702,0.0,0.0,-0.004041114939346955,0.0,-0.00244775319155924,0.007982966036865446,-0.004565902686643471,0.003959961162738411,-0.003531134530047796,0.0,-0.008701939738966085,0.0019360108927446427,0.007815314103762676,-0.0010708669708960367,-0.0062899444600037005,-0.003706546784451036,-0.005228609220627151,0.001961938440337238,0.003997333230008471,0.009862943779948658,0.003986718010264703,0.009784712379561423,-0.001428442154226855,0.0,agent62,-0.4392846397528527
-0.5004345404492475,-0.0019272097835592535,-0.0020269865157175153,-0.007759748265351959,-0.007524764743307244,-0.003025982056630837,-0.00338668935294917,-0.0025785370445724288,0.005812713029474224,0.001999758646539574,-0.004927027429373142,-0.006358530668504856,0.0,-0.003940711127520192,-0.005321564679235507,0.005995304125284883,-0.0051606511653254595,0.0039999899706880905,0.0,-0.0031691269032883542,-0.01010967964023891,0.009400709860537771,-0.004975348511238808,0.005898349128213019,-0.005478336345559754,-0.002055487308667039,-0.001209070555112201,0.0019651520361638644,0.007978369659585486,0.00798567164521394,0.007449845063522704,0.009960842997301168,-0.00874757969388935,1,-0.0031550903118180724,0.0059908558476265,-0.0020911991579017058,-0.0035876545853989563,-0.0053949060746571985,0.007305264540893213,0.0036603465665288755,-0.0033249592817017476,0.0019326482244335038,0.007908908308523737,0.0037425185046470457,0.0059761970341531976,-0.002561332492685182,-0.009724638995224362,0.0078977811797224,0.005999914200931185,0.00788667981206279,-0.006941124603620754,0.009879681700248154,0.0,-0.004828826760351964,0.001995688417563186,-0.0030132050838169227,0.009996582776705384,0.0,-0.0031730999821429216,0.005884407523539842,-0.006554982437968185,-0.005459206296780184,0.013988855272715543,-0.00365924596810394,-0.0028771646138025025,0.011769485908493,0.009283189096967577,0.0,0.007812276431477081,-0.0010536009278155805,0.003971301531009405,0.007912066891087453,0.0019448361247477051,0.005997971759524135,0.003924039497819173,-0.001991968456887702,0.0,0.0,-0.004041114939346955,0.0,-0.00244775319155924,0.007982966036865446,-0.004565902686643471,0.003959961162738411,-0.003531134530047796,0.0,-0.008701939738966085,0.0019360108927446427,0.007815314103762676,-0.0010708669708960367,-0.0062899444600037005,-0.003706546784451036,-0.005228609220627151,0.001961938440337238,0.003997333230008471,0.009862943779948658,0.003986718010264703,0.009784712379561423,-0.001428442154226855,0.0,agent47,-0.27237725332693213
-0.5014408989799161,-0.0019272097835592535,-0.0020269865157175153,-0.007759748265351959,-0.007524764743307244,-0.003025982056630837,-0.00338668935294917,-0.0025785370445724288,0.005812713029474224,0.001999758646539574,-0.004927027429373142,-0.007376205618097277,0.0,-0.003940711127520192,-0.005321564679235507,0.005995304125284883,-0.0051606511653254595,0.0039999899706880905,0.0,-0.0031691269032883542,-0.01010967964023891,0.009400709860537771,-0.004975348511238808,0.005898349128213019,-0.005478336345559754,-0.002055487308667039,-0.001209070555112201,0.0019651520361638644,0.007978369659585486,0.00798567164521394,0.007449845063522704,0.009960842997301168,-0.00874757969388935,1,-0.0031550903118180724,0.0059908558476265,-0.0020911991579017058,-0.0035876545853989563,-0.0053949060746571985,0.007305264540893213,0.0036603465665288755,-0.0033249592817017476,0.0019326482244335038,0.007908908308523737,0.0037425185046470457,0.0059761970341531976,-0.002561332492685182,-0.009724638995224362,0.0078977811797224,0.005999914200931185,0.00788667981206279,-0.006941124603620754,0.009879681700248154,0.0,-0.004828826760351964,0.001995688417563186,-0.0030132050838169227,0.009996582776705384,0.0,-0.0031730999821429216,0.005884407523539842,-0.006554982437968185,-0.005459206296780184,0.013988855272715543,-0.00365924596810394,-0.0028771646138025025,0.011769485908493,0.009283189096967577,0.0,0.007812276431477081,-0.0010536009278155805,0.003971301531009405,0.007912066891087453,0.0019448361247477051,0.005997971759524135,0.003924039497819173,-0.001991968456887702,0.0,0.0,-0.004041114939346955,0.0,-0.00244775319155924,0.007982966036865446,-0.004565902686643471,0.003959961162738411,-0.003531134530047796,0.0,-0.008701939738966085,0.0019360108927446427,0.007815314103762676,-0.0010708669708960367,-0.0062899444600037005,-0.003706546784451036,-0.005228609220627151,0.001961938440337238,0.003997333230008471,0.009862943779948658,0.003986718010264703,0.009784712379561423,-0.001428442154226855,0.0,agent10,0.9012252259759571
-0.502450761923696,-0.0019272097835592535,-0.0020269865157175153,-0.007759748265351959,-0.007524764743307244,-0.003025982056630837,-0.00338668935294917,-0.0025785370445724288,0.005812713029474224,0.001999758646539574,-0.004927027429373142,-0.007376205618097277,0.0,-0.003940711127520192,-0.005321564679235507,0.005995304125284883,-0.0051606511653254595,0.0039999899706880905,0.0,-0.0031691269032883542,-0.01010967964023891,0.009400709860537771,-0.004975348511238808,0.005898349128213019,-0.005478336345559754,-0.002055487308667039,-0.001209070555112201,0.0019651520361638644,0.007978369659585486,0.00798567164521394,0.007449845063522704,0.009960842997301168,-0.00874757969388935,1,-0.0031550903118180724,0.0059908558476265,-0.0020911991579017058,-0.0035876545853989563,-0.0053949060746571985,0.007305264540893213,0.0036603465665288755,-0.0033249592817017476,0.0019326482244335038,0.007908908308523737,0.0037425185046470457,0.0059761970341531976,-0.002561332492685182,-0.009724638995224362,0.0078977811797224,0.005999914200931185,0.00788667981206279,-0.006941124603620754,0.009879681700248154,0.0,-0.004828826760351964,0.001995688417563186,-0.0030132050838169227,0.009996582776705384,0.0,-0.0031730999821429216,0.005884407523539842,-0.006554982437968185,-0.005459206296780184,0.013988855272715543,-0.00365924596810394,-0.0028771646138025025,0.011769485908493,0.009283189096967577,0.0,0.007812276431477081,-0.0010536009278155805,0.003971301531009405,0.007912066891087453,0.0019448361247477051,0.005997971759524135,0.003924039497819173,-0.001991968456887702,0.0,0.0,-0.004041114939346955,0.0,-0.00244775319155924,0.007982966036865446,-0.004565902686643471,0.003959961162738411,-0.003531134530047796,0.0,-0.008701939738966085,0.0019360108927446427,0.007815314103762676,-0.0010708669708960367,-0.0062899444600037005,-0.003706546784451036,-0.005228609220627151,0.001961938440337238,0.003997333230008471,0.011836152271075866,0.003986718010264703,0.009784712379561423,-0.001428442154226855,0.0,agent95,-0.7329209580467493
-0.503460045112793,-0.0019272097835592535,-0.0020269865157175153,-0.007759748265351959,-0.007524764743307244,-0.003025982056630837,-0.00338668935294917,-0.0025785370445724288,0.005812713029474224,0.001999758646539574,-0.004927027429373142,-0.007376205618097277,0.0,-0.003940711127520192,-0.005321564679235507,0.005995304125284883,-0.0051606511653254595,0.0039999899706880905,0.0,-0.0031691269032883542,-0.01010967964023891,0.009400709860537771,-0.004975348511238808,0.005898349128213019,-0.005478336345559754,-0.002055487308667039,-0.001209070555112201,0.0019651520361638644,0.007978369659585486,0.00798567164521394,0.007449845063522704,0.009960842997301168,-0.00874757969388935,1,-0.0031550903118180724,0.0059908558476265,-0.0020911991579017058,-0.0035876545853989563,-0.0053949060746571985,0.007305264540893213,0.0036603465665288755,-0.0033249592817017476,0.0019326482244335038,0.007908908308523737,0.0037425185046470457,0.0059761970341531976,-0.002561332492685182,-0.009724638995224362,0.0078977811797224,0.005999914200931185,0.00788667981206279,-0.006941124603620754,0.009879681700248154,0.0,-0.004828826760351964,0.001995688417563186,-0.0030132050838169227,0.009996582776705384,0.0,-0.0031730999821429216,0.005884407523539842,-0.006554982437968185,-0.005459206296780184,0.013988855272715543,-0.00365924596810394,-0.0028771646138025025,0.011769485908493,0.011159411474812421,0.0,0.007812276431477081,-0.0010536009278155805,0.003971301531009405,0.007912066891087453,0.0019448361247477051,0.005997971759524135,0.003924039497819173,-0.001991968456887702,0.0,0.0,-0.004041114939346955,0.0,-0.00244775319155924,0.007982966036865446,-0.004565902686643471,0.003959961162738411,-0.003531134530047796,0.0,-0.008701939738966085,0.0019360108927446427,0.007815314103762676,-0.0010708669708960367,-0.0062899444600037005,-0.003706546784451036,-0.005228609220627151,0.001961938440337238,0.003997333230008471,0.011836152271075866,0.003986718010264703,0.009784712379561423,-0.001428442154226855,0.0,agent66,-1
-0.5044639858239205,-0.0019272097835592535,-0.0020269865157175153,-0.007759748265351959,-0.007524764743307244,-0.003025982056630837,-0.00338668935294917,-0.0025785370445724288,0.005812713029474224,0.001999758646539574,-0.004927027429373142,-0.007376205618097277,0.0,-0.0050316730104251195,-0.005321564679235507,0.005995304125284883,-0.0051606511653254595,0.0039999899706880905,0.0,-0.0031691269032883542,-0.01010967964023891,0.009400709860537771,-0.004975348511238808,0.005898349128213019,-0.005478336345559754,-0.002055487308667039,-0.001209070555112201,0.0019651520361638644,0.007978369659585486,0.00798567164521394,0.007449845063522704,0.009960842997301168,-0.00874757969388935,1,-0.0031550903118180724,0.0059908558476265,-0.0020911991579017058,-0.0035876545853989563,-0.0053949060746571985,0.007305264540893213,0.0036603465665288755,-0.0033249592817017476,0.0019326482244335038,0.007908908308523737,0.0037425185046470457,0.0059761970341531976,-0.002561332492685182,-0.009724638995224362,0.0078977811797224,0.005999914200931185,0.00788667981206279,-0.006941124603620754,0.009879681700248154,0.0,-0.004828826760351964,0.001995688417563186,-0.0030132050838169227,0.009996582776705384,0.0,-0.0031730999821429216,0.005884407523539842,-0.006554982437968185,-0.005459206296780184,0.013988855272715543,-0.00365924596810394,-0.0028771646138025025,0.011769485908493,0.011159411474812421,0.0,0.007812276431477081,-0.0010536009278155805,0.003971301531009405,0.007912066891087453,0.0019448361247477051,0.005997971759524135,0.003924039497819173,-0.001991968456887702,0.0,0.0,-0.004041114939346955,0.0,-0.00244775319155924,0.007982966036865446,-0.004565902686643471,0.003959961162738411,-0.003531134530047796,0.0,-0.008701939738966085,0.0019360108927446427,0.007815314103762676,-0.0010708669708960367,-0.0062899444600037005,-0.003706546784451036,-0.005228609220627151,0.001961938440337238,0.003997333230008471,0.011836152271075866,0.003986718010264703,0.009784712379561423,-0.001428442154226855,0.0,agent12,0.8449005276533139
-0.5054671549508237,-0.0019272097835592535,-0.0020269865157175153,-0.007759748265351959,-0.007524764743307244,-0.003025982056630837,-0.00338668935294917,-0.0025785370445724288,0.005812713029474224,0.001999758646539574,-0.004927027429373142,-0.007376205618097277,0.0,-0.0050316730104251195,-0.005321564679235507,0.005995304125284883,-0.0051606511653254595,0.0039999899706880905,0.0,-0.004037420960967755,-0.01010967964023891,0.009400709860537771,-0.004975348511238808,0.005898349128213019,-0.005478336345559754,-0.002055487308667039,-0.001209070555112201,0.0019651520361638644,0.007978369659585486,0.00798567164521394,0.007449845063522704,0.009960842997301168,-0.00874757969388935,1,-0.0031550903118180724,0.0059908558476265,-0.0020911991579017058,-0.0035876545853989563,-0.0053949060746571985,0.007305264540893213,0.0036603465665288755,-0.0033249592817017476,0.0019326482244335038,0.007908908308523737,0.0037425185046470457,0.0059761970341531976,-0.002561332492685182,-0.009724638995224362,0.0078977811797224,0.005999914200931185,0.00788667981206279,-0.006941124603620754,0.009879681700248154,0.0,-0.004828826760351964,0.001995688417563186,-0.0030132050838169227,0.009996582776705384,0.0,-0.0031730999821429216,0.005884407523539842,-0.006554982437968185,-0.005459206296780184,0.013988855272715543,-0.00365924596810394,-0.0028771646138025025,0.011769485908493,0.011159411474812421,0.0,0.007812276431477081,-0.0010536009278155805,0.003971301531009405,0.007912066891087453,0.0019448361247477051,0.005997971759524135,0.003924039497819173,-0.001991968456887702,0.0,0.0,-0.004041114939346955,0.0,-0.00244775319155924,0.007982966036865446,-0.004565902686643471,0.003959961162738411,-0.003531134530047796,0.0,-0.008701939738966085,0.0019360108927446427,0.007815314103762676,-0.0010708669708960367,-0.0062899444600037005,-0.003706546784451036,-0.005228609220627151,0.001961938440337238,0.003997333230008471,0.011836152271075866,0.003986718010264703,0.009784712379561423,-0.001428442154226855,0.0,agent18,1
-0.5064749672272552,-0.0019272097835592535,-0.0020269865157175153,-0.007759748265351959,-0.007524764743307244,-0.003025982056630837,-0.00338668935294917,-0.0025785370445724288,0.005812713029474224,0.001999758646539574,-0.004927027429373142,-0.007376205618097277,0.0,-0.0050316730104251195,-0.005321564679235507,0.005995304125284883,-0.0051606511653254595,0.0039999899706880905,0.0,-0.004037420960967755,-0.01010967964023891,0.009400709860537771,-0.004975348511238808,0.005898349128213019,-0.005478336345559754,-0.002055487308667039,-0.001209070555112201,0.0019651520361638644,0.007978369659585486,0.00798567164521394,0.007449845063522704,0.009960842997301168,-0.00874757969388935,1,-0.0031550903118180724,0.0059908558476265,-0.0020911991579017058,-0.0035876545853989563,-0.0053949060746571985,0.007305264540893213,0.0036603465665288755,-0.0033249592817017476,0.0019326482244335038,0.007908908308523737,0.0037425185046470457,0.0059761970341531976,-0.002561332492685182,-0.009724638995224362,0.0078977811797224,0.005999914200931185,0.00788667981206279,-0.006941124603620754,0.009879681700248154,0.0,-0.004828826760351964,0.001995688417563186,-0.0030132050838169227,0.009996582776705384,0.0,-0.0031730999821429216,0.005884407523539842,-0.006554982437968185,-0.005459206296780184,0.013988855272715543,-0.00365924596810394,-0.0028771646138025025,0.011769485908493,0.011159411474812421,0.0,0.009765975497400064,-0.0010536009278155805,0.003971301531009405,0.007912066891087453,0.0019448361247477051,0.005997971759524135,0.003924039497819173,-0.001991968456887702,0.0,0.0,-0.004041114939346955,0.0,-0.00244775319155924,0.007982966036865446,-0.004565902686643471,0.003959961162738411,-0.003531134530047796,0.0,-0.008701939738966085,0.0019360108927446427,0.007815314103762676,-0.0010708669708960367,-0.0062899444600037005,-0.003706546784451036,-0.005228609220627151,0.001961938440337238,0.003997333230008471,0.011836152271075866,0.003986718010264703,0.009784712379561423,-0.001428442154226855,0.0,agent68,-0.8097727055969351
-0.5054749672272552,-0.0019272097835592535,-0.0020269865157175153,-0.007759748265351959,-0.007524764743307244,-0.003025982056630837,-0.00338668935294917,-0.0025785370445724288,0.005812713029474224,0.001999758646539574,-0.004927027429373142,-0.007376205618097277,0.0,-0.0050316730104251195,-0.005321564679235507,0.005995304125284883,-0.0051606511653254595,0.0039999899706880905,0.0,-0.004037420960967755,-0.01010967964023891,0.009400709860537771,-0.004975348511238808,0.005898349128213019,-0.005478336345559754,-0.002055487308667039,-0.001209070555112201,0.0019651520361638644,0.007978369659585486,0.00798567164521394,0.007449845063522704,0.009960842997301168,-0.00874757969388935,1,-0.0031550903118180724,0.0059908558476265,-0.0020911991579017058,-0.0035876545853989563,-0.0053949060746571985,0.007305264540893213,0.0036603465665288755,-0.0033249592817017476,0.0019326482244335038,0.007908908308523737,0.0037425185046470457,0.0059761970341531976,-0.002561332492685182,-0.009724638995224362,0.0078977811797224,0.005999914200931185,0.00788667981206279,-0.006941124603620754,0.009879681700248154,0.0,-0.004828826760351964,0.001995688417563186,-0.0030132050838169227,0.009996582776705384,0.0,-0.0031730999821429216,0.005884407523539842,-0.006554982437968185,-0.005459206296780184,0.013988855272715543,-0.00365924596810394,-0.0028771646138025025,0.011769485908493,0.011159411474812421,0.0,0.009765975497400064,-0.0010536009278155805,0.003971301531009405,0.007912066891087453,0.0019448361247477051,0.005997971759524135,0.003924039497819173,-0.001991968456887702,0.0,-0.0008652665865588206,-0.004041114939346955,0.0,-0.00244775319155924,0.007982966036865446,-0.004565902686643471,0.003959961162738411,-0.003531134530047796,0.0,-0.008701939738966085,0.0019360108927446427,0.007815314103762676,-0.0010708669708960367,-0.0062899444600037005,-0.003706546784451036,-0.005228609220627151,0.001961938440337238,0.003997333230008471,0.011836152271075866,0.003986718010264703,0.009784712379561423,-0.001428442154226855,0.0,agent77,1
-0.5064779932093117,-0.0019272097835592535,-0.0020269865157175153,-0.007759748265351959,-0.007524764743307244,-0.0038927546181568846,-0.00338668935294917,-0.0025785370445724288,0.005812713029474224,0.001999758646539574,-0.004927027429373142,-0.007376205618097277,0.0,-0.0050316730104251195,-0.005321564679235507,0.005995304125284883,-0.0051606511653254595,0.0039999899706880905,0.0,-0.004037420960967755,-0.01010967964023891,0.009400709860537771,-0.004975348511238808,0.005898349128213019,-0.005478336345559754,-0.002055487308667039,-0.001209070555112201,0.0019651520361638644,0.007978369659585486,0.00798567164521394,0.007449845063522704,0.009960842997301168,-0.00874757969388935,1,-0.0031550903118180724,0.0059908558476265,-0.0020911991579017058,-0.0035876545853989563,-0.0053949060746571985,0.007305264540893213,0.0036603465665288755,-0.0033249592817017476,0.0019326482244335038,0.007908908308523737,0.0037425185046470457,0.0059761970341531976,-0.002561332492685182,-0.009724638995224362,0.0078977811797224,0.005999914200931185,0.00788667981206279,-0.006941124603620754,0.009879681700248154,0.0,-0.004828826760351964,0.001995688417563186,-0.0030132050838169227,0.009996582776705384,0.0,-0.0031730999821429216,0.005884407523539842,-0.006554982437968185,-0.005459206296780184,0.013988855272715543,-0.00365924596810394,-0.0028771646138025025,0.011769485908493,0.011159411474812421,0.0,0.009765975497400064,-0.0010536009278155805,0.003971301531009405,0.007912066891087453,0.0019448361247477051,0.005997971759524135,0.003924039497819173,-0.001991968456887702,0.0,-0.0008652665865588206,-0.004041114939346955,0.0,-0.00244775319155924,0.007982966036865446,-0.004565902686643471,0.003959961162738411,-0.003531134530047796,0.0,-0.008701939738966085,0.0019360108927446427,0.007815314103762676,-0.0010708669708960367,-0.0062899444600037005,-0.003706546784451036,-0.005228609220627151,0.001961938440337238,0.003997333230008471,0.011836152271075866,0.003986718010264703,0.009784712379561423,-0.001428442154226855,0.0,agent4,1
-0.5074839931235127,-0.0019272097835592535,-0.0020269865157175153,-0.007759748265351959,-0.007524764743307244,-0.0038927546181568846,-0.00338668935294917,-0.0025785370445724288,0.005812713029474224,0.001999758646539574,-0.004927027429373142,-0.007376205618097277,0.0,-0.0050316730104251195,-0.005321564679235507,0.005995304125284883,-0.0051606511653254595,0.0039999899706880905,0.0,-0.004037420960967755,-0.01010967964023891,0.009400709860537771,-0.004975348511238808,0.005898349128213019,-0.005478336345559754,-0.002055487308667039,-0.001209070555112201,0.0019651520361638644,0.007978369659585486,0.00798567164521394,0.007449845063522704,0.009960842997301168,-0.00874757969388935,1,-0.0031550903118180724,0.0059908558476265,-0.0020911991579017058,-0.0035876545853989563,-0.0053949060746571985,0.007305264540893213,0.0036603465665288755,-0.0033249592817017476,0.0019326482244335038,0.007908908308523737,0.0037425185046470457,0.0059761970341531976,-0.002561332492685182,-0.009724638995224362,0.0078977811797224,0.007999874736458412,0.00788667981206279,-0.006941124603620754,0.009879681700248154,0.0,-0.004828826760351964,0.001995688417563186,-0.0030132050838169227,0.009996582776705384,0.0,-0.0031730999821429216,0.005884407523539842,-0.006554982437968185,-0.005459206296780184,0.013988855272715543,-0.00365924596810394,-0.0028771646138025025,0.011769485908493,0.011159411474812421,0.0,0.009765975497400064,-0.0010536009278155805,0.003971301531009405,0.007912066891087453,0.0019448361247477051,0.005997971759524135,0.003924039497819173,-0.001991968456887702,0.0,-0.0008652665865588206,-0.004041114939346955,0.0,-0.00244775319155924,0.007982966036865446,-0.004565902686643471,0.003959961162738411,-0.003531134530047796,0.0,-0.008701939738966085,0.0019360108927446427,0.007815314103762676,-0.0010708669708960367,-0.0062899444600037005,-0.003706546784451036,-0.005228609220627151,0.001961938440337238,0.003997333230008471,0.011836152271075866,0.003986718010264703,0.009784712379561423,-0.001428442154226855,0.0,agent48,-0.4975937968166062
-0.5084865544560053,-0.0019272097835592535,-0.0020269865157175153,-0.007759748265351959,-0.007524764743307244,-0.0038927546181568846,-0.00338668935294917,-0.0025785370445724288,0.005812713029474224,0.001999758646539574,-0.004927027429373142,-0.007376205618097277,0.0,-0.0050316730104251195,-0.005321564679235507,0.005995304125284883,-0.0051606511653254595,0.0039999899706880905,0.0,-0.004037420960967755,-0.01010967964023891,0.009400709860537771,-0.004975348511238808,0.005898349128213019,-0.005478336345559754,-0.002055487308667039,-0.001209070555112201,0.0019651520361638644,0.007978369659585486,0.00798567164521394,0.007449845063522704,0.009960842997301168,-0.00874757969388935,1,-0.0031550903118180724,0.0059908558476265,-0.0020911991579017058,-0.0035876545853989563,-0.0053949060746571985,0.007305264540893213,0.0036603465665288755,-0.0033249592817017476,0.0019326482244335038,0.007908908308523737,0.0037425185046470457,0.0059761970341531976,-0.0035929233208127015,-0.009724638995224362,0.0078977811797224,0.007999874736458412,0.00788667981206279,-0.006941124603620754,0.009879681700248154,0.0,-0.004828826760351964,0.001995688417563186,-0.0030132050838169227,0.009996582776705384,0.0,-0.0031730999821429216,0.005884407523539842,-0.006554982437968185,-0.005459206296780184,0.013988855272715543,-0.00365924596810394,-0.0028771646138025025,0.011769485908493,0.011159411474812421,0.0,0.009765975497400064,-0.0010536009278155805,0.003971301531009405,0.007912066891087453,0.0019448361247477051,0.005997971759524135,0.003924039497819173,-0.001991968456887702,0.0,-0.0008652665865588206,-0.004041114939346955,0.0,-0.00244775319155924,0.007982966036865446,-0.004565902686643471,0.003959961162738411,-0.003531134530047796,0.0,-0.008701939738966085,0.0019360108927446427,0.007815314103762676,-0.0010708669708960367,-0.0062899444600037005,-0.003706546784451036,-0.005228609220627151,0.001961938440337238,0.003997333230008471,0.011836152271075866,0.003986718010264703,0.009784712379561423,-0.001428442154226855,0.0,agent45,0.884212217888417
-0.5094877635265604,-0.0019272097835592535,-0.0020269865157175153,-0.007759748265351959,-0.007524764743307244,-0.0038927546181568846,-0.00338668935294917,-0.0025785370445724288,0.005812713029474224,0.001999758646539574,-0.004927027429373142,-0.007376205618097277,0.0,-0.0050316730104251195,-0.005321564679235507,0.005995304125284883,-0.0051606511653254595,0.0039999899706880905,0.0,-0.004037420960967755,-0.01010967964023891,0.009400709860537771,-0.004975348511238808,0.005898349128213019,-0.005478336345559754,-0.002055487308667039,-0.0022578322989530207,0.0019651520361638644,0.007978369659585486,0.00798567164521394,0.007449845063522704,0.009960842997301168,-0.00874757969388935,1,-0.0031550903118180724,0.0059908558476265,-0.0020911991579017058,-0.0035876545853989563,-0.0053949060746571985,0.007305264540893213,0.0036603465665288755,-0.0033249592817017476,0.0019326482244335038,0.007908908308523737,0.0037425185046470457,0.0059761970341531976,-0.0035929233208127015,-0.009724638995224362,0.0078977811797224,0.007999874736458412,0.00788667981206279,-0.006941124603620754,0.009879681700248154,0.0,-0.004828826760351964,0.001995688417563186,-0.0030132050838169227,0.009996582776705384,0.0,-0.0031730999821429216,0.005884407523539842,-0.006554982437968185,-0.005459206296780184,0.013988855272715543,-0.00365924596810394,-0.0028771646138025025,0.011769485908493,0.011159411474812421,0.0,0.009765975497400064,-0.0010536009278155805,0.003971301531009405,0.007912066891087453,0.0019448361247477051,0.005997971759524135,0.003924039497819173,-0.001991968456887702,0.0,-0.0008652665865588206,-0.004041114939346955,0.0,-0.00244775319155924,0.007982966036865446,-0.004565902686643471,0.003959961162738411,-0.003531134530047796,0.0,-0.008701939738966085,0.0019360108927446427,0.007815314103762676,-0.0010708669708960367,-0.0062899444600037005,-0.003706546784451036,-0.005228609220627151,0.001961938440337238,0.003997333230008471,0.011836152271075866,0.003986718010264703,0.009784712379561423,-0.001428442154226855,0.0,agent25,0.8708163536531458
-0.510489759214978,-0.0019272097835592535,-0.0020269865157175153,-0.007759748265351959,-0.007524764743307244,-0.0038927546181568846,-0.00338668935294917,-0.0025785370445724288,0.005812713029474224,0.001999758646539574,-0.004927027429373142,-0.007376205618097277,0.0,-0.0050316730104251195,-0.005321564679235507,0.005995304125284883,-0.0051606511653254595,0.0039999899706880905,0.0,-0.004037420960967755,-0.01010967964023891,0.009400709860537771,-0.004975348511238808,0.005898349128213019,-0.005478336345559754,-0.002055487308667039,-0.0022578322989530207,0.0019651520361638644,0.007978369659585486,0.00798567164521394,0.007449845063522704,0.009960842997301168,-0.00874757969388935,1,-0.0031550903118180724,0.0059908558476265,-0.0020911991579017058,-0.0035876545853989563,-0.0053949060746571985,0.007305264540893213,0.0036603465665288755,-0.0033249592817017476,0.0019326482244335038,0.007908908308523737,0.0037425185046470457,0.0059761970341531976,-0.0035929233208127015,-0.009724638995224362,0.0078977811797224,0.007999874736458412,0.00788667981206279,-0.006941124603620754,0.009879681700248154,0.0,-0.004828826760351964,0.003991470163898302,-0.0030132050838169227,0.009996582776705384,0.0,-0.0031730999821429216,0.005884407523539842,-0.006554982437968185,-0.005459206296780184,0.013988855272715543,-0.00365924596810394,-0.0028771646138025025,0.011769485908493,0.011159411474812421,0.0,0.009765975497400064,-0.0010536009278155805,0.003971301531009405,0.007912066891087453,0.0019448361247477051,0.005997971759524135,0.003924039497819173,-0.001991968456887702,0.0,-0.0008652665865588206,-0.004041114939346955,0.0,-0.00244775319155924,0.007982966036865446,-0.004565902686643471,0.003959961162738411,-0.003531134530047796,0.0,-0.008701939738966085,0.0019360108927446427,0.007815314103762676,-0.0010708669708960367,-0.0062899444600037005,-0.003706546784451036,-0.005228609220627151,0.001961938440337238,0.003997333230008471,0.011836152271075866,0.003986718010264703,0.009784712379561423,-0.001428442154226855,0.0,agent54,-0.41763730174346086
-0.5114908300819488,-0.0019272097835592535,-0.0020269865157175153,-0.007759748265351959,-0.007524764743307244,-0.0038927546181568846,-0.00338668935294917,-0.0025785370445724288,0.005812713029474224,0.001999758646539574,-0.004927027429373142,-0.007376205618097277,0.0,-0.0050316730104251195,-0.005321564679235507,0.005995304125284883,-0.0051606511653254595,0.0039999899706880905,0.0,-0.004037420960967755,-0.01010967964023891,0.009400709860537771,-0.004975348511238808,0.005898349128213019,-0.005478336345559754,-0.002055487308667039,-0.0022578322989530207,0.0019651520361638644,0.007978369659585486,0.00798567164521394,0.007449845063522704,0.009960842997301168,-0.00874757969388935,1,-0.0031550903118180724,0.0059908558476265,-0.0020911991579017058,-0.0035876545853989563,-0.0053949060746571985,0.007305264540893213,0.0036603465665288755,-0.0033249592817017476,0.0019326482244335038,0.007908908308523737,0.0037425185046470457,0.0059761970341531976,-0.0035929233208127015,-0.009724638995224362,0.0078977811797224,0.007999874736458412,0.00788667981206279,-0.006941124603620754,0.009879681700248154,0.0,-0.004828826760351964,0.003991470163898302,-0.0030132050838169227,0.009996582776705384,0.0,-0.0031730999821429216,0.005884407523539842,-0.006554982437968185,-0.005459206296780184,0.013988855272715543,-0.00365924596810394,-0.0028771646138025025,0.011769485908493,0.011159411474812421,0.0,0.009765975497400064,-0.0010536009278155805,0.003971301531009405,0.007912066891087453,0.0019448361247477051,0.005997971759524135,0.003924039497819173,-0.001991968456887702,0.0,-0.0008652665865588206,-0.004041114939346955,0.0,-0.00244775319155924,0.007982966036865446,-0.004565902686643471,0.003959961162738411,-0.003531134530047796,0.0,-0.008701939738966085,0.0019360108927446427,0.007815314103762676,-0.0019300773145493758,-0.0062899444600037005,-0.003706546784451036,-0.005228609220627151,0.001961938440337238,0.003997333230008471,0.011836152271075866,0.003986718010264703,0.009784712379561423,-0.001428442154226855,0.0,agent89,1
-0.5124928220504057,-0.0019272097835592535,-0.0020269865157175153,-0.007759748265351959,-0.007524764743307244,-0.0038927546181568846,-0.00338668935294917,-0.0025785370445724288,0.005812713029474224,0.001999758646539574,-0.004927027429373142,-0.007376205618097277,0.0,-0.0050316730104251195,-0.005321564679235507,0.005995304125284883,-0.0051606511653254595,0.0039999899706880905,0.0,-0.004037420960967755,-0.01010967964023891,0.009400709860537771,-0.004975348511238808,0.005898349128213019,-0.005478336345559754,-0.002055487308667039,-0.0022578322989530207,0.0019651520361638644,0.007978369659585486,0.00798567164521394,0.007449845063522704,0.009960842997301168,-0.00874757969388935,1,-0.0031550903118180724,0.0059908558476265,-0.0020911991579017058,-0.0035876545853989563,-0.0053949060746571985,0.007305264540893213,0.0036603465665288755,-0.0033249592817017476,0.0019326482244335038,0.007908908308523737,0.0037425185046470457,0.0059761970341531976,-0.0035929233208127015,-0.009724638995224362,0.0078977811797224,0.007999874736458412,0.00788667981206279,-0.006941124603620754,0.009879681700248154,0.0,-0.004828826760351964,0.003991470163898302,-0.0030132050838169227,0.009996582776705384,0.0,-0.0031730999821429216,0.005884407523539842,-0.006554982437968185,-0.005459206296780184,0.013988855272715543,-0.00365924596810394,-0.0028771646138025025,0.011769485908493,0.011159411474812421,0.0,0.009765975497400064,-0.0010536009278155805,0.003971301531009405,0.007912066891087453,0.0019448361247477051,0.005997971759524135,0.003924039497819173,-0.002849666192176793,0.0,-0.0008652665865588206,-0.004041114939346955,0.0,-0.00244775319155924,0.007982966036865446,-0.004565902686643471,0.003959961162738411,-0.003531134530047796,0.0,-0.008701939738966085,0.0019360108927446427,0.007815314103762676,-0.0019300773145493758,-0.0062899444600037005,-0.003706546784451036,-0.005228609220627151,0.001961938440337238,0.003997333230008471,0.011836152271075866,0.003986718010264703,0.009784712379561423,-0.001428442154226855,0.0,agent75,1
-0.5134954005874502,-0.0019272097835592535,-0.0020269865157175153,-0.007759748265351959,-0.007524764743307244,-0.0038927546181568846,-0.00338668935294917,-0.0034619122139683766,0.005812713029474224,0.001999758646539574,-0.004927027429373142,-0.007376205618097277,0.0,-0.0050316730104251195,-0.005321564679235507,0.005995304125284883,-0.0051606511653254595,0.0039999899706880905,0.0,-0.004037420960967755,-0.01010967964023891,0.009400709860537771,-0.004975348511238808,0.005898349128213019,-0.005478336345559754,-0.002055487308667039,-0.0022578322989530207,0.0019651520361638644,0.007978369659585486,0.00798567164521394,0.007449845063522704,0.009960842997301168,-0.00874757969388935,1,-0.0031550903118180724,0.0059908558476265,-0.0020911991579017058,-0.0035876545853989563,-0.0053949060746571985,0.007305264540893213,0.0036603465665288755,-0.0033249592817017476,0.0019326482244335038,0.007908908308523737,0.0037425185046470457,0.0059761970341531976,-0.0035929233208127015,-0.009724638995224362,0.0078977811797224,0.007999874736458412,0.00788667981206279,-0.006941124603620754,0.009879681700248154,0.0,-0.004828826760351964,0.003991470163898302,-0.0030132050838169227,0.009996582776705384,0.0,-0.0031730999821429216,0.005884407523539842,-0.006554982437968185,-0.005459206296780184,0.013988855272715543,-0.00365924596810394,-0.0028771646138025025,0.011769485908493,0.011159411474812421,0.0,0.009765975497400064,-0.0010536009278155805,0.003971301531009405,0.007912066891087453,0.0019448361247477051,0.005997971759524135,0.003924039497819173,-0.002849666192176793,0.0,-0.0008652665865588206,-0.004041114939346955,0.0,-0.00244775319155924,0.007982966036865446,-0.004565902686643471,0.003959961162738411,-0.003531134530047796,0.0,-0.008701939738966085,0.0019360108927446427,0.007815314103762676,-0.0019300773145493758,-0.0062899444600037005,-0.003706546784451036,-0.005228609220627151,0.001961938440337238,0.003997333230008471,0.011836152271075866,0.003986718010264703,0.009784712379561423,-0.001428442154226855,0.0,agent6,0.9819133011999325
-0.5145013985592097,-0.0019272097835592535,-0.0020269865157175153,-0.007759748265351959,-0.007524764743307244,-0.0038927546181568846,-0.00338668935294917,-0.0034619122139683766,0.005812713029474224,0.001999758646539574,-0.004927027429373142,-0.007376205618097277,0.0,-0.0050316730104251195,-0.005321564679235507,0.005995304125284883,-0.0051606511653254595,0.0039999899706880905,0.0,-0.004037420960967755,-0.01010967964023891,0.009400709860537771,-0.004975348511238808,0.005898349128213019,-0.005478336345559754,-0.002055487308667039,-0.0022578322989530207,0.0019651520361638644,0.007978369659585486,0.00798567164521394,0.007449845063522704,0.009960842997301168,-0.00874757969388935,1,-0.0031550903118180724,0.0059908558476265,-0.0020911991579017058,-0.0035876545853989563,-0.0053949060746571985,0.007305264540893213,0.0036603465665288755,-0.0033249592817017476,0.0019326482244335038,0.007908908308523737,0.0037425185046470457,0.0059761970341531976,-0.0035929233208127015,-0.009724638995224362,0.0078977811797224,0.007999874736458412,0.00788667981206279,-0.006941124603620754,0.009879681700248154,0.0,-0.004828826760351964,0.003991470163898302,-0.0030132050838169227,0.009996582776705384,0.0,-0.0031730999821429216,0.005884407523539842,-0.006554982437968185,-0.005459206296780184,0.013988855272715543,-0.00365924596810394,-0.0028771646138025025,0.011769485908493,0.011159411474812421,0.0,0.009765975497400064,-0.0010536009278155805,0.003971301531009405,0.007912066891087453,0.0019448361247477051,0.007997344297637276,0.003924039497819173,-0.002849666192176793,0.0,-0.0008652665865588206,-0.004041114939346955,0.0,-0.00244775319155924,0.007982966036865446,-0.004565902686643471,0.003959961162738411,-0.003531134530047796,0.0,-0.008701939738966085,0.0019360108927446427,0.007815314103762676,-0.0019300773145493758,-0.0062899444600037005,-0.003706546784451036,-0.005228609220627151,0.001961938440337238,0.003997333230008471,0.011836152271075866,0.003986718010264703,0.009784712379561423,-0.001428442154226855,0.0,agent73,-0.5489203038860876
-0.5155033345701024,-0.0019272097835592535,-0.0020269865157175153,-0.007759748265351959,-0.007524764743307244,-0.0038927546181568846,-0.00338668935294917,-0.0034619122139683766,0.005812713029474224,0.001999758646539574,-0.004927027429373142,-0.007376205618097277,0.0,-0.0050316730104251195,-0.005321564679235507,0.005995304125284883,-0.0051606511653254595,0.0039999899706880905,0.0,-0.004037420960967755,-0.01010967964023891,0.009400709860537771,-0.004975348511238808,0.005898349128213019,-0.005478336345559754,-0.002055487308667039,-0.0022578322989530207,0.0019651520361638644,0.007978369659585486,0.00798567164521394,0.007449845063522704,0.009960842997301168,-0.00874757969388935,1,-0.0031550903118180724,0.0059908558476265,-0.0020911991579017058,-0.0035876545853989563,-0.0053949060746571985,0.007305264540893213,0.0036603465665288755,-0.0033249592817017476,0.0019326482244335038,0.007908908308523737,0.0037425185046470457,0.0059761970341531976,-0.0035929233208127015,-0.009724638995224362,0.0078977811797224,0.007999874736458412,0.00788667981206279,-0.006941124603620754,0.009879681700248154,0.0,-0.004828826760351964,0.003991470163898302,-0.0030132050838169227,0.009996582776705384,0.0,-0.0031730999821429216,0.005884407523539842,-0.006554982437968185,-0.005459206296780184,0.013988855272715543,-0.00365924596810394,-0.0028771646138025025,0.011769485908493,0.011159411474812421,0.0,0.009765975497400064,-0.0010536009278155805,0.003971301531009405,0.007912066891087453,0.0019448361247477051,0.007997344297637276,0.003924039497819173,-0.002849666192176793,0.0,-0.0008652665865588206,-0.004041114939346955,0.0,-0.00244775319155924,0.007982966036865446,-0.004565902686643471,0.003959961162738411,-0.003531134530047796,0.0,-0.008701939738966085,0.003872396725720308,0.007815314103762676,-0.0019300773145493758,-0.0062899444600037005,-0.003706546784451036,-0.005228609220627151,0.001961938440337238,0.003997333230008471,0.011836152271075866,0.003986718010264703,0.009784712379561423,-0.001428442154226855,0.0,agent87,-0.15781058840471543
-0.5165068657046324,-0.0019272097835592535,-0.0020269865157175153,-0.007759748265351959,-0.007524764743307244,-0.0038927546181568846,-0.00338668935294917,-0.0034619122139683766,0.005812713029474224,0.001999758646539574,-0.004927027429373142,-0.007376205618097277,0.0,-0.0050316730104251195,-0.005321564679235507,0.005995304125284883,-0.0051606511653254595,0.0039999899706880905,0.0,-0.004037420960967755,-0.01010967964023891,0.009400709860537771,-0.004975348511238808,0.005898349128213019,-0.005478336345559754,-0.002055487308667039,-0.0022578322989530207,0.0019651520361638644,0.007978369659585486,0.00798567164521394,0.007449845063522704,0.009960842997301168,-0.00874757969388935,1,-0.0031550903118180724,0.0059908558476265,-0.0020911991579017058,-0.0035876545853989563,-0.0053949060746571985,0.007305264540893213,0.0036603465665288755,-0.0033249592817017476,0.0019326482244335038,0.007908908308523737,0.0037425185046470457,0.0059761970341531976,-0.0035929233208127015,-0.009724638995224362,0.0078977811797224,0.007999874736458412,0.00788667981206279,-0.006941124603620754,0.009879681700248154,0.0,-0.004828826760351964,0.003991470163898302,-0.0030132050838169227,0.009996582776705384,0.0,-0.0031730999821429216,0.005884407523539842,-0.006554982437968185,-0.005459206296780184,0.013988855272715543,-0.00365924596810394,-0.0028771646138025025,0.011769485908493,0.011159411474812421,0.0,0.009765975497400064,-0.0010536009278155805,0.003971301531009405,0.007912066891087453,0.0019448361247477051,0.007997344297637276,0.003924039497819173,-0.002849666192176793,0.0,-0.0008652665865588206,-0.004041114939346955,0.0,-0.00244775319155924,0.007982966036865446,-0.004565902686643471,0.003959961162738411,-0.005107696866975791,0.0,-0.008701939738966085,0.003872396725720308,0.007815314103762676,-0.0019300773145493758,-0.0062899444600037005,-0.003706546784451036,-0.005228609220627151,0.001961938440337238,0.003997333230008471,0.011836152271075866,0.003986718010264703,0.009784712379561423,-0.001428442154226855,0.0,agent84,0.4047549585976421
-0.517508795781947,-0.0019272097835592535,-0.0020269865157175153,-0.007759748265351959,-0.007524764743307244,-0.0038927546181568846,-0.00338668935294917,-0.0034619122139683766,0.005812713029474224,0.001999758646539574,-0.004927027429373142,-0.007376205618097277,0.0,-0.0050316730104251195,-0.005321564679235507,0.005995304125284883,-0.0051606511653254595,0.0039999899706880905,0.0,-0.004037420960967755,-0.01010967964023891,0.009400709860537771,-0.004975348511238808,0.005898349128213019,-0.005478336345559754,-0.002055487308667039,-0.0022578322989530207,0.0019651520361638644,0.007978369659585486,0.00798567164521394,0.007449845063522704,0.009960842997301168,-0.00874757969388935,1,-0.0031550903118180724,0.0059908558476265,-0.0020911991579017058,-0.0035876545853989563,-0.0053949060746571985,0.007305264540893213,0.0036603465665288755,-0.0033249592817017476,0.0019326482244335038,0.007908908308523737,0.0037425185046470457,0.0059761970341531976,-0.0035929233208127015,-0.009724638995224362,0.0078977811797224,0.007999874736458412,0.00788667981206279,-0.006941124603620754,0.009879681700248154,0.0,-0.004828826760351964,0.003991470163898302,-0.0030132050838169227,0.009996582776705384,0.0,-0.0031730999821429216,0.005884407523539842,-0.006554982437968185,-0.005459206296780184,0.013988855272715543,-0.00365924596810394,-0.0028771646138025025,0.011769485908493,0.011159411474812421,0.0,0.009765975497400064,-0.0010536009278155805,0.003971301531009405,0.007912066891087453,0.0019448361247477051,0.007997344297637276,0.003924039497819173,-0.002849666192176793,0.0,-0.0008652665865588206,-0.004041114939346955,0.0,-0.00244775319155924,0.007982966036865446,-0.004565902686643471,0.003959961162738411,-0.005107696866975791,0.0,-0.008701939738966085,0.003872396725720308,0.007815314103762676,-0.0027801807776847314,-0.0062899444600037005,-0.003706546784451036,-0.005228609220627151,0.001961938440337238,0.003997333230008471,0.011836152271075866,0.003986718010264703,0.009784712379561423,-0.001428442154226855,0.0,agent89,1
-0.5185116729465608,-0.0019272097835592535,-0.0020269865157175153,-0.007759748265351959,-0.007524764743307244,-0.0038927546181568846,-0.00338668935294917,-0.0034619122139683766,0.005812713029474224,0.001999758646539574,-0.004927027429373142,-0.007376205618097277,0.0,-0.0050316730104251195,-0.005321564679235507,0.005995304125284883,-0.0051606511653254595,0.0039999899706880905,0.0,-0.004037420960967755,-0.01010967964023891,0.009400709860537771,-0.004975348511238808,0.005898349128213019,-0.005478336345559754,-0.002055487308667039,-0.0022578322989530207,0.0019651520361638644,0.007978369659585486,0.00798567164521394,0.007449845063522704,0.009960842997301168,-0.00874757969388935,1,-0.0031550903118180724,0.0059908558476265,-0.0020911991579017058,-0.0035876545853989563,-0.0053949060746571985,0.007305264540893213,0.0036603465665288755,-0.0033249592817017476,0.0019326482244335038,0.007908908308523737,0.0037425185046470457,0.0059761970341531976,-0.0035929233208127015,-0.009724638995224362,0.0078977811797224,0.007999874736458412,0.00788667981206279,-0.006941124603620754,0.009879681700248154,0.0,-0.004828826760351964,0.003991470163898302,-0.0030132050838169227,0.009996582776705384,0.0,-0.0031730999821429216,0.005884407523539842,-0.006554982437968185,-0.005459206296780184,0.013988855272715543,-0.00365924596810394,-0.004046163840068215,0.011769485908493,0.011159411474812421,0.0,0.009765975497400064,-0.0010536009278155805,0.003971301531009405,0.007912066891087453,0.0019448361247477051,0.007997344297637276,0.003924039497819173,-0.002849666192176793,0.0,-0.0008652665865588206,-0.004041114939346955,0.0,-0.00244775319155924,0.007982966036865446,-0.004565902686643471,0.003959961162738411,-0.005107696866975791,0.0,-0.008701939738966085,0.003872396725720308,0.007815314103762676,-0.0027801807776847314,-0.0062899444600037005,-0.003706546784451036,-0.005228609220627151,0.001961938440337238,0.003997333230008471,0.011836152271075866,0.003986718010264703,0.009784712379561423,-0.001428442154226855,0.0,agent64,0.771677593949412
-0.5195156329077235,-0.0019272097835592535,-0.0020269865157175153,-0.007759748265351959,-0.007524764743307244,-0.0038927546181568846,-0.00338668935294917,-0.0034619122139683766,0.005812713029474224,0.001999758646539574,-0.004927027429373142,-0.007376205618097277,0.0,-0.0050316730104251195,-0.005321564679235507,0.005995304125284883,-0.0051606511653254595,0.0039999899706880905,0.0,-0.004037420960967755,-0.01010967964023891,0.009400709860537771,-0.004975348511238808,0.005898349128213019,-0.005478336345559754,-0.002055487308667039,-0.0022578322989530207,0.0019651520361638644,0.007978369659585486,0.00798567164521394,0.007449845063522704,0.009960842997301168,-0.00874757969388935,1,-0.0031550903118180724,0.0059908558476265,-0.0020911991579017058,-0.0035876545853989563,-0.0053949060746571985,0.007305264540893213,0.0036603465665288755,-0.0033249592817017476,0.0019326482244335038,0.007908908308523737,0.0037425185046470457,0.0059761970341531976,-0.0035929233208127015,-0.009724638995224362,0.0078977811797224,0.007999874736458412,0.00788667981206279,-0.006941124603620754,0.009879681700248154,0.0,-0.004828826760351964,0.003991470163898302,-0.0030132050838169227,0.009996582776705384,0.0,-0.0031730999821429216,0.005884407523539842,-0.006554982437968185,-0.005459206296780184,0.013988855272715543,-0.00365924596810394,-0.004046163840068215,0.011769485908493,0.011159411474812421,0.0,0.009765975497400064,-0.0010536009278155805,0.003971301531009405,0.007912066891087453,0.0019448361247477051,0.007997344297637276,0.003924039497819173,-0.002849666192176793,0.0,-0.0008652665865588206,-0.004041114939346955,0.0,-0.00244775319155924,0.007982966036865446,-0.004565902686643471,0.005939950822658055,-0.005107696866975791,0.0,-0.008701939738966085,0.003872396725720308,0.007815314103762676,-0.0027801807776847314,-0.0062899444600037005,-0.003706546784451036,-0.005228609220627151,0.001961938440337238,0.003997333230008471,0.011836152271075866,0.003986718010264703,0.009784712379561423,-0.001428442154226855,0.0,agent83,-0.7185633666677415
-0.5205215173152471,-0.0019272097835592535,-0.0020269865157175153,-0.007759748265351959,-0.007524764743307244,-0.0038927546181568846,-0.00338668935294917,-0.0034619122139683766,0.005812713029474224,0.001999758646539574,-0.004927027429373142,-0.007376205618097277,0.0,-0.0050316730104251195,-0.005321564679235507,0.005995304125284883,-0.0051606511653254595,0.0039999899706880905,0.0,-0.004037420960967755,-0.01010967964023891,0.009400709860537771,-0.004975348511238808,0.005898349128213019,-0.005478336345559754,-0.002055487308667039,-0.0022578322989530207,0.0019651520361638644,0.007978369659585486,0.00798567164521394,0.007449845063522704,0.009960842997301168,-0.00874757969388935,1,-0.0031550903118180724,0.0059908558476265,-0.0020911991579017058,-0.0035876545853989563,-0.0053949060746571985,0.007305264540893213,0.0036603465665288755,-0.0033249592817017476,0.0019326482244335038,0.007908908308523737,0.0037425185046470457,0.0059761970341531976,-0.0035929233208127015,-0.009724638995224362,0.0078977811797224,0.007999874736458412,0.00788667981206279,-0.006941124603620754,0.009879681700248154,0.0,-0.004828826760351964,0.003991470163898302,-0.0030132050838169227,0.009996582776705384,0.0,-0.0031730999821429216,0.007845512588932754,-0.006554982437968185,-0.005459206296780184,0.013988855272715543,-0.00365924596810394,-0.004046163840068215,0.011769485908493,0.011159411474812421,0.0,0.009765975497400064,-0.0010536009278155805,0.003971301531009405,0.007912066891087453,0.0019448361247477051,0.007997344297637276,0.003924039497819173,-0.002849666192176793,0.0,-0.0008652665865588206,-0.004041114939346955,0.0,-0.00244775319155924,0.007982966036865446,-0.004565902686643471,0.005939950822658055,-0.005107696866975791,0.0,-0.008701939738966085,0.003872396725720308,0.007815314103762676,-0.0027801807776847314,-0.0062899444600037005,-0.003706546784451036,-0.005228609220627151,0.001961938440337238,0.003997333230008471,0.011836152271075866,0.003986718010264703,0.009784712379561423,-0.001428442154226855,0.0,agent59,-0.24060728019275576
-0.5195215173152471,-0.0019272097835592535,-0.0020269865157175153,-0.007759748265351959,-0.007524764743307244,-0.0038927546181568846,-0.00338668935294917,-0.0034619122139683766,0.005812713029474224,0.001999758646539574,-0.004927027429373142,-0.007376205618097277,0.0,-0.0050316730104251195,-0.005321564679235507,0.005995304125284883,-0.0051606511653254595,0.0039999899706880905,0.0,-0.004037420960967755,-0.01010967964023891,0.009400709860537771,-0.004975348511238808,0.005898349128213019,-0.005478336345559754,-0.002055487308667039,-0.0022578322989530207,0.0019651520361638644,0.007978369659585486,0.00798567164521394,0.007449845063522704,0.009960842997301168,-0.00874757969388935,1,-0.0031550903118180724,0.0059908558476265,-0.0020911991579017058,-0.0035876545853989563,-0.0053949060746571985,0.007305264540893213,0.0036603465665288755,-0.0033249592817017476,0.0019326482244335038,0.007908908308523737,0.0037425185046470457,0.0059761970341531976,-0.0035929233208127015,-0.009724638995224362,0.0078977811797224,0.007999874736458412,0.00788667981206279,-0.006941124603620754,0.009879681700248154,0.0,-0.004828826760351964,0.003991470163898302,-0.0030132050838169227,0.009996582776705384,0.0,-0.0031730999821429216,0.007845512588932754,-0.006554982437968185,-0.005459206296780184,0.013988855272715543,-0.00365924596810394,-0.004046163840068215,0.011769485908493,0.011159411474812421,0.0,0.009765975497400064,-0.0010536009278155805,0.003971301531009405,0.007912066891087453,0.0019448361247477051,0.007997344297637276,0.003924039497819173,-0.002849666192176793,0.0,-0.0008652665865588206,-0.004041114939346955,-0.0011548330654601129,-0.00244775319155924,0.007982966036865446,-0.004565902686643471,0.005939950822658055,-0.005107696866975791,0.0,-0.008701939738966085,0.003872396725720308,0.007815314103762676,-0.0027801807776847314,-0.0062899444600037005,-0.003706546784451036,-0.005228609220627151,0.001961938440337238,0.003997333230008471,0.011836152271075866,0.003986718010264703,0.009784712379561423,-0.001428442154226855,0.0,agent79,0.7796068875278185
-0.5205274935122812,-0.0019272097835592535,-0.0020269865157175153,-0.007759748265351959,-0.007524764743307244,-0.0038927546181568846,-0.00338668935294917,-0.0034619122139683766,0.005812713029474224,0.001999758646539574,-0.004927027429373142,-0.007376205618097277,0.0,-0.0050316730104251195,-0.005321564679235507,0.005995304125284883,-0.0051606511653254595,0.0039999899706880905,0.0,-0.004037420960967755,-0.01010967964023891,0.009400709860537771,-0.004975348511238808,0.005898349128213019,-0.005478336345559754,-0.002055487308667039,-0.0022578322989530207,0.0019651520361638644,0.007978369659585486,0.00798567164521394,0.007449845063522704,0.009960842997301168,-0.00874757969388935,1,-0.0031550903118180724,0.0059908558476265,-0.0020911991579017058,-0.0035876545853989563,-0.0053949060746571985,0.007305264540893213,0.0036603465665288755,-0.0033249592817017476,0.0019326482244335038,0.007908908308523737,0.0037425185046470457,0.007968432421261232,-0.0035929233208127015,-0.009724638995224362,0.0078977811797224,0.007999874736458412,0.00788667981206279,-0.006941124603620754,0.009879681700248154,0.0,-0.004828826760351964,0.003991470163898302,-0.0030132050838169227,0.009996582776705384,0.0,-0.0031730999821429216,0.007845512588932754,-0.006554982437968185,-0.005459206296780184,0.013988855272715543,-0.00365924596810394,-0.004046163840068215,0.011769485908493,0.011159411474812421,0.0,0.009765975497400064,-0.0010536009278155805,0.003971301531009405,0.007912066891087453,0.0019448361247477051,0.007997344297637276,0.003924039497819173,-0.002849666192176793,0.0,-0.0008652665865588206,-0.004041114939346955,-0.0011548330654601129,-0.00244775319155924,0.007982966036865446,-0.004565902686643471,0.005939950822658055,-0.005107696866975791,0.0,-0.008701939738966085,0.003872396725720308,0.007815314103762676,-0.0027801807776847314,-0.0062899444600037005,-0.003706546784451036,-0.005228609220627151,0.001961938440337238,0.003997333230008471,0.011836152271075866,0.003986718010264703,0.009784712379561423,-0.001428442154226855,0.0,agent44,-0.6441378315920361
-0.5215333918614095,-0.0019272097835592535,-0.0020269865157175153,-0.007759748265351959,-0.007524764743307244,-0.0038927546181568846,-0.00338668935294917,-0.0034619122139683766,0.005812713029474224,0.001999758646539574,-0.004927027429373142,-0.007376205618097277,0.0,-0.0050316730104251195,-0.005321564679235507,0.005995304125284883,-0.0051606511653254595,0.0039999899706880905,0.0,-0.004037420960967755,-0.01010967964023891,0.009400709860537771,-0.004975348511238808,0.007864125323222972,-0.005478336345559754,-0.002055487308667039,-0.0022578322989530207,0.0019651520361638644,0.007978369659585486,0.00798567164521394,0.007449845063522704,0.009960842997301168,-0.00874757969388935,1,-0.0031550903118180724,0.0059908558476265,-0.0020911991579017058,-0.0035876545853989563,-0.0053949060746571985,0.007305264540893213,0.0036603465665288755,-0.0033249592817017476,0.0019326482244335038,0.007908908308523737,0.0037425185046470457,0.007968432421261232,-0.0035929233208127015,-0.009724638995224362,0.0078977811797224,0.007999874736458412,0.00788667981206279,-0.006941124603620754,0.009879681700248154,0.0,-0.004828826760351964,0.003991470163898302,-0.0030132050838169227,0.009996582776705384,0.0,-0.0031730999821429216,0.007845512588932754,-0.006554982437968185,-0.005459206296780184,0.013988855272715543,-0.00365924596810394,-0.004046163840068215,0.011769485908493,0.011159411474812421,0.0,0.009765975497400064,-0.0010536009278155805,0.003971301531009405,0.007912066891087453,0.0019448361247477051,0.007997344297637276,0.003924039497819173,-0.002849666192176793,0.0,-0.0008652665865588206,-0.004041114939346955,-0.0011548330654601129,-0.00244775319155924,0.007982966036865446,-0.004565902686643471,0.005939950822658055,-0.005107696866975791,0.0,-0.008701939738966085,0.003872396725720308,0.007815314103762676,-0.0027801807776847314,-0.0062899444600037005,-0.003706546784451036,-0.005228609220627151,0.001961938440337238,0.003997333230008471,0.011836152271075866,0.003986718010264703,0.009784712379561423,-0.001428442154226855,0.0,agent22,-0.25890255207876084
-0.5205333918614095,-0.0019272097835592535,-0.0020269865157175153,-0.007759748265351959,-0.007524764743307244,-0.0038927546181568846,-0.00338668935294917,-0.0034619122139683766,0.005812713029474224,0.001999758646539574,-0.004927027429373142,-0.007376205618097277,0.0,-0.0050316730104251195,-0.005321564679235507,0.005995304125284883,-0.0051606511653254595,0.0039999899706880905,0.0,-0.004037420960967755,-0.01010967964023891,0.009400709860537771,-0.004975348511238808,0.007864125323222972,-0.005478336345559754,-0.002055487308667039,-0.0022578322989530207,0.0019651520361638644,0.007978369659585486,0.00798567164521394,0.007449845063522704,0.009960842997301168,-0.00874757969388935,1,-0.0031550903118180724,0.0059908558476265,-0.0020911991579017058,-0.0035876545853989563,-0.0053949060746571985,0.007305264540893213,0.0036603465665288755,-0.0033249592817017476,0.0019326482244335038,0.007908908308523737,0.0037425185046470457,0.007968432421261232,-0.0035929233208127015,-0.009724638995224362,0.0078977811797224,0.007999874736458412,0.00788667981206279,-0.006941124603620754,0.009879681700248154,0.0019339497586561972,-0.004828826760351964,0.003991470163898302,-0.0030132050838169227,0.009996582776705384,0.0,-0.0031730999821429216,0.007845512588932754,-0.006554982437968185,-0.005459206296780184,0.013988855272715543,-0.00365924596810394,-0.004046163840068215,0.011769485908493,0.011159411474812421,0.0,0.009765975497400064,-0.0010536009278155805,0.003971301531009405,0.007912066891087453,0.0019448361247477051,0.007997344297637276,0.003924039497819173,-0.002849666192176793,0.0,-0.0008652665865588206,-0.004041114939346955,-0.0011548330654601129,-0.00244775319155924,0.007982966036865446,-0.004565902686643471,0.005939950822658055,-0.005107696866975791,0.0,-0.008701939738966085,0.003872396725720308,0.007815314103762676,-0.0027801807776847314,-0.0062899444600037005,-0.003706546784451036,-0.005228609220627151,0.001961938440337238,0.003997333230008471,0.011836152271075866,0.003986718010264703,0.009784712379561423,-0.001428442154226855,0.0,agent52,-0.15807709092881372
-0.5215412373739984,-0.0019272097835592535,-0.0020269865157175153,-0.007759748265351959,-0.007524764743307244,-0.0038927546181568846,-0.00338668935294917,-0.0034619122139683766,0.005812713029474224,0.001999758646539574,-0.004927027429373142,-0.007376205618097277,0.0,-0.0050316730104251195,-0.005321564679235507,0.005995304125284883,-0.0051606511653254595,0.0039999899706880905,0.0,-0.004037420960967755,-0.01010967964023891,0.009400709860537771,-0.004975348511238808,0.007864125323222972,-0.005478336345559754,-0.002055487308667039,-0.0022578322989530207,0.0019651520361638644,0.007978369659585486,0.00798567164521394,0.007449845063522704,0.009960842997301168,-0.00874757969388935,1,-0.0031550903118180724,0.0059908558476265,-0.0020911991579017058,-0.0035876545853989563,-0.0053949060746571985,0.007305264540893213,0.0036603465665288755,-0.0033249592817017476,0.0019326482244335038,0.007908908308523737,0.0037425185046470457,0.007968432421261232,-0.0035929233208127015,-0.009724638995224362,0.0078977811797224,0.007999874736458412,0.00788667981206279,-0.006941124603620754,0.009879681700248154,0.0019339497586561972,-0.004828826760351964,0.003991470163898302,-0.0030132050838169227,0.009996582776705384,0.0,-0.0031730999821429216,0.009806336565247747,-0.006554982437968185,-0.005459206296780184,0.013988855272715543,-0.00365924596810394,-0.004046163840068215,0.011769485908493,0.011159411474812421,0.0,0.009765975497400064,-0.0010536009278155805,0.003971301531009405,0.007912066891087453,0.0019448361247477051,0.007997344297637276,0.003924039497819173,-0.002849666192176793,0.0,-0.0008652665865588206,-0.004041114939346955,-0.0011548330654601129,-0.00244775319155924,0.007982966036865446,-0.004565902686643471,0.005939950822658055,-0.005107696866975791,0.0,-0.008701939738966085,0.003872396725720308,0.007815314103762676,-0.0027801807776847314,-0.0062899444600037005,-0.003706546784451036,-0.005228609220627151,0.001961938440337238,0.003997333230008471,0.011836152271075866,0.003986718010264703,0.009784712379561423,-0.001428442154226855,0.0,agent59,-0.2406190346554677
-0.5225491351551781,-0.0019272097835592535,-0.0020269865157175153,-0.007759748265351959,-0.007524764743307244,-0.0038927546181568846,-0.00338668935294917,-0.0034619122139683766,0.005812713029474224,0.001999758646539574,-0.004927027429373142,-0.007376205618097277,0.0,-0.0050316730104251195,-0.005321564679235507,0.005995304125284883,-0.0051606511653254595,0.0039999899706880905,0.0,-0.004037420960967755,-0.01010967964023891,0.009400709860537771,-0.004975348511238808,0.007864125323222972,-0.005478336345559754,-0.002055487308667039,-0.0022578322989530207,0.0019651520361638644,0.007978369659585486,0.00798567164521394,0.007449845063522704,0.009960842997301168,-0.00874757969388935,1,-0.0031550903118180724,0.0059908558476265,-0.0020911991579017058,-0.0035876545853989563,-0.0053949060746571985,0.007305264540893213,0.0036603465665288755,-0.0033249592817017476,0.0019326482244335038,0.007908908308523737,0.0037425185046470457,0.007968432421261232,-0.0035929233208127015,-0.009724638995224362,0.009871777377387779,0.007999874736458412,0.00788667981206279,-0.006941124603620754,0.009879681700248154,0.0019339497586561972,-0.004828826760351964,0.003991470163898302,-0.0030132050838169227,0.009996582776705384,0.0,-0.0031730999821429216,0.009806336565247747,-0.006554982437968185,-0.005459206296780184,0.013988855272715543,-0.00365924596810394,-0.004046163840068215,0.011769485908493,0.011159411474812421,0.0,0.009765975497400064,-0.0010536009278155805,0.003971301531009405,0.007912066891087453,0.0019448361247477051,0.007997344297637276,0.003924039497819173,-0.002849666192176793,0.0,-0.0008652665865588206,-0.004041114939346955,-0.0011548330654601129,-0.00244775319155924,0.007982966036865446,-0.004565902686643471,0.005939950822658055,-0.005107696866975791,0.0,-0.008701939738966085,0.003872396725720308,0.007815314103762676,-0.0027801807776847314,-0.0062899444600037005,-0.003706546784451036,-0.005228609220627151,0.001961938440337238,0.003997333230008471,0.011836152271075866,0.003986718010264703,0.009784712379561423,-0.001428442154226855,0.0,agent47,-0.29348947862339503
-0.5235545300612527,-0.0019272097835592535,-0.0020269865157175153,-0.007759748265351959,-0.007524764743307244,-0.0038927546181568846,-0.00338668935294917,-0.0034619122139683766,0.005812713029474224,0.001999758646539574,-0.004927027429373142,-0.007376205618097277,0.0,-0.0050316730104251195,-0.005321564679235507,0.005995304125284883,-0.0051606511653254595,0.0039999899706880905,0.0,-0.004037420960967755,-0.01010967964023891,0.009400709860537771,-0.004975348511238808,0.007864125323222972,-0.005478336345559754,-0.002055487308667039,-0.0022578322989530207,0.0019651520361638644,0.007978369659585486,0.00798567164521394,0.007449845063522704,0.009960842997301168,-0.00874757969388935,1,-0.0031550903118180724,0.0059908558476265,-0.0020911991579017058,-0.0035876545853989563,-0.006235828140176309,0.007305264540893213,0.0036603465665288755,-0.0033249592817017476,0.0019326482244335038,0.007908908308523737,0.0037425185046470457,0.007968432421261232,-0.0035929233208127015,-0.009724638995224362,0.009871777377387779,0.007999874736458412,0.00788667981206279,-0.006941124603620754,0.009879681700248154,0.0019339497586561972,-0.004828826760351964,0.003991470163898302,-0.0030132050838169227,0.009996582776705384,0.0,-0.0031730999821429216,0.009806336565247747,-0.006554982437968185,-0.005459206296780184,0.013988855272715543,-0.00365924596810394,-0.004046163840068215,0.011769485908493,0.011159411474812421,0.0,0.009765975497400064,-0.0010536009278155805,0.003971301531009405,0.007912066891087453,0.0019448361247477051,0.007997344297637276,0.003924039497819173,-0.002849666192176793,0.0,-0.0008652665865588206,-0.004041114939346955,-0.0011548330654601129,-0.00244775319155924,0.007982966036865446,-0.004565902686643471,0.005939950822658055,-0.005107696866975791,0.0,-0.008701939738966085,0.003872396725720308,0.007815314103762676,-0.0027801807776847314,-0.0062899444600037005,-0.003706546784451036,-0.005228609220627151,0.001961938440337238,0.003997333230008471,0.011836152271075866,0.003986718010264703,0.009784712379561423,-0.001428442154226855,0.0,agent37,1
-0.524559690712418,-0.0019272097835592535,-0.0020269865157175153,-0.007759748265351959,-0.007524764743307244,-0.0038927546181568846,-0.00338668935294917,-0.0034619122139683766,0.005812713029474224,0.001999758646539574,-0.004927027429373142,-0.007376205618097277,0.0,-0.0050316730104251195,-0.005321564679235507,0.005995304125284883,-0.006000041962290377,0.0039999899706880905,0.0,-0.004037420960967755,-0.01010967964023891,0.009400709860537771,-0.004975348511238808,0.007864125323222972,-0.005478336345559754,-0.002055487308667039,-0.0022578322989530207,0.0019651520361638644,0.007978369659585486,0.00798567164521394,0.007449845063522704,0.009960842997301168,-0.00874757969388935,1,-0.0031550903118180724,0.0059908558476265,-0.0020911991579017058,-0.0035876545853989563,-0.006235828140176309,0.007305264540893213,0.0036603465665288755,-0.0033249592817017476,0.0019326482244335038,0.007908908308523737,0.0037425185046470457,0.007968432421261232,-0.0035929233208127015,-0.009724638995224362,0.009871777377387779,0.007999874736458412,0.00788667981206279,-0.006941124603620754,0.009879681700248154,0.0019339497586561972,-0.004828826760351964,0.003991470163898302,-0.0030132050838169227,0.009996582776705384,0.0,-0.0031730999821429216,0.009806336565247747,-0.006554982437968185,-0.005459206296780184,0.013988855272715543,-0.00365924596810394,-0.004046163840068215,0.011769485908493,0.011159411474812421,0.0,0.009765975497400064,-0.0010536009278155805,0.003971301531009405,0.007912066891087453,0.0019448361247477051,0.007997344297637276,0.003924039497819173,-0.002849666192176793,0.0,-0.0008652665865588206,-0.004041114939346955,-0.0011548330654601129,-0.00244775319155924,0.007982966036865446,-0.004565902686643471,0.005939950822658055,-0.005107696866975791,0.0,-0.008701939738966085,0.003872396725720308,0.007815314103762676,-0.0027801807776847314,-0.0062899444600037005,-0.003706546784451036,-0.005228609220627151,0.001961938440337238,0.003997333230008471,0.011836152271075866,0.003986718010264703,0.009784712379561423,-0.001428442154226855,0.0,agent15,1
-0.5255646660609292,-0.0019272097835592535,-0.0020269865157175153,-0.007759748265351959,-0.007524764743307244,-0.0038927546181568846,-0.00338668935294917,-0.0034619122139683766,0.005812713029474224,0.001999758646539574,-0.004927027429373142,-0.007376205618097277,0.0,-0.0050316730104251195,-0.005321564679235507,0.005995304125284883,-0.006000041962290377,0.0039999899706880905,0.0,-0.004037420960967755,-0.01010967964023891,0.009400709860537771,-0.00627928389487483,0.007864125323222972,-0.005478336345559754,-0.002055487308667039,-0.0022578322989530207,0.0019651520361638644,0.007978369659585486,0.00798567164521394,0.007449845063522704,0.009960842997301168,-0.00874757969388935,1,-0.0031550903118180724,0.0059908558476265,-0.0020911991579017058,-0.0035876545853989563,-0.006235828140176309,0.007305264540893213,0.0036603465665288755,-0.0033249592817017476,0.0019326482244335038,0.007908908308523737,0.0037425185046470457,0.007968432421261232,-0.0035929233208127015,-0.009724638995224362,0.009871777377387779,0.007999874736458412,0.00788667981206279,-0.006941124603620754,0.009879681700248154,0.0019339497586561972,-0.004828826760351964,0.003991470163898302,-0.0030132050838169227,0.009996582776705384,0.0,-0.0031730999821429216,0.009806336565247747,-0.006554982437968185,-0.005459206296780184,0.013988855272715543,-0.00365924596810394,-0.004046163840068215,0.011769485908493,0.011159411474812421,0.0,0.009765975497400064,-0.0010536009278155805,0.003971301531009405,0.007912066891087453,0.0019448361247477051,0.007997344297637276,0.003924039497819173,-0.002849666192176793,0.0,-0.0008652665865588206,-0.004041114939346955,-0.0011548330654601129,-0.00244775319155924,0.007982966036865446,-0.004565902686643471,0.005939950822658055,-0.005107696866975791,0.0,-0.008701939738966085,0.003872396725720308,0.007815314103762676,-0.0027801807776847314,-0.0062899444600037005,-0.003706546784451036,-0.005228609220627151,0.001961938440337238,0.003997333230008471,0.011836152271075866,0.003986718010264703,0.009784712379561423,-0.001428442154226855,0.0,agent21,0.655325571814391
-0.5265687071758686,-0.0019272097835592535,-0.0020269865157175153,-0.007759748265351959,-0.007524764743307244,-0.0038927546181568846,-0.00338668935294917,-0.0034619122139683766,0.005812713029474224,0.001999758646539574,-0.004927027429373142,-0.007376205618097277,0.0,-0.0050316730104251195,-0.005321564679235507,0.005995304125284883,-0.006000041962290377,0.0039999899706880905,0.0,-0.004037420960967755,-0.01010967964023891,0.009400709860537771,-0.00627928389487483,0.007864125323222972,-0.005478336345559754,-0.002055487308667039,-0.0022578322989530207,0.0019651520361638644,0.007978369659585486,0.00798567164521394,0.007449845063522704,0.009960842997301168,-0.00874757969388935,1,-0.0031550903118180724,0.0059908558476265,-0.0020911991579017058,-0.0035876545853989563,-0.006235828140176309,0.007305264540893213,0.0036603465665288755,-0.0033249592817017476,0.0019326482244335038,0.007908908308523737,0.0037425185046470457,0.007968432421261232,-0.0035929233208127015,-0.009724638995224362,0.009871777377387779,0.007999874736458412,0.00788667981206279,-0.006941124603620754,0.009879681700248154,0.0019339497586561972,-0.004828826760351964,0.003991470163898302,-0.0030132050838169227,0.009996582776705384,0.0,-0.0031730999821429216,0.009806336565247747,-0.006554982437968185,-0.005459206296780184,0.013988855272715543,-0.00365924596810394,-0.004046163840068215,0.011769485908493,0.011159411474812421,0.0,0.009765975497400064,-0.0010536009278155805,0.003971301531009405,0.007912066891087453,0.0019448361247477051,0.007997344297637276,0.003924039497819173,-0.002849666192176793,0.0,-0.0008652665865588206,-0.004877441164180159,-0.0011548330654601129,-0.00244775319155924,0.007982966036865446,-0.004565902686643471,0.005939950822658055,-0.005107696866975791,0.0,-0.008701939738966085,0.003872396725720308,0.007815314103762676,-0.0027801807776847314,-0.0062899444600037005,-0.003706546784451036,-0.005228609220627151,0.001961938440337238,0.003997333230008471,0.011836152271075866,0.003986718010264703,0.009784712379561423,-0.001428442154226855,0.0,agent78,1
-0.527578578953246,-0.0019272097835592535,-0.0020269865157175153,-0.007759748265351959,-0.007524764743307244,-0.0038927546181568846,-0.00338668935294917,-0.0034619122139683766,0.005812713029474224,0.001999758646539574,-0.004927027429373142,-0.007376205618097277,0.0,-0.0050316730104251195,-0.005321564679235507,0.005995304125284883,-0.006000041962290377,0.0039999899706880905,0.0,-0.004037420960967755,-0.01010967964023891,0.009400709860537771,-0.00627928389487483,0.007864125323222972,-0.005478336345559754,-0.002055487308667039,-0.0022578322989530207,0.0019651520361638644,0.007978369659585486,0.00798567164521394,0.007449845063522704,0.009960842997301168,-0.00874757969388935,1,-0.0031550903118180724,0.0059908558476265,-0.0020911991579017058,-0.0035876545853989563,-0.006235828140176309,0.007305264540893213,0.0036603465665288755,-0.0033249592817017476,0.0019326482244335038,0.007908908308523737,0.0037425185046470457,0.007968432421261232,-0.0035929233208127015,-0.009724638995224362,0.011845544247498459,0.007999874736458412,0.00788667981206279,-0.006941124603620754,0.009879681700248154,0.0019339497586561972,-0.004828826760351964,0.003991470163898302,-0.0030132050838169227,0.009996582776705384,0.0,-0.0031730999821429216,0.009806336565247747,-0.006554982437968185,-0.005459206296780184,0.013988855272715543,-0.00365924596810394,-0.004046163840068215,0.011769485908493,0.011159411474812421,0.0,0.009765975497400064,-0.0010536009278155805,0.003971301531009405,0.007912066891087453,0.0019448361247477051,0.007997344297637276,0.003924039497819173,-0.002849666192176793,0.0,-0.0008652665865588206,-0.004877441164180159,-0.0011548330654601129,-0.00244775319155924,0.007982966036865446,-0.004565902686643471,0.005939950822658055,-0.005107696866975791,0.0,-0.008701939738966085,0.003872396725720308,0.007815314103762676,-0.0027801807776847314,-0.0062899444600037005,-0.003706546784451036,-0.005228609220627151,0.001961938440337238,0.003997333230008471,0.011836152271075866,0.003986718010264703,0.009784712379561423,-0.001428442154226855,0.0,agent47,-0.2975135614606089
-0.5285863387015114,-0.0019272097835592535,-0.0020269865157175153,-0.009032209822558505,-0.007524764743307244,-0.0038927546181568846,-0.00338668935294917,-0.0034619122139683766,0.005812713029474224,0.001999758646539574,-0.004927027429373142,-0.007376205618097277,0.0,-0.0050316730104251195,-0.005321564679235507,0.005995304125284883,-0.006000041962290377,0.0039999899706880905,0.0,-0.004037420960967755,-0.01010967964023891,0.009400709860537771,-0.00627928389487483,0.007864125323222972,-0.005478336345559754,-0.002055487308667039,-0.0022578322989530207,0.0019651520361638644,0.007978369659585486,0.00798567164521394,0.007449845063522704,0.009960842997301168,-0.00874757969388935,1,-0.0031550903118180724,0.0059908558476265,-0.0020911991579017058,-0.0035876545853989563,-0.006235828140176309,0.007305264540893213,0.0036603465665288755,-0.0033249592817017476,0.0019326482244335038,0.007908908308523737,0.0037425185046470457,0.007968432421261232,-0.0035929233208127015,-0.009724638995224362,0.011845544247498459,0.007999874736458412,0.00788667981206279,-0.006941124603620754,0.009879681700248154,0.0019339497586561972,-0.004828826760351964,0.003991470163898302,-0.0030132050838169227,0.009996582776705384,0.0,-0.0031730999821429216,0.009806336565247747,-0.006554982437968185,-0.005459206296780184,0.013988855272715543,-0.00365924596810394,-0.004046163840068215,0.011769485908493,0.011159411474812421,0.0,0.009765975497400064,-0.0010536009278155805,0.003971301531009405,0.007912066891087453,0.0019448361247477051,0.007997344297637276,0.003924039497819173,-0.002849666192176793,0.0,-0.0008652665865588206,-0.004877441164180159,-0.0011548330654601129,-0.00244775319155924,0.007982966036865446,-0.004565902686643471,0.005939950822658055,-0.005107696866975791,0.0,-0.008701939738966085,0.003872396725720308,0.007815314103762676,-0.0027801807776847314,-0.0062899444600037005,-0.003706546784451036,-0.005228609220627151,0.001961938440337238,0.003997333230008471,0.011836152271075866,0.003986718010264703,0.009784712379561423,-0.001428442154226855,0.0,agent2,0.6786870989083542
-0.5295899316248323,-0.0019272097835592535,-0.0020269865157175153,-0.009032209822558505,-0.007524764743307244,-0.0038927546181568846,-0.00338668935294917,-0.0034619122139683766,0.005812713029474224,0.001999758646539574,-0.004927027429373142,-0.007376205618097277,0.0,-0.0050316730104251195,-0.005321564679235507,0.005995304125284883,-0.006000041962290377,0.0039999899706880905,0.0,-0.004037420960967755,-0.01010967964023891,0.009400709860537771,-0.00627928389487483,0.007864125323222972,-0.005478336345559754,-0.002055487308667039,-0.0022578322989530207,0.0019651520361638644,0.007978369659585486,0.00798567164521394,0.007449845063522704,0.009960842997301168,-0.00874757969388935,1,-0.0031550903118180724,0.0059908558476265,-0.0020911991579017058,-0.0035876545853989563,-0.006235828140176309,0.007305264540893213,0.0036603465665288755,-0.0033249592817017476,0.0019326482244335038,0.007908908308523737,0.0037425185046470457,0.007968432421261232,-0.004560570112631872,-0.009724638995224362,0.011845544247498459,0.007999874736458412,0.00788667981206279,-0.006941124603620754,0.009879681700248154,0.0019339497586561972,-0.004828826760351964,0.003991470163898302,-0.0030132050838169227,0.009996582776705384,0.0,-0.0031730999821429216,0.009806336565247747,-0.006554982437968185,-0.005459206296780184,0.013988855272715543,-0.00365924596810394,-0.004046163840068215,0.011769485908493,0.011159411474812421,0.0,0.009765975497400064,-0.0010536009278155805,0.003971301531009405,0.007912066891087453,0.0019448361247477051,0.007997344297637276,0.003924039497819173,-0.002849666192176793,0.0,-0.0008652665865588206,-0.004877441164180159,-0.0011548330654601129,-0.00244775319155924,0.007982966036865446,-0.004565902686643471,0.005939950822658055,-0.005107696866975791,0.0,-0.008701939738966085,0.003872396725720308,0.007815314103762676,-0.0027801807776847314,-0.0062899444600037005,-0.003706546784451036,-0.005228609220627151,0.001961938440337238,0.003997333230008471,0.011836152271075866,0.003986718010264703,0.009784712379561423,-0.001428442154226855,0.0,agent45,0.9083222931751503
-0.5305952531895115,-0.0019272097835592535,-0.0020269865157175153,-0.009032209822558505,-0.007524764743307244,-0.0038927546181568846,-0.00338668935294917,-0.0034619122139683766,0.005812713029474224,0.001999758646539574,-0.004927027429373142,-0.007376205618097277,0.0,-0.0050316730104251195,-0.006867439418676633,0.005995304125284883,-0.006000041962290377,0.0039999899706880905,0.0,-0.004037420960967755,-0.01010967964023891,0.009400709860537771,-0.00627928389487483,0.007864125323222972,-0.005478336345559754,-0.002055487308667039,-0.0022578322989530207,0.0019651520361638644,0.007978369659585486,0.00798567164521394,0.007449845063522704,0.009960842997301168,-0.00874757969388935,1,-0.0031550903118180724,0.0059908558476265,-0.0020911991579017058,-0.0035876545853989563,-0.006235828140176309,0.007305264540893213,0.0036603465665288755,-0.0033249592817017476,0.0019326482244335038,0.007908908308523737,0.0037425185046470457,0.007968432421261232,-0.004560570112631872,-0.009724638995224362,0.011845544247498459,0.007999874736458412,0.00788667981206279,-0.006941124603620754,0.009879681700248154,0.0019339497586561972,-0.004828826760351964,0.003991470163898302,-0.0030132050838169227,0.009996582776705384,0.0,-0.0031730999821429216,0.009806336565247747,-0.006554982437968185,-0.005459206296780184,0.013988855272715543,-0.00365924596810394,-0.004046163840068215,0.011769485908493,0.011159411474812421,0.0,0.009765975497400064,-0.0010536009278155805,0.003971301531009405,0.007912066891087453,0.0019448361247477051,0.007997344297637276,0.003924039497819173,-0.002849666192176793,0.0,-0.0008652665865588206,-0.004877441164180159,-0.0011548330654601129,-0.00244775319155924,0.007982966036865446,-0.004565902686643471,0.005939950822658055,-0.005107696866975791,0.0,-0.008701939738966085,0.003872396725720308,0.007815314103762676,-0.0027801807776847314,-0.0062899444600037005,-0.003706546784451036,-0.005228609220627151,0.001961938440337238,0.003997333230008471,0.011836152271075866,0.003986718010264703,0.009784712379561423,-0.001428442154226855,0.0,agent13,0.4234318525531315
-0.5295952531895115,-0.0019272097835592535,-0.0020269865157175153,-0.009032209822558505,-0.007524764743307244,-0.0038927546181568846,-0.00338668935294917,-0.0034619122139683766,0.005812713029474224,0.001999758646539574,-0.004927027429373142,-0.007376205618097277,0.0,-0.0050316730104251195,-0.006867439418676633,0.005995304125284883,-0.006000041962290377,0.0039999899706880905,0.00199588843882413,-0.004037420960967755,-0.01010967964023891,0.009400709860537771,-0.00627928389487483,0.007864125323222972,-0.005478336345559754,-0.002055487308667039,-0.0022578322989530207,0.0019651520361638644,0.007978369659585486,0.00798567164521394,0.007449845063522704,0.009960842997301168,-0.00874757969388935,1,-0.0031550903118180724,0.0059908558476265,-0.0020911991579017058,-0.0035876545853989563,-0.006235828140176309,0.007305264540893213,0.0036603465665288755,-0.0033249592817017476,0.0019326482244335038,0.007908908308523737,0.0037425185046470457,0.007968432421261232,-0.004560570112631872,-0.009724638995224362,0.011845544247498459,0.007999874736458412,0.00788667981206279,-0.006941124603620754,0.009879681700248154,0.0019339497586561972,-0.004828826760351964,0.003991470163898302,-0.0030132050838169227,0.009996582776705384,0.0,-0.0031730999821429216,0.009806336565247747,-0.006554982437968185,-0.005459206296780184,0.013988855272715543,-0.00365924596810394,-0.004046163840068215,0.011769485908493,0.011159411474812421,0.0,0.009765975497400064,-0.0010536009278155805,0.003971301531009405,0.007912066891087453,0.0019448361247477051,0.007997344297637276,0.003924039497819173,-0.002849666192176793,0.0,-0.0008652665865588206,-0.004877441164180159,-0.0011548330654601129,-0.00244775319155924,0.007982966036865446,-0.004565902686643471,0.005939950822658055,-0.005107696866975791,0.0,-0.008701939738966085,0.003872396725720308,0.007815314103762676,-0.0027801807776847314,-0.0062899444600037005,-0.003706546784451036,-0.005228609220627151,0.001961938440337238,0.003997333230008471,0.011836152271075866,0.003986718010264703,0.009784712379561423,-0.001428442154226855,0.0,agent17,-0.6212766865247833
-0.5305985781487932,-0.0019272097835592535,-0.0020269865157175153,-0.009032209822558505,-0.007524764743307244,-0.0038927546181568846,-0.00338668935294917,-0.0034619122139683766,0.005812713029474224,0.001999758646539574,-0.004927027429373142,-0.007376205618097277,0.0,-0.0050316730104251195,-0.006867439418676633,0.005995304125284883,-0.006000041962290377,0.0039999899706880905,0.00199588843882413,-0.004037420960967755,-0.01010967964023891,0.009400709860537771,-0.00627928389487483,0.007864125323222972,-0.005478336345559754,-0.002055487308667039,-0.0022578322989530207,0.0019651520361638644,0.007978369659585486,0.00798567164521394,0.007449845063522704,0.009960842997301168,-0.00874757969388935,1,-0.0031550903118180724,0.0059908558476265,-0.0020911991579017058,-0.0035876545853989563,-0.006235828140176309,0.007305264540893213,0.0036603465665288755,-0.004765647903945298,0.0019326482244335038,0.007908908308523737,0.0037425185046470457,0.007968432421261232,-0.004560570112631872,-0.009724638995224362,0.011845544247498459,0.007999874736458412,0.00788667981206279,-0.006941124603620754,0.009879681700248154,0.0019339497586561972,-0.004828826760351964,0.003991470163898302,-0.0030132050838169227,0.009996582776705384,0.0,-0.0031730999821429216,0.009806336565247747,-0.006554982437968185,-0.005459206296780184,0.013988855272715543,-0.00365924596810394,-0.004046163840068215,0.011769485908493,0.011159411474812421,0.0,0.009765975497400064,-0.0010536009278155805,0.003971301531009405,0.007912066891087453,0.0019448361247477051,0.007997344297637276,0.003924039497819173,-0.002849666192176793,0.0,-0.0008652665865588206,-0.004877441164180159,-0.0011548330654601129,-0.00244775319155924,0.007982966036865446,-0.004565902686643471,0.005939950822658055,-0.005107696866975791,0.0,-0.008701939738966085,0.003872396725720308,0.007815314103762676,-0.0027801807776847314,-0.0062899444600037005,-0.003706546784451036,-0.005228609220627151,0.001961938440337238,0.003997333230008471,0.011836152271075866,0.003986718010264703,0.009784712379561423,-0.001428442154226855,0.0,agent40,0.5280543842202018
-0.5316076103586157,-0.0019272097835592535,-0.0020269865157175153,-0.010296159588700499,-0.007524764743307244,-0.0038927546181568846,-0.00338668935294917,-0.0034619122139683766,0.005812713029474224,0.001999758646539574,-0.004927027429373142,-0.007376205618097277,0.0,-0.0050316730104251195,-0.006867439418676633,0.005995304125284883,-0.006000041962290377,0.0039999899706880905,0.00199588843882413,-0.004037420960967755,-0.01010967964023891,0.009400709860537771,-0.00627928389487483,0.007864125323222972,-0.005478336345559754,-0.002055487308667039,-0.0022578322989530207,0.0019651520361638644,0.007978369659585486,0.00798567164521394,0.007449845063522704,0.009960842997301168,-0.00874757969388935,1,-0.0031550903118180724,0.0059908558476265,-0.0020911991579017058,-0.0035876545853989563,-0.006235828140176309,0.007305264540893213,0.0036603465665288755,-0.004765647903945298,0.0019326482244335038,0.007908908308523737,0.0037425185046470457,0.007968432421261232,-0.004560570112631872,-0.009724638995224362,0.011845544247498459,0.007999874736458412,0.00788667981206279,-0.006941124603620754,0.009879681700248154,0.0019339497586561972,-0.004828826760351964,0.003991470163898302,-0.0030132050838169227,0.009996582776705384,0.0,-0.0031730999821429216,0.009806336565247747,-0.006554982437968185,-0.005459206296780184,0.013988855272715543,-0.00365924596810394,-0.004046163840068215,0.011769485908493,0.011159411474812421,0.0,0.009765975497400064,-0.0010536009278155805,0.003971301531009405,0.007912066891087453,0.0019448361247477051,0.007997344297637276,0.003924039497819173,-0.002849666192176793,0.0,-0.0008652665865588206,-0.004877441164180159,-0.0011548330654601129,-0.00244775319155924,0.007982966036865446,-0.004565902686643471,0.005939950822658055,-0.005107696866975791,0.0,-0.008701939738966085,0.003872396725720308,0.007815314103762676,-0.0027801807776847314,-0.0062899444600037005,-0.003706546784451036,-0.005228609220627151,0.001961938440337238,0.003997333230008471,0.011836152271075866,0.003986718010264703,0.009784712379561423,-0.001428442154226855,0.0,agent2,0.6827028962243378
-0.5326116103485864,-0.0019272097835592535,-0.0020269865157175153,-0.010296159588700499,-0.007524764743307244,-0.0038927546181568846,-0.00338668935294917,-0.0034619122139683766,0.005812713029474224,0.001999758646539574,-0.004927027429373142,-0.007376205618097277,0.0,-0.0050316730104251195,-0.006867439418676633,0.005995304125284883,-0.006000041962290377,0.005999983395489334,0.00199588843882413,-0.004037420960967755,-0.01010967964023891,0.009400709860537771,-0.00627928389487483,0.007864125323222972,-0.005478336345559754,-0.002055487308667039,-0.0022578322989530207,0.0019651520361638644,0.007978369659585486,0.00798567164521394,0.007449845063522704,0.009960842997301168,-0.00874757969388935,1,-0.0031550903118180724,0.0059908558476265,-0.0020911991579017058,-0.0035876545853989563,-0.006235828140176309,0.007305264540893213,0.0036603465665288755,-0.004765647903945298,0.0019326482244335038,0.007908908308523737,0.0037425185046470457,0.007968432421261232,-0.004560570112631872,-0.009724638995224362,0.011845544247498459,0.007999874736458412,0.00788667981206279,-0.006941124603620754,0.009879681700248154,0.0019339497586561972,-0.004828826760351964,0.003991470163898302,-0.0030132050838169227,0.009996582776705384,0.0,-0.0031730999821429216,0.009806336565247747,-0.006554982437968185,-0.005459206296780184,0.013988855272715543,-0.00365924596810394,-0.004046163840068215,0.011769485908493,0.011159411474812421,0.0,0.009765975497400064,-0.0010536009278155805,0.003971301531009405,0.007912066891087453,0.0019448361247477051,0.007997344297637276,0.003924039497819173,-0.002849666192176793,0.0,-0.0008652665865588206,-0.004877441164180159,-0.0011548330654601129,-0.00244775319155924,0.007982966036865446,-0.004565902686643471,0.005939950822658055,-0.005107696866975791,0.0,-0.008701939738966085,0.003872396725720308,0.007815314103762676,-0.0027801807776847314,-0.0062899444600037005,-0.003706546784451036,-0.005228609220627151,0.001961938440337238,0.003997333230008471,0.011836152271075866,0.003986718010264703,0.009784712379561423,-0.001428442154226855,0.0,agent16,-0.5279812626763564
-0.5316116103485864,-0.0019272097835592535,-0.0020269865157175153,-0.010296159588700499,-0.007524764743307244,-0.0038927546181568846,-0.00338668935294917,-0.0034619122139683766,0.005812713029474224,0.001999758646539574,-0.004927027429373142,-0.007376205618097277,0.0,-0.0050316730104251195,-0.006867439418676633,0.005995304125284883,-0.006000041962290377,0.005999983395489334,0.00199588843882413,-0.004037420960967755,-0.01010967964023891,0.009400709860537771,-0.00627928389487483,0.007864125323222972,-0.005478336345559754,-0.002055487308667039,-0.0022578322989530207,0.0019651520361638644,0.007978369659585486,0.00798567164521394,0.007449845063522704,0.009960842997301168,-0.00874757969388935,1,-0.0031550903118180724,0.0059908558476265,-0.0020911991579017058,-0.0035876545853989563,-0.006235828140176309,0.007305264540893213,0.0036603465665288755,-0.004765647903945298,0.0019326482244335038,0.007908908308523737,0.0037425185046470457,0.007968432421261232,-0.004560570112631872,-0.009724638995224362,0.011845544247498459,0.007999874736458412,0.00788667981206279,-0.006941124603620754,0.009879681700248154,0.0019339497586561972,-0.004828826760351964,0.003991470163898302,-0.0030132050838169227,0.009996582776705384,0.0019677875984604786,-0.0031730999821429216,0.009806336565247747,-0.006554982437968185,-0.005459206296780184,0.013988855272715543,-0.00365924596810394,-0.004046163840068215,0.011769485908493,0.011159411474812421,0.0,0.009765975497400064,-0.0010536009278155805,0.003971301531009405,0.007912066891087453,0.0019448361247477051,0.007997344297637276,0.003924039497819173,-0.002849666192176793,0.0,-0.0008652665865588206,-0.004877441164180159,-0.0011548330654601129,-0.00244775319155924,0.007982966036865446,-0.004565902686643471,0.005939950822658055,-0.005107696866975791,0.0,-0.008701939738966085,0.003872396725720308,0.007815314103762676,-0.0027801807776847314,-0.0062899444600037005,-0.003706546784451036,-0.005228609220627151,0.001961938440337238,0.003997333230008471,0.011836152271075866,0.003986718010264703,0.009784712379561423,-0.001428442154226855,0.0,agent57,-0.7864320253648794
-0.5326178461767266,-0.0019272097835592535,-0.0020269865157175153,-0.010296159588700499,-0.007524764743307244,-0.0038927546181568846,-0.00338668935294917,-0.0034619122139683766,0.005812713029474224,0.001999758646539574,-0.004927027429373142,-0.007376205618097277,0.0,-0.0050316730104251195,-0.006867439418676633,0.005995304125284883,-0.006000041962290377,0.005999983395489334,0.00199588843882413,-0.004037420960967755,-0.01010967964023891,0.009400709860537771,-0.00627928389487483,0.007864125323222972,-0.005478336345559754,-0.002055487308667039,-0.0022578322989530207,0.0019651520361638644,0.007978369659585486,0.00798567164521394,0.007449845063522704,0.009960842997301168,-0.00874757969388935,1,-0.0031550903118180724,0.0059908558476265,-0.0020911991579017058,-0.0035876545853989563,-0.007062911077699014,0.007305264540893213,0.0036603465665288755,-0.004765647903945298,0.0019326482244335038,0.007908908308523737,0.0037425185046470457,0.007968432421261232,-0.004560570112631872,-0.009724638995224362,0.011845544247498459,0.007999874736458412,0.00788667981206279,-0.006941124603620754,0.009879681700248154,0.0019339497586561972,-0.004828826760351964,0.003991470163898302,-0.0030132050838169227,0.009996582776705384,0.0019677875984604786,-0.0031730999821429216,0.009806336565247747,-0.006554982437968185,-0.005459206296780184,0.013988855272715543,-0.00365924596810394,-0.004046163840068215,0.011769485908493,0.011159411474812421,0.0,0.009765975497400064,-0.0010536009278155805,0.003971301531009405,0.007912066891087453,0.0019448361247477051,0.007997344297637276,0.003924039497819173,-0.002849666192176793,0.0,-0.0008652665865588206,-0.004877441164180159,-0.0011548330654601129,-0.00244775319155924,0.007982966036865446,-0.004565902686643471,0.005939950822658055,-0.005107696866975791,0.0,-0.008701939738966085,0.003872396725720308,0.007815314103762676,-0.0027801807776847314,-0.0062899444600037005,-0.003706546784451036,-0.005228609220627151,0.001961938440337238,0.003997333230008471,0.011836152271075866,0.003986718010264703,0.009784712379561423,-0.001428442154226855,0.0,agent37,1
-0.5336217185734523,-0.0019272097835592535,-0.0020269865157175153,-0.010296159588700499,-0.007524764743307244,-0.0038927546181568846,-0.00338668935294917,-0.0034619122139683766,0.005812713029474224,0.001999758646539574,-0.004927027429373142,-0.007376205618097277,0.0,-0.0050316730104251195,-0.006867439418676633,0.005995304125284883,-0.006000041962290377,0.005999983395489334,0.00199588843882413,-0.004037420960967755,-0.01010967964023891,0.009400709860537771,-0.00627928389487483,0.007864125323222972,-0.005478336345559754,-0.002055487308667039,-0.0022578322989530207,0.0019651520361638644,0.007978369659585486,0.00798567164521394,0.007449845063522704,0.009960842997301168,-0.00874757969388935,1,-0.0031550903118180724,0.0059908558476265,-0.0020911991579017058,-0.0035876545853989563,-0.007062911077699014,0.007305264540893213,0.0036603465665288755,-0.004765647903945298,0.0019326482244335038,0.007908908308523737,0.0037425185046470457,0.007968432421261232,-0.004560570112631872,-0.009724638995224362,0.011845544247498459,0.007999874736458412,0.00788667981206279,-0.006941124603620754,0.009879681700248154,0.0019339497586561972,-0.004828826760351964,0.003991470163898302,-0.0030132050838169227,0.009996582776705384,0.0019677875984604786,-0.0031730999821429216,0.009806336565247747,-0.006554982437968185,-0.005459206296780184,0.013988855272715543,-0.00365924596810394,-0.004046163840068215,0.011769485908493,0.011159411474812421,0.0,0.009765975497400064,-0.0010536009278155805,0.003971301531009405,0.007912066891087453,0.0019448361247477051,0.007997344297637276,0.003924039497819173,-0.002849666192176793,0.0,-0.0008652665865588206,-0.004877441164180159,-0.0011548330654601129,-0.00244775319155924,0.007982966036865446,-0.004565902686643471,0.005939950822658055,-0.005107696866975791,0.0,-0.008701939738966085,0.005808430447062965,0.007815314103762676,-0.0027801807776847314,-0.0062899444600037005,-0.003706546784451036,-0.005228609220627151,0.001961938440337238,0.003997333230008471,0.011836152271075866,0.003986718010264703,0.009784712379561423,-0.001428442154226855,0.0,agent87,-0.17494123621363822
-0.5336217185734523,-0.0019272097835592535,-0.0020269865157175153,-0.010296159588700499,-0.007524764743307244,-0.0038927546181568846,-0.00338668935294917,-0.0034619122139683766,0.005812713029474224,0.001999758646539574,-0.004927027429373142,-0.007376205618097277,0.0,-0.0050316730104251195,-0.006867439418676633,0.005995304125284883,-0.006000041962290377,0.005999983395489334,0.00199588843882413,-0.004037420960967755,-0.01010967964023891,0.009400709860537771,-0.00627928389487483,0.007864125323222972,-0.005478336345559754,-0.002055487308667039,-0.0022578322989530207,0.0019651520361638644,0.007978369659585486,0.00798567164521394,0.007449845063522704,0.009960842997301168,-0.00874757969388935,1,-0.0031550903118180724,0.0059908558476265,-0.0020911991579017058,-0.0035876545853989563,-0.007062911077699014,0.007305264540893213,0.0036603465665288755,-0.004765647903945298,0.0019326482244335038,0.007908908308523737,0.0037425185046470457,0.007968432421261232,-0.004560570112631872,-0.009724638995224362,0.011845544247498459,0.007999874736458412,0.00788667981206279,-0.006941124603620754,0.009879681700248154,0.0019339497586561972,-0.004828826760351964,0.003991470163898302,-0.0030132050838169227,0.009996582776705384,0.0019677875984604786,-0.0031730999821429216,0.009806336565247747,-0.006554982437968185,-0.005459206296780184,0.013988855272715543,-0.00365924596810394,-0.004046163840068215,0.011769485908493,0.011159411474812421,0.0,0.009765975497400064,-0.0010536009278155805,0.003971301531009405,0.007912066891087453,0.0019448361247477051,0.007997344297637276,0.003924039497819173,-0.002849666192176793,0.0,-0.0008652665865588206,-0.004877441164180159,-0.0011548330654601129,-0.00244775319155924,0.007982966036865446,-0.004565902686643471,0.005939950822658055,-0.005107696866975791,0.0,-0.008701939738966085,0.005808430447062965,0.007815314103762676,-0.0027801807776847314,-0.0062899444600037005,-0.003706546784451036,-0.005228609220627151,0.001961938440337238,0.003997333230008471,0.011836152271075866,0.003986718010264703,0.009784712379561423,-0.001428442154226855,0.0,agent32,-0.5336217185734523
-0.5346251804856663,-0.0019272097835592535,-0.0020269865157175153,-0.010296159588700499,-0.007524764743307244,-0.0038927546181568846,-0.00338668935294917,-0.004285914426128282,0.005812713029474224,0.001999758646539574,-0.004927027429373142,-0.007376205618097277,0.0,-0.0050316730104251195,-0.006867439418676633,0.005995304125284883,-0.006000041962290377,0.005999983395489334,0.00199588843882413,-0.004037420960967755,-0.01010967964023891,0.009400709860537771,-0.00627928389487483,0.007864125323222972,-0.005478336345559754,-0.002055487308667039,-0.0022578322989530207,0.0019651520361638644,0.007978369659585486,0.00798567164521394,0.007449845063522704,0.009960842997301168,-0.00874757969388935,1,-0.0031550903118180724,0.0059908558476265,-0.0020911991579017058,-0.0035876545853989563,-0.007062911077699014,0.007305264540893213,0.0036603465665288755,-0.004765647903945298,0.0019326482244335038,0.007908908308523737,0.0037425185046470457,0.007968432421261232,-0.004560570112631872,-0.009724638995224362,0.011845544247498459,0.007999874736458412,0.00788667981206279,-0.006941124603620754,0.009879681700248154,0.0019339497586561972,-0.004828826760351964,0.003991470163898302,-0.0030132050838169227,0.009996582776705384,0.0019677875984604786,-0.0031730999821429216,0.009806336565247747,-0.006554982437968185,-0.005459206296780184,0.013988855272715543,-0.00365924596810394,-0.004046163840068215,0.011769485908493,0.011159411474812421,0.0,0.009765975497400064,-0.0010536009278155805,0.003971301531009405,0.007912066891087453,0.0019448361247477051,0.007997344297637276,0.003924039497819173,-0.002849666192176793,0.0,-0.0008652665865588206,-0.004877441164180159,-0.0011548330654601129,-0.00244775319155924,0.007982966036865446,-0.004565902686643471,0.005939950822658055,-0.005107696866975791,0.0,-0.008701939738966085,0.005808430447062965,0.007815314103762676,-0.0027801807776847314,-0.0062899444600037005,-0.003706546784451036,-0.005228609220627151,0.001961938440337238,0.003997333230008471,0.011836152271075866,0.003986718010264703,0.009784712379561423,-0.001428442154226855,0.0,agent6,1
-0.5356283355759781,-0.0019272097835592535,-0.0020269865157175153,-0.010296159588700499,-0.007524764743307244,-0.0038927546181568846,-0.00338668935294917,-0.004285914426128282,0.005812713029474224,0.001999758646539574,-0.004927027429373142,-0.007376205618097277,0.0,-0.0050316730104251195,-0.006867439418676633,0.005995304125284883,-0.006000041962290377,0.005999983395489334,0.00199588843882413,-0.004037420960967755,-0.01010967964023891,0.009400709860537771,-0.00627928389487483,0.007864125323222972,-0.005478336345559754,-0.002055487308667039,-0.0022578322989530207,0.0019651520361638644,0.007978369659585486,0.00798567164521394,0.007449845063522704,0.009960842997301168,-0.00874757969388935,1,-0.00397755308952774,0.0059908558476265,-0.0020911991579017058,-0.0035876545853989563,-0.007062911077699014,0.007305264540893213,0.0036603465665288755,-0.004765647903945298,0.0019326482244335038,0.007908908308523737,0.0037425185046470457,0.007968432421261232,-0.004560570112631872,-0.009724638995224362,0.011845544247498459,0.007999874736458412,0.00788667981206279,-0.006941124603620754,0.009879681700248154,0.0019339497586561972,-0.004828826760351964,0.003991470163898302,-0.0030132050838169227,0.009996582776705384,0.0019677875984604786,-0.0031730999821429216,0.009806336565247747,-0.006554982437968185,-0.005459206296780184,0.013988855272715543,-0.00365924596810394,-0.004046163840068215,0.011769485908493,0.011159411474812421,0.0,0.009765975497400064,-0.0010536009278155805,0.003971301531009405,0.007912066891087453,0.0019448361247477051,0.007997344297637276,0.003924039497819173,-0.002849666192176793,0.0,-0.0008652665865588206,-0.004877441164180159,-0.0011548330654601129,-0.00244775319155924,0.007982966036865446,-0.004565902686643471,0.005939950822658055,-0.005107696866975791,0.0,-0.008701939738966085,0.005808430447062965,0.007815314103762676,-0.0027801807776847314,-0.0062899444600037005,-0.003706546784451036,-0.005228609220627151,0.001961938440337238,0.003997333230008471,0.011836152271075866,0.003986718010264703,0.009784712379561423,-0.001428442154226855,0.0,agent33,1
-0.5366292008425647,-0.0019272097835592535,-0.0020269865157175153,-0.010296159588700499,-0.007524764743307244,-0.0038927546181568846,-0.00338668935294917,-0.004285914426128282,0.005812713029474224,0.001999758646539574,-0.004927027429373142,-0.007376205618097277,0.0,-0.0050316730104251195,-0.006867439418676633,0.005995304125284883,-0.006000041962290377,0.005999983395489334,0.00199588843882413,-0.004037420960967755,-0.01010967964023891,0.009400709860537771,-0.00627928389487483,0.007864125323222972,-0.005478336345559754,-0.002055487308667039,-0.0022578322989530207,0.0019651520361638644,0.007978369659585486,0.00798567164521394,0.007449845063522704,0.009960842997301168,-0.00874757969388935,1,-0.00397755308952774,0.0059908558476265,-0.0020911991579017058,-0.0035876545853989563,-0.007062911077699014,0.007305264540893213,0.0036603465665288755,-0.004765647903945298,0.0019326482244335038,0.007908908308523737,0.0037425185046470457,0.007968432421261232,-0.004560570112631872,-0.009724638995224362,0.011845544247498459,0.007999874736458412,0.00788667981206279,-0.006941124603620754,0.009879681700248154,0.0019339497586561972,-0.004828826760351964,0.003991470163898302,-0.0030132050838169227,0.009996582776705384,0.0019677875984604786,-0.0031730999821429216,0.009806336565247747,-0.006554982437968185,-0.005459206296780184,0.013988855272715543,-0.00365924596810394,-0.004046163840068215,0.011769485908493,0.011159411474812421,0.0,0.009765975497400064,-0.0010536009278155805,0.003971301531009405,0.007912066891087453,0.0019448361247477051,0.007997344297637276,0.003924039497819173,-0.002849666192176793,0.0,-0.0016861893940468963,-0.004877441164180159,-0.0011548330654601129,-0.00244775319155924,0.007982966036865446,-0.004565902686643471,0.005939950822658055,-0.005107696866975791,0.0,-0.008701939738966085,0.005808430447062965,0.007815314103762676,-0.0027801807776847314,-0.0062899444600037005,-0.003706546784451036,-0.005228609220627151,0.001961938440337238,0.003997333230008471,0.011836152271075866,0.003986718010264703,0.009784712379561423,-0.001428442154226855,0.0,agent77,1
-0.5376330935971829,-0.0019272097835592535,-0.0020269865157175153,-0.010296159588700499,-0.007524764743307244,-0.004712139967715855,-0.00338668935294917,-0.004285914426128282,0.005812713029474224,0.001999758646539574,-0.004927027429373142,-0.007376205618097277,0.0,-0.0050316730104251195,-0.006867439418676633,0.005995304125284883,-0.006000041962290377,0.005999983395489334,0.00199588843882413,-0.004037420960967755,-0.01010967964023891,0.009400709860537771,-0.00627928389487483,0.007864125323222972,-0.005478336345559754,-0.002055487308667039,-0.0022578322989530207,0.0019651520361638644,0.007978369659585486,0.00798567164521394,0.007449845063522704,0.009960842997301168,-0.00874757969388935,1,-0.00397755308952774,0.0059908558476265,-0.0020911991579017058,-0.0035876545853989563,-0.007062911077699014,0.007305264540893213,0.0036603465665288755,-0.004765647903945298,0.0019326482244335038,0.007908908308523737,0.0037425185046470457,0.007968432421261232,-0.004560570112631872,-0.009724638995224362,0.011845544247498459,0.007999874736458412,0.00788667981206279,-0.006941124603620754,0.009879681700248154,0.0019339497586561972,-0.004828826760351964,0.003991470163898302,-0.0030132050838169227,0.009996582776705384,0.0019677875984604786,-0.0031730999821429216,0.009806336565247747,-0.006554982437968185,-0.005459206296780184,0.013988855272715543,-0.00365924596810394,-0.004046163840068215,0.011769485908493,0.011159411474812421,0.0,0.009765975497400064,-0.0010536009278155805,0.003971301531009405,0.007912066891087453,0.0019448361247477051,0.007997344297637276,0.003924039497819173,-0.002849666192176793,0.0,-0.0016861893940468963,-0.004877441164180159,-0.0011548330654601129,-0.00244775319155924,0.007982966036865446,-0.004565902686643471,0.005939950822658055,-0.005107696866975791,0.0,-0.008701939738966085,0.005808430447062965,0.007815314103762676,-0.0027801807776847314,-0.0062899444600037005,-0.003706546784451036,-0.005228609220627151,0.001961938440337238,0.003997333230008471,0.011836152271075866,0.003986718010264703,0.009784712379561423,-0.001428442154226855,0.0,agent4,1
-0.538640469802801,-0.0019272097835592535,-0.0020269865157175153,-0.010296159588700499,-0.007524764743307244,-0.004712139967715855,-0.00338668935294917,-0.004285914426128282,0.005812713029474224,0.001999758646539574,-0.004927027429373142,-0.008271996896718243,0.0,-0.0050316730104251195,-0.006867439418676633,0.005995304125284883,-0.006000041962290377,0.005999983395489334,0.00199588843882413,-0.004037420960967755,-0.01010967964023891,0.009400709860537771,-0.00627928389487483,0.007864125323222972,-0.005478336345559754,-0.002055487308667039,-0.0022578322989530207,0.0019651520361638644,0.007978369659585486,0.00798567164521394,0.007449845063522704,0.009960842997301168,-0.00874757969388935,1,-0.00397755308952774,0.0059908558476265,-0.0020911991579017058,-0.0035876545853989563,-0.007062911077699014,0.007305264540893213,0.0036603465665288755,-0.004765647903945298,0.0019326482244335038,0.007908908308523737,0.0037425185046470457,0.007968432421261232,-0.004560570112631872,-0.009724638995224362,0.011845544247498459,0.007999874736458412,0.00788667981206279,-0.006941124603620754,0.009879681700248154,0.0019339497586561972,-0.004828826760351964,0.003991470163898302,-0.0030132050838169227,0.009996582776705384,0.0019677875984604786,-0.0031730999821429216,0.009806336565247747,-0.006554982437968185,-0.005459206296780184,0.013988855272715543,-0.00365924596810394,-0.004046163840068215,0.011769485908493,0.011159411474812421,0.0,0.009765975497400064,-0.0010536009278155805,0.003971301531009405,0.007912066891087453,0.0019448361247477051,0.007997344297637276,0.003924039497819173,-0.002849666192176793,0.0,-0.0016861893940468963,-0.004877441164180159,-0.0011548330654601129,-0.00244775319155924,0.007982966036865446,-0.004565902686643471,0.005939950822658055,-0.005107696866975791,0.0,-0.008701939738966085,0.005808430447062965,0.007815314103762676,-0.0027801807776847314,-0.0062899444600037005,-0.003706546784451036,-0.005228609220627151,0.001961938440337238,0.003997333230008471,0.011836152271075866,0.003986718010264703,0.009784712379561423,-0.001428442154226855,0.0,agent10,0.9484414142112468
-0.537640469802801,-0.0019272097835592535,-0.0020269865157175153,-0.010296159588700499,-0.007524764743307244,-0.004712139967715855,-0.00338668935294917,-0.004285914426128282,0.005812713029474224,0.001999758646539574,-0.004927027429373142,-0.008271996896718243,0.0,-0.0050316730104251195,-0.006867439418676633,0.005995304125284883,-0.006000041962290377,0.005999983395489334,0.00199588843882413,-0.004037420960967755,-0.01010967964023891,0.009400709860537771,-0.00627928389487483,0.007864125323222972,-0.005478336345559754,-0.002055487308667039,-0.0022578322989530207,0.0019651520361638644,0.007978369659585486,0.00798567164521394,0.007449845063522704,0.009960842997301168,-0.00874757969388935,1,-0.00397755308952774,0.0059908558476265,-0.0020911991579017058,-0.0035876545853989563,-0.007062911077699014,0.007305264540893213,0.0036603465665288755,-0.004765647903945298,0.0019326482244335038,0.007908908308523737,0.0037425185046470457,0.007968432421261232,-0.004560570112631872,-0.009724638995224362,0.011845544247498459,0.007999874736458412,0.00788667981206279,-0.006941124603620754,0.009879681700248154,0.0019339497586561972,-0.004828826760351964,0.003991470163898302,-0.0030132050838169227,0.009996582776705384,0.0019677875984604786,-0.0031730999821429216,0.009806336565247747,-0.006554982437968185,-0.005459206296780184,0.013988855272715543,-0.00365924596810394,-0.004046163840068215,0.011769485908493,0.011159411474812421,0.0,0.009765975497400064,-0.0010536009278155805,0.003971301531009405,0.007912066891087453,0.0019448361247477051,0.007997344297637276,0.003924039497819173,-0.002849666192176793,-0.0010626490774823811,-0.0016861893940468963,-0.004877441164180159,-0.0011548330654601129,-0.00244775319155924,0.007982966036865446,-0.004565902686643471,0.005939950822658055,-0.005107696866975791,0.0,-0.008701939738966085,0.005808430447062965,0.007815314103762676,-0.0027801807776847314,-0.0062899444600037005,-0.003706546784451036,-0.005228609220627151,0.001961938440337238,0.003997333230008471,0.011836152271075866,0.003986718010264703,0.009784712379561423,-0.001428442154226855,0.0,agent76,0.8305570488318326
-0.5386501944417962,-0.0019272097835592535,-0.0020269865157175153,-0.010296159588700499,-0.007524764743307244,-0.004712139967715855,-0.00338668935294917,-0.004285914426128282,0.005812713029474224,0.001999758646539574,-0.004927027429373142,-0.008271996896718243,0.0,-0.0050316730104251195,-0.006867439418676633,0.005995304125284883,-0.006000041962290377,0.005999983395489334,0.00199588843882413,-0.004037420960967755,-0.01010967964023891,0.009400709860537771,-0.00627928389487483,0.007864125323222972,-0.005478336345559754,-0.002055487308667039,-0.0022578322989530207,0.0019651520361638644,0.007978369659585486,0.00798567164521394,0.007449845063522704,0.009960842997301168,-0.00874757969388935,1,-0.00397755308952774,0.0059908558476265,-0.0020911991579017058,-0.0035876545853989563,-0.007062911077699014,0.007305264540893213,0.0036603465665288755,-0.004765647903945298,0.0019326482244335038,0.007908908308523737,0.0037425185046470457,0.007968432421261232,-0.004560570112631872,-0.011120443075397318,0.011845544247498459,0.007999874736458412,0.00788667981206279,-0.006941124603620754,0.009879681700248154,0.0019339497586561972,-0.004828826760351964,0.003991470163898302,-0.0030132050838169227,0.009996582776705384,0.0019677875984604786,-0.0031730999821429216,0.009806336565247747,-0.006554982437968185,-0.005459206296780184,0.013988855272715543,-0.00365924596810394,-0.004046163840068215,0.011769485908493,0.011159411474812421,0.0,0.009765975497400064,-0.0010536009278155805,0.003971301531009405,0.007912066891087453,0.0019448361247477051,0.007997344297637276,0.003924039497819173,-0.002849666192176793,-0.0010626490774823811,-0.0016861893940468963,-0.004877441164180159,-0.0011548330654601129,-0.00244775319155924,0.007982966036865446,-0.004565902686643471,0.005939950822658055,-0.005107696866975791,0.0,-0.008701939738966085,0.005808430447062965,0.007815314103762676,-0.0027801807776847314,-0.0062899444600037005,-0.003706546784451036,-0.005228609220627151,0.001961938440337238,0.003997333230008471,0.011836152271075866,0.003986718010264703,0.009784712379561423,-0.001428442154226855,0.0,agent46,0.5616283051808653
-0.5396521563802366,-0.0019272097835592535,-0.0020269865157175153,-0.010296159588700499,-0.007524764743307244,-0.004712139967715855,-0.00338668935294917,-0.004285914426128282,0.005812713029474224,0.001999758646539574,-0.004927027429373142,-0.008271996896718243,0.0,-0.0050316730104251195,-0.006867439418676633,0.005995304125284883,-0.006000041962290377,0.005999983395489334,0.00199588843882413,-0.004037420960967755,-0.01010967964023891,0.009400709860537771,-0.00627928389487483,0.007864125323222972,-0.005478336345559754,-0.002055487308667039,-0.0022578322989530207,0.0019651520361638644,0.007978369659585486,0.00798567164521394,0.007449845063522704,0.009960842997301168,-0.00874757969388935,1,-0.00397755308952774,0.0059908558476265,-0.0020911991579017058,-0.0035876545853989563,-0.007062911077699014,0.007305264540893213,0.0036603465665288755,-0.004765647903945298,0.0019326482244335038,0.007908908308523737,0.0037425185046470457,0.007968432421261232,-0.004560570112631872,-0.011120443075397318,0.011845544247498459,0.007999874736458412,0.00788667981206279,-0.006941124603620754,0.009879681700248154,0.0019339497586561972,-0.004828826760351964,0.003991470163898302,-0.0030132050838169227,0.009996582776705384,0.0019677875984604786,-0.0031730999821429216,0.009806336565247747,-0.006554982437968185,-0.005459206296780184,0.013988855272715543,-0.00365924596810394,-0.004046163840068215,0.011769485908493,0.011159411474812421,0.0,0.009765975497400064,-0.0010536009278155805,0.003971301531009405,0.007912066891087453,0.0019448361247477051,0.007997344297637276,0.003924039497819173,-0.002849666192176793,-0.0010626490774823811,-0.0016861893940468963,-0.004877441164180159,-0.0011548330654601129,-0.00244775319155924,0.007982966036865446,-0.004565902686643471,0.005939950822658055,-0.005107696866975791,0.0,-0.008701939738966085,0.005808430447062965,0.007815314103762676,-0.0027801807776847314,-0.0062899444600037005,-0.003706546784451036,-0.005228609220627151,0.0039244430151180575,0.003997333230008471,0.011836152271075866,0.003986718010264703,0.009784712379561423,-0.001428442154226855,0.0,agent93,-0.2648056209363825
-0.5406576155865334,-0.0019272097835592535,-0.0020269865157175153,-0.010296159588700499,-0.007524764743307244,-0.004712139967715855,-0.00338668935294917,-0.004285914426128282,0.005812713029474224,0.001999758646539574,-0.004927027429373142,-0.008271996896718243,0.0,-0.0050316730104251195,-0.006867439418676633,0.005995304125284883,-0.006000041962290377,0.005999983395489334,0.00199588843882413,-0.004037420960967755,-0.01010967964023891,0.009400709860537771,-0.00627928389487483,0.007864125323222972,-0.005478336345559754,-0.002055487308667039,-0.0022578322989530207,0.0019651520361638644,0.007978369659585486,0.00798567164521394,0.007449845063522704,0.009960842997301168,-0.00874757969388935,1,-0.00397755308952774,0.0059908558476265,-0.0020911991579017058,-0.0035876545853989563,-0.007062911077699014,0.007305264540893213,0.0036603465665288755,-0.004765647903945298,0.0019326482244335038,0.007908908308523737,0.0037425185046470457,0.007968432421261232,-0.004560570112631872,-0.011120443075397318,0.011845544247498459,0.007999874736458412,0.00788667981206279,-0.006941124603620754,0.009879681700248154,0.0019339497586561972,-0.004828826760351964,0.003991470163898302,-0.0030132050838169227,0.009996582776705384,0.0019677875984604786,-0.0031730999821429216,0.009806336565247747,-0.006554982437968185,-0.007018863895434702,0.013988855272715543,-0.00365924596810394,-0.004046163840068215,0.011769485908493,0.011159411474812421,0.0,0.009765975497400064,-0.0010536009278155805,0.003971301531009405,0.007912066891087453,0.0019448361247477051,0.007997344297637276,0.003924039497819173,-0.002849666192176793,-0.0010626490774823811,-0.0016861893940468963,-0.004877441164180159,-0.0011548330654601129,-0.00244775319155924,0.007982966036865446,-0.004565902686643471,0.005939950822658055,-0.005107696866975791,0.0,-0.008701939738966085,0.005808430447062965,0.007815314103762676,-0.0027801807776847314,-0.0062899444600037005,-0.003706546784451036,-0.005228609220627151,0.0039244430151180575,0.003997333230008471,0.011836152271075866,0.003986718010264703,0.009784712379561423,-0.001428442154226855,0.0,agent61,0.3987959256631777
-0.541661358105038,-0.0019272097835592535,-0.0020269865157175153,-0.010296159588700499,-0.007524764743307244,-0.004712139967715855,-0.00338668935294917,-0.004285914426128282,0.005812713029474224,0.001999758646539574,-0.004927027429373142,-0.008271996896718243,0.0,-0.0050316730104251195,-0.006867439418676633,0.005995304125284883,-0.006000041962290377,0.005999983395489334,0.00199588843882413,-0.004037420960967755,-0.01010967964023891,0.009400709860537771,-0.00627928389487483,0.007864125323222972,-0.005478336345559754,-0.002055487308667039,-0.0022578322989530207,0.0019651520361638644,0.007978369659585486,0.00798567164521394,0.007449845063522704,0.009960842997301168,-0.00874757969388935,1,-0.00397755308952774,0.0059908558476265,-0.0020911991579017058,-0.0035876545853989563,-0.007062911077699014,0.007305264540893213,0.0036603465665288755,-0.004765647903945298,0.0019326482244335038,0.007908908308523737,0.005637020791587721,0.007968432421261232,-0.004560570112631872,-0.011120443075397318,0.011845544247498459,0.007999874736458412,0.00788667981206279,-0.006941124603620754,0.009879681700248154,0.0019339497586561972,-0.004828826760351964,0.003991470163898302,-0.0030132050838169227,0.009996582776705384,0.0019677875984604786,-0.0031730999821429216,0.009806336565247747,-0.006554982437968185,-0.007018863895434702,0.013988855272715543,-0.00365924596810394,-0.004046163840068215,0.011769485908493,0.011159411474812421,0.0,0.009765975497400064,-0.0010536009278155805,0.003971301531009405,0.007912066891087453,0.0019448361247477051,0.007997344297637276,0.003924039497819173,-0.002849666192176793,-0.0010626490774823811,-0.0016861893940468963,-0.004877441164180159,-0.0011548330654601129,-0.00244775319155924,0.007982966036865446,-0.004565902686643471,0.005939950822658055,-0.005107696866975791,0.0,-0.008701939738966085,0.005808430447062965,0.007815314103762676,-0.0027801807776847314,-0.0062899444600037005,-0.003706546784451036,-0.005228609220627151,0.0039244430151180575,0.003997333230008471,0.011836152271075866,0.003986718010264703,0.009784712379561423,-0.001428442154226855,0.0,agent43,-1
-0.5426683769689334,-0.0019272097835592535,-0.0020269865157175153,-0.010296159588700499,-0.007524764743307244,-0.004712139967715855,-0.00338668935294917,-0.004285914426128282,0.005812713029474224,0.001999758646539574,-0.004927027429373142,-0.008271996896718243,0.0,-0.0050316730104251195,-0.006867439418676633,0.005995304125284883,-0.006000041962290377,0.005999983395489334,0.00199588843882413,-0.004037420960967755,-0.01010967964023891,0.009400709860537771,-0.00627928389487483,0.007864125323222972,-0.005478336345559754,-0.002055487308667039,-0.0022578322989530207,0.0019651520361638644,0.007978369659585486,0.00798567164521394,0.007449845063522704,0.009960842997301168,-0.00874757969388935,1,-0.00397755308952774,0.0059908558476265,-0.0020911991579017058,-0.0035876545853989563,-0.007062911077699014,0.007305264540893213,0.0036603465665288755,-0.004765647903945298,0.0019326482244335038,0.007908908308523737,0.005637020791587721,0.007968432421261232,-0.004560570112631872,-0.011120443075397318,0.011845544247498459,0.007999874736458412,0.00788667981206279,-0.006941124603620754,0.009879681700248154,0.0019339497586561972,-0.004828826760351964,0.003991470163898302,-0.0030132050838169227,0.009996582776705384,0.0019677875984604786,-0.0031730999821429216,0.009806336565247747,-0.006554982437968185,-0.00857569059710062,0.013988855272715543,-0.00365924596810394,-0.004046163840068215,0.011769485908493,0.011159411474812421,0.0,0.009765975497400064,-0.0010536009278155805,0.003971301531009405,0.007912066891087453,0.0019448361247477051,0.007997344297637276,0.003924039497819173,-0.002849666192176793,-0.0010626490774823811,-0.0016861893940468963,-0.004877441164180159,-0.0011548330654601129,-0.00244775319155924,0.007982966036865446,-0.004565902686643471,0.005939950822658055,-0.005107696866975791,0.0,-0.008701939738966085,0.005808430447062965,0.007815314103762676,-0.0027801807776847314,-0.0062899444600037005,-0.003706546784451036,-0.005228609220627151,0.0039244430151180575,0.003997333230008471,0.011836152271075866,0.003986718010264703,0.009784712379561423,-0.001428442154226855,0.0,agent61,0.3997984640159936
-0.5436763454013547,-0.0019272097835592535,-0.0020269865157175153,-0.010296159588700499,-0.007524764743307244,-0.004712139967715855,-0.00338668935294917,-0.004285914426128282,0.005812713029474224,0.001999758646539574,-0.004927027429373142,-0.008271996896718243,0.0,-0.0050316730104251195,-0.006867439418676633,0.005995304125284883,-0.006000041962290377,0.005999983395489334,0.00199588843882413,-0.004037420960967755,-0.01010967964023891,0.009400709860537771,-0.00627928389487483,0.007864125323222972,-0.005478336345559754,-0.002055487308667039,-0.0022578322989530207,0.0019651520361638644,0.007978369659585486,0.00798567164521394,0.007449845063522704,0.009960842997301168,-0.00874757969388935,1,-0.00397755308952774,0.0059908558476265,-0.0020911991579017058,-0.0035876545853989563,-0.007062911077699014,0.007305264540893213,0.0036603465665288755,-0.004765647903945298,0.0019326482244335038,0.007908908308523737,0.005637020791587721,0.009960669472505406,-0.004560570112631872,-0.011120443075397318,0.011845544247498459,0.007999874736458412,0.00788667981206279,-0.006941124603620754,0.009879681700248154,0.0019339497586561972,-0.004828826760351964,0.003991470163898302,-0.0030132050838169227,0.009996582776705384,0.0019677875984604786,-0.0031730999821429216,0.009806336565247747,-0.006554982437968185,-0.00857569059710062,0.013988855272715543,-0.00365924596810394,-0.004046163840068215,0.011769485908493,0.011159411474812421,0.0,0.009765975497400064,-0.0010536009278155805,0.003971301531009405,0.007912066891087453,0.0019448361247477051,0.007997344297637276,0.003924039497819173,-0.002849666192176793,-0.0010626490774823811,-0.0016861893940468963,-0.004877441164180159,-0.0011548330654601129,-0.00244775319155924,0.007982966036865446,-0.004565902686643471,0.005939950822658055,-0.005107696866975791,0.0,-0.008701939738966085,0.005808430447062965,0.007815314103762676,-0.0027801807776847314,-0.0062899444600037005,-0.003706546784451036,-0.005228609220627151,0.0039244430151180575,0.003997333230008471,0.011836152271075866,0.003986718010264703,0.009784712379561423,-0.001428442154226855,0.0,agent44,-0.6672713364508397
-0.5446800046473228,-0.0019272097835592535,-0.0020269865157175153,-0.010296159588700499,-0.007524764743307244,-0.004712139967715855,-0.00338668935294917,-0.004285914426128282,0.005812713029474224,0.001999758646539574,-0.004927027429373142,-0.008271996896718243,0.0,-0.0050316730104251195,-0.006867439418676633,0.005995304125284883,-0.006000041962290377,0.005999983395489334,0.00199588843882413,-0.004037420960967755,-0.01010967964023891,0.009400709860537771,-0.00627928389487483,0.007864125323222972,-0.005478336345559754,-0.002055487308667039,-0.0022578322989530207,0.0019651520361638644,0.007978369659585486,0.00798567164521394,0.007449845063522704,0.009960842997301168,-0.00874757969388935,1,-0.00397755308952774,0.0059908558476265,-0.0020911991579017058,-0.0035876545853989563,-0.007062911077699014,0.007305264540893213,0.0036603465665288755,-0.004765647903945298,0.0019326482244335038,0.007908908308523737,0.005637020791587721,0.009960669472505406,-0.004560570112631872,-0.011120443075397318,0.011845544247498459,0.007999874736458412,0.00788667981206279,-0.006941124603620754,0.009879681700248154,0.0019339497586561972,-0.004828826760351964,0.003991470163898302,-0.0030132050838169227,0.009996582776705384,0.0019677875984604786,-0.0031730999821429216,0.009806336565247747,-0.006554982437968185,-0.00857569059710062,0.013988855272715543,-0.005109942628446934,-0.004046163840068215,0.011769485908493,0.011159411474812421,0.0,0.009765975497400064,-0.0010536009278155805,0.003971301531009405,0.007912066891087453,0.0019448361247477051,0.007997344297637276,0.003924039497819173,-0.002849666192176793,-0.0010626490774823811,-0.0016861893940468963,-0.004877441164180159,-0.0011548330654601129,-0.00244775319155924,0.007982966036865446,-0.004565902686643471,0.005939950822658055,-0.005107696866975791,0.0,-0.008701939738966085,0.005808430447062965,0.007815314103762676,-0.0027801807776847314,-0.0062899444600037005,-0.003706546784451036,-0.005228609220627151,0.0039244430151180575,0.003997333230008471,0.011836152271075866,0.003986718010264703,0.009784712379561423,-0.001428442154226855,0.0,agent63,0.5044680527203986
-0.5456882766442195,-0.0019272097835592535,-0.0020269865157175153,-0.010296159588700499,-0.007524764743307244,-0.004712139967715855,-0.00338668935294917,-0.004285914426128282,0.005812713029474224,0.001999758646539574,-0.004927027429373142,-0.009145262007868298,0.0,-0.0050316730104251195,-0.006867439418676633,0.005995304125284883,-0.006000041962290377,0.005999983395489334,0.00199588843882413,-0.004037420960967755,-0.01010967964023891,0.009400709860537771,-0.00627928389487483,0.007864125323222972,-0.005478336345559754,-0.002055487308667039,-0.0022578322989530207,0.0019651520361638644,0.007978369659585486,0.00798567164521394,0.007449845063522704,0.009960842997301168,-0.00874757969388935,1,-0.00397755308952774,0.0059908558476265,-0.0020911991579017058,-0.0035876545853989563,-0.007062911077699014,0.007305264540893213,0.0036603465665288755,-0.004765647903945298,0.0019326482244335038,0.007908908308523737,0.005637020791587721,0.009960669472505406,-0.004560570112631872,-0.011120443075397318,0.011845544247498459,0.007999874736458412,0.00788667981206279,-0.006941124603620754,0.009879681700248154,0.0019339497586561972,-0.004828826760351964,0.003991470163898302,-0.0030132050838169227,0.009996582776705384,0.0019677875984604786,-0.0031730999821429216,0.009806336565247747,-0.006554982437968185,-0.00857569059710062,0.013988855272715543,-0.005109942628446934,-0.004046163840068215,0.011769485908493,0.011159411474812421,0.0,0.009765975497400064,-0.0010536009278155805,0.003971301531009405,0.007912066891087453,0.0019448361247477051,0.007997344297637276,0.003924039497819173,-0.002849666192176793,-0.0010626490774823811,-0.0016861893940468963,-0.004877441164180159,-0.0011548330654601129,-0.00244775319155924,0.007982966036865446,-0.004565902686643471,0.005939950822658055,-0.005107696866975791,0.0,-0.008701939738966085,0.005808430447062965,0.007815314103762676,-0.0027801807776847314,-0.0062899444600037005,-0.003706546784451036,-0.005228609220627151,0.0039244430151180575,0.003997333230008471,0.011836152271075866,0.003986718010264703,0.009784712379561423,-0.001428442154226855,0.0,agent10,0.956476142360673
-0.546691936990786,-0.0019272097835592535,-0.0020269865157175153,-0.010296159588700499,-0.007524764743307244,-0.004712139967715855,-0.00338668935294917,-0.004285914426128282,0.005812713029474224,0.001999758646539574,-0.004927027429373142,-0.009145262007868298,0.0,-0.0050316730104251195,-0.006867439418676633,0.005995304125284883,-0.006000041962290377,0.005999983395489334,0.00199588843882413,-0.004037420960967755,-0.01010967964023891,0.009400709860537771,-0.00627928389487483,0.007864125323222972,-0.005478336345559754,-0.002055487308667039,-0.0022578322989530207,0.0019651520361638644,0.007978369659585486,0.00798567164521394,0.007449845063522704,0.009960842997301168,-0.00874757969388935,1,-0.00397755308952774,0.0059908558476265,-0.0020911991579017058,-0.0035876545853989563,-0.007062911077699014,0.007305264540893213,0.005557146995539626,-0.004765647903945298,0.0019326482244335038,0.007908908308523737,0.005637020791587721,0.009960669472505406,-0.004560570112631872,-0.011120443075397318,0.011845544247498459,0.007999874736458412,0.00788667981206279,-0.006941124603620754,0.009879681700248154,0.0019339497586561972,-0.004828826760351964,0.003991470163898302,-0.0030132050838169227,0.009996582776705384,0.0019677875984604786,-0.0031730999821429216,0.009806336565247747,-0.006554982437968185,-0.00857569059710062,0.013988855272715543,-0.005109942628446934,-0.004046163840068215,0.011769485908493,0.011159411474812421,0.0,0.009765975497400064,-0.0010536009278155805,0.003971301531009405,0.007912066891087453,0.0019448361247477051,0.007997344297637276,0.003924039497819173,-0.002849666192176793,-0.0010626490774823811,-0.0016861893940468963,-0.004877441164180159,-0.0011548330654601129,-0.00244775319155924,0.007982966036865446,-0.004565902686643471,0.005939950822658055,-0.005107696866975791,0.0,-0.008701939738966085,0.005808430447062965,0.007815314103762676,-0.0027801807776847314,-0.0062899444600037005,-0.003706546784451036,-0.005228609220627151,0.0039244430151180575,0.003997333230008471,0.011836152271075866,0.003986718010264703,0.009784712379561423,-0.001428442154226855,0.0,agent39,-1
-0.5476943847439776,-0.0019272097835592535,-0.0020269865157175153,-0.010296159588700499,-0.007524764743307244,-0.004712139967715855,-0.00338668935294917,-0.004285914426128282,0.005812713029474224,0.001999758646539574,-0.004927027429373142,-0.009145262007868298,0.0,-0.0050316730104251195,-0.006867439418676633,0.005995304125284883,-0.006000041962290377,0.005999983395489334,0.00199588843882413,-0.004037420960967755,-0.01010967964023891,0.009400709860537771,-0.00627928389487483,0.007864125323222972,-0.005478336345559754,-0.002055487308667039,-0.0022578322989530207,0.0019651520361638644,0.007978369659585486,0.00798567164521394,0.007449845063522704,0.009960842997301168,-0.00874757969388935,1,-0.00397755308952774,0.0059908558476265,-0.0020911991579017058,-0.0035876545853989563,-0.007062911077699014,0.007305264540893213,0.005557146995539626,-0.004765647903945298,0.0019326482244335038,0.007908908308523737,0.005637020791587721,0.009960669472505406,-0.004560570112631872,-0.011120443075397318,0.011845544247498459,0.007999874736458412,0.00788667981206279,-0.006941124603620754,0.009879681700248154,0.0019339497586561972,-0.004828826760351964,0.003991470163898302,-0.0030132050838169227,0.009996582776705384,0.0019677875984604786,-0.0031730999821429216,0.009806336565247747,-0.006554982437968185,-0.00857569059710062,0.013988855272715543,-0.005109942628446934,-0.004046163840068215,0.011769485908493,0.011159411474812421,0.0,0.009765975497400064,-0.0010536009278155805,0.003971301531009405,0.007912066891087453,0.0019448361247477051,0.007997344297637276,0.003924039497819173,-0.002849666192176793,-0.0010626490774823811,-0.0016861893940468963,-0.004877441164180159,-0.0011548330654601129,-0.003270646081033849,0.007982966036865446,-0.004565902686643471,0.005939950822658055,-0.005107696866975791,0.0,-0.008701939738966085,0.005808430447062965,0.007815314103762676,-0.0027801807776847314,-0.0062899444600037005,-0.003706546784451036,-0.005228609220627151,0.0039244430151180575,0.003997333230008471,0.011836152271075866,0.003986718010264703,0.009784712379561423,-0.001428442154226855,0.0,agent80,0.9876529463554525
-0.5486955395770431,-0.0019272097835592535,-0.0020269865157175153,-0.010296159588700499,-0.007524764743307244,-0.004712139967715855,-0.00338668935294917,-0.004285914426128282,0.005812713029474224,0.001999758646539574,-0.004927027429373142,-0.009145262007868298,0.0,-0.0050316730104251195,-0.006867439418676633,0.005995304125284883,-0.006000041962290377,0.005999983395489334,0.00199588843882413,-0.004037420960967755,-0.01010967964023891,0.009400709860537771,-0.00627928389487483,0.007864125323222972,-0.005478336345559754,-0.002055487308667039,-0.0022578322989530207,0.0019651520361638644,0.007978369659585486,0.00798567164521394,0.007449845063522704,0.009960842997301168,-0.00874757969388935,1,-0.00397755308952774,0.0059908558476265,-0.0020911991579017058,-0.0035876545853989563,-0.007062911077699014,0.007305264540893213,0.005557146995539626,-0.004765647903945298,0.0019326482244335038,0.007908908308523737,0.005637020791587721,0.009960669472505406,-0.004560570112631872,-0.011120443075397318,0.011845544247498459,0.007999874736458412,0.00788667981206279,-0.006941124603620754,0.009879681700248154,0.0019339497586561972,-0.004828826760351964,0.003991470163898302,-0.0030132050838169227,0.009996582776705384,0.0019677875984604786,-0.0031730999821429216,0.009806336565247747,-0.006554982437968185,-0.00857569059710062,0.013988855272715543,-0.005109942628446934,-0.004046163840068215,0.011769485908493,0.011159411474812421,0.0,0.009765975497400064,-0.0010536009278155805,0.003971301531009405,0.007912066891087453,0.0019448361247477051,0.007997344297637276,0.003924039497819173,-0.002849666192176793,-0.0010626490774823811,-0.0016861893940468963,-0.004877441164180159,-0.002223884085768856,-0.003270646081033849,0.007982966036865446,-0.004565902686643471,0.005939950822658055,-0.005107696866975791,0.0,-0.008701939738966085,0.005808430447062965,0.007815314103762676,-0.0027801807776847314,-0.0062899444600037005,-0.003706546784451036,-0.005228609220627151,0.0039244430151180575,0.003997333230008471,0.011836152271075866,0.003986718010264703,0.009784712379561423,-0.001428442154226855,0.0,agent79,0.816819433208231
-0.5497034484853516,-0.0019272097835592535,-0.0020269865157175153,-0.010296159588700499,-0.007524764743307244,-0.004712139967715855,-0.00338668935294917,-0.004285914426128282,0.005812713029474224,0.001999758646539574,-0.004927027429373142,-0.009145262007868298,0.0,-0.0050316730104251195,-0.006867439418676633,0.005995304125284883,-0.006000041962290377,0.005999983395489334,0.00199588843882413,-0.004037420960967755,-0.01010967964023891,0.009400709860537771,-0.00627928389487483,0.007864125323222972,-0.005478336345559754,-0.002055487308667039,-0.0022578322989530207,0.0019651520361638644,0.007978369659585486,0.00798567164521394,0.007449845063522704,0.009960842997301168,-0.00874757969388935,1,-0.00397755308952774,0.0059908558476265,-0.0020911991579017058,-0.0035876545853989563,-0.007062911077699014,0.007305264540893213,0.005557146995539626,-0.004765647903945298,0.0019326482244335038,0.00988636026077465,0.005637020791587721,0.009960669472505406,-0.004560570112631872,-0.011120443075397318,0.011845544247498459,0.007999874736458412,0.00788667981206279,-0.006941124603620754,0.009879681700248154,0.0019339497586561972,-0.004828826760351964,0.003991470163898302,-0.0030132050838169227,0.009996582776705384,0.0019677875984604786,-0.0031730999821429216,0.009806336565247747,-0.006554982437968185,-0.00857569059710062,0.013988855272715543,-0.005109942628446934,-0.004046163840068215,0.011769485908493,0.011159411474812421,0.0,0.009765975497400064,-0.0010536009278155805,0.003971301531009405,0.007912066891087453,0.0019448361247477051,0.007997344297637276,0.003924039497819173,-0.002849666192176793,-0.0010626490774823811,-0.0016861893940468963,-0.004877441164180159,-0.002223884085768856,-0.003270646081033849,0.007982966036865446,-0.004565902686643471,0.005939950822658055,-0.005107696866975791,0.0,-0.008701939738966085,0.005808430447062965,0.007815314103762676,-0.0027801807776847314,-0.0062899444600037005,-0.003706546784451036,-0.005228609220627151,0.0039244430151180575,0.003997333230008471,0.011836152271075866,0.003986718010264703,0.009784712379561423,-0.001428442154226855,0.0,agent42,-0.7610539524035024
-0.5507080143880382,-0.0019272097835592535,-0.0020269865157175153,-0.010296159588700499,-0.007524764743307244,-0.004712139967715855,-0.00338668935294917,-0.004285914426128282,0.005812713029474224,0.001999758646539574,-0.004927027429373142,-0.009145262007868298,0.0,-0.0050316730104251195,-0.006867439418676633,0.005995304125284883,-0.006000041962290377,0.005999983395489334,0.00199588843882413,-0.004037420960967755,-0.01010967964023891,0.009400709860537771,-0.00627928389487483,0.007864125323222972,-0.005478336345559754,-0.002055487308667039,-0.0022578322989530207,0.0019651520361638644,0.007978369659585486,0.00798567164521394,0.007449845063522704,0.009960842997301168,-0.00874757969388935,1,-0.00397755308952774,0.0059908558476265,-0.0020911991579017058,-0.0035876545853989563,-0.007062911077699014,0.007305264540893213,0.005557146995539626,-0.004765647903945298,0.0019326482244335038,0.00988636026077465,0.005637020791587721,0.009960669472505406,-0.004560570112631872,-0.011120443075397318,0.011845544247498459,0.007999874736458412,0.00788667981206279,-0.006941124603620754,0.009879681700248154,0.0019339497586561972,-0.004828826760351964,0.003991470163898302,-0.0030132050838169227,0.009996582776705384,0.0019677875984604786,-0.0031730999821429216,0.009806336565247747,-0.006554982437968185,-0.00857569059710062,0.013988855272715543,-0.005109942628446934,-0.004046163840068215,0.011769485908493,0.011159411474812421,0.0,0.009765975497400064,-0.0010536009278155805,0.003971301531009405,0.007912066891087453,0.0019448361247477051,0.007997344297637276,0.003924039497819173,-0.002849666192176793,-0.0010626490774823811,-0.0016861893940468963,-0.004877441164180159,-0.002223884085768856,-0.003270646081033849,0.007982966036865446,-0.005365112297519776,0.005939950822658055,-0.005107696866975791,0.0,-0.008701939738966085,0.005808430447062965,0.007815314103762676,-0.0027801807776847314,-0.0062899444600037005,-0.003706546784451036,-0.005228609220627151,0.0039244430151180575,0.003997333230008471,0.011836152271075866,0.003986718010264703,0.009784712379561423,-0.001428442154226855,0.0,agent82,1
-0.5517178940697385,-0.0019272097835592535,-0.0020269865157175153,-0.010296159588700499,-0.007524764743307244,-0.004712139967715855,-0.00338668935294917,-0.004285914426128282,0.005812713029474224,0.001999758646539574,-0.004927027429373142,-0.009145262007868298,0.0,-0.0050316730104251195,-0.006867439418676633,0.005995304125284883,-0.006000041962290377,0.005999983395489334,0.00199588843882413,-0.004037420960967755,-0.01010967964023891,0.009400709860537771,-0.00627928389487483,0.007864125323222972,-0.005478336345559754,-0.002055487308667039,-0.0022578322989530207,0.0019651520361638644,0.007978369659585486,0.00798567164521394,0.007449845063522704,0.009960842997301168,-0.00874757969388935,1,-0.00397755308952774,0.0059908558476265,-0.0020911991579017058,-0.0035876545853989563,-0.007062911077699014,0.007305264540893213,0.005557146995539626,-0.004765647903945298,0.0019326482244335038,0.00988636026077465,0.005637020791587721,0.009960669472505406,-0.004560570112631872,-0.011120443075397318,0.011845544247498459,0.007999874736458412,0.00788667981206279,-0.006941124603620754,0.011855272540984937,0.0019339497586561972,-0.004828826760351964,0.003991470163898302,-0.0030132050838169227,0.009996582776705384,0.0019677875984604786,-0.0031730999821429216,0.009806336565247747,-0.006554982437968185,-0.00857569059710062,0.013988855272715543,-0.005109942628446934,-0.004046163840068215,0.011769485908493,0.011159411474812421,0.0,0.009765975497400064,-0.0010536009278155805,0.003971301531009405,0.007912066891087453,0.0019448361247477051,0.007997344297637276,0.003924039497819173,-0.002849666192176793,-0.0010626490774823811,-0.0016861893940468963,-0.004877441164180159,-0.002223884085768856,-0.003270646081033849,0.007982966036865446,-0.005365112297519776,0.005939950822658055,-0.005107696866975791,0.0,-0.008701939738966085,0.005808430447062965,0.007815314103762676,-0.0027801807776847314,-0.0062899444600037005,-0.003706546784451036,-0.005228609220627151,0.0039244430151180575,0.003997333230008471,0.011836152271075866,0.003986718010264703,0.009784712379561423,-0.001428442154226855,0.0,agent51,-0.32975933589813566
-0.5527276600452359,-0.0019272097835592535,-0.0020269865157175153,-0.010296159588700499,-0.007524764743307244,-0.004712139967715855,-0.00338668935294917,-0.004285914426128282,0.005812713029474224,0.001999758646539574,-0.004927027429373142,-0.009145262007868298,0.0,-0.0050316730104251195,-0.006867439418676633,0.005995304125284883,-0.006000041962290377,0.005999983395489334,0.00199588843882413,-0.004037420960967755,-0.01010967964023891,0.009400709860537771,-0.00627928389487483,0.007864125323222972,-0.005478336345559754,-0.002055487308667039,-0.0022578322989530207,0.0019651520361638644,0.007978369659585486,0.00798567164521394,0.007449845063522704,0.009960842997301168,-0.00874757969388935,1,-0.00397755308952774,0.0059908558476265,-0.0020911991579017058,-0.0035876545853989563,-0.007062911077699014,0.007305264540893213,0.005557146995539626,-0.004765647903945298,0.0019326482244335038,0.00988636026077465,0.005637020791587721,0.009960669472505406,-0.004560570112631872,-0.011120443075397318,0.011845544247498459,0.007999874736458412,0.00788667981206279,-0.006941124603620754,0.011855272540984937,0.0019339497586561972,-0.004828826760351964,0.003991470163898302,-0.0030132050838169227,0.009996582776705384,0.0019677875984604786,-0.0031730999821429216,0.009806336565247747,-0.006554982437968185,-0.00857569059710062,0.013988855272715543,-0.005109942628446934,-0.004046163840068215,0.011769485908493,0.011159411474812421,0.0,0.011719689466597464,-0.0010536009278155805,0.003971301531009405,0.007912066891087453,0.0019448361247477051,0.007997344297637276,0.003924039497819173,-0.002849666192176793,-0.0010626490774823811,-0.0016861893940468963,-0.004877441164180159,-0.002223884085768856,-0.003270646081033849,0.007982966036865446,-0.005365112297519776,0.005939950822658055,-0.005107696866975791,0.0,-0.008701939738966085,0.005808430447062965,0.007815314103762676,-0.0027801807776847314,-0.0062899444600037005,-0.003706546784451036,-0.005228609220627151,0.0039244430151180575,0.003997333230008471,0.011836152271075866,0.003986718010264703,0.009784712379561423,-0.001428442154226855,0.0,agent68,-0.8559744660697487
-0.5537313665920204,-0.0019272097835592535,-0.0020269865157175153,-0.010296159588700499,-0.007524764743307244,-0.004712139967715855,-0.00338668935294917,-0.004285914426128282,0.005812713029474224,0.001999758646539574,-0.004927027429373142,-0.009145262007868298,0.0,-0.0050316730104251195,-0.006867439418676633,0.005995304125284883,-0.006000041962290377,0.005999983395489334,0.00199588843882413,-0.004037420960967755,-0.01010967964023891,0.009400709860537771,-0.00627928389487483,0.007864125323222972,-0.005478336345559754,-0.002055487308667039,-0.0022578322989530207,0.0019651520361638644,0.007978369659585486,0.00798567164521394,0.007449845063522704,0.009960842997301168,-0.00874757969388935,1,-0.00397755308952774,0.0059908558476265,-0.0020911991579017058,-0.0035876545853989563,-0.007062911077699014,0.007305264540893213,0.005557146995539626,-0.004765647903945298,0.0019326482244335038,0.00988636026077465,0.005637020791587721,0.009960669472505406,-0.004560570112631872,-0.011120443075397318,0.011845544247498459,0.007999874736458412,0.00788667981206279,-0.006941124603620754,0.011855272540984937,0.0019339497586561972,-0.004828826760351964,0.003991470163898302,-0.0030132050838169227,0.009996582776705384,0.0019677875984604786,-0.0031730999821429216,0.009806336565247747,-0.006554982437968185,-0.00857569059710062,0.013988855272715543,-0.005109942628446934,-0.004046163840068215,0.011769485908493,0.011159411474812421,0.0,0.011719689466597464,-0.0010536009278155805,0.003971301531009405,0.007912066891087453,0.0019448361247477051,0.007997344297637276,0.003924039497819173,-0.002849666192176793,-0.0010626490774823811,-0.0016861893940468963,-0.004877441164180159,-0.002223884085768856,-0.003270646081033849,0.007982966036865446,-0.005365112297519776,0.005939950822658055,-0.005107696866975791,0.0,-0.008701939738966085,0.005808430447062965,0.007815314103762676,-0.0027801807776847314,-0.0062899444600037005,-0.0051932369766573665,-0.005228609220627151,0.0039244430151180575,0.003997333230008471,0.011836152271075866,0.003986718010264703,0.009784712379561423,-0.001428442154226855,0.0,agent91,0.460494731923743
-0.5547334577911783,-0.0019272097835592535,-0.0020269865157175153,-0.010296159588700499,-0.007524764743307244,-0.004712139967715855,-0.00338668935294917,-0.004285914426128282,0.005812713029474224,0.001999758646539574,-0.004927027429373142,-0.009145262007868298,0.0,-0.0050316730104251195,-0.006867439418676633,0.005995304125284883,-0.006000041962290377,0.005999983395489334,0.00199588843882413,-0.004037420960967755,-0.01010967964023891,0.009400709860537771,-0.00627928389487483,0.007864125323222972,-0.005478336345559754,-0.002055487308667039,-0.0022578322989530207,0.0019651520361638644,0.007978369659585486,0.00798567164521394,0.007449845063522704,0.009960842997301168,-0.00874757969388935,1,-0.00397755308952774,0.0059908558476265,-0.0028841585781357523,-0.0035876545853989563,-0.007062911077699014,0.007305264540893213,0.005557146995539626,-0.004765647903945298,0.0019326482244335038,0.00988636026077465,0.005637020791587721,0.009960669472505406,-0.004560570112631872,-0.011120443075397318,0.011845544247498459,0.007999874736458412,0.00788667981206279,-0.006941124603620754,0.011855272540984937,0.0019339497586561972,-0.004828826760351964,0.003991470163898302,-0.0030132050838169227,0.009996582776705384,0.0019677875984604786,-0.0031730999821429216,0.009806336565247747,-0.006554982437968185,-0.00857569059710062,0.013988855272715543,-0.005109942628446934,-0.004046163840068215,0.011769485908493,0.011159411474812421,0.0,0.011719689466597464,-0.0010536009278155805,0.003971301531009405,0.007912066891087453,0.0019448361247477051,0.007997344297637276,0.003924039497819173,-0.002849666192176793,-0.0010626490774823811,-0.0016861893940468963,-0.004877441164180159,-0.002223884085768856,-0.003270646081033849,0.007982966036865446,-0.005365112297519776,0.005939950822658055,-0.005107696866975791,0.0,-0.008701939738966085,0.005808430447062965,0.007815314103762676,-0.0027801807776847314,-0.0062899444600037005,-0.0051932369766573665,-0.005228609220627151,0.0039244430151180575,0.003997333230008471,0.011836152271075866,0.003986718010264703,0.009784712379561423,-0.001428442154226855,0.0,agent35,1
-0.5557388229034759,-0.0019272097835592535,-0.0020269865157175153,-0.010296159588700499,-0.007524764743307244,-0.004712139967715855,-0.00338668935294917,-0.004285914426128282,0.005812713029474224,0.001999758646539574,-0.004927027429373142,-0.009145262007868298,0.0,-0.0050316730104251195,-0.006867439418676633,0.005995304125284883,-0.006000041962290377,0.005999983395489334,0.00199588843882413,-0.004037420960967755,-0.01010967964023891,0.009400709860537771,-0.00627928389487483,0.007864125323222972,-0.005478336345559754,-0.002055487308667039,-0.0022578322989530207,0.0019651520361638644,0.007978369659585486,0.00798567164521394,0.007449845063522704,0.009960842997301168,-0.00874757969388935,1,-0.00397755308952774,0.0059908558476265,-0.0028841585781357523,-0.0035876545853989563,-0.007062911077699014,0.007305264540893213,0.005557146995539626,-0.004765647903945298,0.0019326482244335038,0.00988636026077465,0.005637020791587721,0.009960669472505406,-0.004560570112631872,-0.011120443075397318,0.011845544247498459,0.007999874736458412,0.00788667981206279,-0.006941124603620754,0.011855272540984937,0.0019339497586561972,-0.004828826760351964,0.003991470163898302,-0.0030132050838169227,0.009996582776705384,0.0019677875984604786,-0.0031730999821429216,0.009806336565247747,-0.006554982437968185,-0.00857569059710062,0.013988855272715543,-0.005109942628446934,-0.004046163840068215,0.011769485908493,0.011159411474812421,0.0,0.011719689466597464,-0.0010536009278155805,0.003971301531009405,0.007912066891087453,0.0019448361247477051,0.007997344297637276,0.003924039497819173,-0.002849666192176793,-0.0010626490774823811,-0.0016861893940468963,-0.004877441164180159,-0.002223884085768856,-0.003270646081033849,0.007982966036865446,-0.006156514235132119,0.005939950822658055,-0.005107696866975791,0.0,-0.008701939738966085,0.005808430447062965,0.007815314103762676,-0.0027801807776847314,-0.0062899444600037005,-0.0051932369766573665,-0.005228609220627151,0.0039244430151180575,0.003997333230008471,0.011836152271075866,0.003986718010264703,0.009784712379561423,-0.001428442154226855,0.0,agent82,1
-0.55674370034464,-0.0019272097835592535,-0.0020269865157175153,-0.010296159588700499,-0.007524764743307244,-0.004712139967715855,-0.00338668935294917,-0.004285914426128282,0.005812713029474224,0.001999758646539574,-0.004927027429373142,-0.009145262007868298,0.0,-0.0050316730104251195,-0.006867439418676633,0.005995304125284883,-0.006000041962290377,0.005999983395489334,0.00199588843882413,-0.004037420960967755,-0.01010967964023891,0.009400709860537771,-0.00627928389487483,0.007864125323222972,-0.005478336345559754,-0.002055487308667039,-0.0022578322989530207,0.0019651520361638644,0.007978369659585486,0.00798567164521394,0.007449845063522704,0.009960842997301168,-0.00874757969388935,1,-0.00397755308952774,0.0059908558476265,-0.0028841585781357523,-0.0035876545853989563,-0.007062911077699014,0.007305264540893213,0.005557146995539626,-0.004765647903945298,0.0019326482244335038,0.00988636026077465,0.005637020791587721,0.009960669472505406,-0.004560570112631872,-0.011120443075397318,0.011845544247498459,0.007999874736458412,0.00788667981206279,-0.006941124603620754,0.011855272540984937,0.0019339497586561972,-0.004828826760351964,0.003991470163898302,-0.0030132050838169227,0.009996582776705384,0.0019677875984604786,-0.0031730999821429216,0.009806336565247747,-0.006554982437968185,-0.00857569059710062,0.013988855272715543,-0.005109942628446934,-0.004046163840068215,0.011769485908493,0.011159411474812421,0.0,0.011719689466597464,-0.0010536009278155805,0.003971301531009405,0.007912066891087453,0.0019448361247477051,0.007997344297637276,0.003924039497819173,-0.002849666192176793,-0.0010626490774823811,-0.0016861893940468963,-0.005667279521635612,-0.002223884085768856,-0.003270646081033849,0.007982966036865446,-0.006156514235132119,0.005939950822658055,-0.005107696866975791,0.0,-0.008701939738966085,0.005808430447062965,0.007815314103762676,-0.0027801807776847314,-0.0062899444600037005,-0.0051932369766573665,-0.005228609220627151,0.0039244430151180575,0.003997333230008471,0.011836152271075866,0.003986718010264703,0.009784712379561423,-0.001428442154226855,0.0,agent78,1
-0.5577465845032182,-0.0019272097835592535,-0.0020269865157175153,-0.010296159588700499,-0.007524764743307244,-0.004712139967715855,-0.00338668935294917,-0.004285914426128282,0.005812713029474224,0.001999758646539574,-0.004927027429373142,-0.009145262007868298,0.0,-0.0050316730104251195,-0.006867439418676633,0.005995304125284883,-0.006000041962290377,0.005999983395489334,0.00199588843882413,-0.004037420960967755,-0.01010967964023891,0.009400709860537771,-0.00627928389487483,0.007864125323222972,-0.005478336345559754,-0.002055487308667039,-0.0022578322989530207,0.0019651520361638644,0.007978369659585486,0.00798567164521394,0.007449845063522704,0.009960842997301168,-0.00874757969388935,1,-0.00397755308952774,0.0059908558476265,-0.0036724331038543914,-0.0035876545853989563,-0.007062911077699014,0.007305264540893213,0.005557146995539626,-0.004765647903945298,0.0019326482244335038,0.00988636026077465,0.005637020791587721,0.009960669472505406,-0.004560570112631872,-0.011120443075397318,0.011845544247498459,0.007999874736458412,0.00788667981206279,-0.006941124603620754,0.011855272540984937,0.0019339497586561972,-0.004828826760351964,0.003991470163898302,-0.0030132050838169227,0.009996582776705384,0.0019677875984604786,-0.0031730999821429216,0.009806336565247747,-0.006554982437968185,-0.00857569059710062,0.013988855272715543,-0.005109942628446934,-0.004046163840068215,0.011769485908493,0.011159411474812421,0.0,0.011719689466597464,-0.0010536009278155805,0.003971301531009405,0.007912066891087453,0.0019448361247477051,0.007997344297637276,0.003924039497819173,-0.002849666192176793,-0.0010626490774823811,-0.0016861893940468963,-0.005667279521635612,-0.002223884085768856,-0.003270646081033849,0.007982966036865446,-0.006156514235132119,0.005939950822658055,-0.005107696866975791,0.0,-0.008701939738966085,0.005808430447062965,0.007815314103762676,-0.0027801807776847314,-0.0062899444600037005,-0.0051932369766573665,-0.005228609220627151,0.0039244430151180575,0.003997333230008471,0.011836152271075866,0.003986718010264703,0.009784712379561423,-0.001428442154226855,0.0,agent35,1
-0.5587535256278219,-0.0019272097835592535,-0.0020269865157175153,-0.010296159588700499,-0.007524764743307244,-0.004712139967715855,-0.00338668935294917,-0.004285914426128282,0.005812713029474224,0.001999758646539574,-0.004927027429373142,-0.009145262007868298,0.0,-0.0050316730104251195,-0.006867439418676633,0.005995304125284883,-0.006000041962290377,0.005999983395489334,0.00199588843882413,-0.004037420960967755,-0.01010967964023891,0.009400709860537771,-0.00627928389487483,0.007864125323222972,-0.005478336345559754,-0.002055487308667039,-0.0022578322989530207,0.0019651520361638644,0.007978369659585486,0.00798567164521394,0.007449845063522704,0.009960842997301168,-0.00874757969388935,1,-0.00397755308952774,0.0059908558476265,-0.0036724331038543914,-0.0035876545853989563,-0.007062911077699014,0.007305264540893213,0.005557146995539626,-0.004765647903945298,0.0019326482244335038,0.00988636026077465,0.005637020791587721,0.009960669472505406,-0.004560570112631872,-0.011120443075397318,0.011845544247498459,0.007999874736458412,0.00788667981206279,-0.008255547925900476,0.011855272540984937,0.0019339497586561972,-0.004828826760351964,0.003991470163898302,-0.0030132050838169227,0.009996582776705384,0.0019677875984604786,-0.0031730999821429216,0.009806336565247747,-0.006554982437968185,-0.00857569059710062,0.013988855272715543,-0.005109942628446934,-0.004046163840068215,0.011769485908493,0.011159411474812421,0.0,0.011719689466597464,-0.0010536009278155805,0.003971301531009405,0.007912066891087453,0.0019448361247477051,0.007997344297637276,0.003924039497819173,-0.002849666192176793,-0.0010626490774823811,-0.0016861893940468963,-0.005667279521635612,-0.002223884085768856,-0.003270646081033849,0.007982966036865446,-0.006156514235132119,0.005939950822658055,-0.005107696866975791,0.0,-0.008701939738966085,0.005808430447062965,0.007815314103762676,-0.0027801807776847314,-0.0062899444600037005,-0.0051932369766573665,-0.005228609220627151,0.0039244430151180575,0.003997333230008471,0.011836152271075866,0.003986718010264703,0.009784712379561423,-0.001428442154226855,0.0,agent50,0.613215991944276
-0.5597608308923627,-0.0019272097835592535,-0.0020269865157175153,-0.010296159588700499,-0.007524764743307244,-0.004712139967715855,-0.00338668935294917,-0.004285914426128282,0.005812713029474224,0.001999758646539574,-0.004927027429373142,-0.009145262007868298,0.0,-0.0050316730104251195,-0.006867439418676633,0.005995304125284883,-0.006000041962290377,0.005999983395489334,0.00199588843882413,-0.004037420960967755,-0.01010967964023891,0.009400709860537771,-0.00627928389487483,0.007864125323222972,-0.005478336345559754,-0.002055487308667039,-0.0022578322989530207,0.0019651520361638644,0.007978369659585486,0.00798567164521394,0.007449845063522704,0.009960842997301168,-0.00874757969388935,1,-0.00397755308952774,0.0059908558476265,-0.0036724331038543914,-0.0035876545853989563,-0.007062911077699014,0.009207915315320274,0.005557146995539626,-0.004765647903945298,0.0019326482244335038,0.00988636026077465,0.005637020791587721,0.009960669472505406,-0.004560570112631872,-0.011120443075397318,0.011845544247498459,0.007999874736458412,0.00788667981206279,-0.008255547925900476,0.011855272540984937,0.0019339497586561972,-0.004828826760351964,0.003991470163898302,-0.0030132050838169227,0.009996582776705384,0.0019677875984604786,-0.0031730999821429216,0.009806336565247747,-0.006554982437968185,-0.00857569059710062,0.013988855272715543,-0.005109942628446934,-0.004046163840068215,0.011769485908493,0.011159411474812421,0.0,0.011719689466597464,-0.0010536009278155805,0.003971301531009405,0.007912066891087453,0.0019448361247477051,0.007997344297637276,0.003924039497819173,-0.002849666192176793,-0.0010626490774823811,-0.0016861893940468963,-0.005667279521635612,-0.002223884085768856,-0.003270646081033849,0.007982966036865446,-0.006156514235132119,0.005939950822658055,-0.005107696866975791,0.0,-0.008701939738966085,0.005808430447062965,0.007815314103762676,-0.0027801807776847314,-0.0062899444600037005,-0.0051932369766573665,-0.005228609220627151,0.0039244430151180575,0.003997333230008471,0.011836152271075866,0.003986718010264703,0.009784712379561423,-0.001428442154226855,0.0,agent38,-1
-0.5607667708431854,-0.0019272097835592535,-0.0020269865157175153,-0.010296159588700499,-0.007524764743307244,-0.004712139967715855,-0.00338668935294917,-0.004285914426128282,0.005812713029474224,0.001999758646539574,-0.004927027429373142,-0.009145262007868298,0.0,-0.0050316730104251195,-0.006867439418676633,0.005995304125284883,-0.006000041962290377,0.005999983395489334,0.00199588843882413,-0.004037420960967755,-0.01010967964023891,0.009400709860537771,-0.00627928389487483,0.007864125323222972,-0.005478336345559754,-0.002055487308667039,-0.0022578322989530207,0.0019651520361638644,0.007978369659585486,0.00798567164521394,0.007449845063522704,0.009960842997301168,-0.00874757969388935,1,-0.00397755308952774,0.0059908558476265,-0.0036724331038543914,-0.0035876545853989563,-0.007062911077699014,0.009207915315320274,0.005557146995539626,-0.004765647903945298,0.0019326482244335038,0.00988636026077465,0.005637020791587721,0.009960669472505406,-0.004560570112631872,-0.011120443075397318,0.011845544247498459,0.007999874736458412,0.00788667981206279,-0.008255547925900476,0.011855272540984937,0.0019339497586561972,-0.004828826760351964,0.003991470163898302,-0.0030132050838169227,0.009996582776705384,0.0019677875984604786,-0.0031730999821429216,0.009806336565247747,-0.006554982437968185,-0.00857569059710062,0.013988855272715543,-0.005109942628446934,-0.004046163840068215,0.011769485908493,0.011159411474812421,0.0,0.011719689466597464,-0.0010536009278155805,0.003971301531009405,0.007912066891087453,0.0019448361247477051,0.007997344297637276,0.003924039497819173,-0.002849666192176793,-0.0010626490774823811,-0.0016861893940468963,-0.005667279521635612,-0.002223884085768856,-0.003270646081033849,0.007982966036865446,-0.006156514235132119,0.007919946082056319,-0.005107696866975791,0.0,-0.008701939738966085,0.005808430447062965,0.007815314103762676,-0.0027801807776847314,-0.0062899444600037005,-0.0051932369766573665,-0.005228609220627151,0.0039244430151180575,0.003997333230008471,0.011836152271075866,0.003986718010264703,0.009784712379561423,-0.001428442154226855,0.0,agent83,-0.7597845324966246
-0.5617719640801621,-0.0019272097835592535,-0.0020269865157175153,-0.010296159588700499,-0.007524764743307244,-0.004712139967715855,-0.00338668935294917,-0.004285914426128282,0.005812713029474224,0.001999758646539574,-0.004927027429373142,-0.009145262007868298,0.0,-0.0050316730104251195,-0.006867439418676633,0.005995304125284883,-0.006000041962290377,0.005999983395489334,0.00199588843882413,-0.004037420960967755,-0.01010967964023891,0.009400709860537771,-0.00627928389487483,0.007864125323222972,-0.005478336345559754,-0.002055487308667039,-0.0022578322989530207,0.0019651520361638644,0.007978369659585486,0.00798567164521394,0.007449845063522704,0.009960842997301168,-0.00874757969388935,1,-0.00397755308952774,0.0059908558476265,-0.0036724331038543914,-0.0035876545853989563,-0.007062911077699014,0.009207915315320274,0.005557146995539626,-0.004765647903945298,0.0019326482244335038,0.00988636026077465,0.005637020791587721,0.009960669472505406,-0.004560570112631872,-0.011120443075397318,0.011845544247498459,0.007999874736458412,0.00788667981206279,-0.008255547925900476,0.011855272540984937,0.0019339497586561972,-0.004828826760351964,0.003991470163898302,-0.0030132050838169227,0.009996582776705384,0.0019677875984604786,-0.0031730999821429216,0.009806336565247747,-0.006554982437968185,-0.00857569059710062,0.013988855272715543,-0.005109942628446934,-0.004046163840068215,0.011769485908493,0.011159411474812421,0.0,0.011719689466597464,-0.0010536009278155805,0.003971301531009405,0.007912066891087453,0.0019448361247477051,0.007997344297637276,0.003924039497819173,-0.002849666192176793,-0.0010626490774823811,-0.0016861893940468963,-0.005667279521635612,-0.002223884085768856,-0.003270646081033849,0.007982966036865446,-0.006156514235132119,0.007919946082056319,-0.005107696866975791,0.0,-0.008701939738966085,0.005808430447062965,0.007815314103762676,-0.0027801807776847314,-0.0062899444600037005,-0.006664530607919368,-0.005228609220627151,0.0039244430151180575,0.003997333230008471,0.011836152271075866,0.003986718010264703,0.009784712379561423,-0.001428442154226855,0.0,agent91,0.4675389898505866
-0.5627767929069224,-0.0019272097835592535,-0.0020269865157175153,-0.010296159588700499,-0.007524764743307244,-0.004712139967715855,-0.00338668935294917,-0.004285914426128282,0.005812713029474224,0.001999758646539574,-0.004927027429373142,-0.009145262007868298,0.0,-0.0050316730104251195,-0.006867439418676633,0.005995304125284883,-0.006000041962290377,0.005999983395489334,0.00199588843882413,-0.004037420960967755,-0.01010967964023891,0.009400709860537771,-0.00627928389487483,0.007864125323222972,-0.005478336345559754,-0.002055487308667039,-0.0022578322989530207,0.0019651520361638644,0.007978369659585486,0.00798567164521394,0.007449845063522704,0.009960842997301168,-0.00874757969388935,1,-0.00397755308952774,0.0059908558476265,-0.0036724331038543914,-0.0035876545853989563,-0.007062911077699014,0.009207915315320274,0.005557146995539626,-0.004765647903945298,0.0019326482244335038,0.00988636026077465,0.005637020791587721,0.009960669472505406,-0.004560570112631872,-0.011120443075397318,0.011845544247498459,0.007999874736458412,0.00788667981206279,-0.008255547925900476,0.011855272540984937,0.0019339497586561972,-0.005893189584715008,0.003991470163898302,-0.0030132050838169227,0.009996582776705384,0.0019677875984604786,-0.0031730999821429216,0.009806336565247747,-0.006554982437968185,-0.00857569059710062,0.013988855272715543,-0.005109942628446934,-0.004046163840068215,0.011769485908493,0.011159411474812421,0.0,0.011719689466597464,-0.0010536009278155805,0.003971301531009405,0.007912066891087453,0.0019448361247477051,0.007997344297637276,0.003924039497819173,-0.002849666192176793,-0.0010626490774823811,-0.0016861893940468963,-0.005667279521635612,-0.002223884085768856,-0.003270646081033849,0.007982966036865446,-0.006156514235132119,0.007919946082056319,-0.005107696866975791,0.0,-0.008701939738966085,0.005808430447062965,0.007815314103762676,-0.0027801807776847314,-0.0062899444600037005,-0.006664530607919368,-0.005228609220627151,0.0039244430151180575,0.003997333230008471,0.011836152271075866,0.003986718010264703,0.009784712379561423,-0.001428442154226855,0.0,agent53,0.8061733386545313
-0.5637801795962754,-0.0019272097835592535,-0.0020269865157175153,-0.010296159588700499,-0.007524764743307244,-0.004712139967715855,-0.004679911142210572,-0.004285914426128282,0.005812713029474224,0.001999758646539574,-0.004927027429373142,-0.009145262007868298,0.0,-0.0050316730104251195,-0.006867439418676633,0.005995304125284883,-0.006000041962290377,0.005999983395489334,0.00199588843882413,-0.004037420960967755,-0.01010967964023891,0.009400709860537771,-0.00627928389487483,0.007864125323222972,-0.005478336345559754,-0.002055487308667039,-0.0022578322989530207,0.0019651520361638644,0.007978369659585486,0.00798567164521394,0.007449845063522704,0.009960842997301168,-0.00874757969388935,1,-0.00397755308952774,0.0059908558476265,-0.0036724331038543914,-0.0035876545853989563,-0.007062911077699014,0.009207915315320274,0.005557146995539626,-0.004765647903945298,0.0019326482244335038,0.00988636026077465,0.005637020791587721,0.009960669472505406,-0.004560570112631872,-0.011120443075397318,0.011845544247498459,0.007999874736458412,0.00788667981206279,-0.008255547925900476,0.011855272540984937,0.0019339497586561972,-0.005893189584715008,0.003991470163898302,-0.0030132050838169227,0.009996582776705384,0.0019677875984604786,-0.0031730999821429216,0.009806336565247747,-0.006554982437968185,-0.00857569059710062,0.013988855272715543,-0.005109942628446934,-0.004046163840068215,0.011769485908493,0.011159411474812421,0.0,0.011719689466597464,-0.0010536009278155805,0.003971301531009405,0.007912066891087453,0.0019448361247477051,0.007997344297637276,0.003924039497819173,-0.002849666192176793,-0.0010626490774823811,-0.0016861893940468963,-0.005667279521635612,-0.002223884085768856,-0.003270646081033849,0.007982966036865446,-0.006156514235132119,0.007919946082056319,-0.005107696866975791,0.0,-0.008701939738966085,0.005808430447062965,0.007815314103762676,-0.0027801807776847314,-0.0062899444600037005,-0.006664530607919368,-0.005228609220627151,0.0039244430151180575,0.003997333230008471,0.011836152271075866,0.003986718010264703,0.009784712379561423,-0.001428442154226855,0.0,agent5,0.6261539962802352
-0.5647920157485464,-0.0019272097835592535,-0.0020269865157175153,-0.010296159588700499,-0.007524764743307244,-0.004712139967715855,-0.004679911142210572,-0.004285914426128282,0.005812713029474224,0.001999758646539574,-0.004927027429373142,-0.009145262007868298,0.0,-0.0050316730104251195,-0.006867439418676633,0.005995304125284883,-0.006000041962290377,0.005999983395489334,0.00199588843882413,-0.004037420960967755,-0.01010967964023891,0.009400709860537771,-0.00627928389487483,0.007864125323222972,-0.005478336345559754,-0.002055487308667039,-0.0022578322989530207,0.0019651520361638644,0.007978369659585486,0.00798567164521394,0.007449845063522704,0.009960842997301168,-0.00874757969388935,1,-0.00397755308952774,0.0059908558476265,-0.0036724331038543914,-0.0035876545853989563,-0.007062911077699014,0.009207915315320274,0.005557146995539626,-0.004765647903945298,0.0019326482244335038,0.00988636026077465,0.005637020791587721,0.009960669472505406,-0.004560570112631872,-0.011120443075397318,0.011845544247498459,0.007999874736458412,0.00788667981206279,-0.008255547925900476,0.011855272540984937,0.0019339497586561972,-0.005893189584715008,0.003991470163898302,-0.0030132050838169227,0.009996582776705384,0.0019677875984604786,-0.0031730999821429216,0.009806336565247747,-0.006554982437968185,-0.00857569059710062,0.013988855272715543,-0.005109942628446934,-0.004046163840068215,0.011769485908493,0.011159411474812421,0.0,0.011719689466597464,-0.0010536009278155805,0.003971301531009405,0.007912066891087453,0.0019448361247477051,0.007997344297637276,0.003924039497819173,-0.002849666192176793,-0.0010626490774823811,-0.0016861893940468963,-0.005667279521635612,-0.002223884085768856,-0.003270646081033849,0.007982966036865446,-0.006156514235132119,0.007919946082056319,-0.005107696866975791,0.0,-0.008701939738966085,0.005808430447062965,0.007815314103762676,-0.0027801807776847314,-0.0062899444600037005,-0.006664530607919368,-0.005228609220627151,0.0039244430151180575,0.003997333230008471,0.013809371764678776,0.003986718010264703,0.009784712379561423,-0.001428442154226855,0.0,agent95,-0.795212702795108
-0.5658018220851116,-0.0019272097835592535,-0.0020269865157175153,-0.010296159588700499,-0.007524764743307244,-0.004712139967715855,-0.004679911142210572,-0.004285914426128282,0.005812713029474224,0.001999758646539574,-0.004927027429373142,-0.009145262007868298,0.0,-0.0050316730104251195,-0.006867439418676633,0.005995304125284883,-0.006000041962290377,0.005999983395489334,0.00199588843882413,-0.004037420960967755,-0.01010967964023891,0.009400709860537771,-0.00627928389487483,0.007864125323222972,-0.005478336345559754,-0.002055487308667039,-0.0022578322989530207,0.0019651520361638644,0.007978369659585486,0.00798567164521394,0.007449845063522704,0.009960842997301168,-0.00874757969388935,1,-0.00397755308952774,0.0059908558476265,-0.0036724331038543914,-0.0035876545853989563,-0.007062911077699014,0.009207915315320274,0.005557146995539626,-0.004765647903945298,0.0019326482244335038,0.00988636026077465,0.005637020791587721,0.009960669472505406,-0.004560570112631872,-0.011120443075397318,0.011845544247498459,0.007999874736458412,0.00788667981206279,-0.008255547925900476,0.011855272540984937,0.0019339497586561972,-0.005893189584715008,0.003991470163898302,-0.0030132050838169227,0.009996582776705384,0.0019677875984604786,-0.0031730999821429216,0.011767167417952282,-0.006554982437968185,-0.00857569059710062,0.013988855272715543,-0.005109942628446934,-0.004046163840068215,0.011769485908493,0.011159411474812421,0.0,0.011719689466597464,-0.0010536009278155805,0.003971301531009405,0.007912066891087453,0.0019448361247477051,0.007997344297637276,0.003924039497819173,-0.002849666192176793,-0.0010626490774823811,-0.0016861893940468963,-0.005667279521635612,-0.002223884085768856,-0.003270646081033849,0.007982966036865446,-0.006156514235132119,0.007919946082056319,-0.005107696866975791,0.0,-0.008701939738966085,0.005808430447062965,0.007815314103762676,-0.0027801807776847314,-0.0062899444600037005,-0.006664530607919368,-0.005228609220627151,0.0039244430151180575,0.003997333230008471,0.013809371764678776,0.003986718010264703,0.009784712379561423,-0.001428442154226855,0.0,agent59,-0.28490222566872453
-0.5668073792321072,-0.0019272097835592535,-0.0020269865157175153,-0.010296159588700499,-0.007524764743307244,-0.004712139967715855,-0.004679911142210572,-0.004285914426128282,0.005812713029474224,0.001999758646539574,-0.004927027429373142,-0.009145262007868298,0.0,-0.0050316730104251195,-0.006867439418676633,0.005995304125284883,-0.006000041962290377,0.005999983395489334,0.00199588843882413,-0.004037420960967755,-0.01010967964023891,0.009400709860537771,-0.00627928389487483,0.007864125323222972,-0.005478336345559754,-0.002055487308667039,-0.0022578322989530207,0.0019651520361638644,0.007978369659585486,0.00798567164521394,0.007449845063522704,0.009960842997301168,-0.00874757969388935,1,-0.00397755308952774,0.0059908558476265,-0.0036724331038543914,-0.0035876545853989563,-0.007062911077699014,0.009207915315320274,0.007462882966687322,-0.004765647903945298,0.0019326482244335038,0.00988636026077465,0.005637020791587721,0.009960669472505406,-0.004560570112631872,-0.011120443075397318,0.011845544247498459,0.007999874736458412,0.00788667981206279,-0.008255547925900476,0.011855272540984937,0.0019339497586561972,-0.005893189584715008,0.003991470163898302,-0.0030132050838169227,0.009996582776705384,0.0019677875984604786,-0.0031730999821429216,0.011767167417952282,-0.006554982437968185,-0.00857569059710062,0.013988855272715543,-0.005109942628446934,-0.004046163840068215,0.011769485908493,0.011159411474812421,0.0,0.011719689466597464,-0.0010536009278155805,0.003971301531009405,0.007912066891087453,0.0019448361247477051,0.007997344297637276,0.003924039497819173,-0.002849666192176793,-0.0010626490774823811,-0.0016861893940468963,-0.005667279521635612,-0.002223884085768856,-0.003270646081033849,0.007982966036865446,-0.006156514235132119,0.007919946082056319,-0.005107696866975791,0.0,-0.008701939738966085,0.005808430447062965,0.007815314103762676,-0.0027801807776847314,-0.0062899444600037005,-0.006664530607919368,-0.005228609220627151,0.0039244430151180575,0.003997333230008471,0.013809371764678776,0.003986718010264703,0.009784712379561423,-0.001428442154226855,0.0,agent39,-1
-0.5678121448800112,-0.0019272097835592535,-0.0020269865157175153,-0.010296159588700499,-0.007524764743307244,-0.004712139967715855,-0.004679911142210572,-0.004285914426128282,0.005812713029474224,0.001999758646539574,-0.004927027429373142,-0.009145262007868298,0.0,-0.0050316730104251195,-0.006867439418676633,0.005995304125284883,-0.006000041962290377,0.005999983395489334,0.00199588843882413,-0.004037420960967755,-0.01010967964023891,0.009400709860537771,-0.00627928389487483,0.007864125323222972,-0.005478336345559754,-0.002055487308667039,-0.0022578322989530207,0.0019651520361638644,0.007978369659585486,0.00798567164521394,0.007449845063522704,0.009960842997301168,-0.00874757969388935,1,-0.00397755308952774,0.0059908558476265,-0.0036724331038543914,-0.0035876545853989563,-0.007062911077699014,0.009207915315320274,0.007462882966687322,-0.006120282544574176,0.0019326482244335038,0.00988636026077465,0.005637020791587721,0.009960669472505406,-0.004560570112631872,-0.011120443075397318,0.011845544247498459,0.007999874736458412,0.00788667981206279,-0.008255547925900476,0.011855272540984937,0.0019339497586561972,-0.005893189584715008,0.003991470163898302,-0.0030132050838169227,0.009996582776705384,0.0019677875984604786,-0.0031730999821429216,0.011767167417952282,-0.006554982437968185,-0.00857569059710062,0.013988855272715543,-0.005109942628446934,-0.004046163840068215,0.011769485908493,0.011159411474812421,0.0,0.011719689466597464,-0.0010536009278155805,0.003971301531009405,0.007912066891087453,0.0019448361247477051,0.007997344297637276,0.003924039497819173,-0.002849666192176793,-0.0010626490774823811,-0.0016861893940468963,-0.005667279521635612,-0.002223884085768856,-0.003270646081033849,0.007982966036865446,-0.006156514235132119,0.007919946082056319,-0.005107696866975791,0.0,-0.008701939738966085,0.005808430447062965,0.007815314103762676,-0.0027801807776847314,-0.0062899444600037005,-0.006664530607919368,-0.005228609220627151,0.0039244430151180575,0.003997333230008471,0.013809371764678776,0.003986718010264703,0.009784712379561423,-0.001428442154226855,0.0,agent40,0.5692959253763444
-0.5688140788297699,-0.0019272097835592535,-0.0020269865157175153,-0.010296159588700499,-0.007524764743307244,-0.004712139967715855,-0.004679911142210572,-0.004285914426128282,0.005812713029474224,0.001999758646539574,-0.004927027429373142,-0.009145262007868298,0.0,-0.0050316730104251195,-0.006867439418676633,0.005995304125284883,-0.006000041962290377,0.005999983395489334,0.00199588843882413,-0.004037420960967755,-0.01010967964023891,0.009400709860537771,-0.00627928389487483,0.007864125323222972,-0.005478336345559754,-0.002055487308667039,-0.0022578322989530207,0.0019651520361638644,0.007978369659585486,0.00798567164521394,0.007449845063522704,0.009960842997301168,-0.00874757969388935,1,-0.00397755308952774,0.0059908558476265,-0.0036724331038543914,-0.0035876545853989563,-0.007062911077699014,0.009207915315320274,0.007462882966687322,-0.006120282544574176,0.0019326482244335038,0.00988636026077465,0.005637020791587721,0.009960669472505406,-0.004560570112631872,-0.011120443075397318,0.011845544247498459,0.007999874736458412,0.00788667981206279,-0.008255547925900476,0.011855272540984937,0.003868638463901475,-0.005893189584715008,0.003991470163898302,-0.0030132050838169227,0.009996582776705384,0.0019677875984604786,-0.0031730999821429216,0.011767167417952282,-0.006554982437968185,-0.00857569059710062,0.013988855272715543,-0.005109942628446934,-0.004046163840068215,0.011769485908493,0.011159411474812421,0.0,0.011719689466597464,-0.0010536009278155805,0.003971301531009405,0.007912066891087453,0.0019448361247477051,0.007997344297637276,0.003924039497819173,-0.002849666192176793,-0.0010626490774823811,-0.0016861893940468963,-0.005667279521635612,-0.002223884085768856,-0.003270646081033849,0.007982966036865446,-0.006156514235132119,0.007919946082056319,-0.005107696866975791,0.0,-0.008701939738966085,0.005808430447062965,0.007815314103762676,-0.0027801807776847314,-0.0062899444600037005,-0.006664530607919368,-0.005228609220627151,0.0039244430151180575,0.003997333230008471,0.013809371764678776,0.003986718010264703,0.009784712379561423,-0.001428442154226855,0.0,agent52,-0.20639467226773664
-0.5698200788131653,-0.0019272097835592535,-0.0020269865157175153,-0.010296159588700499,-0.007524764743307244,-0.004712139967715855,-0.004679911142210572,-0.004285914426128282,0.005812713029474224,0.001999758646539574,-0.004927027429373142,-0.009145262007868298,0.0,-0.0050316730104251195,-0.006867439418676633,0.005995304125284883,-0.006000041962290377,0.007999976821411063,0.00199588843882413,-0.004037420960967755,-0.01010967964023891,0.009400709860537771,-0.00627928389487483,0.007864125323222972,-0.005478336345559754,-0.002055487308667039,-0.0022578322989530207,0.0019651520361638644,0.007978369659585486,0.00798567164521394,0.007449845063522704,0.009960842997301168,-0.00874757969388935,1,-0.00397755308952774,0.0059908558476265,-0.0036724331038543914,-0.0035876545853989563,-0.007062911077699014,0.009207915315320274,0.007462882966687322,-0.006120282544574176,0.0019326482244335038,0.00988636026077465,0.005637020791587721,0.009960669472505406,-0.004560570112631872,-0.011120443075397318,0.011845544247498459,0.007999874736458412,0.00788667981206279,-0.008255547925900476,0.011855272540984937,0.003868638463901475,-0.005893189584715008,0.003991470163898302,-0.0030132050838169227,0.009996582776705384,0.0019677875984604786,-0.0031730999821429216,0.011767167417952282,-0.006554982437968185,-0.00857569059710062,0.013988855272715543,-0.005109942628446934,-0.004046163840068215,0.011769485908493,0.011159411474812421,0.0,0.011719689466597464,-0.0010536009278155805,0.003971301531009405,0.007912066891087453,0.0019448361247477051,0.007997344297637276,0.003924039497819173,-0.002849666192176793,-0.0010626490774823811,-0.0016861893940468963,-0.005667279521635612,-0.002223884085768856,-0.003270646081033849,0.007982966036865446,-0.006156514235132119,0.007919946082056319,-0.005107696866975791,0.0,-0.008701939738966085,0.005808430447062965,0.007815314103762676,-0.0027801807776847314,-0.0062899444600037005,-0.006664530607919368,-0.005228609220627151,0.0039244430151180575,0.003997333230008471,0.013809371764678776,0.003986718010264703,0.009784712379561423,-0.001428442154226855,0.0,agent16,-0.5651880401451934
-0.5708241249770054,-0.0019272097835592535,-0.0020269865157175153,-0.010296159588700499,-0.007524764743307244,-0.004712139967715855,-0.004679911142210572,-0.004285914426128282,0.005812713029474224,0.001999758646539574,-0.004927027429373142,-0.009145262007868298,0.0,-0.0050316730104251195,-0.006867439418676633,0.005995304125284883,-0.006000041962290377,0.007999976821411063,0.00199588843882413,-0.004037420960967755,-0.01010967964023891,0.009400709860537771,-0.00627928389487483,0.007864125323222972,-0.005478336345559754,-0.002055487308667039,-0.0022578322989530207,0.0019651520361638644,0.007978369659585486,0.00798567164521394,0.007449845063522704,0.009960842997301168,-0.00874757969388935,1,-0.00397755308952774,0.0059908558476265,-0.0036724331038543914,-0.0035876545853989563,-0.007062911077699014,0.009207915315320274,0.007462882966687322,-0.006120282544574176,0.0019326482244335038,0.00988636026077465,0.005637020791587721,0.009960669472505406,-0.004560570112631872,-0.011120443075397318,0.011845544247498459,0.007999874736458412,0.00788667981206279,-0.008255547925900476,0.011855272540984937,0.003868638463901475,-0.005893189584715008,0.003991470163898302,-0.0030132050838169227,0.009996582776705384,0.0019677875984604786,-0.0031730999821429216,0.011767167417952282,-0.006554982437968185,-0.00857569059710062,0.013988855272715543,-0.005109942628446934,-0.005060783087231766,0.011769485908493,0.011159411474812421,0.0,0.011719689466597464,-0.0010536009278155805,0.003971301531009405,0.007912066891087453,0.0019448361247477051,0.007997344297637276,0.003924039497819173,-0.002849666192176793,-0.0010626490774823811,-0.0016861893940468963,-0.005667279521635612,-0.002223884085768856,-0.003270646081033849,0.007982966036865446,-0.006156514235132119,0.007919946082056319,-0.005107696866975791,0.0,-0.008701939738966085,0.005808430447062965,0.007815314103762676,-0.0027801807776847314,-0.0062899444600037005,-0.006664530607919368,-0.005228609220627151,0.0039244430151180575,0.003997333230008471,0.013809371764678776,0.003986718010264703,0.009784712379561423,-0.001428442154226855,0.0,agent64,0.834018054902007
-0.5718251876260829,-0.0019272097835592535,-0.0020269865157175153,-0.010296159588700499,-0.007524764743307244,-0.004712139967715855,-0.004679911142210572,-0.004285914426128282,0.005812713029474224,0.001999758646539574,-0.004927027429373142,-0.009145262007868298,0.0,-0.0050316730104251195,-0.006867439418676633,0.005995304125284883,-0.006000041962290377,0.007999976821411063,0.00199588843882413,-0.004037420960967755,-0.01010967964023891,0.009400709860537771,-0.00627928389487483,0.007864125323222972,-0.005478336345559754,-0.002055487308667039,-0.0022578322989530207,0.0019651520361638644,0.007978369659585486,0.00798567164521394,0.007449845063522704,0.009960842997301168,-0.00874757969388935,1,-0.00397755308952774,0.0059908558476265,-0.0036724331038543914,-0.0035876545853989563,-0.007062911077699014,0.009207915315320274,0.007462882966687322,-0.006120282544574176,0.0019326482244335038,0.00988636026077465,0.005637020791587721,0.009960669472505406,-0.004560570112631872,-0.011120443075397318,0.011845544247498459,0.007999874736458412,0.00788667981206279,-0.008255547925900476,0.011855272540984937,0.003868638463901475,-0.005893189584715008,0.003991470163898302,-0.0030132050838169227,0.009996582776705384,0.0019677875984604786,-0.0031730999821429216,0.011767167417952282,-0.006554982437968185,-0.00857569059710062,0.013988855272715543,-0.005109942628446934,-0.005060783087231766,0.011769485908493,0.011159411474812421,0.0,0.011719689466597464,-0.0010536009278155805,0.003971301531009405,0.007912066891087453,0.0019448361247477051,0.007997344297637276,0.003924039497819173,-0.002849666192176793,-0.002033665242996451,-0.0016861893940468963,-0.005667279521635612,-0.002223884085768856,-0.003270646081033849,0.007982966036865446,-0.006156514235132119,0.007919946082056319,-0.005107696866975791,0.0,-0.008701939738966085,0.005808430447062965,0.007815314103762676,-0.0027801807776847314,-0.0062899444600037005,-0.006664530607919368,-0.005228609220627151,0.0039244430151180575,0.003997333230008471,0.013809371764678776,0.003986718010264703,0.009784712379561423,-0.001428442154226855,0.0,agent76,0.8637377136942522
-0.5728271835145218,-0.0019272097835592535,-0.0020269865157175153,-0.010296159588700499,-0.007524764743307244,-0.004712139967715855,-0.004679911142210572,-0.004285914426128282,0.005812713029474224,0.001999758646539574,-0.004927027429373142,-0.009145262007868298,0.0,-0.0050316730104251195,-0.006867439418676633,0.005995304125284883,-0.006000041962290377,0.007999976821411063,0.003991594032437099,-0.004037420960967755,-0.01010967964023891,0.009400709860537771,-0.00627928389487483,0.007864125323222972,-0.005478336345559754,-0.002055487308667039,-0.0022578322989530207,0.0019651520361638644,0.007978369659585486,0.00798567164521394,0.007449845063522704,0.009960842997301168,-0.00874757969388935,1,-0.00397755308952774,0.0059908558476265,-0.0036724331038543914,-0.0035876545853989563,-0.007062911077699014,0.009207915315320274,0.007462882966687322,-0.006120282544574176,0.0019326482244335038,0.00988636026077465,0.005637020791587721,0.009960669472505406,-0.004560570112631872,-0.011120443075397318,0.011845544247498459,0.007999874736458412,0.00788667981206279,-0.008255547925900476,0.011855272540984937,0.003868638463901475,-0.005893189584715008,0.003991470163898302,-0.0030132050838169227,0.009996582776705384,0.0019677875984604786,-0.0031730999821429216,0.011767167417952282,-0.006554982437968185,-0.00857569059710062,0.013988855272715543,-0.005109942628446934,-0.005060783087231766,0.011769485908493,0.011159411474812421,0.0,0.011719689466597464,-0.0010536009278155805,0.003971301531009405,0.007912066891087453,0.0019448361247477051,0.007997344297637276,0.003924039497819173,-0.002849666192176793,-0.002033665242996451,-0.0016861893940468963,-0.005667279521635612,-0.002223884085768856,-0.003270646081033849,0.007982966036865446,-0.006156514235132119,0.007919946082056319,-0.005107696866975791,0.0,-0.008701939738966085,0.005808430447062965,0.007815314103762676,-0.0027801807776847314,-0.0062899444600037005,-0.006664530607919368,-0.005228609220627151,0.0039244430151180575,0.003997333230008471,0.013809371764678776,0.003986718010264703,0.009784712379561423,-0.001428442154226855,0.0,agent17,-0.6645010354725491
-0.5738346333595853,-0.0019272097835592535,-0.0020269865157175153,-0.010296159588700499,-0.007524764743307244,-0.004712139967715855,-0.004679911142210572,-0.004285914426128282,0.005812713029474224,0.001999758646539574,-0.004927027429373142,-0.009145262007868298,0.0,-0.0050316730104251195,-0.006867439418676633,0.005995304125284883,-0.006000041962290377,0.007999976821411063,0.003991594032437099,-0.004037420960967755,-0.01010967964023891,0.009400709860537771,-0.00627928389487483,0.007864125323222972,-0.005478336345559754,-0.002055487308667039,-0.0022578322989530207,0.0019651520361638644,0.007978369659585486,0.00798567164521394,0.009358606755950636,0.009960842997301168,-0.00874757969388935,1,-0.00397755308952774,0.0059908558476265,-0.0036724331038543914,-0.0035876545853989563,-0.007062911077699014,0.009207915315320274,0.007462882966687322,-0.006120282544574176,0.0019326482244335038,0.00988636026077465,0.005637020791587721,0.009960669472505406,-0.004560570112631872,-0.011120443075397318,0.011845544247498459,0.007999874736458412,0.00788667981206279,-0.008255547925900476,0.011855272540984937,0.003868638463901475,-0.005893189584715008,0.003991470163898302,-0.0030132050838169227,0.009996582776705384,0.0019677875984604786,-0.0031730999821429216,0.011767167417952282,-0.006554982437968185,-0.00857569059710062,0.013988855272715543,-0.005109942628446934,-0.005060783087231766,0.011769485908493,0.011159411474812421,0.0,0.011719689466597464,-0.0010536009278155805,0.003971301531009405,0.007912066891087453,0.0019448361247477051,0.007997344297637276,0.003924039497819173,-0.002849666192176793,-0.002033665242996451,-0.0016861893940468963,-0.005667279521635612,-0.002223884085768856,-0.003270646081033849,0.007982966036865446,-0.006156514235132119,0.007919946082056319,-0.005107696866975791,0.0,-0.008701939738966085,0.005808430447062965,0.007815314103762676,-0.0027801807776847314,-0.0062899444600037005,-0.006664530607919368,-0.005228609220627151,0.0039244430151180575,0.003997333230008471,0.013809371764678776,0.003986718010264703,0.009784712379561423,-0.001428442154226855,0.0,agent29,-1
-0.574836660346101,-0.0019272097835592535,-0.002788508789136465,-0.010296159588700499,-0.007524764743307244,-0.004712139967715855,-0.004679911142210572,-0.004285914426128282,0.005812713029474224,0.001999758646539574,-0.004927027429373142,-0.009145262007868298,0.0,-0.0050316730104251195,-0.006867439418676633,0.005995304125284883,-0.006000041962290377,0.007999976821411063,0.003991594032437099,-0.004037420960967755,-0.01010967964023891,0.009400709860537771,-0.00627928389487483,0.007864125323222972,-0.005478336345559754,-0.002055487308667039,-0.0022578322989530207,0.0019651520361638644,0.007978369659585486,0.00798567164521394,0.009358606755950636,0.009960842997301168,-0.00874757969388935,1,-0.00397755308952774,0.0059908558476265,-0.0036724331038543914,-0.0035876545853989563,-0.007062911077699014,0.009207915315320274,0.007462882966687322,-0.006120282544574176,0.0019326482244335038,0.00988636026077465,0.005637020791587721,0.009960669472505406,-0.004560570112631872,-0.011120443075397318,0.011845544247498459,0.007999874736458412,0.00788667981206279,-0.008255547925900476,0.011855272540984937,0.003868638463901475,-0.005893189584715008,0.003991470163898302,-0.0030132050838169227,0.009996582776705384,0.0019677875984604786,-0.0031730999821429216,0.011767167417952282,-0.006554982437968185,-0.00857569059710062,0.013988855272715543,-0.005109942628446934,-0.005060783087231766,0.011769485908493,0.011159411474812421,0.0,0.011719689466597464,-0.0010536009278155805,0.003971301531009405,0.007912066891087453,0.0019448361247477051,0.007997344297637276,0.003924039497819173,-0.002849666192176793,-0.002033665242996451,-0.0016861893940468963,-0.005667279521635612,-0.002223884085768856,-0.003270646081033849,0.007982966036865446,-0.006156514235132119,0.007919946082056319,-0.005107696866975791,0.0,-0.008701939738966085,0.005808430447062965,0.007815314103762676,-0.0027801807776847314,-0.0062899444600037005,-0.006664530607919368,-0.005228609220627151,0.0039244430151180575,0.003997333230008471,0.013809371764678776,0.003986718010264703,0.009784712379561423,-0.001428442154226855,0.0,agent1,1
-0.575838346535495,-0.0019272097835592535,-0.002788508789136465,-0.010296159588700499,-0.007524764743307244,-0.004712139967715855,-0.004679911142210572,-0.004285914426128282,0.005812713029474224,0.001999758646539574,-0.004927027429373142,-0.009145262007868298,0.0,-0.0050316730104251195,-0.006867439418676633,0.005995304125284883,-0.006000041962290377,0.007999976821411063,0.003991594032437099,-0.004037420960967755,-0.01010967964023891,0.009400709860537771,-0.00627928389487483,0.007864125323222972,-0.005478336345559754,-0.002055487308667039,-0.0022578322989530207,0.0019651520361638644,0.007978369659585486,0.00798567164521394,0.009358606755950636,0.009960842997301168,-0.00874757969388935,1,-0.00397755308952774,0.0059908558476265,-0.0036724331038543914,-0.0035876545853989563,-0.007062911077699014,0.009207915315320274,0.007462882966687322,-0.006120282544574176,0.0019326482244335038,0.00988636026077465,0.005637020791587721,0.009960669472505406,-0.004560570112631872,-0.011120443075397318,0.011845544247498459,0.007999874736458412,0.00788667981206279,-0.008255547925900476,0.011855272540984937,0.003868638463901475,-0.005893189584715008,0.003991470163898302,-0.0030132050838169227,0.009996582776705384,0.0019677875984604786,-0.0031730999821429216,0.011767167417952282,-0.006554982437968185,-0.00857569059710062,0.013988855272715543,-0.005109942628446934,-0.005060783087231766,0.011769485908493,0.011159411474812421,0.0,0.011719689466597464,-0.0010536009278155805,0.003971301531009405,0.007912066891087453,0.0019448361247477051,0.007997344297637276,0.003924039497819173,-0.002849666192176793,-0.002033665242996451,-0.002446134140661866,-0.005667279521635612,-0.002223884085768856,-0.003270646081033849,0.007982966036865446,-0.006156514235132119,0.007919946082056319,-0.005107696866975791,0.0,-0.008701939738966085,0.005808430447062965,0.007815314103762676,-0.0027801807776847314,-0.0062899444600037005,-0.006664530607919368,-0.005228609220627151,0.0039244430151180575,0.003997333230008471,0.013809371764678776,0.003986718010264703,0.009784712379561423,-0.001428442154226855,0.0,agent77,1
-0.5768444668180396,-0.0019272097835592535,-0.002788508789136465,-0.010296159588700499,-0.007524764743307244,-0.004712139967715855,-0.004679911142210572,-0.004285914426128282,0.005812713029474224,0.001999758646539574,-0.004927027429373142,-0.009145262007868298,0.0,-0.0050316730104251195,-0.006867439418676633,0.005995304125284883,-0.006000041962290377,0.007999976821411063,0.003991594032437099,-0.004037420960967755,-0.01010967964023891,0.009400709860537771,-0.00627928389487483,0.007864125323222972,-0.005478336345559754,-0.002055487308667039,-0.0022578322989530207,0.0019651520361638644,0.007978369659585486,0.00798567164521394,0.009358606755950636,0.009960842997301168,-0.00874757969388935,1,-0.00397755308952774,0.0059908558476265,-0.0036724331038543914,-0.0035876545853989563,-0.007062911077699014,0.009207915315320274,0.007462882966687322,-0.007455391430060389,0.0019326482244335038,0.00988636026077465,0.005637020791587721,0.009960669472505406,-0.004560570112631872,-0.011120443075397318,0.011845544247498459,0.007999874736458412,0.00788667981206279,-0.008255547925900476,0.011855272540984937,0.003868638463901475,-0.005893189584715008,0.003991470163898302,-0.0030132050838169227,0.009996582776705384,0.0019677875984604786,-0.0031730999821429216,0.011767167417952282,-0.006554982437968185,-0.00857569059710062,0.013988855272715543,-0.005109942628446934,-0.005060783087231766,0.011769485908493,0.011159411474812421,0.0,0.011719689466597464,-0.0010536009278155805,0.003971301531009405,0.007912066891087453,0.0019448361247477051,0.007997344297637276,0.003924039497819173,-0.002849666192176793,-0.002033665242996451,-0.002446134140661866,-0.005667279521635612,-0.002223884085768856,-0.003270646081033849,0.007982966036865446,-0.006156514235132119,0.007919946082056319,-0.005107696866975791,0.0,-0.008701939738966085,0.005808430447062965,0.007815314103762676,-0.0027801807776847314,-0.0062899444600037005,-0.006664530607919368,-0.005228609220627151,0.0039244430151180575,0.003997333230008471,0.013809371764678776,0.003986718010264703,0.009784712379561423,-0.001428442154226855,0.0,agent40,0.577323493375788
-0.5778513342574583,-0.0019272097835592535,-0.002788508789136465,-0.010296159588700499,-0.007524764743307244,-0.004712139967715855,-0.004679911142210572,-0.004285914426128282,0.005812713029474224,0.001999758646539574,-0.004927027429373142,-0.009145262007868298,0.0,-0.0050316730104251195,-0.008312439458348874,0.005995304125284883,-0.006000041962290377,0.007999976821411063,0.003991594032437099,-0.004037420960967755,-0.01010967964023891,0.009400709860537771,-0.00627928389487483,0.007864125323222972,-0.005478336345559754,-0.002055487308667039,-0.0022578322989530207,0.0019651520361638644,0.007978369659585486,0.00798567164521394,0.009358606755950636,0.009960842997301168,-0.00874757969388935,1,-0.00397755308952774,0.0059908558476265,-0.0036724331038543914,-0.0035876545853989563,-0.007062911077699014,0.009207915315320274,0.007462882966687322,-0.007455391430060389,0.0019326482244335038,0.00988636026077465,0.005637020791587721,0.009960669472505406,-0.004560570112631872,-0.011120443075397318,0.011845544247498459,0.007999874736458412,0.00788667981206279,-0.008255547925900476,0.011855272540984937,0.003868638463901475,-0.005893189584715008,0.003991470163898302,-0.0030132050838169227,0.009996582776705384,0.0019677875984604786,-0.0031730999821429216,0.011767167417952282,-0.006554982437968185,-0.00857569059710062,0.013988855272715543,-0.005109942628446934,-0.005060783087231766,0.011769485908493,0.011159411474812421,0.0,0.011719689466597464,-0.0010536009278155805,0.003971301531009405,0.007912066891087453,0.0019448361247477051,0.007997344297637276,0.003924039497819173,-0.002849666192176793,-0.002033665242996451,-0.002446134140661866,-0.005667279521635612,-0.002223884085768856,-0.003270646081033849,0.007982966036865446,-0.006156514235132119,0.007919946082056319,-0.005107696866975791,0.0,-0.008701939738966085,0.005808430447062965,0.007815314103762676,-0.0027801807776847314,-0.0062899444600037005,-0.006664530607919368,-0.005228609220627151,0.0039244430151180575,0.003997333230008471,0.013809371764678776,0.003986718010264703,0.009784712379561423,-0.001428442154226855,0.0,agent13,0.4767208708120081
-0.5788631014248762,-0.0019272097835592535,-0.002788508789136465,-0.010296159588700499,-0.007524764743307244,-0.004712139967715855,-0.004679911142210572,-0.004285914426128282,0.005812713029474224,0.001999758646539574,-0.004927027429373142,-0.009145262007868298,0.0,-0.0050316730104251195,-0.008312439458348874,0.005995304125284883,-0.006000041962290377,0.007999976821411063,0.003991594032437099,-0.004037420960967755,-0.01010967964023891,0.009400709860537771,-0.00627928389487483,0.007864125323222972,-0.005478336345559754,-0.002055487308667039,-0.0022578322989530207,0.0019651520361638644,0.007978369659585486,0.00798567164521394,0.009358606755950636,0.009960842997301168,-0.00874757969388935,1,-0.00397755308952774,0.0059908558476265,-0.0036724331038543914,-0.0035876545853989563,-0.007062911077699014,0.009207915315320274,0.007462882966687322,-0.007455391430060389,0.0019326482244335038,0.00988636026077465,0.005637020791587721,0.009960669472505406,-0.004560570112631872,-0.011120443075397318,0.011845544247498459,0.007999874736458412,0.00788667981206279,-0.008255547925900476,0.011855272540984937,0.003868638463901475,-0.005893189584715008,0.003991470163898302,-0.0030132050838169227,0.009996582776705384,0.0019677875984604786,-0.0031730999821429216,0.013727716095152876,-0.006554982437968185,-0.00857569059710062,0.013988855272715543,-0.005109942628446934,-0.005060783087231766,0.011769485908493,0.011159411474812421,0.0,0.011719689466597464,-0.0010536009278155805,0.003971301531009405,0.007912066891087453,0.0019448361247477051,0.007997344297637276,0.003924039497819173,-0.002849666192176793,-0.002033665242996451,-0.002446134140661866,-0.005667279521635612,-0.002223884085768856,-0.003270646081033849,0.007982966036865446,-0.006156514235132119,0.007919946082056319,-0.005107696866975791,0.0,-0.008701939738966085,0.005808430447062965,0.007815314103762676,-0.0027801807776847314,-0.0062899444600037005,-0.006664530607919368,-0.005228609220627151,0.0039244430151180575,0.003997333230008471,0.013809371764678776,0.003986718010264703,0.009784712379561423,-0.001428442154226855,0.0,agent59,-0.29695518690257916
-0.5798710987691739,-0.0019272097835592535,-0.002788508789136465,-0.010296159588700499,-0.007524764743307244,-0.004712139967715855,-0.004679911142210572,-0.004285914426128282,0.005812713029474224,0.001999758646539574,-0.004927027429373142,-0.009145262007868298,0.0,-0.0050316730104251195,-0.008312439458348874,0.005995304125284883,-0.006000041962290377,0.007999976821411063,0.003991594032437099,-0.004037420960967755,-0.01010967964023891,0.009400709860537771,-0.00627928389487483,0.007864125323222972,-0.005478336345559754,-0.002055487308667039,-0.0022578322989530207,0.0019651520361638644,0.007978369659585486,0.00798567164521394,0.009358606755950636,0.009960842997301168,-0.00874757969388935,1,-0.00397755308952774,0.0059908558476265,-0.0036724331038543914,-0.0035876545853989563,-0.007062911077699014,0.009207915315320274,0.007462882966687322,-0.007455391430060389,0.0019326482244335038,0.00988636026077465,0.005637020791587721,0.009960669472505406,-0.004560570112631872,-0.011120443075397318,0.011845544247498459,0.007999874736458412,0.00788667981206279,-0.008255547925900476,0.011855272540984937,0.003868638463901475,-0.005893189584715008,0.003991470163898302,-0.0030132050838169227,0.009996582776705384,0.0019677875984604786,-0.0031730999821429216,0.013727716095152876,-0.006554982437968185,-0.00857569059710062,0.013988855272715543,-0.005109942628446934,-0.005060783087231766,0.011769485908493,0.011159411474812421,0.0,0.011719689466597464,-0.0010536009278155805,0.003971301531009405,0.007912066891087453,0.0019448361247477051,0.009996717108036138,0.003924039497819173,-0.002849666192176793,-0.002033665242996451,-0.002446134140661866,-0.005667279521635612,-0.002223884085768856,-0.003270646081033849,0.007982966036865446,-0.006156514235132119,0.007919946082056319,-0.005107696866975791,0.0,-0.008701939738966085,0.005808430447062965,0.007815314103762676,-0.0027801807776847314,-0.0062899444600037005,-0.006664530607919368,-0.005228609220627151,0.0039244430151180575,0.003997333230008471,0.013809371764678776,0.003986718010264703,0.009784712379561423,-0.001428442154226855,0.0,agent73,-0.6142803176096359
-0.5808741119742576,-0.0019272097835592535,-0.002788508789136465,-0.010296159588700499,-0.007524764743307244,-0.004712139967715855,-0.004679911142210572,-0.004285914426128282,0.005812713029474224,0.001999758646539574,-0.004927027429373142,-0.009145262007868298,0.0,-0.0050316730104251195,-0.008312439458348874,0.005995304125284883,-0.006000041962290377,0.007999976821411063,0.003991594032437099,-0.004037420960967755,-0.01010967964023891,0.009400709860537771,-0.00627928389487483,0.007864125323222972,-0.005478336345559754,-0.002055487308667039,-0.0022578322989530207,0.0019651520361638644,0.007978369659585486,0.00798567164521394,0.009358606755950636,0.009960842997301168,-0.00874757969388935,1,-0.00397755308952774,0.0059908558476265,-0.0036724331038543914,-0.0035876545853989563,-0.007062911077699014,0.009207915315320274,0.007462882966687322,-0.007455391430060389,0.0019326482244335038,0.00988636026077465,0.005637020791587721,0.009960669472505406,-0.004560570112631872,-0.011120443075397318,0.011845544247498459,0.007999874736458412,0.00788667981206279,-0.008255547925900476,0.011855272540984937,0.003868638463901475,-0.005893189584715008,0.003991470163898302,-0.00410771084387072,0.009996582776705384,0.0019677875984604786,-0.0031730999821429216,0.013727716095152876,-0.006554982437968185,-0.00857569059710062,0.013988855272715543,-0.005109942628446934,-0.005060783087231766,0.011769485908493,0.011159411474812421,0.0,0.011719689466597464,-0.0010536009278155805,0.003971301531009405,0.007912066891087453,0.0019448361247477051,0.009996717108036138,0.003924039497819173,-0.002849666192176793,-0.002033665242996451,-0.002446134140661866,-0.005667279521635612,-0.002223884085768856,-0.003270646081033849,0.007982966036865446,-0.006156514235132119,0.007919946082056319,-0.005107696866975791,0.0,-0.008701939738966085,0.005808430447062965,0.007815314103762676,-0.0027801807776847314,-0.0062899444600037005,-0.006664530607919368,-0.005228609220627151,0.0039244430151180575,0.003997333230008471,0.013809371764678776,0.003986718010264703,0.009784712379561423,-0.001428442154226855,0.0,agent55,0.7658586214541725
-0.5818838966866372,-0.0019272097835592535,-0.002788508789136465,-0.010296159588700499,-0.007524764743307244,-0.004712139967715855,-0.004679911142210572,-0.004285914426128282,0.005812713029474224,0.001999758646539574,-0.004927027429373142,-0.009145262007868298,0.0,-0.0050316730104251195,-0.008312439458348874,0.005995304125284883,-0.006000041962290377,0.007999976821411063,0.003991594032437099,-0.004037420960967755,-0.01010967964023891,0.009400709860537771,-0.00627928389487483,0.007864125323222972,-0.005478336345559754,-0.002055487308667039,-0.0022578322989530207,0.0019651520361638644,0.007978369659585486,0.00798567164521394,0.009358606755950636,0.009960842997301168,-0.00874757969388935,1,-0.00397755308952774,0.0059908558476265,-0.0036724331038543914,-0.0035876545853989563,-0.007062911077699014,0.009207915315320274,0.007462882966687322,-0.007455391430060389,0.0019326482244335038,0.00988636026077465,0.005637020791587721,0.009960669472505406,-0.004560570112631872,-0.011120443075397318,0.011845544247498459,0.007999874736458412,0.00788667981206279,-0.008255547925900476,0.011855272540984937,0.003868638463901475,-0.005893189584715008,0.003991470163898302,-0.00410771084387072,0.009996582776705384,0.0019677875984604786,-0.0031730999821429216,0.013727716095152876,-0.006554982437968185,-0.00857569059710062,0.013988855272715543,-0.005109942628446934,-0.005060783087231766,0.011769485908493,0.011159411474812421,0.0,0.011719689466597464,-0.0010536009278155805,0.003971301531009405,0.007912066891087453,0.0019448361247477051,0.009996717108036138,0.003924039497819173,-0.002849666192176793,-0.002033665242996451,-0.002446134140661866,-0.005667279521635612,-0.002223884085768856,-0.003270646081033849,0.007982966036865446,-0.006156514235132119,0.007919946082056319,-0.005107696866975791,0.0,-0.008701939738966085,0.005808430447062965,0.007815314103762676,-0.0027801807776847314,-0.0062899444600037005,-0.006664530607919368,-0.005228609220627151,0.0039244430151180575,0.003997333230008471,0.013809371764678776,0.003986718010264703,0.011742044295194678,-0.001428442154226855,0.0,agent97,-0.872997662434485
-0.5828898875424848,-0.0019272097835592535,-0.002788508789136465,-0.010296159588700499,-0.007524764743307244,-0.004712139967715855,-0.004679911142210572,-0.004285914426128282,0.005812713029474224,0.001999758646539574,-0.004927027429373142,-0.009145262007868298,0.0,-0.0050316730104251195,-0.008312439458348874,0.005995304125284883,-0.006000041962290377,0.007999976821411063,0.003991594032437099,-0.004037420960967755,-0.01010967964023891,0.009400709860537771,-0.00627928389487483,0.007864125323222972,-0.005478336345559754,-0.002055487308667039,-0.0022578322989530207,0.0019651520361638644,0.007978369659585486,0.00798567164521394,0.009358606755950636,0.009960842997301168,-0.00874757969388935,1,-0.00397755308952774,0.007987836068907718,-0.0036724331038543914,-0.0035876545853989563,-0.007062911077699014,0.009207915315320274,0.007462882966687322,-0.007455391430060389,0.0019326482244335038,0.00988636026077465,0.005637020791587721,0.009960669472505406,-0.004560570112631872,-0.011120443075397318,0.011845544247498459,0.007999874736458412,0.00788667981206279,-0.008255547925900476,0.011855272540984937,0.003868638463901475,-0.005893189584715008,0.003991470163898302,-0.00410771084387072,0.009996582776705384,0.0019677875984604786,-0.0031730999821429216,0.013727716095152876,-0.006554982437968185,-0.00857569059710062,0.013988855272715543,-0.005109942628446934,-0.005060783087231766,0.011769485908493,0.011159411474812421,0.0,0.011719689466597464,-0.0010536009278155805,0.003971301531009405,0.007912066891087453,0.0019448361247477051,0.009996717108036138,0.003924039497819173,-0.002849666192176793,-0.002033665242996451,-0.002446134140661866,-0.005667279521635612,-0.002223884085768856,-0.003270646081033849,0.007982966036865446,-0.006156514235132119,0.007919946082056319,-0.005107696866975791,0.0,-0.008701939738966085,0.005808430447062965,0.007815314103762676,-0.0027801807776847314,-0.0062899444600037005,-0.006664530607919368,-0.005228609220627151,0.0039244430151180575,0.003997333230008471,0.013809371764678776,0.003986718010264703,0.011742044295194678,-0.001428442154226855,0.0,agent34,-0.6595984862922327
-0.5838918323786095,-0.0019272097835592535,-0.002788508789136465,-0.010296159588700499,-0.007524764743307244,-0.004712139967715855,-0.004679911142210572,-0.004285914426128282,0.005812713029474224,0.001999758646539574,-0.004927027429373142,-0.009145262007868298,0.0,-0.0050316730104251195,-0.008312439458348874,0.005995304125284883,-0.006000041962290377,0.007999976821411063,0.003991594032437099,-0.004037420960967755,-0.01010967964023891,0.009400709860537771,-0.00627928389487483,0.007864125323222972,-0.005478336345559754,-0.002055487308667039,-0.0022578322989530207,0.0019651520361638644,0.007978369659585486,0.00798567164521394,0.009358606755950636,0.009960842997301168,-0.00874757969388935,1,-0.00397755308952774,0.007987836068907718,-0.0036724331038543914,-0.0035876545853989563,-0.007062911077699014,0.009207915315320274,0.007462882966687322,-0.007455391430060389,0.0019326482244335038,0.00988636026077465,0.005637020791587721,0.009960669472505406,-0.004560570112631872,-0.011120443075397318,0.011845544247498459,0.007999874736458412,0.00788667981206279,-0.008255547925900476,0.011855272540984937,0.003868638463901475,-0.005893189584715008,0.003991470163898302,-0.00410771084387072,0.009996582776705384,0.0019677875984604786,-0.0031730999821429216,0.013727716095152876,-0.006554982437968185,-0.00857569059710062,0.013988855272715543,-0.005109942628446934,-0.005060783087231766,0.011769485908493,0.011159411474812421,0.0,0.011719689466597464,-0.0010536009278155805,0.003971301531009405,0.007912066891087453,0.003890363337509804,0.009996717108036138,0.003924039497819173,-0.002849666192176793,-0.002033665242996451,-0.002446134140661866,-0.005667279521635612,-0.002223884085768856,-0.003270646081033849,0.007982966036865446,-0.006156514235132119,0.007919946082056319,-0.005107696866975791,0.0,-0.008701939738966085,0.005808430447062965,0.007815314103762676,-0.0027801807776847314,-0.0062899444600037005,-0.006664530607919368,-0.005228609220627151,0.0039244430151180575,0.003997333230008471,0.013809371764678776,0.003986718010264703,0.011742044295194678,-0.001428442154226855,0.0,agent72,-0.25282084252947173
-0.584899832253346,-0.0019272097835592535,-0.002788508789136465,-0.010296159588700499,-0.007524764743307244,-0.004712139967715855,-0.004679911142210572,-0.004285914426128282,0.005812713029474224,0.001999758646539574,-0.004927027429373142,-0.009145262007868298,0.0,-0.0050316730104251195,-0.008312439458348874,0.005995304125284883,-0.006000041962290377,0.007999976821411063,0.003991594032437099,-0.004037420960967755,-0.01010967964023891,0.009400709860537771,-0.00627928389487483,0.007864125323222972,-0.005478336345559754,-0.002055487308667039,-0.0022578322989530207,0.0019651520361638644,0.007978369659585486,0.00798567164521394,0.009358606755950636,0.009960842997301168,-0.00874757969388935,1,-0.00397755308952774,0.007987836068907718,-0.0036724331038543914,-0.0035876545853989563,-0.007062911077699014,0.009207915315320274,0.007462882966687322,-0.007455391430060389,0.0019326482244335038,0.00988636026077465,0.005637020791587721,0.009960669472505406,-0.004560570112631872,-0.011120443075397318,0.011845544247498459,0.009999835266796929,0.00788667981206279,-0.008255547925900476,0.011855272540984937,0.003868638463901475,-0.005893189584715008,0.003991470163898302,-0.00410771084387072,0.009996582776705384,0.0019677875984604786,-0.0031730999821429216,0.013727716095152876,-0.006554982437968185,-0.00857569059710062,0.013988855272715543,-0.005109942628446934,-0.005060783087231766,0.011769485908493,0.011159411474812421,0.0,0.011719689466597464,-0.0010536009278155805,0.003971301531009405,0.007912066891087453,0.003890363337509804,0.009996717108036138,0.003924039497819173,-0.002849666192176793,-0.002033665242996451,-0.002446134140661866,-0.005667279521635612,-0.002223884085768856,-0.003270646081033849,0.007982966036865446,-0.006156514235132119,0.007919946082056319,-0.005107696866975791,0.0,-0.008701939738966085,0.005808430447062965,0.007815314103762676,-0.0027801807776847314,-0.0062899444600037005,-0.006664530607919368,-0.005228609220627151,0.0039244430151180575,0.003997333230008471,0.013809371764678776,0.003986718010264703,0.011742044295194678,-0.001428442154226855,0.0,agent48,-0.5750070519667853
-0.5859038098064355,-0.0019272097835592535,-0.002788508789136465,-0.010296159588700499,-0.007524764743307244,-0.004712139967715855,-0.004679911142210572,-0.004285914426128282,0.005812713029474224,0.001999758646539574,-0.004927027429373142,-0.009145262007868298,0.0,-0.0050316730104251195,-0.008312439458348874,0.005995304125284883,-0.006000041962290377,0.007999976821411063,0.003991594032437099,-0.004037420960967755,-0.01010967964023891,0.009400709860537771,-0.00627928389487483,0.007864125323222972,-0.005478336345559754,-0.002055487308667039,-0.0022578322989530207,0.0019651520361638644,0.007978369659585486,0.00798567164521394,0.009358606755950636,0.009960842997301168,-0.00874757969388935,1,-0.004721599350389398,0.007987836068907718,-0.0036724331038543914,-0.0035876545853989563,-0.007062911077699014,0.009207915315320274,0.007462882966687322,-0.007455391430060389,0.0019326482244335038,0.00988636026077465,0.005637020791587721,0.009960669472505406,-0.004560570112631872,-0.011120443075397318,0.011845544247498459,0.009999835266796929,0.00788667981206279,-0.008255547925900476,0.011855272540984937,0.003868638463901475,-0.005893189584715008,0.003991470163898302,-0.00410771084387072,0.009996582776705384,0.0019677875984604786,-0.0031730999821429216,0.013727716095152876,-0.006554982437968185,-0.00857569059710062,0.013988855272715543,-0.005109942628446934,-0.005060783087231766,0.011769485908493,0.011159411474812421,0.0,0.011719689466597464,-0.0010536009278155805,0.003971301531009405,0.007912066891087453,0.003890363337509804,0.009996717108036138,0.003924039497819173,-0.002849666192176793,-0.002033665242996451,-0.002446134140661866,-0.005667279521635612,-0.002223884085768856,-0.003270646081033849,0.007982966036865446,-0.006156514235132119,0.007919946082056319,-0.005107696866975791,0.0,-0.008701939738966085,0.005808430447062965,0.007815314103762676,-0.0027801807776847314,-0.0062899444600037005,-0.006664530607919368,-0.005228609220627151,0.0039244430151180575,0.003997333230008471,0.013809371764678776,0.003986718010264703,0.011742044295194678,-0.001428442154226855,0.0,agent33,1
-0.5869137706494328,-0.0019272097835592535,-0.002788508789136465,-0.010296159588700499,-0.007524764743307244,-0.004712139967715855,-0.004679911142210572,-0.004285914426128282,0.005812713029474224,0.001999758646539574,-0.004927027429373142,-0.009145262007868298,0.0,-0.0050316730104251195,-0.008312439458348874,0.005995304125284883,-0.006000041962290377,0.007999976821411063,0.003991594032437099,-0.004037420960967755,-0.01010967964023891,0.009400709860537771,-0.00627928389487483,0.007864125323222972,-0.005478336345559754,-0.002055487308667039,-0.0022578322989530207,0.0019651520361638644,0.007978369659585486,0.00798567164521394,0.009358606755950636,0.011953217042064417,-0.00874757969388935,1,-0.004721599350389398,0.007987836068907718,-0.0036724331038543914,-0.0035876545853989563,-0.007062911077699014,0.009207915315320274,0.007462882966687322,-0.007455391430060389,0.0019326482244335038,0.00988636026077465,0.005637020791587721,0.009960669472505406,-0.004560570112631872,-0.011120443075397318,0.011845544247498459,0.009999835266796929,0.00788667981206279,-0.008255547925900476,0.011855272540984937,0.003868638463901475,-0.005893189584715008,0.003991470163898302,-0.00410771084387072,0.009996582776705384,0.0019677875984604786,-0.0031730999821429216,0.013727716095152876,-0.006554982437968185,-0.00857569059710062,0.013988855272715543,-0.005109942628446934,-0.005060783087231766,0.011769485908493,0.011159411474812421,0.0,0.011719689466597464,-0.0010536009278155805,0.003971301531009405,0.007912066891087453,0.003890363337509804,0.009996717108036138,0.003924039497819173,-0.002849666192176793,-0.002033665242996451,-0.002446134140661866,-0.005667279521635612,-0.002223884085768856,-0.003270646081033849,0.007982966036865446,-0.006156514235132119,0.007919946082056319,-0.005107696866975791,0.0,-0.008701939738966085,0.005808430447062965,0.007815314103762676,-0.0027801807776847314,-0.0062899444600037005,-0.006664530607919368,-0.005228609220627151,0.0039244430151180575,0.003997333230008471,0.013809371764678776,0.003986718010264703,0.011742044295194678,-0.001428442154226855,0.0,agent30,-0.7094024351975882
-0.5879160284817317,-0.0019272097835592535,-0.002788508789136465,-0.010296159588700499,-0.007524764743307244,-0.004712139967715855,-0.004679911142210572,-0.004285914426128282,0.005812713029474224,0.001999758646539574,-0.004927027429373142,-0.009145262007868298,0.0,-0.0050316730104251195,-0.008312439458348874,0.005995304125284883,-0.006000041962290377,0.007999976821411063,0.003991594032437099,-0.004037420960967755,-0.01010967964023891,0.009400709860537771,-0.00627928389487483,0.007864125323222972,-0.005478336345559754,-0.002055487308667039,-0.003062508733469645,0.0019651520361638644,0.007978369659585486,0.00798567164521394,0.009358606755950636,0.011953217042064417,-0.00874757969388935,1,-0.004721599350389398,0.007987836068907718,-0.0036724331038543914,-0.0035876545853989563,-0.007062911077699014,0.009207915315320274,0.007462882966687322,-0.007455391430060389,0.0019326482244335038,0.00988636026077465,0.005637020791587721,0.009960669472505406,-0.004560570112631872,-0.011120443075397318,0.011845544247498459,0.009999835266796929,0.00788667981206279,-0.008255547925900476,0.011855272540984937,0.003868638463901475,-0.005893189584715008,0.003991470163898302,-0.00410771084387072,0.009996582776705384,0.0019677875984604786,-0.0031730999821429216,0.013727716095152876,-0.006554982437968185,-0.00857569059710062,0.013988855272715543,-0.005109942628446934,-0.005060783087231766,0.011769485908493,0.011159411474812421,0.0,0.011719689466597464,-0.0010536009278155805,0.003971301531009405,0.007912066891087453,0.003890363337509804,0.009996717108036138,0.003924039497819173,-0.002849666192176793,-0.002033665242996451,-0.002446134140661866,-0.005667279521635612,-0.002223884085768856,-0.003270646081033849,0.007982966036865446,-0.006156514235132119,0.007919946082056319,-0.005107696866975791,0.0,-0.008701939738966085,0.005808430447062965,0.007815314103762676,-0.0027801807776847314,-0.0062899444600037005,-0.006664530607919368,-0.005228609220627151,0.0039244430151180575,0.003997333230008471,0.013809371764678776,0.003986718010264703,0.011742044295194678,-0.001428442154226855,0.0,agent25,0.9592579956710984
-0.5889260250645084,-0.0019272097835592535,-0.002788508789136465,-0.010296159588700499,-0.007524764743307244,-0.004712139967715855,-0.004679911142210572,-0.004285914426128282,0.005812713029474224,0.001999758646539574,-0.004927027429373142,-0.009145262007868298,0.0,-0.0050316730104251195,-0.008312439458348874,0.005995304125284883,-0.006000041962290377,0.007999976821411063,0.003991594032437099,-0.004037420960967755,-0.01010967964023891,0.009400709860537771,-0.00627928389487483,0.007864125323222972,-0.005478336345559754,-0.002055487308667039,-0.003062508733469645,0.0019651520361638644,0.007978369659585486,0.00798567164521394,0.009358606755950636,0.011953217042064417,-0.00874757969388935,1,-0.004721599350389398,0.007987836068907718,-0.0036724331038543914,-0.0035876545853989563,-0.007062911077699014,0.009207915315320274,0.007462882966687322,-0.007455391430060389,0.0019326482244335038,0.00988636026077465,0.005637020791587721,0.009960669472505406,-0.004560570112631872,-0.011120443075397318,0.011845544247498459,0.009999835266796929,0.00788667981206279,-0.008255547925900476,0.011855272540984937,0.003868638463901475,-0.005893189584715008,0.003991470163898302,-0.00410771084387072,0.011995847372051402,0.0019677875984604786,-0.0031730999821429216,0.013727716095152876,-0.006554982437968185,-0.00857569059710062,0.013988855272715543,-0.005109942628446934,-0.005060783087231766,0.011769485908493,0.011159411474812421,0.0,0.011719689466597464,-0.0010536009278155805,0.003971301531009405,0.007912066891087453,0.003890363337509804,0.009996717108036138,0.003924039497819173,-0.002849666192176793,-0.002033665242996451,-0.002446134140661866,-0.005667279521635612,-0.002223884085768856,-0.003270646081033849,0.007982966036865446,-0.006156514235132119,0.007919946082056319,-0.005107696866975791,0.0,-0.008701939738966085,0.005808430447062965,0.007815314103762676,-0.0027801807776847314,-0.0062899444600037005,-0.006664530607919368,-0.005228609220627151,0.0039244430151180575,0.003997333230008471,0.013809371764678776,0.003986718010264703,0.011742044295194678,-0.001428442154226855,0.0,agent56,-0.5495648967127139
-0.5899320251064707,-0.0019272097835592535,-0.002788508789136465,-0.010296159588700499,-0.007524764743307244,-0.004712139967715855,-0.004679911142210572,-0.004285914426128282,0.005812713029474224,0.001999758646539574,-0.004927027429373142,-0.009145262007868298,0.0,-0.0050316730104251195,-0.008312439458348874,0.005995304125284883,-0.006737699005726727,0.007999976821411063,0.003991594032437099,-0.004037420960967755,-0.01010967964023891,0.009400709860537771,-0.00627928389487483,0.007864125323222972,-0.005478336345559754,-0.002055487308667039,-0.003062508733469645,0.0019651520361638644,0.007978369659585486,0.00798567164521394,0.009358606755950636,0.011953217042064417,-0.00874757969388935,1,-0.004721599350389398,0.007987836068907718,-0.0036724331038543914,-0.0035876545853989563,-0.007062911077699014,0.009207915315320274,0.007462882966687322,-0.007455391430060389,0.0019326482244335038,0.00988636026077465,0.005637020791587721,0.009960669472505406,-0.004560570112631872,-0.011120443075397318,0.011845544247498459,0.009999835266796929,0.00788667981206279,-0.008255547925900476,0.011855272540984937,0.003868638463901475,-0.005893189584715008,0.003991470163898302,-0.00410771084387072,0.011995847372051402,0.0019677875984604786,-0.0031730999821429216,0.013727716095152876,-0.006554982437968185,-0.00857569059710062,0.013988855272715543,-0.005109942628446934,-0.005060783087231766,0.011769485908493,0.011159411474812421,0.0,0.011719689466597464,-0.0010536009278155805,0.003971301531009405,0.007912066891087453,0.003890363337509804,0.009996717108036138,0.003924039497819173,-0.002849666192176793,-0.002033665242996451,-0.002446134140661866,-0.005667279521635612,-0.002223884085768856,-0.003270646081033849,0.007982966036865446,-0.006156514235132119,0.007919946082056319,-0.005107696866975791,0.0,-0.008701939738966085,0.005808430447062965,0.007815314103762676,-0.0027801807776847314,-0.0062899444600037005,-0.006664530607919368,-0.005228609220627151,0.0039244430151180575,0.003997333230008471,0.013809371764678776,0.003986718010264703,0.011742044295194678,-0.001428442154226855,0.0,agent15,1
-0.5909372537156913,-0.0019272097835592535,-0.002788508789136465,-0.010296159588700499,-0.007524764743307244,-0.004712139967715855,-0.004679911142210572,-0.004285914426128282,0.005812713029474224,0.001999758646539574,-0.004927027429373142,-0.009145262007868298,0.0,-0.0050316730104251195,-0.008312439458348874,0.005995304125284883,-0.006737699005726727,0.007999976821411063,0.003991594032437099,-0.004037420960967755,-0.01010967964023891,0.009400709860537771,-0.00627928389487483,0.007864125323222972,-0.005478336345559754,-0.002055487308667039,-0.003062508733469645,0.0019651520361638644,0.007978369659585486,0.00798567164521394,0.009358606755950636,0.011953217042064417,-0.00874757969388935,1,-0.004721599350389398,0.007987836068907718,-0.0036724331038543914,-0.0035876545853989563,-0.007062911077699014,0.009207915315320274,0.007462882966687322,-0.007455391430060389,0.0019326482244335038,0.00988636026077465,0.005637020791587721,0.009960669472505406,-0.004560570112631872,-0.011120443075397318,0.011845544247498459,0.009999835266796929,0.00788667981206279,-0.008255547925900476,0.011855272540984937,0.003868638463901475,-0.005893189584715008,0.003991470163898302,-0.00410771084387072,0.011995847372051402,0.0019677875984604786,-0.0031730999821429216,0.013727716095152876,-0.006554982437968185,-0.00857569059710062,0.013988855272715543,-0.005109942628446934,-0.005060783087231766,0.011769485908493,0.011159411474812421,0.0,0.011719689466597464,-0.0010536009278155805,0.003971301531009405,0.007912066891087453,0.003890363337509804,0.009996717108036138,0.003924039497819173,-0.002849666192176793,-0.002033665242996451,-0.002446134140661866,-0.005667279521635612,-0.002223884085768856,-0.003270646081033849,0.007982966036865446,-0.006156514235132119,0.007919946082056319,-0.005107696866975791,0.0,-0.008701939738966085,0.005808430447062965,0.007815314103762676,-0.0027801807776847314,-0.0062899444600037005,-0.006664530607919368,-0.005964667298397569,0.0039244430151180575,0.003997333230008471,0.013809371764678776,0.003986718010264703,0.011742044295194678,-0.001428442154226855,0.0,agent92,1
-0.5919392873809343,-0.0019272097835592535,-0.002788508789136465,-0.010296159588700499,-0.007524764743307244,-0.004712139967715855,-0.004679911142210572,-0.004285914426128282,0.005812713029474224,0.001999758646539574,-0.004927027429373142,-0.009145262007868298,0.0,-0.0050316730104251195,-0.008312439458348874,0.005995304125284883,-0.006737699005726727,0.007999976821411063,0.003991594032437099,-0.004037420960967755,-0.01010967964023891,0.009400709860537771,-0.00627928389487483,0.007864125323222972,-0.005478336345559754,-0.002055487308667039,-0.003062508733469645,0.0019651520361638644,0.007978369659585486,0.00798567164521394,0.009358606755950636,0.011953217042064417,-0.00874757969388935,1,-0.004721599350389398,0.007987836068907718,-0.0036724331038543914,-0.0035876545853989563,-0.007062911077699014,0.009207915315320274,0.007462882966687322,-0.007455391430060389,0.0019326482244335038,0.00988636026077465,0.005637020791587721,0.009960669472505406,-0.004560570112631872,-0.011120443075397318,0.011845544247498459,0.009999835266796929,0.00788667981206279,-0.008255547925900476,0.011855272540984937,0.003868638463901475,-0.005893189584715008,0.003991470163898302,-0.00410771084387072,0.011995847372051402,0.0019677875984604786,-0.0031730999821429216,0.013727716095152876,-0.006554982437968185,-0.00857569059710062,0.013988855272715543,-0.005109942628446934,-0.005060783087231766,0.011769485908493,0.011159411474812421,0.0,0.011719689466597464,-0.0010536009278155805,0.003971301531009405,0.007912066891087453,0.003890363337509804,0.009996717108036138,0.003924039497819173,-0.002849666192176793,-0.0029476470116125064,-0.002446134140661866,-0.005667279521635612,-0.002223884085768856,-0.003270646081033849,0.007982966036865446,-0.006156514235132119,0.007919946082056319,-0.005107696866975791,0.0,-0.008701939738966085,0.005808430447062965,0.007815314103762676,-0.0027801807776847314,-0.0062899444600037005,-0.006664530607919368,-0.005964667298397569,0.0039244430151180575,0.003997333230008471,0.013809371764678776,0.003986718010264703,0.011742044295194678,-0.001428442154226855,0.0,agent76,0.8828457909580792
-0.5929492872162011,-0.0019272097835592535,-0.002788508789136465,-0.010296159588700499,-0.007524764743307244,-0.004712139967715855,-0.004679911142210572,-0.004285914426128282,0.005812713029474224,0.001999758646539574,-0.004927027429373142,-0.009145262007868298,0.0,-0.0050316730104251195,-0.008312439458348874,0.005995304125284883,-0.006737699005726727,0.007999976821411063,0.003991594032437099,-0.004037420960967755,-0.01010967964023891,0.009400709860537771,-0.00627928389487483,0.007864125323222972,-0.005478336345559754,-0.002055487308667039,-0.003062508733469645,0.0019651520361638644,0.007978369659585486,0.00798567164521394,0.009358606755950636,0.011953217042064417,-0.00874757969388935,1,-0.004721599350389398,0.007987836068907718,-0.0036724331038543914,-0.0035876545853989563,-0.007062911077699014,0.009207915315320274,0.007462882966687322,-0.007455391430060389,0.0019326482244335038,0.00988636026077465,0.005637020791587721,0.009960669472505406,-0.004560570112631872,-0.011120443075397318,0.011845544247498459,0.011999786335260873,0.00788667981206279,-0.008255547925900476,0.011855272540984937,0.003868638463901475,-0.005893189584715008,0.003991470163898302,-0.00410771084387072,0.011995847372051402,0.0019677875984604786,-0.0031730999821429216,0.013727716095152876,-0.006554982437968185,-0.00857569059710062,0.013988855272715543,-0.005109942628446934,-0.005060783087231766,0.011769485908493,0.011159411474812421,0.0,0.011719689466597464,-0.0010536009278155805,0.003971301531009405,0.007912066891087453,0.003890363337509804,0.009996717108036138,0.003924039497819173,-0.002849666192176793,-0.0029476470116125064,-0.002446134140661866,-0.005667279521635612,-0.002223884085768856,-0.003270646081033849,0.007982966036865446,-0.006156514235132119,0.007919946082056319,-0.005107696866975791,0.0,-0.008701939738966085,0.005808430447062965,0.007815314103762676,-0.0027801807776847314,-0.0062899444600037005,-0.006664530607919368,-0.005964667298397569,0.0039244430151180575,0.003997333230008471,0.013809371764678776,0.003986718010264703,0.011742044295194678,-0.001428442154226855,0.0,agent48,-0.5820467107644827
-0.593955566500096,-0.0019272097835592535,-0.002788508789136465,-0.010296159588700499,-0.007524764743307244,-0.004712139967715855,-0.004679911142210572,-0.004285914426128282,0.005812713029474224,0.001999758646539574,-0.004927027429373142,-0.009145262007868298,0.0,-0.0050316730104251195,-0.008312439458348874,0.005995304125284883,-0.006737699005726727,0.007999976821411063,0.003991594032437099,-0.004037420960967755,-0.01010967964023891,0.009400709860537771,-0.007404516226869305,0.007864125323222972,-0.005478336345559754,-0.002055487308667039,-0.003062508733469645,0.0019651520361638644,0.007978369659585486,0.00798567164521394,0.009358606755950636,0.011953217042064417,-0.00874757969388935,1,-0.004721599350389398,0.007987836068907718,-0.0036724331038543914,-0.0035876545853989563,-0.007062911077699014,0.009207915315320274,0.007462882966687322,-0.007455391430060389,0.0019326482244335038,0.00988636026077465,0.005637020791587721,0.009960669472505406,-0.004560570112631872,-0.011120443075397318,0.011845544247498459,0.011999786335260873,0.00788667981206279,-0.008255547925900476,0.011855272540984937,0.003868638463901475,-0.005893189584715008,0.003991470163898302,-0.00410771084387072,0.011995847372051402,0.0019677875984604786,-0.0031730999821429216,0.013727716095152876,-0.006554982437968185,-0.00857569059710062,0.013988855272715543,-0.005109942628446934,-0.005060783087231766,0.011769485908493,0.011159411474812421,0.0,0.011719689466597464,-0.0010536009278155805,0.003971301531009405,0.007912066891087453,0.003890363337509804,0.009996717108036138,0.003924039497819173,-0.002849666192176793,-0.0029476470116125064,-0.002446134140661866,-0.005667279521635612,-0.002223884085768856,-0.003270646081033849,0.007982966036865446,-0.006156514235132119,0.007919946082056319,-0.005107696866975791,0.0,-0.008701939738966085,0.005808430447062965,0.007815314103762676,-0.0027801807776847314,-0.0062899444600037005,-0.006664530607919368,-0.005964667298397569,0.0039244430151180575,0.003997333230008471,0.013809371764678776,0.003986718010264703,0.011742044295194678,-0.001428442154226855,0.0,agent21,0.72975073017665
-0.594967421772637,-0.0019272097835592535,-0.002788508789136465,-0.010296159588700499,-0.007524764743307244,-0.004712139967715855,-0.004679911142210572,-0.004285914426128282,0.005812713029474224,0.001999758646539574,-0.004927027429373142,-0.009145262007868298,0.0,-0.0050316730104251195,-0.008312439458348874,0.005995304125284883,-0.006737699005726727,0.007999976821411063,0.003991594032437099,-0.004037420960967755,-0.01010967964023891,0.009400709860537771,-0.007404516226869305,0.007864125323222972,-0.005478336345559754,-0.002055487308667039,-0.003062508733469645,0.0019651520361638644,0.007978369659585486,0.00798567164521394,0.009358606755950636,0.011953217042064417,-0.00874757969388935,1,-0.004721599350389398,0.007987836068907718,-0.0036724331038543914,-0.0035876545853989563,-0.007062911077699014,0.009207915315320274,0.007462882966687322,-0.007455391430060389,0.0019326482244335038,0.00988636026077465,0.005637020791587721,0.009960669472505406,-0.004560570112631872,-0.011120443075397318,0.011845544247498459,0.011999786335260873,0.00788667981206279,-0.008255547925900476,0.01383064253447672,0.003868638463901475,-0.005893189584715008,0.003991470163898302,-0.00410771084387072,0.011995847372051402,0.0019677875984604786,-0.0031730999821429216,0.013727716095152876,-0.006554982437968185,-0.00857569059710062,0.013988855272715543,-0.005109942628446934,-0.005060783087231766,0.011769485908493,0.011159411474812421,0.0,0.011719689466597464,-0.0010536009278155805,0.003971301531009405,0.007912066891087453,0.003890363337509804,0.009996717108036138,0.003924039497819173,-0.002849666192176793,-0.0029476470116125064,-0.002446134140661866,-0.005667279521635612,-0.002223884085768856,-0.003270646081033849,0.007982966036865446,-0.006156514235132119,0.007919946082056319,-0.005107696866975791,0.0,-0.008701939738966085,0.005808430447062965,0.007815314103762676,-0.0027801807776847314,-0.0062899444600037005,-0.006664530607919368,-0.005964667298397569,0.0039244430151180575,0.003997333230008471,0.013809371764678776,0.003986718010264703,0.011742044295194678,-0.001428442154226855,0.0,agent51,-0.3720095978130399
-0.5959714191058669,-0.0019272097835592535,-0.002788508789136465,-0.010296159588700499,-0.007524764743307244,-0.004712139967715855,-0.004679911142210572,-0.004285914426128282,0.005812713029474224,0.001999758646539574,-0.004927027429373142,-0.009145262007868298,0.0,-0.0050316730104251195,-0.008312439458348874,0.005995304125284883,-0.006737699005726727,0.007999976821411063,0.003991594032437099,-0.004037420960967755,-0.01010967964023891,0.009400709860537771,-0.007404516226869305,0.007864125323222972,-0.005478336345559754,-0.002055487308667039,-0.003062508733469645,0.0019651520361638644,0.007978369659585486,0.00798567164521394,0.009358606755950636,0.011953217042064417,-0.00874757969388935,1,-0.004721599350389398,0.007987836068907718,-0.0036724331038543914,-0.0035876545853989563,-0.007062911077699014,0.009207915315320274,0.007462882966687322,-0.007455391430060389,0.0019326482244335038,0.00988636026077465,0.005637020791587721,0.009960669472505406,-0.004560570112631872,-0.011120443075397318,0.011845544247498459,0.011999786335260873,0.00788667981206279,-0.008255547925900476,0.01383064253447672,0.003868638463901475,-0.005893189584715008,0.003991470163898302,-0.00410771084387072,0.011995847372051402,0.0019677875984604786,-0.0031730999821429216,0.013727716095152876,-0.006554982437968185,-0.00857569059710062,0.013988855272715543,-0.005109942628446934,-0.005060783087231766,0.011769485908493,0.011159411474812421,0.0,0.011719689466597464,-0.0010536009278155805,0.003971301531009405,0.007912066891087453,0.003890363337509804,0.009996717108036138,0.003924039497819173,-0.002849666192176793,-0.0029476470116125064,-0.002446134140661866,-0.005667279521635612,-0.002223884085768856,-0.003270646081033849,0.007982966036865446,-0.006156514235132119,0.007919946082056319,-0.005107696866975791,0.0,-0.008701939738966085,0.005808430447062965,0.007815314103762676,-0.0027801807776847314,-0.0062899444600037005,-0.006664530607919368,-0.005964667298397569,0.0039244430151180575,0.0059960266943192685,0.013809371764678776,0.003986718010264703,0.011742044295194678,-0.001428442154226855,0.0,agent94,-0.5438492119212933
-0.5969770561266585,-0.0019272097835592535,-0.002788508789136465,-0.010296159588700499,-0.007524764743307244,-0.004712139967715855,-0.004679911142210572,-0.004285914426128282,0.005812713029474224,0.001999758646539574,-0.004927027429373142,-0.009145262007868298,0.0,-0.0050316730104251195,-0.008312439458348874,0.005995304125284883,-0.006737699005726727,0.007999976821411063,0.003991594032437099,-0.004037420960967755,-0.01010967964023891,0.009400709860537771,-0.007404516226869305,0.007864125323222972,-0.005478336345559754,-0.002055487308667039,-0.003062508733469645,0.0019651520361638644,0.007978369659585486,0.00798567164521394,0.009358606755950636,0.011953217042064417,-0.00874757969388935,1,-0.004721599350389398,0.007987836068907718,-0.0036724331038543914,-0.0035876545853989563,-0.007062911077699014,0.009207915315320274,0.007462882966687322,-0.007455391430060389,0.0019326482244335038,0.00988636026077465,0.007555401244498058,0.009960669472505406,-0.004560570112631872,-0.011120443075397318,0.011845544247498459,0.011999786335260873,0.00788667981206279,-0.008255547925900476,0.01383064253447672,0.003868638463901475,-0.005893189584715008,0.003991470163898302,-0.00410771084387072,0.011995847372051402,0.0019677875984604786,-0.0031730999821429216,0.013727716095152876,-0.006554982437968185,-0.00857569059710062,0.013988855272715543,-0.005109942628446934,-0.005060783087231766,0.011769485908493,0.011159411474812421,0.0,0.011719689466597464,-0.0010536009278155805,0.003971301531009405,0.007912066891087453,0.003890363337509804,0.009996717108036138,0.003924039497819173,-0.002849666192176793,-0.0029476470116125064,-0.002446134140661866,-0.005667279521635612,-0.002223884085768856,-0.003270646081033849,0.007982966036865446,-0.006156514235132119,0.007919946082056319,-0.005107696866975791,0.0,-0.008701939738966085,0.005808430447062965,0.007815314103762676,-0.0027801807776847314,-0.0062899444600037005,-0.006664530607919368,-0.005964667298397569,0.0039244430151180575,0.0059960266943192685,0.013809371764678776,0.003986718010264703,0.011742044295194678,-0.001428442154226855,0.0,agent43,-1
-0.5979837206572665,-0.0019272097835592535,-0.002788508789136465,-0.010296159588700499,-0.007524764743307244,-0.004712139967715855,-0.004679911142210572,-0.004285914426128282,0.005812713029474224,0.001999758646539574,-0.004927027429373142,-0.009145262007868298,0.0,-0.0050316730104251195,-0.008312439458348874,0.005995304125284883,-0.006737699005726727,0.007999976821411063,0.003991594032437099,-0.004037420960967755,-0.01010967964023891,0.009400709860537771,-0.007404516226869305,0.007864125323222972,-0.005478336345559754,-0.002055487308667039,-0.003062508733469645,0.0019651520361638644,0.007978369659585486,0.00798567164521394,0.009358606755950636,0.011953217042064417,-0.00874757969388935,1,-0.004721599350389398,0.007987836068907718,-0.0036724331038543914,-0.0035876545853989563,-0.007062911077699014,0.009207915315320274,0.007462882966687322,-0.007455391430060389,0.0019326482244335038,0.00988636026077465,0.007555401244498058,0.009960669472505406,-0.004560570112631872,-0.011120443075397318,0.011845544247498459,0.011999786335260873,0.00788667981206279,-0.008255547925900476,0.01383064253447672,0.003868638463901475,-0.005893189584715008,0.003991470163898302,-0.00410771084387072,0.011995847372051402,0.0019677875984604786,-0.0031730999821429216,0.013727716095152876,-0.006554982437968185,-0.00857569059710062,0.013988855272715543,-0.005109942628446934,-0.005060783087231766,0.011769485908493,0.011159411474812421,0.0,0.011719689466597464,-0.0010536009278155805,0.003971301531009405,0.007912066891087453,0.003890363337509804,0.009996717108036138,0.003924039497819173,-0.002849666192176793,-0.0029476470116125064,-0.002446134140661866,-0.005667279521635612,-0.002223884085768856,-0.003270646081033849,0.007982966036865446,-0.006156514235132119,0.007919946082056319,-0.005107696866975791,0.0,-0.008701939738966085,0.005808430447062965,0.007815314103762676,-0.0027801807776847314,-0.0062899444600037005,-0.008059831427024853,-0.005964667298397569,0.0039244430151180575,0.0059960266943192685,0.013809371764678776,0.003986718010264703,0.011742044295194678,-0.001428442154226855,0.0,agent91,0.5027494379567704
-0.5989940168168552,-0.0019272097835592535,-0.002788508789136465,-0.011382089193248946,-0.007524764743307244,-0.004712139967715855,-0.004679911142210572,-0.004285914426128282,0.005812713029474224,0.001999758646539574,-0.004927027429373142,-0.009145262007868298,0.0,-0.0050316730104251195,-0.008312439458348874,0.005995304125284883,-0.006737699005726727,0.007999976821411063,0.003991594032437099,-0.004037420960967755,-0.01010967964023891,0.009400709860537771,-0.007404516226869305,0.007864125323222972,-0.005478336345559754,-0.002055487308667039,-0.003062508733469645,0.0019651520361638644,0.007978369659585486,0.00798567164521394,0.009358606755950636,0.011953217042064417,-0.00874757969388935,1,-0.004721599350389398,0.007987836068907718,-0.0036724331038543914,-0.0035876545853989563,-0.007062911077699014,0.009207915315320274,0.007462882966687322,-0.007455391430060389,0.0019326482244335038,0.00988636026077465,0.007555401244498058,0.009960669472505406,-0.004560570112631872,-0.011120443075397318,0.011845544247498459,0.011999786335260873,0.00788667981206279,-0.008255547925900476,0.01383064253447672,0.003868638463901475,-0.005893189584715008,0.003991470163898302,-0.00410771084387072,0.011995847372051402,0.0019677875984604786,-0.0031730999821429216,0.013727716095152876,-0.006554982437968185,-0.00857569059710062,0.013988855272715543,-0.005109942628446934,-0.005060783087231766,0.011769485908493,0.011159411474812421,0.0,0.011719689466597464,-0.0010536009278155805,0.003971301531009405,0.007912066891087453,0.003890363337509804,0.009996717108036138,0.003924039497819173,-0.002849666192176793,-0.0029476470116125064,-0.002446134140661866,-0.005667279521635612,-0.002223884085768856,-0.003270646081033849,0.007982966036865446,-0.006156514235132119,0.007919946082056319,-0.005107696866975791,0.0,-0.008701939738966085,0.005808430447062965,0.007815314103762676,-0.0027801807776847314,-0.0062899444600037005,-0.008059831427024853,-0.005964667298397569,0.0039244430151180575,0.0059960266943192685,0.013809371764678776,0.003986718010264703,0.011742044295194678,-0.001428442154226855,0.0,agent2,0.754103847107154
-0.6000023292563135,-0.0019272097835592535,-0.002788508789136465,-0.011382089193248946,-0.007524764743307244,-0.004712139967715855,-0.004679911142210572,-0.004285914426128282,0.005812713029474224,0.001999758646539574,-0.004927027429373142,-0.009145262007868298,0.0,-0.0050316730104251195,-0.009710882991303774,0.005995304125284883,-0.006737699005726727,0.007999976821411063,0.003991594032437099,-0.004037420960967755,-0.01010967964023891,0.009400709860537771,-0.007404516226869305,0.007864125323222972,-0.005478336345559754,-0.002055487308667039,-0.003062508733469645,0.0019651520361638644,0.007978369659585486,0.00798567164521394,0.009358606755950636,0.011953217042064417,-0.00874757969388935,1,-0.004721599350389398,0.007987836068907718,-0.0036724331038543914,-0.0035876545853989563,-0.007062911077699014,0.009207915315320274,0.007462882966687322,-0.007455391430060389,0.0019326482244335038,0.00988636026077465,0.007555401244498058,0.009960669472505406,-0.004560570112631872,-0.011120443075397318,0.011845544247498459,0.011999786335260873,0.00788667981206279,-0.008255547925900476,0.01383064253447672,0.003868638463901475,-0.005893189584715008,0.003991470163898302,-0.00410771084387072,0.011995847372051402,0.0019677875984604786,-0.0031730999821429216,0.013727716095152876,-0.006554982437968185,-0.00857569059710062,0.013988855272715543,-0.005109942628446934,-0.005060783087231766,0.011769485908493,0.011159411474812421,0.0,0.011719689466597464,-0.0010536009278155805,0.003971301531009405,0.007912066891087453,0.003890363337509804,0.009996717108036138,0.003924039497819173,-0.002849666192176793,-0.0029476470116125064,-0.002446134140661866,-0.005667279521635612,-0.002223884085768856,-0.003270646081033849,0.007982966036865446,-0.006156514235132119,0.007919946082056319,-0.005107696866975791,0.0,-0.008701939738966085,0.005808430447062965,0.007815314103762676,-0.0027801807776847314,-0.0062899444600037005,-0.008059831427024853,-0.005964667298397569,0.0039244430151180575,0.0059960266943192685,0.013809371764678776,0.003986718010264703,0.011742044295194678,-0.001428442154226855,0.0,agent13,0.4978710314412246
-0.601004256466097,-0.002647206056746439,-0.002788508789136465,-0.011382089193248946,-0.007524764743307244,-0.004712139967715855,-0.004679911142210572,-0.004285914426128282,0.005812713029474224,0.001999758646539574,-0.004927027429373142,-0.009145262007868298,0.0,-0.0050316730104251195,-0.009710882991303774,0.005995304125284883,-0.006737699005726727,0.007999976821411063,0.003991594032437099,-0.004037420960967755,-0.01010967964023891,0.009400709860537771,-0.007404516226869305,0.007864125323222972,-0.005478336345559754,-0.002055487308667039,-0.003062508733469645,0.0019651520361638644,0.007978369659585486,0.00798567164521394,0.009358606755950636,0.011953217042064417,-0.00874757969388935,1,-0.004721599350389398,0.007987836068907718,-0.0036724331038543914,-0.0035876545853989563,-0.007062911077699014,0.009207915315320274,0.007462882966687322,-0.007455391430060389,0.0019326482244335038,0.00988636026077465,0.007555401244498058,0.009960669472505406,-0.004560570112631872,-0.011120443075397318,0.011845544247498459,0.011999786335260873,0.00788667981206279,-0.008255547925900476,0.01383064253447672,0.003868638463901475,-0.005893189584715008,0.003991470163898302,-0.00410771084387072,0.011995847372051402,0.0019677875984604786,-0.0031730999821429216,0.013727716095152876,-0.006554982437968185,-0.00857569059710062,0.013988855272715543,-0.005109942628446934,-0.005060783087231766,0.011769485908493,0.011159411474812421,0.0,0.011719689466597464,-0.0010536009278155805,0.003971301531009405,0.007912066891087453,0.003890363337509804,0.009996717108036138,0.003924039497819173,-0.002849666192176793,-0.0029476470116125064,-0.002446134140661866,-0.005667279521635612,-0.002223884085768856,-0.003270646081033849,0.007982966036865446,-0.006156514235132119,0.007919946082056319,-0.005107696866975791,0.0,-0.008701939738966085,0.005808430447062965,0.007815314103762676,-0.0027801807776847314,-0.0062899444600037005,-0.008059831427024853,-0.005964667298397569,0.0039244430151180575,0.0059960266943192685,0.013809371764678776,0.003986718010264703,0.011742044295194678,-0.001428442154226855,0.0,agent0,1
-0.6020062562247436,-0.002647206056746439,-0.002788508789136465,-0.011382089193248946,-0.007524764743307244,-0.004712139967715855,-0.004679911142210572,-0.004285914426128282,0.005812713029474224,0.003999471425690677,-0.004927027429373142,-0.009145262007868298,0.0,-0.0050316730104251195,-0.009710882991303774,0.005995304125284883,-0.006737699005726727,0.007999976821411063,0.003991594032437099,-0.004037420960967755,-0.01010967964023891,0.009400709860537771,-0.007404516226869305,0.007864125323222972,-0.005478336345559754,-0.002055487308667039,-0.003062508733469645,0.0019651520361638644,0.007978369659585486,0.00798567164521394,0.009358606755950636,0.011953217042064417,-0.00874757969388935,1,-0.004721599350389398,0.007987836068907718,-0.0036724331038543914,-0.0035876545853989563,-0.007062911077699014,0.009207915315320274,0.007462882966687322,-0.007455391430060389,0.0019326482244335038,0.00988636026077465,0.007555401244498058,0.009960669472505406,-0.004560570112631872,-0.011120443075397318,0.011845544247498459,0.011999786335260873,0.00788667981206279,-0.008255547925900476,0.01383064253447672,0.003868638463901475,-0.005893189584715008,0.003991470163898302,-0.00410771084387072,0.011995847372051402,0.0019677875984604786,-0.0031730999821429216,0.013727716095152876,-0.006554982437968185,-0.00857569059710062,0.013988855272715543,-0.005109942628446934,-0.005060783087231766,0.011769485908493,0.011159411474812421,0.0,0.011719689466597464,-0.0010536009278155805,0.003971301531009405,0.007912066891087453,0.003890363337509804,0.009996717108036138,0.003924039497819173,-0.002849666192176793,-0.0029476470116125064,-0.002446134140661866,-0.005667279521635612,-0.002223884085768856,-0.003270646081033849,0.007982966036865446,-0.006156514235132119,0.007919946082056319,-0.005107696866975791,0.0,-0.008701939738966085,0.005808430447062965,0.007815314103762676,-0.0027801807776847314,-0.0062899444600037005,-0.008059831427024853,-0.005964667298397569,0.0039244430151180575,0.0059960266943192685,0.013809371764678776,0.003986718010264703,0.011742044295194678,-0.001428442154226855,0.0,agent8,-0.6249717698497039
-0.6030143160561706,-0.002647206056746439,-0.002788508789136465,-0.011382089193248946,-0.007524764743307244,-0.004712139967715855,-0.004679911142210572,-0.004285914426128282,0.005812713029474224,0.003999471425690677,-0.004927027429373142,-0.009145262007868298,0.0,-0.0050316730104251195,-0.009710882991303774,0.005995304125284883,-0.006737699005726727,0.007999976821411063,0.003991594032437099,-0.004037420960967755,-0.01010967964023891,0.009400709860537771,-0.007404516226869305,0.007864125323222972,-0.005478336345559754,-0.002055487308667039,-0.003062508733469645,0.0019651520361638644,0.007978369659585486,0.00798567164521394,0.009358606755950636,0.011953217042064417,-0.00874757969388935,1,-0.004721599350389398,0.007987836068907718,-0.0036724331038543914,-0.0035876545853989563,-0.007062911077699014,0.009207915315320274,0.007462882966687322,-0.007455391430060389,0.0019326482244335038,0.00988636026077465,0.007555401244498058,0.009960669472505406,-0.004560570112631872,-0.011120443075397318,0.011845544247498459,0.011999786335260873,0.00788667981206279,-0.008255547925900476,0.01383064253447672,0.003868638463901475,-0.005893189584715008,0.003991470163898302,-0.00410771084387072,0.011995847372051402,0.0019677875984604786,-0.0031730999821429216,0.013727716095152876,-0.006554982437968185,-0.00857569059710062,0.013988855272715543,-0.005109942628446934,-0.005060783087231766,0.011769485908493,0.011159411474812421,0.0,0.011719689466597464,-0.0010536009278155805,0.003971301531009405,0.007912066891087453,0.003890363337509804,0.009996717108036138,0.003924039497819173,-0.002849666192176793,-0.0029476470116125064,-0.002446134140661866,-0.005667279521635612,-0.002223884085768856,-0.003270646081033849,0.007982966036865446,-0.006156514235132119,0.007919946082056319,-0.005107696866975791,0.0,-0.008701939738966085,0.005808430447062965,0.007815314103762676,-0.0027801807776847314,-0.0062899444600037005,-0.009445129529149152,-0.005964667298397569,0.0039244430151180575,0.0059960266943192685,0.013809371764678776,0.003986718010264703,0.011742044295194678,-0.001428442154226855,0.0,agent91,0.5067785722029381
-0.6040281466987051,-0.002647206056746439,-0.002788508789136465,-0.011382089193248946,-0.007524764743307244,-0.004712139967715855,-0.004679911142210572,-0.004285914426128282,0.005812713029474224,0.003999471425690677,-0.004927027429373142,-0.009145262007868298,0.0,-0.0050316730104251195,-0.009710882991303774,0.005995304125284883,-0.006737699005726727,0.007999976821411063,0.003991594032437099,-0.004037420960967755,-0.01010967964023891,0.009400709860537771,-0.007404516226869305,0.007864125323222972,-0.005478336345559754,-0.002055487308667039,-0.003062508733469645,0.0019651520361638644,0.007978369659585486,0.00798567164521394,0.009358606755950636,0.011953217042064417,-0.00874757969388935,1,-0.004721599350389398,0.007987836068907718,-0.0036724331038543914,-0.0035876545853989563,-0.007062911077699014,0.009207915315320274,0.007462882966687322,-0.007455391430060389,0.0019326482244335038,0.00988636026077465,0.007555401244498058,0.009960669472505406,-0.004560570112631872,-0.011120443075397318,0.011845544247498459,0.011999786335260873,0.00788667981206279,-0.008255547925900476,0.015805788263140788,0.003868638463901475,-0.005893189584715008,0.003991470163898302,-0.00410771084387072,0.011995847372051402,0.0019677875984604786,-0.0031730999821429216,0.013727716095152876,-0.006554982437968185,-0.00857569059710062,0.013988855272715543,-0.005109942628446934,-0.005060783087231766,0.011769485908493,0.011159411474812421,0.0,0.011719689466597464,-0.0010536009278155805,0.003971301531009405,0.007912066891087453,0.003890363337509804,0.009996717108036138,0.003924039497819173,-0.002849666192176793,-0.0029476470116125064,-0.002446134140661866,-0.005667279521635612,-0.002223884085768856,-0.003270646081033849,0.007982966036865446,-0.006156514235132119,0.007919946082056319,-0.005107696866975791,0.0,-0.008701939738966085,0.005808430447062965,0.007815314103762676,-0.0027801807776847314,-0.0062899444600037005,-0.009445129529149152,-0.005964667298397569,0.0039244430151180575,0.0059960266943192685,0.013809371764678776,0.003986718010264703,0.011742044295194678,-0.001428442154226855,0.0,agent51,-0.38006018922316864
-0.6050310943457167,-0.002647206056746439,-0.002788508789136465,-0.011382089193248946,-0.007524764743307244,-0.004712139967715855,-0.004679911142210572,-0.004285914426128282,0.005812713029474224,0.003999471425690677,-0.004927027429373142,-0.009145262007868298,0.0,-0.0050316730104251195,-0.009710882991303774,0.005995304125284883,-0.006737699005726727,0.007999976821411063,0.003991594032437099,-0.004037420960967755,-0.01010967964023891,0.009400709860537771,-0.007404516226869305,0.007864125323222972,-0.005478336345559754,-0.002055487308667039,-0.003062508733469645,0.0019651520361638644,0.007978369659585486,0.00798567164521394,0.009358606755950636,0.011953217042064417,-0.00874757969388935,1,-0.004721599350389398,0.007987836068907718,-0.0036724331038543914,-0.0035876545853989563,-0.007062911077699014,0.009207915315320274,0.007462882966687322,-0.007455391430060389,0.0019326482244335038,0.00988636026077465,0.007555401244498058,0.009960669472505406,-0.004560570112631872,-0.011120443075397318,0.011845544247498459,0.011999786335260873,0.00788667981206279,-0.008255547925900476,0.015805788263140788,0.003868638463901475,-0.005893189584715008,0.003991470163898302,-0.00410771084387072,0.011995847372051402,0.0019677875984604786,-0.0031730999821429216,0.013727716095152876,-0.006554982437968185,-0.00857569059710062,0.013988855272715543,-0.005109942628446934,-0.005060783087231766,0.011769485908493,0.011159411474812421,0.0,0.011719689466597464,-0.0010536009278155805,0.003971301531009405,0.007912066891087453,0.003890363337509804,0.009996717108036138,0.003924039497819173,-0.002849666192176793,-0.0038242070660700466,-0.002446134140661866,-0.005667279521635612,-0.002223884085768856,-0.003270646081033849,0.007982966036865446,-0.006156514235132119,0.007919946082056319,-0.005107696866975791,0.0,-0.008701939738966085,0.005808430447062965,0.007815314103762676,-0.0027801807776847314,-0.0062899444600037005,-0.009445129529149152,-0.005964667298397569,0.0039244430151180575,0.0059960266943192685,0.013809371764678776,0.003986718010264703,0.011742044295194678,-0.001428442154226855,0.0,agent76,0.8949314561875498
-0.6060376493281546,-0.002647206056746439,-0.002788508789136465,-0.011382089193248946,-0.007524764743307244,-0.004712139967715855,-0.004679911142210572,-0.004285914426128282,0.005812713029474224,0.003999471425690677,-0.004927027429373142,-0.009145262007868298,0.0,-0.0050316730104251195,-0.009710882991303774,0.005995304125284883,-0.006737699005726727,0.007999976821411063,0.003991594032437099,-0.004037420960967755,-0.01010967964023891,0.009400709860537771,-0.007404516226869305,0.007864125323222972,-0.005478336345559754,-0.002055487308667039,-0.003062508733469645,0.0019651520361638644,0.007978369659585486,0.00798567164521394,0.009358606755950636,0.011953217042064417,-0.00874757969388935,1,-0.004721599350389398,0.007987836068907718,-0.0036724331038543914,-0.0035876545853989563,-0.007062911077699014,0.009207915315320274,0.007462882966687322,-0.007455391430060389,0.0019326482244335038,0.00988636026077465,0.007555401244498058,0.009960669472505406,-0.004560570112631872,-0.011120443075397318,0.011845544247498459,0.011999786335260873,0.00788667981206279,-0.008255547925900476,0.015805788263140788,0.003868638463901475,-0.005893189584715008,0.003991470163898302,-0.00410771084387072,0.011995847372051402,0.0019677875984604786,-0.0031730999821429216,0.013727716095152876,-0.007663004591677604,-0.00857569059710062,0.013988855272715543,-0.005109942628446934,-0.005060783087231766,0.011769485908493,0.011159411474812421,0.0,0.011719689466597464,-0.0010536009278155805,0.003971301531009405,0.007912066891087453,0.003890363337509804,0.009996717108036138,0.003924039497819173,-0.002849666192176793,-0.0038242070660700466,-0.002446134140661866,-0.005667279521635612,-0.002223884085768856,-0.003270646081033849,0.007982966036865446,-0.006156514235132119,0.007919946082056319,-0.005107696866975791,0.0,-0.008701939738966085,0.005808430447062965,0.007815314103762676,-0.0027801807776847314,-0.0062899444600037005,-0.009445129529149152,-0.005964667298397569,0.0039244430151180575,0.0059960266943192685,0.013809371764678776,0.003986718010264703,0.011742044295194678,-0.001428442154226855,0.0,agent60,0.7306169478349932
-0.6070419352425808,-0.002647206056746439,-0.002788508789136465,-0.011382089193248946,-0.007524764743307244,-0.004712139967715855,-0.004679911142210572,-0.0049962359605985295,0.005812713029474224,0.003999471425690677,-0.004927027429373142,-0.009145262007868298,0.0,-0.0050316730104251195,-0.009710882991303774,0.005995304125284883,-0.006737699005726727,0.007999976821411063,0.003991594032437099,-0.004037420960967755,-0.01010967964023891,0.009400709860537771,-0.007404516226869305,0.007864125323222972,-0.005478336345559754,-0.002055487308667039,-0.003062508733469645,0.0019651520361638644,0.007978369659585486,0.00798567164521394,0.009358606755950636,0.011953217042064417,-0.00874757969388935,1,-0.004721599350389398,0.007987836068907718,-0.0036724331038543914,-0.0035876545853989563,-0.007062911077699014,0.009207915315320274,0.007462882966687322,-0.007455391430060389,0.0019326482244335038,0.00988636026077465,0.007555401244498058,0.009960669472505406,-0.004560570112631872,-0.011120443075397318,0.011845544247498459,0.011999786335260873,0.00788667981206279,-0.008255547925900476,0.015805788263140788,0.003868638463901475,-0.005893189584715008,0.003991470163898302,-0.00410771084387072,0.011995847372051402,0.0019677875984604786,-0.0031730999821429216,0.013727716095152876,-0.007663004591677604,-0.00857569059710062,0.013988855272715543,-0.005109942628446934,-0.005060783087231766,0.011769485908493,0.011159411474812421,0.0,0.011719689466597464,-0.0010536009278155805,0.003971301531009405,0.007912066891087453,0.003890363337509804,0.009996717108036138,0.003924039497819173,-0.002849666192176793,-0.0038242070660700466,-0.002446134140661866,-0.005667279521635612,-0.002223884085768856,-0.003270646081033849,0.007982966036865446,-0.006156514235132119,0.007919946082056319,-0.005107696866975791,0.0,-0.008701939738966085,0.005808430447062965,0.007815314103762676,-0.0027801807776847314,-0.0062899444600037005,-0.009445129529149152,-0.005964667298397569,0.0039244430151180575,0.0059960266943192685,0.013809371764678776,0.003986718010264703,0.011742044295194678,-0.001428442154226855,0.0,agent6,1
-0.6080505109331779,-0.002647206056746439,-0.002788508789136465,-0.011382089193248946,-0.007524764743307244,-0.004712139967715855,-0.004679911142210572,-0.0049962359605985295,0.005812713029474224,0.003999471425690677,-0.004927027429373142,-0.009145262007868298,0.0,-0.0050316730104251195,-0.009710882991303774,0.005995304125284883,-0.006737699005726727,0.007999976821411063,0.003991594032437099,-0.004037420960967755,-0.01010967964023891,0.009400709860537771,-0.007404516226869305,0.007864125323222972,-0.005478336345559754,-0.002055487308667039,-0.003062508733469645,0.0019651520361638644,0.007978369659585486,0.00798567164521394,0.009358606755950636,0.011953217042064417,-0.00874757969388935,1,-0.004721599350389398,0.007987836068907718,-0.0036724331038543914,-0.0035876545853989563,-0.007062911077699014,0.009207915315320274,0.007462882966687322,-0.007455391430060389,0.0019326482244335038,0.00988636026077465,0.007555401244498058,0.009960669472505406,-0.004560570112631872,-0.011120443075397318,0.011845544247498459,0.011999786335260873,0.00788667981206279,-0.008255547925900476,0.015805788263140788,0.003868638463901475,-0.005893189584715008,0.003991470163898302,-0.00410771084387072,0.011995847372051402,0.0019677875984604786,-0.0031730999821429216,0.013727716095152876,-0.007663004591677604,-0.010001903339668767,0.013988855272715543,-0.005109942628446934,-0.005060783087231766,0.011769485908493,0.011159411474812421,0.0,0.011719689466597464,-0.0010536009278155805,0.003971301531009405,0.007912066891087453,0.003890363337509804,0.009996717108036138,0.003924039497819173,-0.002849666192176793,-0.0038242070660700466,-0.002446134140661866,-0.005667279521635612,-0.002223884085768856,-0.003270646081033849,0.007982966036865446,-0.006156514235132119,0.007919946082056319,-0.005107696866975791,0.0,-0.008701939738966085,0.005808430447062965,0.007815314103762676,-0.0027801807776847314,-0.0062899444600037005,-0.009445129529149152,-0.005964667298397569,0.0039244430151180575,0.0059960266943192685,0.013809371764678776,0.003986718010264703,0.011742044295194678,-0.001428442154226855,0.0,agent61,0.46420710903410145
-0.6090545104046036,-0.002647206056746439,-0.002788508789136465,-0.011382089193248946,-0.007524764743307244,-0.004712139967715855,-0.004679911142210572,-0.0049962359605985295,0.005812713029474224,0.00599920773048919,-0.004927027429373142,-0.009145262007868298,0.0,-0.0050316730104251195,-0.009710882991303774,0.005995304125284883,-0.006737699005726727,0.007999976821411063,0.003991594032437099,-0.004037420960967755,-0.01010967964023891,0.009400709860537771,-0.007404516226869305,0.007864125323222972,-0.005478336345559754,-0.002055487308667039,-0.003062508733469645,0.0019651520361638644,0.007978369659585486,0.00798567164521394,0.009358606755950636,0.011953217042064417,-0.00874757969388935,1,-0.004721599350389398,0.007987836068907718,-0.0036724331038543914,-0.0035876545853989563,-0.007062911077699014,0.009207915315320274,0.007462882966687322,-0.007455391430060389,0.0019326482244335038,0.00988636026077465,0.007555401244498058,0.009960669472505406,-0.004560570112631872,-0.011120443075397318,0.011845544247498459,0.011999786335260873,0.00788667981206279,-0.008255547925900476,0.015805788263140788,0.003868638463901475,-0.005893189584715008,0.003991470163898302,-0.00410771084387072,0.011995847372051402,0.0019677875984604786,-0.0031730999821429216,0.013727716095152876,-0.007663004591677604,-0.010001903339668767,0.013988855272715543,-0.005109942628446934,-0.005060783087231766,0.011769485908493,0.011159411474812421,0.0,0.011719689466597464,-0.0010536009278155805,0.003971301531009405,0.007912066891087453,0.003890363337509804,0.009996717108036138,0.003924039497819173,-0.002849666192176793,-0.0038242070660700466,-0.002446134140661866,-0.005667279521635612,-0.002223884085768856,-0.003270646081033849,0.007982966036865446,-0.006156514235132119,0.007919946082056319,-0.005107696866975791,0.0,-0.008701939738966085,0.005808430447062965,0.007815314103762676,-0.0027801807776847314,-0.0062899444600037005,-0.009445129529149152,-0.005964667298397569,0.0039244430151180575,0.0059960266943192685,0.013809371764678776,0.003986718010264703,0.011742044295194678,-0.001428442154226855,0.0,agent8,-0.6310154930358028
-0.6100643967648643,-0.002647206056746439,-0.002788508789136465,-0.011382089193248946,-0.007524764743307244,-0.004712139967715855,-0.004679911142210572,-0.0049962359605985295,0.005812713029474224,0.00599920773048919,-0.004927027429373142,-0.009145262007868298,0.0,-0.0050316730104251195,-0.009710882991303774,0.005995304125284883,-0.006737699005726727,0.007999976821411063,0.003991594032437099,-0.004037420960967755,-0.01010967964023891,0.009400709860537771,-0.007404516226869305,0.007864125323222972,-0.005478336345559754,-0.002055487308667039,-0.003062508733469645,0.0019651520361638644,0.007978369659585486,0.00798567164521394,0.009358606755950636,0.011953217042064417,-0.00874757969388935,1,-0.004721599350389398,0.007987836068907718,-0.0036724331038543914,-0.0035876545853989563,-0.007062911077699014,0.009207915315320274,0.007462882966687322,-0.007455391430060389,0.0019326482244335038,0.011864032115014684,0.007555401244498058,0.009960669472505406,-0.004560570112631872,-0.011120443075397318,0.011845544247498459,0.011999786335260873,0.00788667981206279,-0.008255547925900476,0.015805788263140788,0.003868638463901475,-0.005893189584715008,0.003991470163898302,-0.00410771084387072,0.011995847372051402,0.0019677875984604786,-0.0031730999821429216,0.013727716095152876,-0.007663004591677604,-0.010001903339668767,0.013988855272715543,-0.005109942628446934,-0.005060783087231766,0.011769485908493,0.011159411474812421,0.0,0.011719689466597464,-0.0010536009278155805,0.003971301531009405,0.007912066891087453,0.003890363337509804,0.009996717108036138,0.003924039497819173,-0.002849666192176793,-0.0038242070660700466,-0.002446134140661866,-0.005667279521635612,-0.002223884085768856,-0.003270646081033849,0.007982966036865446,-0.006156514235132119,0.007919946082056319,-0.005107696866975791,0.0,-0.008701939738966085,0.005808430447062965,0.007815314103762676,-0.0027801807776847314,-0.0062899444600037005,-0.009445129529149152,-0.005964667298397569,0.0039244430151180575,0.0059960266943192685,0.013809371764678776,0.003986718010264703,0.011742044295194678,-0.001428442154226855,0.0,agent42,-0.8203748632339847
-0.6110722120789681,-0.002647206056746439,-0.002788508789136465,-0.011382089193248946,-0.007524764743307244,-0.004712139967715855,-0.004679911142210572,-0.0049962359605985295,0.005812713029474224,0.00599920773048919,-0.004927027429373142,-0.009145262007868298,0.0,-0.0050316730104251195,-0.009710882991303774,0.005995304125284883,-0.006737699005726727,0.007999976821411063,0.003991594032437099,-0.004037420960967755,-0.01010967964023891,0.009400709860537771,-0.007404516226869305,0.007864125323222972,-0.005478336345559754,-0.002055487308667039,-0.003062508733469645,0.0019651520361638644,0.007978369659585486,0.00798567164521394,0.009358606755950636,0.011953217042064417,-0.00874757969388935,1,-0.004721599350389398,0.007987836068907718,-0.0036724331038543914,-0.0035876545853989563,-0.007062911077699014,0.009207915315320274,0.007462882966687322,-0.007455391430060389,0.0019326482244335038,0.011864032115014684,0.007555401244498058,0.009960669472505406,-0.004560570112631872,-0.011120443075397318,0.011845544247498459,0.011999786335260873,0.00788667981206279,-0.008255547925900476,0.015805788263140788,0.003868638463901475,-0.005893189584715008,0.003991470163898302,-0.00410771084387072,0.011995847372051402,0.0019677875984604786,-0.0031730999821429216,0.013727716095152876,-0.007663004591677604,-0.010001903339668767,0.013988855272715543,-0.005109942628446934,-0.005060783087231766,0.011769485908493,0.011159411474812421,0.0,0.011719689466597464,-0.0010536009278155805,0.003971301531009405,0.007912066891087453,0.003890363337509804,0.009996717108036138,0.003924039497819173,-0.002849666192176793,-0.0038242070660700466,-0.002446134140661866,-0.005667279521635612,-0.002223884085768856,-0.003270646081033849,0.007982966036865446,-0.006156514235132119,0.007919946082056319,-0.005107696866975791,0.0,-0.008701939738966085,0.005808430447062965,0.009769482532756332,-0.0027801807776847314,-0.0062899444600037005,-0.009445129529149152,-0.005964667298397569,0.0039244430151180575,0.0059960266943192685,0.013809371764678776,0.003986718010264703,0.011742044295194678,-0.001428442154226855,0.0,agent88,-0.9128236113441879
-0.6120801904486277,-0.002647206056746439,-0.002788508789136465,-0.011382089193248946,-0.007524764743307244,-0.004712139967715855,-0.004679911142210572,-0.0049962359605985295,0.005812713029474224,0.00599920773048919,-0.004927027429373142,-0.009145262007868298,0.0,-0.0050316730104251195,-0.009710882991303774,0.005995304125284883,-0.006737699005726727,0.007999976821411063,0.003991594032437099,-0.004037420960967755,-0.01010967964023891,0.009400709860537771,-0.007404516226869305,0.007864125323222972,-0.005478336345559754,-0.002055487308667039,-0.003062508733469645,0.0019651520361638644,0.009972861097080184,0.00798567164521394,0.009358606755950636,0.011953217042064417,-0.00874757969388935,1,-0.004721599350389398,0.007987836068907718,-0.0036724331038543914,-0.0035876545853989563,-0.007062911077699014,0.009207915315320274,0.007462882966687322,-0.007455391430060389,0.0019326482244335038,0.011864032115014684,0.007555401244498058,0.009960669472505406,-0.004560570112631872,-0.011120443075397318,0.011845544247498459,0.011999786335260873,0.00788667981206279,-0.008255547925900476,0.015805788263140788,0.003868638463901475,-0.005893189584715008,0.003991470163898302,-0.00410771084387072,0.011995847372051402,0.0019677875984604786,-0.0031730999821429216,0.013727716095152876,-0.007663004591677604,-0.010001903339668767,0.013988855272715543,-0.005109942628446934,-0.005060783087231766,0.011769485908493,0.011159411474812421,0.0,0.011719689466597464,-0.0010536009278155805,0.003971301531009405,0.007912066891087453,0.003890363337509804,0.009996717108036138,0.003924039497819173,-0.002849666192176793,-0.0038242070660700466,-0.002446134140661866,-0.005667279521635612,-0.002223884085768856,-0.003270646081033849,0.007982966036865446,-0.006156514235132119,0.007919946082056319,-0.005107696866975791,0.0,-0.008701939738966085,0.005808430447062965,0.009769482532756332,-0.0027801807776847314,-0.0062899444600037005,-0.009445129529149152,-0.005964667298397569,0.0039244430151180575,0.0059960266943192685,0.013809371764678776,0.003986718010264703,0.011742044295194678,-0.001428442154226855,0.0,agent27,-0.5061097187272658
-0.6130895911584883,-0.002647206056746439,-0.002788508789136465,-0.011382089193248946,-0.007524764743307244,-0.004712139967715855,-0.004679911142210572,-0.0049962359605985295,0.005812713029474224,0.00599920773048919,-0.004927027429373142,-0.009145262007868298,0.0,-0.0050316730104251195,-0.009710882991303774,0.005995304125284883,-0.006737699005726727,0.007999976821411063,0.003991594032437099,-0.004037420960967755,-0.01010967964023891,0.011325468971216585,-0.007404516226869305,0.007864125323222972,-0.005478336345559754,-0.002055487308667039,-0.003062508733469645,0.0019651520361638644,0.009972861097080184,0.00798567164521394,0.009358606755950636,0.011953217042064417,-0.00874757969388935,1,-0.004721599350389398,0.007987836068907718,-0.0036724331038543914,-0.0035876545853989563,-0.007062911077699014,0.009207915315320274,0.007462882966687322,-0.007455391430060389,0.0019326482244335038,0.011864032115014684,0.007555401244498058,0.009960669472505406,-0.004560570112631872,-0.011120443075397318,0.011845544247498459,0.011999786335260873,0.00788667981206279,-0.008255547925900476,0.015805788263140788,0.003868638463901475,-0.005893189584715008,0.003991470163898302,-0.00410771084387072,0.011995847372051402,0.0019677875984604786,-0.0031730999821429216,0.013727716095152876,-0.007663004591677604,-0.010001903339668767,0.013988855272715543,-0.005109942628446934,-0.005060783087231766,0.011769485908493,0.011159411474812421,0.0,0.011719689466597464,-0.0010536009278155805,0.003971301531009405,0.007912066891087453,0.003890363337509804,0.009996717108036138,0.003924039497819173,-0.002849666192176793,-0.0038242070660700466,-0.002446134140661866,-0.005667279521635612,-0.002223884085768856,-0.003270646081033849,0.007982966036865446,-0.006156514235132119,0.007919946082056319,-0.005107696866975791,0.0,-0.008701939738966085,0.005808430447062965,0.009769482532756332,-0.0027801807776847314,-0.0062899444600037005,-0.009445129529149152,-0.005964667298397569,0.0039244430151180575,0.0059960266943192685,0.013809371764678776,0.003986718010264703,0.011742044295194678,-0.001428442154226855,0.0,agent20,-1
-0.6140987990738036,-0.002647206056746439,-0.002788508789136465,-0.011382089193248946,-0.007524764743307244,-0.004712139967715855,-0.004679911142210572,-0.0049962359605985295,0.005812713029474224,0.00599920773048919,-0.004927027429373142,-0.009145262007868298,0.0,-0.0050316730104251195,-0.009710882991303774,0.005995304125284883,-0.006737699005726727,0.007999976821411063,0.003991594032437099,-0.004037420960967755,-0.01010967964023891,0.011325468971216585,-0.007404516226869305,0.007864125323222972,-0.005478336345559754,-0.002055487308667039,-0.003062508733469645,0.0019651520361638644,0.009972861097080184,0.00798567164521394,0.009358606755950636,0.011953217042064417,-0.00874757969388935,1,-0.004721599350389398,0.007987836068907718,-0.0036724331038543914,-0.0035876545853989563,-0.007062911077699014,0.011133065483085321,0.007462882966687322,-0.007455391430060389,0.0019326482244335038,0.011864032115014684,0.007555401244498058,0.009960669472505406,-0.004560570112631872,-0.011120443075397318,0.011845544247498459,0.011999786335260873,0.00788667981206279,-0.008255547925900476,0.015805788263140788,0.003868638463901475,-0.005893189584715008,0.003991470163898302,-0.00410771084387072,0.011995847372051402,0.0019677875984604786,-0.0031730999821429216,0.013727716095152876,-0.007663004591677604,-0.010001903339668767,0.013988855272715543,-0.005109942628446934,-0.005060783087231766,0.011769485908493,0.011159411474812421,0.0,0.011719689466597464,-0.0010536009278155805,0.003971301531009405,0.007912066891087453,0.003890363337509804,0.009996717108036138,0.003924039497819173,-0.002849666192176793,-0.0038242070660700466,-0.002446134140661866,-0.005667279521635612,-0.002223884085768856,-0.003270646081033849,0.007982966036865446,-0.006156514235132119,0.007919946082056319,-0.005107696866975791,0.0,-0.008701939738966085,0.005808430447062965,0.009769482532756332,-0.0027801807776847314,-0.0062899444600037005,-0.009445129529149152,-0.005964667298397569,0.0039244430151180575,0.0059960266943192685,0.013809371764678776,0.003986718010264703,0.011742044295194678,-0.001428442154226855,0.0,agent38,-1
-0.6151026894371411,-0.002647206056746439,-0.002788508789136465,-0.011382089193248946,-0.007524764743307244,-0.004712139967715855,-0.004679911142210572,-0.0049962359605985295,0.005812713029474224,0.00599920773048919,-0.004927027429373142,-0.009145262007868298,0.0,-0.0050316730104251195,-0.009710882991303774,0.005995304125284883,-0.006737699005726727,0.007999976821411063,0.003991594032437099,-0.004037420960967755,-0.01010967964023891,0.011325468971216585,-0.007404516226869305,0.007864125323222972,-0.005478336345559754,-0.002055487308667039,-0.003062508733469645,0.0019651520361638644,0.009972861097080184,0.00798567164521394,0.009358606755950636,0.011953217042064417,-0.00874757969388935,1,-0.004721599350389398,0.007987836068907718,-0.0036724331038543914,-0.0035876545853989563,-0.007062911077699014,0.011133065483085321,0.007462882966687322,-0.007455391430060389,0.0019326482244335038,0.011864032115014684,0.007555401244498058,0.009960669472505406,-0.004560570112631872,-0.011120443075397318,0.011845544247498459,0.011999786335260873,0.00788667981206279,-0.008255547925900476,0.015805788263140788,0.003868638463901475,-0.005893189584715008,0.003991470163898302,-0.00410771084387072,0.011995847372051402,0.0019677875984604786,-0.0031730999821429216,0.013727716095152876,-0.007663004591677604,-0.010001903339668767,0.013988855272715543,-0.005109942628446934,-0.005060783087231766,0.011769485908493,0.011159411474812421,0.0,0.011719689466597464,-0.0010536009278155805,0.003971301531009405,0.007912066891087453,0.00583556365391239,0.009996717108036138,0.003924039497819173,-0.002849666192176793,-0.0038242070660700466,-0.002446134140661866,-0.005667279521635612,-0.002223884085768856,-0.003270646081033849,0.007982966036865446,-0.006156514235132119,0.007919946082056319,-0.005107696866975791,0.0,-0.008701939738966085,0.005808430447062965,0.009769482532756332,-0.0027801807776847314,-0.0062899444600037005,-0.009445129529149152,-0.005964667298397569,0.0039244430151180575,0.0059960266943192685,0.013809371764678776,0.003986718010264703,0.011742044295194678,-0.001428442154226855,0.0,agent72,-0.2830408476592088
-0.6161138098802165,-0.002647206056746439,-0.002788508789136465,-0.011382089193248946,-0.007524764743307244,-0.004712139967715855,-0.004679911142210572,-0.0049962359605985295,0.005812713029474224,0.00599920773048919,-0.004927027429373142,-0.009145262007868298,0.0,-0.0050316730104251195,-0.009710882991303774,0.005995304125284883,-0.006737699005726727,0.007999976821411063,0.003991594032437099,-0.004037420960967755,-0.01010967964023891,0.011325468971216585,-0.007404516226869305,0.007864125323222972,-0.005478336345559754,-0.002055487308667039,-0.003062508733469645,0.0019651520361638644,0.009972861097080184,0.00798567164521394,0.009358606755950636,0.011953217042064417,-0.00874757969388935,1,-0.004721599350389398,0.007987836068907718,-0.0036724331038543914,-0.0035876545853989563,-0.007062911077699014,0.011133065483085321,0.007462882966687322,-0.007455391430060389,0.0019326482244335038,0.011864032115014684,0.007555401244498058,0.009960669472505406,-0.004560570112631872,-0.01233519240559282,0.011845544247498459,0.011999786335260873,0.00788667981206279,-0.008255547925900476,0.015805788263140788,0.003868638463901475,-0.005893189584715008,0.003991470163898302,-0.00410771084387072,0.011995847372051402,0.0019677875984604786,-0.0031730999821429216,0.013727716095152876,-0.007663004591677604,-0.010001903339668767,0.013988855272715543,-0.005109942628446934,-0.005060783087231766,0.011769485908493,0.011159411474812421,0.0,0.011719689466597464,-0.0010536009278155805,0.003971301531009405,0.007912066891087453,0.00583556365391239,0.009996717108036138,0.003924039497819173,-0.002849666192176793,-0.0038242070660700466,-0.002446134140661866,-0.005667279521635612,-0.002223884085768856,-0.003270646081033849,0.007982966036865446,-0.006156514235132119,0.007919946082056319,-0.005107696866975791,0.0,-0.008701939738966085,0.005808430447062965,0.009769482532756332,-0.0027801807776847314,-0.0062899444600037005,-0.009445129529149152,-0.005964667298397569,0.0039244430151180575,0.0059960266943192685,0.013809371764678776,0.003986718010264703,0.011742044295194678,-0.001428442154226855,0.0,agent46,0.6380937594921541
-0.6171237827413135,-0.002647206056746439,-0.002788508789136465,-0.011382089193248946,-0.007524764743307244,-0.004712139967715855,-0.004679911142210572,-0.0049962359605985295,0.005812713029474224,0.00599920773048919,-0.004927027429373142,-0.009145262007868298,0.0,-0.0050316730104251195,-0.009710882991303774,0.005995304125284883,-0.006737699005726727,0.007999976821411063,0.003991594032437099,-0.004037420960967755,-0.01010967964023891,0.011325468971216585,-0.007404516226869305,0.007864125323222972,-0.005478336345559754,-0.002055487308667039,-0.003062508733469645,0.0019651520361638644,0.011967246235273685,0.00798567164521394,0.009358606755950636,0.011953217042064417,-0.00874757969388935,1,-0.004721599350389398,0.007987836068907718,-0.0036724331038543914,-0.0035876545853989563,-0.007062911077699014,0.011133065483085321,0.007462882966687322,-0.007455391430060389,0.0019326482244335038,0.011864032115014684,0.007555401244498058,0.009960669472505406,-0.004560570112631872,-0.01233519240559282,0.011845544247498459,0.011999786335260873,0.00788667981206279,-0.008255547925900476,0.015805788263140788,0.003868638463901475,-0.005893189584715008,0.003991470163898302,-0.00410771084387072,0.011995847372051402,0.0019677875984604786,-0.0031730999821429216,0.013727716095152876,-0.007663004591677604,-0.010001903339668767,0.013988855272715543,-0.005109942628446934,-0.005060783087231766,0.011769485908493,0.011159411474812421,0.0,0.011719689466597464,-0.0010536009278155805,0.003971301531009405,0.007912066891087453,0.00583556365391239,0.009996717108036138,0.003924039497819173,-0.002849666192176793,-0.0038242070660700466,-0.002446134140661866,-0.005667279521635612,-0.002223884085768856,-0.003270646081033849,0.007982966036865446,-0.006156514235132119,0.007919946082056319,-0.005107696866975791,0.0,-0.008701939738966085,0.005808430447062965,0.009769482532756332,-0.0027801807776847314,-0.0062899444600037005,-0.009445129529149152,-0.005964667298397569,0.0039244430151180575,0.0059960266943192685,0.013809371764678776,0.003986718010264703,0.011742044295194678,-0.001428442154226855,0.0,agent27,-0.5101434196148388
-0.618128892683942,-0.002647206056746439,-0.002788508789136465,-0.011382089193248946,-0.007524764743307244,-0.004712139967715855,-0.004679911142210572,-0.0049962359605985295,0.005812713029474224,0.00599920773048919,-0.004927027429373142,-0.009145262007868298,0.0,-0.0050316730104251195,-0.009710882991303774,0.005995304125284883,-0.006737699005726727,0.007999976821411063,0.003991594032437099,-0.004037420960967755,-0.01010967964023891,0.011325468971216585,-0.007404516226869305,0.007864125323222972,-0.005478336345559754,-0.002055487308667039,-0.003062508733469645,0.0019651520361638644,0.011967246235273685,0.00798567164521394,0.009358606755950636,0.011953217042064417,-0.00874757969388935,1,-0.004721599350389398,0.007987836068907718,-0.0036724331038543914,-0.0035876545853989563,-0.007062911077699014,0.011133065483085321,0.007462882966687322,-0.007455391430060389,0.0019326482244335038,0.011864032115014684,0.007555401244498058,0.009960669472505406,-0.004560570112631872,-0.01233519240559282,0.011845544247498459,0.011999786335260873,0.00788667981206279,-0.008255547925900476,0.015805788263140788,0.003868638463901475,-0.005893189584715008,0.003991470163898302,-0.00410771084387072,0.011995847372051402,0.0019677875984604786,-0.0031730999821429216,0.013727716095152876,-0.007663004591677604,-0.010001903339668767,0.013988855272715543,-0.006397055466292725,-0.005060783087231766,0.011769485908493,0.011159411474812421,0.0,0.011719689466597464,-0.0010536009278155805,0.003971301531009405,0.007912066891087453,0.00583556365391239,0.009996717108036138,0.003924039497819173,-0.002849666192176793,-0.0038242070660700466,-0.002446134140661866,-0.005667279521635612,-0.002223884085768856,-0.003270646081033849,0.007982966036865446,-0.006156514235132119,0.007919946082056319,-0.005107696866975791,0.0,-0.008701939738966085,0.005808430447062965,0.009769482532756332,-0.0027801807776847314,-0.0062899444600037005,-0.009445129529149152,-0.005964667298397569,0.0039244430151180575,0.0059960266943192685,0.013809371764678776,0.003986718010264703,0.011742044295194678,-0.001428442154226855,0.0,agent63,0.5769341406059662
-0.6191350491981771,-0.002647206056746439,-0.002788508789136465,-0.011382089193248946,-0.007524764743307244,-0.004712139967715855,-0.004679911142210572,-0.0049962359605985295,0.005812713029474224,0.00599920773048919,-0.004927027429373142,-0.009145262007868298,0.0,-0.0050316730104251195,-0.009710882991303774,0.005995304125284883,-0.006737699005726727,0.007999976821411063,0.003991594032437099,-0.004037420960967755,-0.01010967964023891,0.011325468971216585,-0.007404516226869305,0.007864125323222972,-0.005478336345559754,-0.002055487308667039,-0.003062508733469645,0.0019651520361638644,0.011967246235273685,0.00798567164521394,0.009358606755950636,0.011953217042064417,-0.00874757969388935,1,-0.004721599350389398,0.007987836068907718,-0.0036724331038543914,-0.0035876545853989563,-0.007062911077699014,0.011133065483085321,0.007462882966687322,-0.007455391430060389,0.0019326482244335038,0.011864032115014684,0.007555401244498058,0.009960669472505406,-0.004560570112631872,-0.01233519240559282,0.011845544247498459,0.011999786335260873,0.00788667981206279,-0.008255547925900476,0.015805788263140788,0.003868638463901475,-0.005893189584715008,0.003991470163898302,-0.00410771084387072,0.011995847372051402,0.0019677875984604786,-0.0031730999821429216,0.013727716095152876,-0.007663004591677604,-0.010001903339668767,0.013988855272715543,-0.006397055466292725,-0.005060783087231766,0.011769485908493,0.011159411474812421,0.0,0.011719689466597464,-0.0010536009278155805,0.003971301531009405,0.007912066891087453,0.00583556365391239,0.009996717108036138,0.003924039497819173,-0.002849666192176793,-0.0038242070660700466,-0.002446134140661866,-0.005667279521635612,-0.002223884085768856,-0.003270646081033849,0.007982966036865446,-0.0068473436784628385,0.007919946082056319,-0.005107696866975791,0.0,-0.008701939738966085,0.005808430447062965,0.009769482532756332,-0.0027801807776847314,-0.0062899444600037005,-0.009445129529149152,-0.005964667298397569,0.0039244430151180575,0.0059960266943192685,0.013809371764678776,0.003986718010264703,0.011742044295194678,-0.001428442154226855,0.0,agent82,1
-0.620143304746103,-0.002647206056746439,-0.002788508789136465,-0.011382089193248946,-0.007524764743307244,-0.004712139967715855,-0.004679911142210572,-0.0049962359605985295,0.005812713029474224,0.00599920773048919,-0.004927027429373142,-0.009145262007868298,0.0,-0.0050316730104251195,-0.009710882991303774,0.005995304125284883,-0.006737699005726727,0.007999976821411063,0.003991594032437099,-0.004037420960967755,-0.01010967964023891,0.011325468971216585,-0.007404516226869305,0.007864125323222972,-0.005478336345559754,-0.002055487308667039,-0.003062508733469645,0.0019651520361638644,0.011967246235273685,0.00798567164521394,0.009358606755950636,0.011953217042064417,-0.00874757969388935,1,-0.004721599350389398,0.007987836068907718,-0.0036724331038543914,-0.0035876545853989563,-0.007062911077699014,0.011133065483085321,0.007462882966687322,-0.007455391430060389,0.0019326482244335038,0.011864032115014684,0.007555401244498058,0.009960669472505406,-0.004560570112631872,-0.01233519240559282,0.011845544247498459,0.011999786335260873,0.00788667981206279,-0.009419964866213233,0.015805788263140788,0.003868638463901475,-0.005893189584715008,0.003991470163898302,-0.00410771084387072,0.011995847372051402,0.0019677875984604786,-0.0031730999821429216,0.013727716095152876,-0.007663004591677604,-0.010001903339668767,0.013988855272715543,-0.006397055466292725,-0.005060783087231766,0.011769485908493,0.011159411474812421,0.0,0.011719689466597464,-0.0010536009278155805,0.003971301531009405,0.007912066891087453,0.00583556365391239,0.009996717108036138,0.003924039497819173,-0.002849666192176793,-0.0038242070660700466,-0.002446134140661866,-0.005667279521635612,-0.002223884085768856,-0.003270646081033849,0.007982966036865446,-0.0068473436784628385,0.007919946082056319,-0.005107696866975791,0.0,-0.008701939738966085,0.005808430447062965,0.009769482532756332,-0.0027801807776847314,-0.0062899444600037005,-0.009445129529149152,-0.005964667298397569,0.0039244430151180575,0.0059960266943192685,0.013809371764678776,0.003986718010264703,0.011742044295194678,-0.001428442154226855,0.0,agent50,0.6736008555304288
-0.619143304746103,-0.002647206056746439,-0.002788508789136465,-0.011382089193248946,-0.007524764743307244,-0.004712139967715855,-0.004679911142210572,-0.0049962359605985295,0.005812713029474224,0.00599920773048919,-0.004927027429373142,-0.009145262007868298,0.0,-0.0050316730104251195,-0.009710882991303774,0.005995304125284883,-0.006737699005726727,0.007999976821411063,0.003991594032437099,-0.004037420960967755,-0.01010967964023891,0.011325468971216585,-0.007404516226869305,0.007864125323222972,-0.005478336345559754,-0.002055487308667039,-0.003062508733469645,0.0019651520361638644,0.011967246235273685,0.00798567164521394,0.009358606755950636,0.011953217042064417,-0.00874757969388935,1,-0.004721599350389398,0.007987836068907718,-0.0036724331038543914,-0.0035876545853989563,-0.007062911077699014,0.011133065483085321,0.007462882966687322,-0.007455391430060389,0.0019326482244335038,0.011864032115014684,0.007555401244498058,0.009960669472505406,-0.004560570112631872,-0.01233519240559282,0.011845544247498459,0.011999786335260873,0.00788667981206279,-0.009419964866213233,0.015805788263140788,0.003868638463901475,-0.005893189584715008,0.003991470163898302,-0.00410771084387072,0.011995847372051402,0.0019677875984604786,-0.0031730999821429216,0.013727716095152876,-0.007663004591677604,-0.010001903339668767,0.013988855272715543,-0.006397055466292725,-0.005060783087231766,0.011769485908493,0.011159411474812421,-0.0010930932614547136,0.011719689466597464,-0.0010536009278155805,0.003971301531009405,0.007912066891087453,0.00583556365391239,0.009996717108036138,0.003924039497819173,-0.002849666192176793,-0.0038242070660700466,-0.002446134140661866,-0.005667279521635612,-0.002223884085768856,-0.003270646081033849,0.007982966036865446,-0.0068473436784628385,0.007919946082056319,-0.005107696866975791,0.0,-0.008701939738966085,0.005808430447062965,0.009769482532756332,-0.0027801807776847314,-0.0062899444600037005,-0.009445129529149152,-0.005964667298397569,0.0039244430151180575,0.0059960266943192685,0.013809371764678776,0.003986718010264703,0.011742044295194678,-0.001428442154226855,0.0,agent67,0.7266356218378308
-0.6201478653162157,-0.002647206056746439,-0.002788508789136465,-0.011382089193248946,-0.007524764743307244,-0.004712139967715855,-0.004679911142210572,-0.0049962359605985295,0.005812713029474224,0.00599920773048919,-0.004927027429373142,-0.009145262007868298,0.0,-0.0050316730104251195,-0.009710882991303774,0.005995304125284883,-0.006737699005726727,0.007999976821411063,0.003991594032437099,-0.004037420960967755,-0.01010967964023891,0.011325468971216585,-0.007404516226869305,0.007864125323222972,-0.005478336345559754,-0.002055487308667039,-0.003062508733469645,0.0019651520361638644,0.011967246235273685,0.00798567164521394,0.009358606755950636,0.011953217042064417,-0.00874757969388935,1,-0.004721599350389398,0.007987836068907718,-0.0036724331038543914,-0.0035876545853989563,-0.007062911077699014,0.011133065483085321,0.007462882966687322,-0.007455391430060389,0.0019326482244335038,0.011864032115014684,0.007555401244498058,0.009960669472505406,-0.005249757591979805,-0.01233519240559282,0.011845544247498459,0.011999786335260873,0.00788667981206279,-0.009419964866213233,0.015805788263140788,0.003868638463901475,-0.005893189584715008,0.003991470163898302,-0.00410771084387072,0.011995847372051402,0.0019677875984604786,-0.0031730999821429216,0.013727716095152876,-0.007663004591677604,-0.010001903339668767,0.013988855272715543,-0.006397055466292725,-0.005060783087231766,0.011769485908493,0.011159411474812421,-0.0010930932614547136,0.011719689466597464,-0.0010536009278155805,0.003971301531009405,0.007912066891087453,0.00583556365391239,0.009996717108036138,0.003924039497819173,-0.002849666192176793,-0.0038242070660700466,-0.002446134140661866,-0.005667279521635612,-0.002223884085768856,-0.003270646081033849,0.007982966036865446,-0.0068473436784628385,0.007919946082056319,-0.005107696866975791,0.0,-0.008701939738966085,0.005808430447062965,0.009769482532756332,-0.0027801807776847314,-0.0062899444600037005,-0.009445129529149152,-0.005964667298397569,0.0039244430151180575,0.0059960266943192685,0.013809371764678776,0.003986718010264703,0.011742044295194678,-0.001428442154226855,0.0,agent45,1
-0.6211519730270596,-0.002647206056746439,-0.002788508789136465,-0.011382089193248946,-0.007524764743307244,-0.004712139967715855,-0.004679911142210572,-0.0049962359605985295,0.005812713029474224,0.00599920773048919,-0.004927027429373142,-0.009145262007868298,0.0,-0.0050316730104251195,-0.009710882991303774,0.005995304125284883,-0.006737699005726727,0.007999976821411063,0.003991594032437099,-0.004037420960967755,-0.01010967964023891,0.011325468971216585,-0.007404516226869305,0.007864125323222972,-0.005478336345559754,-0.002055487308667039,-0.003062508733469645,0.0019651520361638644,0.011967246235273685,0.00798567164521394,0.009358606755950636,0.011953217042064417,-0.00874757969388935,1,-0.004721599350389398,0.007987836068907718,-0.0036724331038543914,-0.0035876545853989563,-0.007062911077699014,0.011133065483085321,0.007462882966687322,-0.007455391430060389,0.0019326482244335038,0.011864032115014684,0.007555401244498058,0.009960669472505406,-0.005249757591979805,-0.01233519240559282,0.011845544247498459,0.011999786335260873,0.00788667981206279,-0.009419964866213233,0.015805788263140788,0.003868638463901475,-0.005893189584715008,0.003991470163898302,-0.0050891398526828075,0.011995847372051402,0.0019677875984604786,-0.0031730999821429216,0.013727716095152876,-0.007663004591677604,-0.010001903339668767,0.013988855272715543,-0.006397055466292725,-0.005060783087231766,0.011769485908493,0.011159411474812421,-0.0010930932614547136,0.011719689466597464,-0.0010536009278155805,0.003971301531009405,0.007912066891087453,0.00583556365391239,0.009996717108036138,0.003924039497819173,-0.002849666192176793,-0.0038242070660700466,-0.002446134140661866,-0.005667279521635612,-0.002223884085768856,-0.003270646081033849,0.007982966036865446,-0.0068473436784628385,0.007919946082056319,-0.005107696866975791,0.0,-0.008701939738966085,0.005808430447062965,0.009769482532756332,-0.0027801807776847314,-0.0062899444600037005,-0.009445129529149152,-0.005964667298397569,0.0039244430151180575,0.0059960266943192685,0.013809371764678776,0.003986718010264703,0.011742044295194678,-0.001428442154226855,0.0,agent55,0.8071369634323509
-0.6221638185713071,-0.002647206056746439,-0.002788508789136465,-0.011382089193248946,-0.007524764743307244,-0.004712139967715855,-0.004679911142210572,-0.0049962359605985295,0.005812713029474224,0.00599920773048919,-0.004927027429373142,-0.009145262007868298,0.0,-0.0050316730104251195,-0.009710882991303774,0.005995304125284883,-0.006737699005726727,0.007999976821411063,0.003991594032437099,-0.004037420960967755,-0.01010967964023891,0.011325468971216585,-0.007404516226869305,0.007864125323222972,-0.005478336345559754,-0.002055487308667039,-0.003062508733469645,0.0019651520361638644,0.011967246235273685,0.00798567164521394,0.009358606755950636,0.011953217042064417,-0.00874757969388935,1,-0.004721599350389398,0.007987836068907718,-0.0036724331038543914,-0.0035876545853989563,-0.007062911077699014,0.011133065483085321,0.007462882966687322,-0.007455391430060389,0.0019326482244335038,0.011864032115014684,0.007555401244498058,0.009960669472505406,-0.005249757591979805,-0.01233519240559282,0.013819318723427714,0.011999786335260873,0.00788667981206279,-0.009419964866213233,0.015805788263140788,0.003868638463901475,-0.005893189584715008,0.003991470163898302,-0.0050891398526828075,0.011995847372051402,0.0019677875984604786,-0.0031730999821429216,0.013727716095152876,-0.007663004591677604,-0.010001903339668767,0.013988855272715543,-0.006397055466292725,-0.005060783087231766,0.011769485908493,0.011159411474812421,-0.0010930932614547136,0.011719689466597464,-0.0010536009278155805,0.003971301531009405,0.007912066891087453,0.00583556365391239,0.009996717108036138,0.003924039497819173,-0.002849666192176793,-0.0038242070660700466,-0.002446134140661866,-0.005667279521635612,-0.002223884085768856,-0.003270646081033849,0.007982966036865446,-0.0068473436784628385,0.007919946082056319,-0.005107696866975791,0.0,-0.008701939738966085,0.005808430447062965,0.009769482532756332,-0.0027801807776847314,-0.0062899444600037005,-0.009445129529149152,-0.005964667298397569,0.0039244430151180575,0.0059960266943192685,0.013809371764678776,0.003986718010264703,0.011742044295194678,-0.001428442154226855,0.0,agent47,-0.39213003490433673
-0.6231666682374992,-0.002647206056746439,-0.002788508789136465,-0.011382089193248946,-0.007524764743307244,-0.004712139967715855,-0.004679911142210572,-0.0049962359605985295,0.005812713029474224,0.00599920773048919,-0.004927027429373142,-0.009145262007868298,0.0,-0.0050316730104251195,-0.009710882991303774,0.005995304125284883,-0.006737699005726727,0.007999976821411063,0.003991594032437099,-0.004037420960967755,-0.01010967964023891,0.011325468971216585,-0.007404516226869305,0.007864125323222972,-0.005478336345559754,-0.002055487308667039,-0.003062508733469645,0.0019651520361638644,0.011967246235273685,0.00798567164521394,0.009358606755950636,0.011953217042064417,-0.00874757969388935,1,-0.004721599350389398,0.007987836068907718,-0.0036724331038543914,-0.0035876545853989563,-0.007062911077699014,0.011133065483085321,0.007462882966687322,-0.007455391430060389,0.0019326482244335038,0.011864032115014684,0.007555401244498058,0.009960669472505406,-0.005249757591979805,-0.01233519240559282,0.013819318723427714,0.011999786335260873,0.00788667981206279,-0.009419964866213233,0.015805788263140788,0.003868638463901475,-0.005893189584715008,0.003991470163898302,-0.0050891398526828075,0.011995847372051402,0.0019677875984604786,-0.0031730999821429216,0.013727716095152876,-0.007663004591677604,-0.010001903339668767,0.013988855272715543,-0.006397055466292725,-0.005060783087231766,0.011769485908493,0.011159411474812421,-0.0010930932614547136,0.011719689466597464,-0.0010536009278155805,0.003971301531009405,0.007912066891087453,0.00583556365391239,0.009996717108036138,0.003924039497819173,-0.0035339584650358703,-0.0038242070660700466,-0.002446134140661866,-0.005667279521635612,-0.002223884085768856,-0.003270646081033849,0.007982966036865446,-0.0068473436784628385,0.007919946082056319,-0.005107696866975791,0.0,-0.008701939738966085,0.005808430447062965,0.009769482532756332,-0.0027801807776847314,-0.0062899444600037005,-0.009445129529149152,-0.005964667298397569,0.0039244430151180575,0.0059960266943192685,0.013809371764678776,0.003986718010264703,0.011742044295194678,-0.001428442154226855,0.0,agent75,1
-0.6241726674452297,-0.002647206056746439,-0.002788508789136465,-0.011382089193248946,-0.007524764743307244,-0.004712139967715855,-0.004679911142210572,-0.0049962359605985295,0.005812713029474224,0.007998966603262391,-0.004927027429373142,-0.009145262007868298,0.0,-0.0050316730104251195,-0.009710882991303774,0.005995304125284883,-0.006737699005726727,0.007999976821411063,0.003991594032437099,-0.004037420960967755,-0.01010967964023891,0.011325468971216585,-0.007404516226869305,0.007864125323222972,-0.005478336345559754,-0.002055487308667039,-0.003062508733469645,0.0019651520361638644,0.011967246235273685,0.00798567164521394,0.009358606755950636,0.011953217042064417,-0.00874757969388935,1,-0.004721599350389398,0.007987836068907718,-0.0036724331038543914,-0.0035876545853989563,-0.007062911077699014,0.011133065483085321,0.007462882966687322,-0.007455391430060389,0.0019326482244335038,0.011864032115014684,0.007555401244498058,0.009960669472505406,-0.005249757591979805,-0.01233519240559282,0.013819318723427714,0.011999786335260873,0.00788667981206279,-0.009419964866213233,0.015805788263140788,0.003868638463901475,-0.005893189584715008,0.003991470163898302,-0.0050891398526828075,0.011995847372051402,0.0019677875984604786,-0.0031730999821429216,0.013727716095152876,-0.007663004591677604,-0.010001903339668767,0.013988855272715543,-0.006397055466292725,-0.005060783087231766,0.011769485908493,0.011159411474812421,-0.0010930932614547136,0.011719689466597464,-0.0010536009278155805,0.003971301531009405,0.007912066891087453,0.00583556365391239,0.009996717108036138,0.003924039497819173,-0.0035339584650358703,-0.0038242070660700466,-0.002446134140661866,-0.005667279521635612,-0.002223884085768856,-0.003270646081033849,0.007982966036865446,-0.0068473436784628385,0.007919946082056319,-0.005107696866975791,0.0,-0.008701939738966085,0.005808430447062965,0.009769482532756332,-0.0027801807776847314,-0.0062899444600037005,-0.009445129529149152,-0.005964667298397569,0.0039244430151180575,0.0059960266943192685,0.013809371764678776,0.003986718010264703,0.011742044295194678,-0.001428442154226855,0.0,agent8,-0.6451269608948392
-0.6251806504112666,-0.002647206056746439,-0.002788508789136465,-0.011382089193248946,-0.007524764743307244,-0.004712139967715855,-0.004679911142210572,-0.0049962359605985295,0.005812713029474224,0.007998966603262391,-0.004927027429373142,-0.009145262007868298,0.0,-0.0050316730104251195,-0.009710882991303774,0.005995304125284883,-0.006737699005726727,0.007999976821411063,0.003991594032437099,-0.004037420960967755,-0.01010967964023891,0.011325468971216585,-0.007404516226869305,0.007864125323222972,-0.005478336345559754,-0.002055487308667039,-0.003062508733469645,0.0019651520361638644,0.011967246235273685,0.00798567164521394,0.009358606755950636,0.011953217042064417,-0.00874757969388935,1,-0.004721599350389398,0.007987836068907718,-0.0036724331038543914,-0.0035876545853989563,-0.007062911077699014,0.011133065483085321,0.007462882966687322,-0.007455391430060389,0.0019326482244335038,0.011864032115014684,0.007555401244498058,0.009960669472505406,-0.005249757591979805,-0.01233519240559282,0.013819318723427714,0.011999786335260873,0.00788667981206279,-0.009419964866213233,0.015805788263140788,0.003868638463901475,-0.005893189584715008,0.003991470163898302,-0.0050891398526828075,0.011995847372051402,0.0019677875984604786,-0.0031730999821429216,0.013727716095152876,-0.007663004591677604,-0.010001903339668767,0.013988855272715543,-0.006397055466292725,-0.005060783087231766,0.011769485908493,0.011159411474812421,-0.0010930932614547136,0.011719689466597464,-0.0010536009278155805,0.003971301531009405,0.007912066891087453,0.00583556365391239,0.009996717108036138,0.003924039497819173,-0.0035339584650358703,-0.0038242070660700466,-0.002446134140661866,-0.005667279521635612,-0.002223884085768856,-0.003270646081033849,0.00997866422309474,-0.0068473436784628385,0.007919946082056319,-0.005107696866975791,0.0,-0.008701939738966085,0.005808430447062965,0.009769482532756332,-0.0027801807776847314,-0.0062899444600037005,-0.009445129529149152,-0.005964667298397569,0.0039244430151180575,0.0059960266943192685,0.013809371764678776,0.003986718010264703,0.011742044295194678,-0.001428442154226855,0.0,agent81,-0.5314169261597991
-0.6261834389200557,-0.002647206056746439,-0.0034679027159008713,-0.011382089193248946,-0.007524764743307244,-0.004712139967715855,-0.004679911142210572,-0.0049962359605985295,0.005812713029474224,0.007998966603262391,-0.004927027429373142,-0.009145262007868298,0.0,-0.0050316730104251195,-0.009710882991303774,0.005995304125284883,-0.006737699005726727,0.007999976821411063,0.003991594032437099,-0.004037420960967755,-0.01010967964023891,0.011325468971216585,-0.007404516226869305,0.007864125323222972,-0.005478336345559754,-0.002055487308667039,-0.003062508733469645,0.0019651520361638644,0.011967246235273685,0.00798567164521394,0.009358606755950636,0.011953217042064417,-0.00874757969388935,1,-0.004721599350389398,0.007987836068907718,-0.0036724331038543914,-0.0035876545853989563,-0.007062911077699014,0.011133065483085321,0.007462882966687322,-0.007455391430060389,0.0019326482244335038,0.011864032115014684,0.007555401244498058,0.009960669472505406,-0.005249757591979805,-0.01233519240559282,0.013819318723427714,0.011999786335260873,0.00788667981206279,-0.009419964866213233,0.015805788263140788,0.003868638463901475,-0.005893189584715008,0.003991470163898302,-0.0050891398526828075,0.011995847372051402,0.0019677875984604786,-0.0031730999821429216,0.013727716095152876,-0.007663004591677604,-0.010001903339668767,0.013988855272715543,-0.006397055466292725,-0.005060783087231766,0.011769485908493,0.011159411474812421,-0.0010930932614547136,0.011719689466597464,-0.0010536009278155805,0.003971301531009405,0.007912066891087453,0.00583556365391239,0.009996717108036138,0.003924039497819173,-0.0035339584650358703,-0.0038242070660700466,-0.002446134140661866,-0.005667279521635612,-0.002223884085768856,-0.003270646081033849,0.00997866422309474,-0.0068473436784628385,0.007919946082056319,-0.005107696866975791,0.0,-0.008701939738966085,0.005808430447062965,0.009769482532756332,-0.0027801807776847314,-0.0062899444600037005,-0.009445129529149152,-0.005964667298397569,0.0039244430151180575,0.0059960266943192685,0.013809371764678776,0.003986718010264703,0.011742044295194678,-0.001428442154226855,0.0,agent1,1
-0.6271885280599083,-0.002647206056746439,-0.0034679027159008713,-0.011382089193248946,-0.007524764743307244,-0.004712139967715855,-0.004679911142210572,-0.0049962359605985295,0.005812713029474224,0.007998966603262391,-0.004927027429373142,-0.009145262007868298,0.0,-0.0050316730104251195,-0.009710882991303774,0.005995304125284883,-0.006737699005726727,0.007999976821411063,0.003991594032437099,-0.004037420960967755,-0.01010967964023891,0.011325468971216585,-0.007404516226869305,0.007864125323222972,-0.005478336345559754,-0.002055487308667039,-0.003062508733469645,0.0019651520361638644,0.011967246235273685,0.00798567164521394,0.009358606755950636,0.011953217042064417,-0.00874757969388935,1,-0.004721599350389398,0.007987836068907718,-0.0036724331038543914,-0.0035876545853989563,-0.007062911077699014,0.011133065483085321,0.007462882966687322,-0.007455391430060389,0.0019326482244335038,0.011864032115014684,0.007555401244498058,0.009960669472505406,-0.005249757591979805,-0.01233519240559282,0.013819318723427714,0.011999786335260873,0.00788667981206279,-0.009419964866213233,0.015805788263140788,0.003868638463901475,-0.005893189584715008,0.003991470163898302,-0.006054711173947261,0.011995847372051402,0.0019677875984604786,-0.0031730999821429216,0.013727716095152876,-0.007663004591677604,-0.010001903339668767,0.013988855272715543,-0.006397055466292725,-0.005060783087231766,0.011769485908493,0.011159411474812421,-0.0010930932614547136,0.011719689466597464,-0.0010536009278155805,0.003971301531009405,0.007912066891087453,0.00583556365391239,0.009996717108036138,0.003924039497819173,-0.0035339584650358703,-0.0038242070660700466,-0.002446134140661866,-0.005667279521635612,-0.002223884085768856,-0.003270646081033849,0.00997866422309474,-0.0068473436784628385,0.007919946082056319,-0.005107696866975791,0.0,-0.008701939738966085,0.005808430447062965,0.009769482532756332,-0.0027801807776847314,-0.0062899444600037005,-0.009445129529149152,-0.005964667298397569,0.0039244430151180575,0.0059960266943192685,0.013809371764678776,0.003986718010264703,0.011742044295194678,-0.001428442154226855,0.0,agent55,0.8121688675303124
-0.6281915905686418,-0.002647206056746439,-0.0034679027159008713,-0.011382089193248946,-0.007524764743307244,-0.004712139967715855,-0.004679911142210572,-0.0049962359605985295,0.005812713029474224,0.007998966603262391,-0.004927027429373142,-0.009145262007868298,0.0,-0.0050316730104251195,-0.009710882991303774,0.005995304125284883,-0.006737699005726727,0.007999976821411063,0.003991594032437099,-0.004037420960967755,-0.01010967964023891,0.011325468971216585,-0.007404516226869305,0.007864125323222972,-0.005478336345559754,-0.002055487308667039,-0.0037386374805447598,0.0019651520361638644,0.011967246235273685,0.00798567164521394,0.009358606755950636,0.011953217042064417,-0.00874757969388935,1,-0.004721599350389398,0.007987836068907718,-0.0036724331038543914,-0.0035876545853989563,-0.007062911077699014,0.011133065483085321,0.007462882966687322,-0.007455391430060389,0.0019326482244335038,0.011864032115014684,0.007555401244498058,0.009960669472505406,-0.005249757591979805,-0.01233519240559282,0.013819318723427714,0.011999786335260873,0.00788667981206279,-0.009419964866213233,0.015805788263140788,0.003868638463901475,-0.005893189584715008,0.003991470163898302,-0.006054711173947261,0.011995847372051402,0.0019677875984604786,-0.0031730999821429216,0.013727716095152876,-0.007663004591677604,-0.010001903339668767,0.013988855272715543,-0.006397055466292725,-0.005060783087231766,0.011769485908493,0.011159411474812421,-0.0010930932614547136,0.011719689466597464,-0.0010536009278155805,0.003971301531009405,0.007912066891087453,0.00583556365391239,0.009996717108036138,0.003924039497819173,-0.0035339584650358703,-0.0038242070660700466,-0.002446134140661866,-0.005667279521635612,-0.002223884085768856,-0.003270646081033849,0.00997866422309474,-0.0068473436784628385,0.007919946082056319,-0.005107696866975791,0.0,-0.008701939738966085,0.005808430447062965,0.009769482532756332,-0.0027801807776847314,-0.0062899444600037005,-0.009445129529149152,-0.005964667298397569,0.0039244430151180575,0.0059960266943192685,0.013809371764678776,0.003986718010264703,0.011742044295194678,-0.001428442154226855,0.0,agent25,1
-0.6291955146081396,-0.002647206056746439,-0.0034679027159008713,-0.011382089193248946,-0.007524764743307244,-0.004712139967715855,-0.004679911142210572,-0.0049962359605985295,0.005812713029474224,0.007998966603262391,-0.004927027429373142,-0.009145262007868298,0.0,-0.0050316730104251195,-0.009710882991303774,0.005995304125284883,-0.006737699005726727,0.007999976821411063,0.003991594032437099,-0.004037420960967755,-0.01010967964023891,0.011325468971216585,-0.007404516226869305,0.007864125323222972,-0.005478336345559754,-0.002055487308667039,-0.0037386374805447598,0.0019651520361638644,0.011967246235273685,0.00798567164521394,0.009358606755950636,0.011953217042064417,-0.00874757969388935,1,-0.004721599350389398,0.007987836068907718,-0.0036724331038543914,-0.0035876545853989563,-0.007062911077699014,0.011133065483085321,0.007462882966687322,-0.007455391430060389,0.0019326482244335038,0.011864032115014684,0.007555401244498058,0.009960669472505406,-0.005249757591979805,-0.01233519240559282,0.013819318723427714,0.011999786335260873,0.00788667981206279,-0.009419964866213233,0.015805788263140788,0.003868638463901475,-0.005893189584715008,0.003991470163898302,-0.006054711173947261,0.011995847372051402,0.0019677875984604786,-0.0031730999821429216,0.013727716095152876,-0.007663004591677604,-0.010001903339668767,0.013988855272715543,-0.006397055466292725,-0.005060783087231766,0.011769485908493,0.011159411474812421,-0.0010930932614547136,0.011719689466597464,-0.0010536009278155805,0.003971301531009405,0.007912066891087453,0.00583556365391239,0.009996717108036138,0.00588595581018035,-0.0035339584650358703,-0.0038242070660700466,-0.002446134140661866,-0.005667279521635612,-0.002223884085768856,-0.003270646081033849,0.00997866422309474,-0.0068473436784628385,0.007919946082056319,-0.005107696866975791,0.0,-0.008701939738966085,0.005808430447062965,0.009769482532756332,-0.0027801807776847314,-0.0062899444600037005,-0.009445129529149152,-0.005964667298397569,0.0039244430151180575,0.0059960266943192685,0.013809371764678776,0.003986718010264703,0.011742044295194678,-0.001428442154226855,0.0,agent74,-0.9041759656293422
-0.6302034345542217,-0.002647206056746439,-0.0034679027159008713,-0.011382089193248946,-0.007524764743307244,-0.004712139967715855,-0.004679911142210572,-0.0049962359605985295,0.005812713029474224,0.007998966603262391,-0.004927027429373142,-0.009145262007868298,0.0,-0.0050316730104251195,-0.009710882991303774,0.005995304125284883,-0.006737699005726727,0.007999976821411063,0.003991594032437099,-0.004037420960967755,-0.01010967964023891,0.011325468971216585,-0.007404516226869305,0.007864125323222972,-0.005478336345559754,-0.002055487308667039,-0.0037386374805447598,0.0019651520361638644,0.011967246235273685,0.00798567164521394,0.009358606755950636,0.011953217042064417,-0.00874757969388935,1,-0.004721599350389398,0.007987836068907718,-0.0036724331038543914,-0.0035876545853989563,-0.007062911077699014,0.011133065483085321,0.007462882966687322,-0.007455391430060389,0.0019326482244335038,0.011864032115014684,0.007555401244498058,0.009960669472505406,-0.005249757591979805,-0.01233519240559282,0.013819318723427714,0.011999786335260873,0.00788667981206279,-0.009419964866213233,0.015805788263140788,0.003868638463901475,-0.005893189584715008,0.003991470163898302,-0.006054711173947261,0.011995847372051402,0.0019677875984604786,-0.0031730999821429216,0.013727716095152876,-0.007663004591677604,-0.010001903339668767,0.013988855272715543,-0.006397055466292725,-0.005060783087231766,0.011769485908493,0.011159411474812421,-0.0010930932614547136,0.011719689466597464,-0.0010536009278155805,0.003971301531009405,0.007912066891087453,0.00583556365391239,0.009996717108036138,0.00588595581018035,-0.0035339584650358703,-0.0038242070660700466,-0.002446134140661866,-0.005667279521635612,-0.002223884085768856,-0.003270646081033849,0.00997866422309474,-0.0068473436784628385,0.009900148420273504,-0.005107696866975791,0.0,-0.008701939738966085,0.005808430447062965,0.009769482532756332,-0.0027801807776847314,-0.0062899444600037005,-0.009445129529149152,-0.005964667298397569,0.0039244430151180575,0.0059960266943192685,0.013809371764678776,0.003986718010264703,0.011742044295194678,-0.001428442154226855,0.0,agent83,-0.8281812516990953
-0.6312172439259863,-0.002647206056746439,-0.0034679027159008713,-0.011382089193248946,-0.007524764743307244,-0.004712139967715855,-0.004679911142210572,-0.0049962359605985295,0.005812713029474224,0.007998966603262391,-0.004927027429373142,-0.009145262007868298,0.0,-0.0050316730104251195,-0.009710882991303774,0.005995304125284883,-0.006737699005726727,0.007999976821411063,0.003991594032437099,-0.004037420960967755,-0.01010967964023891,0.011325468971216585,-0.007404516226869305,0.007864125323222972,-0.005478336345559754,-0.002055487308667039,-0.0037386374805447598,0.0019651520361638644,0.011967246235273685,0.00798567164521394,0.009358606755950636,0.011953217042064417,-0.00874757969388935,1,-0.004721599350389398,0.007987836068907718,-0.0036724331038543914,-0.0035876545853989563,-0.007062911077699014,0.011133065483085321,0.007462882966687322,-0.007455391430060389,0.0019326482244335038,0.011864032115014684,0.007555401244498058,0.009960669472505406,-0.005249757591979805,-0.01233519240559282,0.013819318723427714,0.011999786335260873,0.00788667981206279,-0.009419964866213233,0.015805788263140788,0.003868638463901475,-0.005893189584715008,0.003991470163898302,-0.006054711173947261,0.011995847372051402,0.0019677875984604786,-0.0031730999821429216,0.013727716095152876,-0.007663004591677604,-0.010001903339668767,0.013988855272715543,-0.006397055466292725,-0.005060783087231766,0.011769485908493,0.011159411474812421,-0.0010930932614547136,0.011719689466597464,-0.0010536009278155805,0.003971301531009405,0.007912066891087453,0.00583556365391239,0.009996717108036138,0.00588595581018035,-0.0035339584650358703,-0.0038242070660700466,-0.002446134140661866,-0.005667279521635612,-0.002223884085768856,-0.003270646081033849,0.00997866422309474,-0.0068473436784628385,0.009900148420273504,-0.005107696866975791,0.0,-0.008701939738966085,0.005808430447062965,0.009769482532756332,-0.0027801807776847314,-0.0062899444600037005,-0.009445129529149152,-0.005964667298397569,0.0039244430151180575,0.0059960266943192685,0.015782833341154504,0.003986718010264703,0.011742044295194678,-0.001428442154226855,0.0,agent95,-0.8605875638872683
-0.632224706808953,-0.002647206056746439,-0.0034679027159008713,-0.011382089193248946,-0.007524764743307244,-0.004712139967715855,-0.004679911142210572,-0.0049962359605985295,0.005812713029474224,0.007998966603262391,-0.004927027429373142,-0.009145262007868298,0.0,-0.0050316730104251195,-0.009710882991303774,0.005995304125284883,-0.006737699005726727,0.007999976821411063,0.003991594032437099,-0.004037420960967755,-0.01010967964023891,0.011325468971216585,-0.007404516226869305,0.007864125323222972,-0.005478336345559754,-0.002055487308667039,-0.0037386374805447598,0.0019651520361638644,0.011967246235273685,0.00798567164521394,0.009358606755950636,0.011953217042064417,-0.00874757969388935,1,-0.004721599350389398,0.007987836068907718,-0.0036724331038543914,-0.0035876545853989563,-0.007062911077699014,0.011133065483085321,0.00939488260609855,-0.007455391430060389,0.0019326482244335038,0.011864032115014684,0.007555401244498058,0.009960669472505406,-0.005249757591979805,-0.01233519240559282,0.013819318723427714,0.011999786335260873,0.00788667981206279,-0.009419964866213233,0.015805788263140788,0.003868638463901475,-0.005893189584715008,0.003991470163898302,-0.006054711173947261,0.011995847372051402,0.0019677875984604786,-0.0031730999821429216,0.013727716095152876,-0.007663004591677604,-0.010001903339668767,0.013988855272715543,-0.006397055466292725,-0.005060783087231766,0.011769485908493,0.011159411474812421,-0.0010930932614547136,0.011719689466597464,-0.0010536009278155805,0.003971301531009405,0.007912066891087453,0.00583556365391239,0.009996717108036138,0.00588595581018035,-0.0035339584650358703,-0.0038242070660700466,-0.002446134140661866,-0.005667279521635612,-0.002223884085768856,-0.003270646081033849,0.00997866422309474,-0.0068473436784628385,0.009900148420273504,-0.005107696866975791,0.0,-0.008701939738966085,0.005808430447062965,0.009769482532756332,-0.0027801807776847314,-0.0062899444600037005,-0.009445129529149152,-0.005964667298397569,0.0039244430151180575,0.0059960266943192685,0.015782833341154504,0.003986718010264703,0.011742044295194678,-0.001428442154226855,0.0,agent39,-1
-0.6332266719609893,-0.002647206056746439,-0.0034679027159008713,-0.011382089193248946,-0.007524764743307244,-0.004712139967715855,-0.004679911142210572,-0.0049962359605985295,0.005812713029474224,0.007998966603262391,-0.004927027429373142,-0.009145262007868298,0.0,-0.0050316730104251195,-0.009710882991303774,0.005995304125284883,-0.006737699005726727,0.007999976821411063,0.003991594032437099,-0.004037420960967755,-0.01010967964023891,0.011325468971216585,-0.007404516226869305,0.007864125323222972,-0.005478336345559754,-0.002055487308667039,-0.0037386374805447598,0.003930854108351848,0.011967246235273685,0.00798567164521394,0.009358606755950636,0.011953217042064417,-0.00874757969388935,1,-0.004721599350389398,0.007987836068907718,-0.0036724331038543914,-0.0035876545853989563,-0.007062911077699014,0.011133065483085321,0.00939488260609855,-0.007455391430060389,0.0019326482244335038,0.011864032115014684,0.007555401244498058,0.009960669472505406,-0.005249757591979805,-0.01233519240559282,0.013819318723427714,0.011999786335260873,0.00788667981206279,-0.009419964866213233,0.015805788263140788,0.003868638463901475,-0.005893189584715008,0.003991470163898302,-0.006054711173947261,0.011995847372051402,0.0019677875984604786,-0.0031730999821429216,0.013727716095152876,-0.007663004591677604,-0.010001903339668767,0.013988855272715543,-0.006397055466292725,-0.005060783087231766,0.011769485908493,0.011159411474812421,-0.0010930932614547136,0.011719689466597464,-0.0010536009278155805,0.003971301531009405,0.007912066891087453,0.00583556365391239,0.009996717108036138,0.00588595581018035,-0.0035339584650358703,-0.0038242070660700466,-0.002446134140661866,-0.005667279521635612,-0.002223884085768856,-0.003270646081033849,0.00997866422309474,-0.0068473436784628385,0.009900148420273504,-0.005107696866975791,0.0,-0.008701939738966085,0.005808430447062965,0.009769482532756332,-0.0027801807776847314,-0.0062899444600037005,-0.009445129529149152,-0.005964667298397569,0.0039244430151180575,0.0059960266943192685,0.015782833341154504,0.003986718010264703,0.011742044295194678,-0.001428442154226855,0.0,agent26,-0.3703166015047561
-0.6342385359931043,-0.002647206056746439,-0.0034679027159008713,-0.011382089193248946,-0.007524764743307244,-0.004712139967715855,-0.004679911142210572,-0.0049962359605985295,0.005812713029474224,0.007998966603262391,-0.004927027429373142,-0.009145262007868298,0.0,-0.0050316730104251195,-0.009710882991303774,0.005995304125284883,-0.006737699005726727,0.007999976821411063,0.003991594032437099,-0.004037420960967755,-0.01010967964023891,0.011325468971216585,-0.007404516226869305,0.007864125323222972,-0.005478336345559754,-0.002055487308667039,-0.0037386374805447598,0.003930854108351848,0.011967246235273685,0.00798567164521394,0.009358606755950636,0.011953217042064417,-0.00874757969388935,1,-0.004721599350389398,0.007987836068907718,-0.0036724331038543914,-0.0035876545853989563,-0.007062911077699014,0.011133065483085321,0.00939488260609855,-0.007455391430060389,0.0019326482244335038,0.013841919077570031,0.007555401244498058,0.009960669472505406,-0.005249757591979805,-0.01233519240559282,0.013819318723427714,0.011999786335260873,0.00788667981206279,-0.009419964866213233,0.015805788263140788,0.003868638463901475,-0.005893189584715008,0.003991470163898302,-0.006054711173947261,0.011995847372051402,0.0019677875984604786,-0.0031730999821429216,0.013727716095152876,-0.007663004591677604,-0.010001903339668767,0.013988855272715543,-0.006397055466292725,-0.005060783087231766,0.011769485908493,0.011159411474812421,-0.0010930932614547136,0.011719689466597464,-0.0010536009278155805,0.003971301531009405,0.007912066891087453,0.00583556365391239,0.009996717108036138,0.00588595581018035,-0.0035339584650358703,-0.0038242070660700466,-0.002446134140661866,-0.005667279521635612,-0.002223884085768856,-0.003270646081033849,0.00997866422309474,-0.0068473436784628385,0.009900148420273504,-0.005107696866975791,0.0,-0.008701939738966085,0.005808430447062965,0.009769482532756332,-0.0027801807776847314,-0.0062899444600037005,-0.009445129529149152,-0.005964667298397569,0.0039244430151180575,0.0059960266943192685,0.015782833341154504,0.003986718010264703,0.011742044295194678,-0.001428442154226855,0.0,agent42,-0.8435266360344637
-0.6352399644352585,-0.002647206056746439,-0.0034679027159008713,-0.011382089193248946,-0.007524764743307244,-0.004712139967715855,-0.004679911142210572,-0.0049962359605985295,0.005812713029474224,0.007998966603262391,-0.004927027429373142,-0.009145262007868298,0.0,-0.0050316730104251195,-0.009710882991303774,0.005995304125284883,-0.006737699005726727,0.007999976821411063,0.003991594032437099,-0.004037420960967755,-0.01010967964023891,0.011325468971216585,-0.007404516226869305,0.007864125323222972,-0.005478336345559754,-0.002055487308667039,-0.0037386374805447598,0.003930854108351848,0.011967246235273685,0.00798567164521394,0.009358606755950636,0.011953217042064417,-0.00874757969388935,1,-0.004721599350389398,0.007987836068907718,-0.0036724331038543914,-0.0035876545853989563,-0.007062911077699014,0.011133065483085321,0.00939488260609855,-0.007455391430060389,0.0019326482244335038,0.013841919077570031,0.007555401244498058,0.009960669472505406,-0.005249757591979805,-0.01233519240559282,0.013819318723427714,0.011999786335260873,0.00788667981206279,-0.009419964866213233,0.015805788263140788,0.003868638463901475,-0.005893189584715008,0.003991470163898302,-0.006054711173947261,0.011995847372051402,0.0019677875984604786,-0.0031730999821429216,0.013727716095152876,-0.007663004591677604,-0.010001903339668767,0.013988855272715543,-0.006397055466292725,-0.005060783087231766,0.011769485908493,0.011159411474812421,-0.0010930932614547136,0.011719689466597464,-0.0010536009278155805,0.003971301531009405,0.007912066891087453,0.00583556365391239,0.009996717108036138,0.00588595581018035,-0.0035339584650358703,-0.0038242070660700466,-0.002446134140661866,-0.005667279521635612,-0.002223884085768856,-0.003270646081033849,0.00997866422309474,-0.0068473436784628385,0.009900148420273504,-0.005107696866975791,0.0,-0.008701939738966085,0.005808430447062965,0.009769482532756332,-0.0027801807776847314,-0.0062899444600037005,-0.009445129529149152,-0.005964667298397569,0.0039244430151180575,0.0059960266943192685,0.015782833341154504,0.003986718010264703,0.011742044295194678,-0.0024665212880968347,0.0,agent98,0.7527876830309056
-0.6362467021342643,-0.002647206056746439,-0.0034679027159008713,-0.011382089193248946,-0.007524764743307244,-0.004712139967715855,-0.004679911142210572,-0.0049962359605985295,0.005812713029474224,0.007998966603262391,-0.004927027429373142,-0.009145262007868298,0.0,-0.0050316730104251195,-0.009710882991303774,0.005995304125284883,-0.007400694135083614,0.007999976821411063,0.003991594032437099,-0.004037420960967755,-0.01010967964023891,0.011325468971216585,-0.007404516226869305,0.007864125323222972,-0.005478336345559754,-0.002055487308667039,-0.0037386374805447598,0.003930854108351848,0.011967246235273685,0.00798567164521394,0.009358606755950636,0.011953217042064417,-0.00874757969388935,1,-0.004721599350389398,0.007987836068907718,-0.0036724331038543914,-0.0035876545853989563,-0.007062911077699014,0.011133065483085321,0.00939488260609855,-0.007455391430060389,0.0019326482244335038,0.013841919077570031,0.007555401244498058,0.009960669472505406,-0.005249757591979805,-0.01233519240559282,0.013819318723427714,0.011999786335260873,0.00788667981206279,-0.009419964866213233,0.015805788263140788,0.003868638463901475,-0.005893189584715008,0.003991470163898302,-0.006054711173947261,0.011995847372051402,0.0019677875984604786,-0.0031730999821429216,0.013727716095152876,-0.007663004591677604,-0.010001903339668767,0.013988855272715543,-0.006397055466292725,-0.005060783087231766,0.011769485908493,0.011159411474812421,-0.0010930932614547136,0.011719689466597464,-0.0010536009278155805,0.003971301531009405,0.007912066891087453,0.00583556365391239,0.009996717108036138,0.00588595581018035,-0.0035339584650358703,-0.0038242070660700466,-0.002446134140661866,-0.005667279521635612,-0.002223884085768856,-0.003270646081033849,0.00997866422309474,-0.0068473436784628385,0.009900148420273504,-0.005107696866975791,0.0,-0.008701939738966085,0.005808430447062965,0.009769482532756332,-0.0027801807776847314,-0.0062899444600037005,-0.009445129529149152,-0.005964667298397569,0.0039244430151180575,0.0059960266943192685,0.015782833341154504,0.003986718010264703,0.011742044295194678,-0.0024665212880968347,0.0,agent15,1
-0.637248757621573,-0.002647206056746439,-0.0034679027159008713,-0.011382089193248946,-0.007524764743307244,-0.004712139967715855,-0.004679911142210572,-0.0049962359605985295,0.005812713029474224,0.007998966603262391,-0.004927027429373142,-0.009145262007868298,0.0,-0.0050316730104251195,-0.009710882991303774,0.005995304125284883,-0.007400694135083614,0.007999976821411063,0.003991594032437099,-0.004037420960967755,-0.01010967964023891,0.011325468971216585,-0.007404516226869305,0.007864125323222972,-0.005478336345559754,-0.002716835673544411,-0.0037386374805447598,0.003930854108351848,0.011967246235273685,0.00798567164521394,0.009358606755950636,0.011953217042064417,-0.00874757969388935,1,-0.004721599350389398,0.007987836068907718,-0.0036724331038543914,-0.0035876545853989563,-0.007062911077699014,0.011133065483085321,0.00939488260609855,-0.007455391430060389,0.0019326482244335038,0.013841919077570031,0.007555401244498058,0.009960669472505406,-0.005249757591979805,-0.01233519240559282,0.013819318723427714,0.011999786335260873,0.00788667981206279,-0.009419964866213233,0.015805788263140788,0.003868638463901475,-0.005893189584715008,0.003991470163898302,-0.006054711173947261,0.011995847372051402,0.0019677875984604786,-0.0031730999821429216,0.013727716095152876,-0.007663004591677604,-0.010001903339668767,0.013988855272715543,-0.006397055466292725,-0.005060783087231766,0.011769485908493,0.011159411474812421,-0.0010930932614547136,0.011719689466597464,-0.0010536009278155805,0.003971301531009405,0.007912066891087453,0.00583556365391239,0.009996717108036138,0.00588595581018035,-0.0035339584650358703,-0.0038242070660700466,-0.002446134140661866,-0.005667279521635612,-0.002223884085768856,-0.003270646081033849,0.00997866422309474,-0.0068473436784628385,0.009900148420273504,-0.005107696866975791,0.0,-0.008701939738966085,0.005808430447062965,0.009769482532756332,-0.0027801807776847314,-0.0062899444600037005,-0.009445129529149152,-0.005964667298397569,0.0039244430151180575,0.0059960266943192685,0.015782833341154504,0.003986718010264703,0.011742044295194678,-0.0024665212880968347,0.0,agent24,1
-0.6382546508111576,-0.002647206056746439,-0.0034679027159008713,-0.011382089193248946,-0.007524764743307244,-0.004712139967715855,-0.004679911142210572,-0.0049962359605985295,0.005812713029474224,0.007998966603262391,-0.004927027429373142,-0.009145262007868298,0.0,-0.0050316730104251195,-0.009710882991303774,0.005995304125284883,-0.007400694135083614,0.007999976821411063,0.003991594032437099,-0.004037420960967755,-0.01010967964023891,0.011325468971216585,-0.007404516226869305,0.007864125323222972,-0.005478336345559754,-0.002716835673544411,-0.0037386374805447598,0.003930854108351848,0.011967246235273685,0.00798567164521394,0.009358606755950636,0.011953217042064417,-0.00874757969388935,1,-0.004721599350389398,0.007987836068907718,-0.0036724331038543914,-0.0035876545853989563,-0.007062911077699014,0.011133065483085321,0.00939488260609855,-0.007455391430060389,0.0019326482244335038,0.013841919077570031,0.007555401244498058,0.009960669472505406,-0.005249757591979805,-0.01233519240559282,0.013819318723427714,0.011999786335260873,0.00788667981206279,-0.009419964866213233,0.015805788263140788,0.003868638463901475,-0.006738174017393383,0.003991470163898302,-0.006054711173947261,0.011995847372051402,0.0019677875984604786,-0.0031730999821429216,0.013727716095152876,-0.007663004591677604,-0.010001903339668767,0.013988855272715543,-0.006397055466292725,-0.005060783087231766,0.011769485908493,0.011159411474812421,-0.0010930932614547136,0.011719689466597464,-0.0010536009278155805,0.003971301531009405,0.007912066891087453,0.00583556365391239,0.009996717108036138,0.00588595581018035,-0.0035339584650358703,-0.0038242070660700466,-0.002446134140661866,-0.005667279521635612,-0.002223884085768856,-0.003270646081033849,0.00997866422309474,-0.0068473436784628385,0.009900148420273504,-0.005107696866975791,0.0,-0.008701939738966085,0.005808430447062965,0.009769482532756332,-0.0027801807776847314,-0.0062899444600037005,-0.009445129529149152,-0.005964667298397569,0.0039244430151180575,0.0059960266943192685,0.015782833341154504,0.003986718010264703,0.011742044295194678,-0.0024665212880968347,0.0,agent53,0.8826299002466299
-0.6392640456937637,-0.002647206056746439,-0.0034679027159008713,-0.011382089193248946,-0.007524764743307244,-0.004712139967715855,-0.004679911142210572,-0.0049962359605985295,0.005812713029474224,0.007998966603262391,-0.004927027429373142,-0.009145262007868298,0.0,-0.0050316730104251195,-0.009710882991303774,0.005995304125284883,-0.007400694135083614,0.007999976821411063,0.003991594032437099,-0.004037420960967755,-0.01010967964023891,0.011325468971216585,-0.007404516226869305,0.007864125323222972,-0.005478336345559754,-0.002716835673544411,-0.0037386374805447598,0.003930854108351848,0.011967246235273685,0.00798567164521394,0.009358606755950636,0.011953217042064417,-0.00874757969388935,1,-0.004721599350389398,0.007987836068907718,-0.0036724331038543914,-0.0035876545853989563,-0.007062911077699014,0.011133065483085321,0.011329452757268672,-0.007455391430060389,0.0019326482244335038,0.013841919077570031,0.007555401244498058,0.009960669472505406,-0.005249757591979805,-0.01233519240559282,0.013819318723427714,0.011999786335260873,0.00788667981206279,-0.009419964866213233,0.015805788263140788,0.003868638463901475,-0.006738174017393383,0.003991470163898302,-0.006054711173947261,0.011995847372051402,0.0019677875984604786,-0.0031730999821429216,0.013727716095152876,-0.007663004591677604,-0.010001903339668767,0.013988855272715543,-0.006397055466292725,-0.005060783087231766,0.011769485908493,0.011159411474812421,-0.0010930932614547136,0.011719689466597464,-0.0010536009278155805,0.003971301531009405,0.007912066891087453,0.00583556365391239,0.009996717108036138,0.00588595581018035,-0.0035339584650358703,-0.0038242070660700466,-0.002446134140661866,-0.005667279521635612,-0.002223884085768856,-0.003270646081033849,0.00997866422309474,-0.0068473436784628385,0.009900148420273504,-0.005107696866975791,0.0,-0.008701939738966085,0.005808430447062965,0.009769482532756332,-0.0027801807776847314,-0.0062899444600037005,-0.009445129529149152,-0.005964667298397569,0.0039244430151180575,0.0059960266943192685,0.015782833341154504,0.003986718010264703,0.011742044295194678,-0.0024665212880968347,0.0,agent39,-1
-0.640275427782957,-0.002647206056746439,-0.0034679027159008713,-0.012351563579895468,-0.007524764743307244,-0.004712139967715855,-0.004679911142210572,-0.0049962359605985295,0.005812713029474224,0.007998966603262391,-0.004927027429373142,-0.009145262007868298,0.0,-0.0050316730104251195,-0.009710882991303774,0.005995304125284883,-0.007400694135083614,0.007999976821411063,0.003991594032437099,-0.004037420960967755,-0.01010967964023891,0.011325468971216585,-0.007404516226869305,0.007864125323222972,-0.005478336345559754,-0.002716835673544411,-0.0037386374805447598,0.003930854108351848,0.011967246235273685,0.00798567164521394,0.009358606755950636,0.011953217042064417,-0.00874757969388935,1,-0.004721599350389398,0.007987836068907718,-0.0036724331038543914,-0.0035876545853989563,-0.007062911077699014,0.011133065483085321,0.011329452757268672,-0.007455391430060389,0.0019326482244335038,0.013841919077570031,0.007555401244498058,0.009960669472505406,-0.005249757591979805,-0.01233519240559282,0.013819318723427714,0.011999786335260873,0.00788667981206279,-0.009419964866213233,0.015805788263140788,0.003868638463901475,-0.006738174017393383,0.003991470163898302,-0.006054711173947261,0.011995847372051402,0.0019677875984604786,-0.0031730999821429216,0.013727716095152876,-0.007663004591677604,-0.010001903339668767,0.013988855272715543,-0.006397055466292725,-0.005060783087231766,0.011769485908493,0.011159411474812421,-0.0010930932614547136,0.011719689466597464,-0.0010536009278155805,0.003971301531009405,0.007912066891087453,0.00583556365391239,0.009996717108036138,0.00588595581018035,-0.0035339584650358703,-0.0038242070660700466,-0.002446134140661866,-0.005667279521635612,-0.002223884085768856,-0.003270646081033849,0.00997866422309474,-0.0068473436784628385,0.009900148420273504,-0.005107696866975791,0.0,-0.008701939738966085,0.005808430447062965,0.009769482532756332,-0.0027801807776847314,-0.0062899444600037005,-0.009445129529149152,-0.005964667298397569,0.0039244430151180575,0.0059960266943192685,0.015782833341154504,0.003986718010264703,0.011742044295194678,-0.0024665212880968347,0.0,agent2,0.7963721292151008
-0.6412789617414221,-0.002647206056746439,-0.0034679027159008713,-0.012351563579895468,-0.007524764743307244,-0.004712139967715855,-0.004679911142210572,-0.0049962359605985295,0.005812713029474224,0.007998966603262391,-0.004927027429373142,-0.009145262007868298,0.0,-0.0050316730104251195,-0.009710882991303774,0.005995304125284883,-0.007400694135083614,0.007999976821411063,0.003991594032437099,-0.004037420960967755,-0.01010967964023891,0.011325468971216585,-0.007404516226869305,0.007864125323222972,-0.005478336345559754,-0.002716835673544411,-0.0037386374805447598,0.003930854108351848,0.011967246235273685,0.00798567164521394,0.009358606755950636,0.011953217042064417,-0.00874757969388935,1,-0.004721599350389398,0.007987836068907718,-0.0036724331038543914,-0.0035876545853989563,-0.007062911077699014,0.011133065483085321,0.011329452757268672,-0.007455391430060389,0.0019326482244335038,0.013841919077570031,0.007555401244498058,0.009960669472505406,-0.005249757591979805,-0.01233519240559282,0.013819318723427714,0.011999786335260873,0.00788667981206279,-0.009419964866213233,0.015805788263140788,0.003868638463901475,-0.006738174017393383,0.003991470163898302,-0.006054711173947261,0.011995847372051402,0.0019677875984604786,-0.0031730999821429216,0.013727716095152876,-0.007663004591677604,-0.010001903339668767,0.013988855272715543,-0.006397055466292725,-0.005060783087231766,0.011769485908493,0.011159411474812421,-0.0010930932614547136,0.011719689466597464,-0.0010536009278155805,0.003971301531009405,0.007912066891087453,0.00583556365391239,0.009996717108036138,0.00588595581018035,-0.004188706725541589,-0.0038242070660700466,-0.002446134140661866,-0.005667279521635612,-0.002223884085768856,-0.003270646081033849,0.00997866422309474,-0.0068473436784628385,0.009900148420273504,-0.005107696866975791,0.0,-0.008701939738966085,0.005808430447062965,0.009769482532756332,-0.0027801807776847314,-0.0062899444600037005,-0.009445129529149152,-0.005964667298397569,0.0039244430151180575,0.0059960266943192685,0.015782833341154504,0.003986718010264703,0.011742044295194678,-0.0024665212880968347,0.0,agent75,1
-0.6422825493960075,-0.002647206056746439,-0.0034679027159008713,-0.012351563579895468,-0.007524764743307244,-0.004712139967715855,-0.004679911142210572,-0.0049962359605985295,0.005812713029474224,0.007998966603262391,-0.004927027429373142,-0.009145262007868298,0.0,-0.0050316730104251195,-0.009710882991303774,0.005995304125284883,-0.007400694135083614,0.007999976821411063,0.003991594032437099,-0.004037420960967755,-0.01010967964023891,0.011325468971216585,-0.007404516226869305,0.007864125323222972,-0.005478336345559754,-0.002716835673544411,-0.0037386374805447598,0.003930854108351848,0.011967246235273685,0.00798567164521394,0.009358606755950636,0.011953217042064417,-0.00874757969388935,1,-0.004721599350389398,0.007987836068907718,-0.0036724331038543914,-0.004940960746833999,-0.007062911077699014,0.011133065483085321,0.011329452757268672,-0.007455391430060389,0.0019326482244335038,0.013841919077570031,0.007555401244498058,0.009960669472505406,-0.005249757591979805,-0.01233519240559282,0.013819318723427714,0.011999786335260873,0.00788667981206279,-0.009419964866213233,0.015805788263140788,0.003868638463901475,-0.006738174017393383,0.003991470163898302,-0.006054711173947261,0.011995847372051402,0.0019677875984604786,-0.0031730999821429216,0.013727716095152876,-0.007663004591677604,-0.010001903339668767,0.013988855272715543,-0.006397055466292725,-0.005060783087231766,0.011769485908493,0.011159411474812421,-0.0010930932614547136,0.011719689466597464,-0.0010536009278155805,0.003971301531009405,0.007912066891087453,0.00583556365391239,0.009996717108036138,0.00588595581018035,-0.004188706725541589,-0.0038242070660700466,-0.002446134140661866,-0.005667279521635612,-0.002223884085768856,-0.003270646081033849,0.00997866422309474,-0.0068473436784628385,0.009900148420273504,-0.005107696866975791,0.0,-0.008701939738966085,0.005808430447062965,0.009769482532756332,-0.0027801807776847314,-0.0062899444600037005,-0.009445129529149152,-0.005964667298397569,0.0039244430151180575,0.0059960266943192685,0.015782833341154504,0.003986718010264703,0.011742044295194678,-0.0024665212880968347,0.0,agent36,0.4959930712963712
-0.6432865408661714,-0.002647206056746439,-0.0034679027159008713,-0.012351563579895468,-0.007524764743307244,-0.004712139967715855,-0.004679911142210572,-0.0049962359605985295,0.005812713029474224,0.007998966603262391,-0.004927027429373142,-0.009145262007868298,0.0,-0.0050316730104251195,-0.009710882991303774,0.005995304125284883,-0.007400694135083614,0.007999976821411063,0.003991594032437099,-0.004037420960967755,-0.01010967964023891,0.011325468971216585,-0.007404516226869305,0.007864125323222972,-0.005478336345559754,-0.002716835673544411,-0.0037386374805447598,0.003930854108351848,0.011967246235273685,0.00798567164521394,0.009358606755950636,0.011953217042064417,-0.00874757969388935,1,-0.004721599350389398,0.007987836068907718,-0.0036724331038543914,-0.004940960746833999,-0.007062911077699014,0.011133065483085321,0.011329452757268672,-0.007455391430060389,0.0019326482244335038,0.013841919077570031,0.007555401244498058,0.009960669472505406,-0.005249757591979805,-0.01233519240559282,0.013819318723427714,0.011999786335260873,0.00788667981206279,-0.009419964866213233,0.015805788263140788,0.003868638463901475,-0.006738174017393383,0.005987254409392254,-0.006054711173947261,0.011995847372051402,0.0019677875984604786,-0.0031730999821429216,0.013727716095152876,-0.007663004591677604,-0.010001903339668767,0.013988855272715543,-0.006397055466292725,-0.005060783087231766,0.011769485908493,0.011159411474812421,-0.0010930932614547136,0.011719689466597464,-0.0010536009278155805,0.003971301531009405,0.007912066891087453,0.00583556365391239,0.009996717108036138,0.00588595581018035,-0.004188706725541589,-0.0038242070660700466,-0.002446134140661866,-0.005667279521635612,-0.002223884085768856,-0.003270646081033849,0.00997866422309474,-0.0068473436784628385,0.009900148420273504,-0.005107696866975791,0.0,-0.008701939738966085,0.005808430447062965,0.009769482532756332,-0.0027801807776847314,-0.0062899444600037005,-0.009445129529149152,-0.005964667298397569,0.0039244430151180575,0.0059960266943192685,0.015782833341154504,0.003986718010264703,0.011742044295194678,-0.0024665212880968347,0.0,agent54,-0.5504593006400641
-0.6442952428059104,-0.002647206056746439,-0.0034679027159008713,-0.012351563579895468,-0.007524764743307244,-0.004712139967715855,-0.004679911142210572,-0.0049962359605985295,0.005812713029474224,0.007998966603262391,-0.004927027429373142,-0.009145262007868298,0.0,-0.0050316730104251195,-0.009710882991303774,0.005995304125284883,-0.007400694135083614,0.007999976821411063,0.003991594032437099,-0.004037420960967755,-0.01010967964023891,0.011325468971216585,-0.007404516226869305,0.007864125323222972,-0.005478336345559754,-0.002716835673544411,-0.0037386374805447598,0.003930854108351848,0.011967246235273685,0.00798567164521394,0.009358606755950636,0.011953217042064417,-0.00874757969388935,1,-0.004721599350389398,0.007987836068907718,-0.0036724331038543914,-0.004940960746833999,-0.007062911077699014,0.011133065483085321,0.011329452757268672,-0.007455391430060389,0.0019326482244335038,0.013841919077570031,0.007555401244498058,0.009960669472505406,-0.005249757591979805,-0.01233519240559282,0.013819318723427714,0.011999786335260873,0.00788667981206279,-0.009419964866213233,0.015805788263140788,0.003868638463901475,-0.006738174017393383,0.005987254409392254,-0.006054711173947261,0.011995847372051402,0.0019677875984604786,-0.0031730999821429216,0.013727716095152876,-0.007663004591677604,-0.010001903339668767,0.013988855272715543,-0.006397055466292725,-0.005060783087231766,0.011769485908493,0.011159411474812421,-0.0010930932614547136,0.011719689466597464,-0.0010536009278155805,0.003971301531009405,0.007912066891087453,0.00583556365391239,0.009996717108036138,0.00588595581018035,-0.004188706725541589,-0.0038242070660700466,-0.002446134140661866,-0.005667279521635612,-0.002223884085768856,-0.003270646081033849,0.00997866422309474,-0.0068473436784628385,0.009900148420273504,-0.005107696866975791,0.0,-0.009904028006778682,0.005808430447062965,0.009769482532756332,-0.0027801807776847314,-0.0062899444600037005,-0.009445129529149152,-0.005964667298397569,0.0039244430151180575,0.0059960266943192685,0.015782833341154504,0.003986718010264703,0.011742044295194678,-0.0024665212880968347,0.0,agent86,0.6199725237657844
-0.645309084724988,-0.002647206056746439,-0.0034679027159008713,-0.012351563579895468,-0.007524764743307244,-0.004712139967715855,-0.004679911142210572,-0.0049962359605985295,0.005812713029474224,0.007998966603262391,-0.004927027429373142,-0.009145262007868298,0.0,-0.0050316730104251195,-0.009710882991303774,0.005995304125284883,-0.007400694135083614,0.007999976821411063,0.003991594032437099,-0.004037420960967755,-0.01010967964023891,0.011325468971216585,-0.007404516226869305,0.007864125323222972,-0.005478336345559754,-0.002716835673544411,-0.0037386374805447598,0.003930854108351848,0.011967246235273685,0.00798567164521394,0.009358606755950636,0.011953217042064417,-0.00874757969388935,1,-0.004721599350389398,0.007987836068907718,-0.0036724331038543914,-0.004940960746833999,-0.007062911077699014,0.011133065483085321,0.011329452757268672,-0.007455391430060389,0.0019326482244335038,0.0158200200688837,0.007555401244498058,0.009960669472505406,-0.005249757591979805,-0.01233519240559282,0.013819318723427714,0.011999786335260873,0.00788667981206279,-0.009419964866213233,0.015805788263140788,0.003868638463901475,-0.006738174017393383,0.005987254409392254,-0.006054711173947261,0.011995847372051402,0.0019677875984604786,-0.0031730999821429216,0.013727716095152876,-0.007663004591677604,-0.010001903339668767,0.013988855272715543,-0.006397055466292725,-0.005060783087231766,0.011769485908493,0.011159411474812421,-0.0010930932614547136,0.011719689466597464,-0.0010536009278155805,0.003971301531009405,0.007912066891087453,0.00583556365391239,0.009996717108036138,0.00588595581018035,-0.004188706725541589,-0.0038242070660700466,-0.002446134140661866,-0.005667279521635612,-0.002223884085768856,-0.003270646081033849,0.00997866422309474,-0.0068473436784628385,0.009900148420273504,-0.005107696866975791,0.0,-0.009904028006778682,0.005808430447062965,0.009769482532756332,-0.0027801807776847314,-0.0062899444600037005,-0.009445129529149152,-0.005964667298397569,0.0039244430151180575,0.0059960266943192685,0.015782833341154504,0.003986718010264703,0.011742044295194678,-0.0024665212880968347,0.0,agent42,-0.8535750014369419
-0.6463122578249701,-0.002647206056746439,-0.0034679027159008713,-0.012351563579895468,-0.007524764743307244,-0.004712139967715855,-0.004679911142210572,-0.0049962359605985295,0.005812713029474224,0.007998966603262391,-0.004927027429373142,-0.009145262007868298,0.0,-0.0050316730104251195,-0.009710882991303774,0.005995304125284883,-0.007400694135083614,0.007999976821411063,0.003991594032437099,-0.004037420960967755,-0.01010967964023891,0.011325468971216585,-0.007404516226869305,0.007864125323222972,-0.005478336345559754,-0.002716835673544411,-0.0037386374805447598,0.003930854108351848,0.011967246235273685,0.00798567164521394,0.009358606755950636,0.011953217042064417,-0.00874757969388935,1,-0.004721599350389398,0.007987836068907718,-0.0036724331038543914,-0.004940960746833999,-0.007062911077699014,0.011133065483085321,0.011329452757268672,-0.007455391430060389,0.0019326482244335038,0.0158200200688837,0.007555401244498058,0.009960669472505406,-0.005249757591979805,-0.01233519240559282,0.013819318723427714,0.011999786335260873,0.00788667981206279,-0.009419964866213233,0.015805788263140788,0.003868638463901475,-0.006738174017393383,0.005987254409392254,-0.006054711173947261,0.011995847372051402,0.0019677875984604786,-0.004015887716936689,0.013727716095152876,-0.007663004591677604,-0.010001903339668767,0.013988855272715543,-0.006397055466292725,-0.005060783087231766,0.011769485908493,0.011159411474812421,-0.0010930932614547136,0.011719689466597464,-0.0010536009278155805,0.003971301531009405,0.007912066891087453,0.00583556365391239,0.009996717108036138,0.00588595581018035,-0.004188706725541589,-0.0038242070660700466,-0.002446134140661866,-0.005667279521635612,-0.002223884085768856,-0.003270646081033849,0.00997866422309474,-0.0068473436784628385,0.009900148420273504,-0.005107696866975791,0.0,-0.009904028006778682,0.005808430447062965,0.009769482532756332,-0.0027801807776847314,-0.0062899444600037005,-0.009445129529149152,-0.005964667298397569,0.0039244430151180575,0.0059960266943192685,0.015782833341154504,0.003986718010264703,0.011742044295194678,-0.0024665212880968347,0.0,agent58,0.8760141979511383
-0.6463122578249701,-0.002647206056746439,-0.0034679027159008713,-0.012351563579895468,-0.007524764743307244,-0.004712139967715855,-0.004679911142210572,-0.0049962359605985295,0.005812713029474224,0.007998966603262391,-0.004927027429373142,-0.009145262007868298,0.0,-0.0050316730104251195,-0.009710882991303774,0.005995304125284883,-0.007400694135083614,0.007999976821411063,0.003991594032437099,-0.004037420960967755,-0.01010967964023891,0.011325468971216585,-0.007404516226869305,0.007864125323222972,-0.005478336345559754,-0.002716835673544411,-0.0037386374805447598,0.003930854108351848,0.011967246235273685,0.00798567164521394,0.009358606755950636,0.011953217042064417,-0.00874757969388935,1,-0.004721599350389398,0.007987836068907718,-0.0036724331038543914,-0.004940960746833999,-0.007062911077699014,0.011133065483085321,0.011329452757268672,-0.007455391430060389,0.0019326482244335038,0.0158200200688837,0.007555401244498058,0.009960669472505406,-0.005249757591979805,-0.01233519240559282,0.013819318723427714,0.011999786335260873,0.00788667981206279,-0.009419964866213233,0.015805788263140788,0.003868638463901475,-0.006738174017393383,0.005987254409392254,-0.006054711173947261,0.011995847372051402,0.0019677875984604786,-0.004015887716936689,0.013727716095152876,-0.007663004591677604,-0.010001903339668767,0.013988855272715543,-0.006397055466292725,-0.005060783087231766,0.011769485908493,0.011159411474812421,-0.0010930932614547136,0.011719689466597464,-0.0010536009278155805,0.003971301531009405,0.007912066891087453,0.00583556365391239,0.009996717108036138,0.00588595581018035,-0.004188706725541589,-0.0038242070660700466,-0.002446134140661866,-0.005667279521635612,-0.002223884085768856,-0.003270646081033849,0.00997866422309474,-0.0068473436784628385,0.009900148420273504,-0.005107696866975791,0.0,-0.009904028006778682,0.005808430447062965,0.009769482532756332,-0.0027801807776847314,-0.0062899444600037005,-0.009445129529149152,-0.005964667298397569,0.0039244430151180575,0.0059960266943192685,0.015782833341154504,0.003986718010264703,0.011742044295194678,-0.0024665212880968347,0.0,agent32,-0.6463122578249701
-0.6473162737126871,-0.002647206056746439,-0.0034679027159008713,-0.012351563579895468,-0.007524764743307244,-0.004712139967715855,-0.004679911142210572,-0.0049962359605985295,0.005812713029474224,0.007998966603262391,-0.004927027429373142,-0.009145262007868298,0.0,-0.0050316730104251195,-0.009710882991303774,0.005995304125284883,-0.007400694135083614,0.007999976821411063,0.003991594032437099,-0.004037420960967755,-0.01010967964023891,0.011325468971216585,-0.007404516226869305,0.007864125323222972,-0.005478336345559754,-0.002716835673544411,-0.0037386374805447598,0.003930854108351848,0.011967246235273685,0.00798567164521394,0.009358606755950636,0.011953217042064417,-0.00874757969388935,1,-0.004721599350389398,0.007987836068907718,-0.0036724331038543914,-0.004940960746833999,-0.007062911077699014,0.011133065483085321,0.011329452757268672,-0.007455391430060389,0.0019326482244335038,0.0158200200688837,0.007555401244498058,0.009960669472505406,-0.005249757591979805,-0.01233519240559282,0.013819318723427714,0.011999786335260873,0.00788667981206279,-0.009419964866213233,0.015805788263140788,0.003868638463901475,-0.006738174017393383,0.005987254409392254,-0.006054711173947261,0.011995847372051402,0.0019677875984604786,-0.004855619513920477,0.013727716095152876,-0.007663004591677604,-0.010001903339668767,0.013988855272715543,-0.006397055466292725,-0.005060783087231766,0.011769485908493,0.011159411474812421,-0.0010930932614547136,0.011719689466597464,-0.0010536009278155805,0.003971301531009405,0.007912066891087453,0.00583556365391239,0.009996717108036138,0.00588595581018035,-0.004188706725541589,-0.0038242070660700466,-0.002446134140661866,-0.005667279521635612,-0.002223884085768856,-0.003270646081033849,0.00997866422309474,-0.0068473436784628385,0.009900148420273504,-0.005107696866975791,0.0,-0.009904028006778682,0.005808430447062965,0.009769482532756332,-0.0027801807776847314,-0.0062899444600037005,-0.009445129529149152,-0.005964667298397569,0.0039244430151180575,0.0059960266943192685,0.015782833341154504,0.003986718010264703,0.011742044295194678,-0.0024665212880968347,0.0,agent58,0.8770184370776255
-0.6483173668059485,-0.002647206056746439,-0.0034679027159008713,-0.012351563579895468,-0.007524764743307244,-0.004712139967715855,-0.004679911142210572,-0.0049962359605985295,0.005812713029474224,0.007998966603262391,-0.004927027429373142,-0.009145262007868298,0.0,-0.0050316730104251195,-0.009710882991303774,0.005995304125284883,-0.007400694135083614,0.007999976821411063,0.003991594032437099,-0.004037420960967755,-0.01010967964023891,0.011325468971216585,-0.007404516226869305,0.007864125323222972,-0.005478336345559754,-0.002716835673544411,-0.0037386374805447598,0.003930854108351848,0.011967246235273685,0.00798567164521394,0.009358606755950636,0.011953217042064417,-0.00874757969388935,1,-0.004721599350389398,0.007987836068907718,-0.0036724331038543914,-0.004940960746833999,-0.007062911077699014,0.011133065483085321,0.011329452757268672,-0.007455391430060389,0.0019326482244335038,0.0158200200688837,0.007555401244498058,0.009960669472505406,-0.005249757591979805,-0.01233519240559282,0.013819318723427714,0.011999786335260873,0.00788667981206279,-0.009419964866213233,0.015805788263140788,0.003868638463901475,-0.006738174017393383,0.005987254409392254,-0.006054711173947261,0.011995847372051402,0.0019677875984604786,-0.004855619513920477,0.013727716095152876,-0.007663004591677604,-0.010001903339668767,0.013988855272715543,-0.006397055466292725,-0.005060783087231766,0.011769485908493,0.011159411474812421,-0.002108699655872823,0.011719689466597464,-0.0010536009278155805,0.003971301531009405,0.007912066891087453,0.00583556365391239,0.009996717108036138,0.00588595581018035,-0.004188706725541589,-0.0038242070660700466,-0.002446134140661866,-0.005667279521635612,-0.002223884085768856,-0.003270646081033849,0.00997866422309474,-0.0068473436784628385,0.009900148420273504,-0.005107696866975791,0.0,-0.009904028006778682,0.005808430447062965,0.009769482532756332,-0.0027801807776847314,-0.0062899444600037005,-0.009445129529149152,-0.005964667298397569,0.0039244430151180575,0.0059960266943192685,0.015782833341154504,0.003986718010264703,0.011742044295194678,-0.0024665212880968347,0.0,agent67,0.7558185064006779
-0.6493253524775937,-0.002647206056746439,-0.0034679027159008713,-0.012351563579895468,-0.007524764743307244,-0.004712139967715855,-0.004679911142210572,-0.0049962359605985295,0.005812713029474224,0.007998966603262391,-0.004927027429373142,-0.009145262007868298,0.0,-0.0050316730104251195,-0.009710882991303774,0.005995304125284883,-0.007400694135083614,0.007999976821411063,0.003991594032437099,-0.004037420960967755,-0.01010967964023891,0.011325468971216585,-0.007404516226869305,0.007864125323222972,-0.005478336345559754,-0.002716835673544411,-0.0037386374805447598,0.003930854108351848,0.011967246235273685,0.009982113734192052,0.009358606755950636,0.011953217042064417,-0.00874757969388935,1,-0.004721599350389398,0.007987836068907718,-0.0036724331038543914,-0.004940960746833999,-0.007062911077699014,0.011133065483085321,0.011329452757268672,-0.007455391430060389,0.0019326482244335038,0.0158200200688837,0.007555401244498058,0.009960669472505406,-0.005249757591979805,-0.01233519240559282,0.013819318723427714,0.011999786335260873,0.00788667981206279,-0.009419964866213233,0.015805788263140788,0.003868638463901475,-0.006738174017393383,0.005987254409392254,-0.006054711173947261,0.011995847372051402,0.0019677875984604786,-0.004855619513920477,0.013727716095152876,-0.007663004591677604,-0.010001903339668767,0.013988855272715543,-0.006397055466292725,-0.005060783087231766,0.011769485908493,0.011159411474812421,-0.002108699655872823,0.011719689466597464,-0.0010536009278155805,0.003971301531009405,0.007912066891087453,0.00583556365391239,0.009996717108036138,0.00588595581018035,-0.004188706725541589,-0.0038242070660700466,-0.002446134140661866,-0.005667279521635612,-0.002223884085768856,-0.003270646081033849,0.00997866422309474,-0.0068473436784628385,0.009900148420273504,-0.005107696866975791,0.0,-0.009904028006778682,0.005808430447062965,0.009769482532756332,-0.0027801807776847314,-0.0062899444600037005,-0.009445129529149152,-0.005964667298397569,0.0039244430151180575,0.0059960266943192685,0.015782833341154504,0.003986718010264703,0.011742044295194678,-0.0024665212880968347,0.0,agent28,-0.5639620347647835
-0.6503333524544151,-0.002647206056746439,-0.0034679027159008713,-0.012351563579895468,-0.007524764743307244,-0.004712139967715855,-0.004679911142210572,-0.0049962359605985295,0.005812713029474224,0.007998966603262391,-0.004927027429373142,-0.009145262007868298,0.0,-0.0050316730104251195,-0.009710882991303774,0.005995304125284883,-0.007400694135083614,0.00999997024950339,0.003991594032437099,-0.004037420960967755,-0.01010967964023891,0.011325468971216585,-0.007404516226869305,0.007864125323222972,-0.005478336345559754,-0.002716835673544411,-0.0037386374805447598,0.003930854108351848,0.011967246235273685,0.009982113734192052,0.009358606755950636,0.011953217042064417,-0.00874757969388935,1,-0.004721599350389398,0.007987836068907718,-0.0036724331038543914,-0.004940960746833999,-0.007062911077699014,0.011133065483085321,0.011329452757268672,-0.007455391430060389,0.0019326482244335038,0.0158200200688837,0.007555401244498058,0.009960669472505406,-0.005249757591979805,-0.01233519240559282,0.013819318723427714,0.011999786335260873,0.00788667981206279,-0.009419964866213233,0.015805788263140788,0.003868638463901475,-0.006738174017393383,0.005987254409392254,-0.006054711173947261,0.011995847372051402,0.0019677875984604786,-0.004855619513920477,0.013727716095152876,-0.007663004591677604,-0.010001903339668767,0.013988855272715543,-0.006397055466292725,-0.005060783087231766,0.011769485908493,0.011159411474812421,-0.002108699655872823,0.011719689466597464,-0.0010536009278155805,0.003971301531009405,0.007912066891087453,0.00583556365391239,0.009996717108036138,0.00588595581018035,-0.004188706725541589,-0.0038242070660700466,-0.002446134140661866,-0.005667279521635612,-0.002223884085768856,-0.003270646081033849,0.00997866422309474,-0.0068473436784628385,0.009900148420273504,-0.005107696866975791,0.0,-0.009904028006778682,0.005808430447062965,0.009769482532756332,-0.0027801807776847314,-0.0062899444600037005,-0.009445129529149152,-0.005964667298397569,0.0039244430151180575,0.0059960266943192685,0.015782833341154504,0.003986718010264703,0.011742044295194678,-0.0024665212880968347,0.0,agent16,-0.6456999124567397
-0.6513431219369479,-0.002647206056746439,-0.0034679027159008713,-0.012351563579895468,-0.007524764743307244,-0.004712139967715855,-0.004679911142210572,-0.0049962359605985295,0.005812713029474224,0.007998966603262391,-0.004927027429373142,-0.009145262007868298,0.0,-0.0050316730104251195,-0.009710882991303774,0.005995304125284883,-0.007400694135083614,0.00999997024950339,0.003991594032437099,-0.004037420960967755,-0.01010967964023891,0.011325468971216585,-0.007404516226869305,0.007864125323222972,-0.005478336345559754,-0.002716835673544411,-0.0037386374805447598,0.003930854108351848,0.011967246235273685,0.009982113734192052,0.009358606755950636,0.011953217042064417,-0.00874757969388935,1,-0.004721599350389398,0.007987836068907718,-0.0036724331038543914,-0.004940960746833999,-0.007062911077699014,0.011133065483085321,0.011329452757268672,-0.007455391430060389,0.0019326482244335038,0.0158200200688837,0.007555401244498058,0.009960669472505406,-0.005249757591979805,-0.01233519240559282,0.013819318723427714,0.011999786335260873,0.00788667981206279,-0.009419964866213233,0.015805788263140788,0.003868638463901475,-0.006738174017393383,0.005987254409392254,-0.006054711173947261,0.011995847372051402,0.0019677875984604786,-0.004855619513920477,0.013727716095152876,-0.007663004591677604,-0.010001903339668767,0.013988855272715543,-0.006397055466292725,-0.005060783087231766,0.011769485908493,0.011159411474812421,-0.002108699655872823,0.011719689466597464,-0.0010536009278155805,0.003971301531009405,0.007912066891087453,0.00583556365391239,0.009996717108036138,0.00588595581018035,-0.004188706725541589,-0.0038242070660700466,-0.002446134140661866,-0.005667279521635612,-0.002223884085768856,-0.003270646081033849,0.00997866422309474,-0.0068473436784628385,0.009900148420273504,-0.005107696866975791,0.0,-0.009904028006778682,0.005808430447062965,0.011723661060915477,-0.0027801807776847314,-0.0062899444600037005,-0.009445129529149152,-0.005964667298397569,0.0039244430151180575,0.0059960266943192685,0.015782833341154504,0.003986718010264703,0.011742044295194678,-0.0024665212880968347,0.0,agent88,-0.9530592081088481
-0.6523522671989558,-0.002647206056746439,-0.0034679027159008713,-0.012351563579895468,-0.007524764743307244,-0.004712139967715855,-0.004679911142210572,-0.0049962359605985295,0.005812713029474224,0.007998966603262391,-0.004927027429373142,-0.009781794954684064,0.0,-0.0050316730104251195,-0.009710882991303774,0.005995304125284883,-0.007400694135083614,0.00999997024950339,0.003991594032437099,-0.004037420960967755,-0.01010967964023891,0.011325468971216585,-0.007404516226869305,0.007864125323222972,-0.005478336345559754,-0.002716835673544411,-0.0037386374805447598,0.003930854108351848,0.011967246235273685,0.009982113734192052,0.009358606755950636,0.011953217042064417,-0.00874757969388935,1,-0.004721599350389398,0.007987836068907718,-0.0036724331038543914,-0.004940960746833999,-0.007062911077699014,0.011133065483085321,0.011329452757268672,-0.007455391430060389,0.0019326482244335038,0.0158200200688837,0.007555401244498058,0.009960669472505406,-0.005249757591979805,-0.01233519240559282,0.013819318723427714,0.011999786335260873,0.00788667981206279,-0.009419964866213233,0.015805788263140788,0.003868638463901475,-0.006738174017393383,0.005987254409392254,-0.006054711173947261,0.011995847372051402,0.0019677875984604786,-0.004855619513920477,0.013727716095152876,-0.007663004591677604,-0.010001903339668767,0.013988855272715543,-0.006397055466292725,-0.005060783087231766,0.011769485908493,0.011159411474812421,-0.002108699655872823,0.011719689466597464,-0.0010536009278155805,0.003971301531009405,0.007912066891087453,0.00583556365391239,0.009996717108036138,0.00588595581018035,-0.004188706725541589,-0.0038242070660700466,-0.002446134140661866,-0.005667279521635612,-0.002223884085768856,-0.003270646081033849,0.00997866422309474,-0.0068473436784628385,0.009900148420273504,-0.005107696866975791,0.0,-0.009904028006778682,0.005808430447062965,0.011723661060915477,-0.0027801807776847314,-0.0062899444600037005,-0.009445129529149152,-0.005964667298397569,0.0039244430151180575,0.0059960266943192685,0.015782833341154504,0.003986718010264703,0.011742044295194678,-0.0024665212880968347,0.0,agent10,1
-0.653362376878596,-0.002647206056746439,-0.0034679027159008713,-0.012351563579895468,-0.007524764743307244,-0.004712139967715855,-0.004679911142210572,-0.0049962359605985295,0.005812713029474224,0.007998966603262391,-0.004927027429373142,-0.009781794954684064,0.0,-0.0050316730104251195,-0.009710882991303774,0.005995304125284883,-0.007400694135083614,0.00999997024950339,0.003991594032437099,-0.004037420960967755,-0.010744545632780145,0.011325468971216585,-0.007404516226869305,0.007864125323222972,-0.005478336345559754,-0.002716835673544411,-0.0037386374805447598,0.003930854108351848,0.011967246235273685,0.009982113734192052,0.009358606755950636,0.011953217042064417,-0.00874757969388935,1,-0.004721599350389398,0.007987836068907718,-0.0036724331038543914,-0.004940960746833999,-0.007062911077699014,0.011133065483085321,0.011329452757268672,-0.007455391430060389,0.0019326482244335038,0.0158200200688837,0.007555401244498058,0.009960669472505406,-0.005249757591979805,-0.01233519240559282,0.013819318723427714,0.011999786335260873,0.00788667981206279,-0.009419964866213233,0.015805788263140788,0.003868638463901475,-0.006738174017393383,0.005987254409392254,-0.006054711173947261,0.011995847372051402,0.0019677875984604786,-0.004855619513920477,0.013727716095152876,-0.007663004591677604,-0.010001903339668767,0.013988855272715543,-0.006397055466292725,-0.005060783087231766,0.011769485908493,0.011159411474812421,-0.002108699655872823,0.011719689466597464,-0.0010536009278155805,0.003971301531009405,0.007912066891087453,0.00583556365391239,0.009996717108036138,0.00588595581018035,-0.004188706725541589,-0.0038242070660700466,-0.002446134140661866,-0.005667279521635612,-0.002223884085768856,-0.003270646081033849,0.00997866422309474,-0.0068473436784628385,0.009900148420273504,-0.005107696866975791,0.0,-0.009904028006778682,0.005808430447062965,0.011723661060915477,-0.0027801807776847314,-0.0062899444600037005,-0.009445129529149152,-0.005964667298397569,0.0039244430151180575,0.0059960266943192685,0.015782833341154504,0.003986718010264703,0.011742044295194678,-0.0024665212880968347,0.0,agent19,1
-0.6543662455170599,-0.002647206056746439,-0.0034679027159008713,-0.012351563579895468,-0.007524764743307244,-0.004712139967715855,-0.004679911142210572,-0.0049962359605985295,0.005812713029474224,0.007998966603262391,-0.004927027429373142,-0.009781794954684064,0.0,-0.0050316730104251195,-0.009710882991303774,0.005995304125284883,-0.007400694135083614,0.00999997024950339,0.003991594032437099,-0.004037420960967755,-0.010744545632780145,0.011325468971216585,-0.007404516226869305,0.007864125323222972,-0.005478336345559754,-0.002716835673544411,-0.0037386374805447598,0.003930854108351848,0.011967246235273685,0.009982113734192052,0.009358606755950636,0.011953217042064417,-0.00874757969388935,1,-0.004721599350389398,0.007987836068907718,-0.0036724331038543914,-0.004940960746833999,-0.007062911077699014,0.011133065483085321,0.011329452757268672,-0.007455391430060389,0.0019326482244335038,0.0158200200688837,0.007555401244498058,0.009960669472505406,-0.005249757591979805,-0.01233519240559282,0.013819318723427714,0.011999786335260873,0.00788667981206279,-0.009419964866213233,0.015805788263140788,0.005803344446667585,-0.006738174017393383,0.005987254409392254,-0.006054711173947261,0.011995847372051402,0.0019677875984604786,-0.004855619513920477,0.013727716095152876,-0.007663004591677604,-0.010001903339668767,0.013988855272715543,-0.006397055466292725,-0.005060783087231766,0.011769485908493,0.011159411474812421,-0.002108699655872823,0.011719689466597464,-0.0010536009278155805,0.003971301531009405,0.007912066891087453,0.00583556365391239,0.009996717108036138,0.00588595581018035,-0.004188706725541589,-0.0038242070660700466,-0.002446134140661866,-0.005667279521635612,-0.002223884085768856,-0.003270646081033849,0.00997866422309474,-0.0068473436784628385,0.009900148420273504,-0.005107696866975791,0.0,-0.009904028006778682,0.005808430447062965,0.011723661060915477,-0.0027801807776847314,-0.0062899444600037005,-0.009445129529149152,-0.005964667298397569,0.0039244430151180575,0.0059960266943192685,0.015782833341154504,0.003986718010264703,0.011742044295194678,-0.0024665212880968347,0.0,agent52,-0.29199271231365254
-0.6553762061865324,-0.002647206056746439,-0.0034679027159008713,-0.012351563579895468,-0.007524764743307244,-0.004712139967715855,-0.004679911142210572,-0.0049962359605985295,0.005812713029474224,0.007998966603262391,-0.004927027429373142,-0.009781794954684064,0.0,-0.0050316730104251195,-0.009710882991303774,0.005995304125284883,-0.007400694135083614,0.00999997024950339,0.003991594032437099,-0.004037420960967755,-0.010744545632780145,0.011325468971216585,-0.007404516226869305,0.007864125323222972,-0.005478336345559754,-0.002716835673544411,-0.0037386374805447598,0.003930854108351848,0.011967246235273685,0.009982113734192052,0.009358606755950636,0.011953217042064417,-0.00874757969388935,1,-0.004721599350389398,0.007987836068907718,-0.0036724331038543914,-0.004940960746833999,-0.007062911077699014,0.011133065483085321,0.011329452757268672,-0.007455391430060389,0.0019326482244335038,0.0158200200688837,0.007555401244498058,0.01195291076740495,-0.005249757591979805,-0.01233519240559282,0.013819318723427714,0.011999786335260873,0.00788667981206279,-0.009419964866213233,0.015805788263140788,0.005803344446667585,-0.006738174017393383,0.005987254409392254,-0.006054711173947261,0.011995847372051402,0.0019677875984604786,-0.004855619513920477,0.013727716095152876,-0.007663004591677604,-0.010001903339668767,0.013988855272715543,-0.006397055466292725,-0.005060783087231766,0.011769485908493,0.011159411474812421,-0.002108699655872823,0.011719689466597464,-0.0010536009278155805,0.003971301531009405,0.007912066891087453,0.00583556365391239,0.009996717108036138,0.00588595581018035,-0.004188706725541589,-0.0038242070660700466,-0.002446134140661866,-0.005667279521635612,-0.002223884085768856,-0.003270646081033849,0.00997866422309474,-0.0068473436784628385,0.009900148420273504,-0.005107696866975791,0.0,-0.009904028006778682,0.005808430447062965,0.011723661060915477,-0.0027801807776847314,-0.0062899444600037005,-0.009445129529149152,-0.005964667298397569,0.0039244430151180575,0.0059960266943192685,0.015782833341154504,0.003986718010264703,0.011742044295194678,-0.0024665212880968347,0.0,agent44,-0.778935142922936
-0.6563899339026276,-0.002647206056746439,-0.0034679027159008713,-0.012351563579895468,-0.007524764743307244,-0.004712139967715855,-0.004679911142210572,-0.0049962359605985295,0.005812713029474224,0.007998966603262391,-0.004927027429373142,-0.009781794954684064,0.0,-0.0050316730104251195,-0.009710882991303774,0.005995304125284883,-0.007400694135083614,0.00999997024950339,0.003991594032437099,-0.004037420960967755,-0.010744545632780145,0.011325468971216585,-0.007404516226869305,0.007864125323222972,-0.005478336345559754,-0.002716835673544411,-0.0037386374805447598,0.003930854108351848,0.011967246235273685,0.009982113734192052,0.009358606755950636,0.011953217042064417,-0.00874757969388935,1,-0.004721599350389398,0.007987836068907718,-0.0036724331038543914,-0.004940960746833999,-0.007062911077699014,0.011133065483085321,0.011329452757268672,-0.007455391430060389,0.0019326482244335038,0.0158200200688837,0.007555401244498058,0.01195291076740495,-0.005249757591979805,-0.01233519240559282,0.013819318723427714,0.011999786335260873,0.00788667981206279,-0.009419964866213233,0.015805788263140788,0.005803344446667585,-0.006738174017393383,0.005987254409392254,-0.006054711173947261,0.011995847372051402,0.0019677875984604786,-0.004855619513920477,0.015688272653526174,-0.007663004591677604,-0.010001903339668767,0.013988855272715543,-0.006397055466292725,-0.005060783087231766,0.011769485908493,0.011159411474812421,-0.002108699655872823,0.011719689466597464,-0.0010536009278155805,0.003971301531009405,0.007912066891087453,0.00583556365391239,0.009996717108036138,0.00588595581018035,-0.004188706725541589,-0.0038242070660700466,-0.002446134140661866,-0.005667279521635612,-0.002223884085768856,-0.003270646081033849,0.00997866422309474,-0.0068473436784628385,0.009900148420273504,-0.005107696866975791,0.0,-0.009904028006778682,0.005808430447062965,0.011723661060915477,-0.0027801807776847314,-0.0062899444600037005,-0.009445129529149152,-0.005964667298397569,0.0039244430151180575,0.0059960266943192685,0.015782833341154504,0.003986718010264703,0.011742044295194678,-0.0024665212880968347,0.0,agent59,-0.37450811748046053
-0.6573973892940577,-0.002647206056746439,-0.0034679027159008713,-0.012351563579895468,-0.007524764743307244,-0.004712139967715855,-0.004679911142210572,-0.0049962359605985295,0.005812713029474224,0.007998966603262391,-0.004927027429373142,-0.009781794954684064,0.0,-0.0050316730104251195,-0.009710882991303774,0.005995304125284883,-0.007400694135083614,0.00999997024950339,0.003991594032437099,-0.004037420960967755,-0.010744545632780145,0.011325468971216585,-0.007404516226869305,0.007864125323222972,-0.005478336345559754,-0.002716835673544411,-0.0037386374805447598,0.003930854108351848,0.011967246235273685,0.009982113734192052,0.009358606755950636,0.011953217042064417,-0.00874757969388935,1,-0.004721599350389398,0.007987836068907718,-0.0036724331038543914,-0.004940960746833999,-0.007062911077699014,0.011133065483085321,0.011329452757268672,-0.008589083168805788,0.0019326482244335038,0.0158200200688837,0.007555401244498058,0.01195291076740495,-0.005249757591979805,-0.01233519240559282,0.013819318723427714,0.011999786335260873,0.00788667981206279,-0.009419964866213233,0.015805788263140788,0.005803344446667585,-0.006738174017393383,0.005987254409392254,-0.006054711173947261,0.011995847372051402,0.0019677875984604786,-0.004855619513920477,0.015688272653526174,-0.007663004591677604,-0.010001903339668767,0.013988855272715543,-0.006397055466292725,-0.005060783087231766,0.011769485908493,0.011159411474812421,-0.002108699655872823,0.011719689466597464,-0.0010536009278155805,0.003971301531009405,0.007912066891087453,0.00583556365391239,0.009996717108036138,0.00588595581018035,-0.004188706725541589,-0.0038242070660700466,-0.002446134140661866,-0.005667279521635612,-0.002223884085768856,-0.003270646081033849,0.00997866422309474,-0.0068473436784628385,0.009900148420273504,-0.005107696866975791,0.0,-0.009904028006778682,0.005808430447062965,0.011723661060915477,-0.0027801807776847314,-0.0062899444600037005,-0.009445129529149152,-0.005964667298397569,0.0039244430151180575,0.0059960266943192685,0.015782833341154504,0.003986718010264703,0.011742044295194678,-0.0024665212880968347,0.0,agent40,0.6598989867030278
-0.6584061368737516,-0.002647206056746439,-0.0034679027159008713,-0.012351563579895468,-0.007524764743307244,-0.004712139967715855,-0.004679911142210572,-0.0049962359605985295,0.005812713029474224,0.007998966603262391,-0.004927027429373142,-0.009781794954684064,0.0,-0.0050316730104251195,-0.009710882991303774,0.005995304125284883,-0.007400694135083614,0.00999997024950339,0.003991594032437099,-0.004037420960967755,-0.010744545632780145,0.011325468971216585,-0.007404516226869305,0.007864125323222972,-0.005478336345559754,-0.002716835673544411,-0.0037386374805447598,0.003930854108351848,0.011967246235273685,0.009982113734192052,0.009358606755950636,0.011953217042064417,-0.009621000700408586,1,-0.004721599350389398,0.007987836068907718,-0.0036724331038543914,-0.004940960746833999,-0.007062911077699014,0.011133065483085321,0.011329452757268672,-0.008589083168805788,0.0019326482244335038,0.0158200200688837,0.007555401244498058,0.01195291076740495,-0.005249757591979805,-0.01233519240559282,0.013819318723427714,0.011999786335260873,0.00788667981206279,-0.009419964866213233,0.015805788263140788,0.005803344446667585,-0.006738174017393383,0.005987254409392254,-0.006054711173947261,0.011995847372051402,0.0019677875984604786,-0.004855619513920477,0.015688272653526174,-0.007663004591677604,-0.010001903339668767,0.013988855272715543,-0.006397055466292725,-0.005060783087231766,0.011769485908493,0.011159411474812421,-0.002108699655872823,0.011719689466597464,-0.0010536009278155805,0.003971301531009405,0.007912066891087453,0.00583556365391239,0.009996717108036138,0.00588595581018035,-0.004188706725541589,-0.0038242070660700466,-0.002446134140661866,-0.005667279521635612,-0.002223884085768856,-0.003270646081033849,0.00997866422309474,-0.0068473436784628385,0.009900148420273504,-0.005107696866975791,0.0,-0.009904028006778682,0.005808430447062965,0.011723661060915477,-0.0027801807776847314,-0.0062899444600037005,-0.009445129529149152,-0.005964667298397569,0.0039244430151180575,0.0059960266943192685,0.015782833341154504,0.003986718010264703,0.011742044295194678,-0.0024665212880968347,0.0,agent31,0.8436549039194491
-0.6594110778344985,-0.002647206056746439,-0.0034679027159008713,-0.012351563579895468,-0.007524764743307244,-0.004712139967715855,-0.004679911142210572,-0.0049962359605985295,0.005812713029474224,0.007998966603262391,-0.004927027429373142,-0.009781794954684064,0.0,-0.0050316730104251195,-0.009710882991303774,0.005995304125284883,-0.007400694135083614,0.00999997024950339,0.003991594032437099,-0.004037420960967755,-0.010744545632780145,0.011325468971216585,-0.007404516226869305,0.007864125323222972,-0.005478336345559754,-0.002716835673544411,-0.0037386374805447598,0.003930854108351848,0.011967246235273685,0.009982113734192052,0.009358606755950636,0.011953217042064417,-0.009621000700408586,1,-0.004721599350389398,0.007987836068907718,-0.0036724331038543914,-0.006254711487848707,-0.007062911077699014,0.011133065483085321,0.011329452757268672,-0.008589083168805788,0.0019326482244335038,0.0158200200688837,0.007555401244498058,0.01195291076740495,-0.005249757591979805,-0.01233519240559282,0.013819318723427714,0.011999786335260873,0.00788667981206279,-0.009419964866213233,0.015805788263140788,0.005803344446667585,-0.006738174017393383,0.005987254409392254,-0.006054711173947261,0.011995847372051402,0.0019677875984604786,-0.004855619513920477,0.015688272653526174,-0.007663004591677604,-0.010001903339668767,0.013988855272715543,-0.006397055466292725,-0.005060783087231766,0.011769485908493,0.011159411474812421,-0.002108699655872823,0.011719689466597464,-0.0010536009278155805,0.003971301531009405,0.007912066891087453,0.00583556365391239,0.009996717108036138,0.00588595581018035,-0.004188706725541589,-0.0038242070660700466,-0.002446134140661866,-0.005667279521635612,-0.002223884085768856,-0.003270646081033849,0.00997866422309474,-0.0068473436784628385,0.009900148420273504,-0.005107696866975791,0.0,-0.009904028006778682,0.005808430447062965,0.011723661060915477,-0.0027801807776847314,-0.0062899444600037005,-0.009445129529149152,-0.005964667298397569,0.0039244430151180575,0.0059960266943192685,0.015782833341154504,0.003986718010264703,0.011742044295194678,-0.0024665212880968347,0.0,agent36,0.513130681997334
-0.6604169637903087,-0.002647206056746439,-0.0034679027159008713,-0.012351563579895468,-0.007524764743307244,-0.004712139967715855,-0.004679911142210572,-0.0049962359605985295,0.005812713029474224,0.007998966603262391,-0.004927027429373142,-0.009781794954684064,0.0,-0.0050316730104251195,-0.009710882991303774,0.005995304125284883,-0.007400694135083614,0.00999997024950339,0.003991594032437099,-0.004037420960967755,-0.010744545632780145,0.011325468971216585,-0.007404516226869305,0.007864125323222972,-0.005478336345559754,-0.002716835673544411,-0.0037386374805447598,0.003930854108351848,0.011967246235273685,0.009982113734192052,0.009358606755950636,0.011953217042064417,-0.009621000700408586,1,-0.004721599350389398,0.007987836068907718,-0.0036724331038543914,-0.006254711487848707,-0.007062911077699014,0.011133065483085321,0.011329452757268672,-0.008589083168805788,0.0019326482244335038,0.0158200200688837,0.007555401244498058,0.01195291076740495,-0.005249757591979805,-0.01233519240559282,0.013819318723427714,0.011999786335260873,0.00788667981206279,-0.009419964866213233,0.015805788263140788,0.005803344446667585,-0.006738174017393383,0.005987254409392254,-0.006054711173947261,0.011995847372051402,0.0019677875984604786,-0.004855619513920477,0.015688272653526174,-0.007663004591677604,-0.010001903339668767,0.013988855272715543,-0.006397055466292725,-0.005060783087231766,0.011769485908493,0.011159411474812421,-0.002108699655872823,0.011719689466597464,-0.0010536009278155805,0.003971301531009405,0.007912066891087453,0.00583556365391239,0.009996717108036138,0.007847878399368279,-0.004188706725541589,-0.0038242070660700466,-0.002446134140661866,-0.005667279521635612,-0.002223884085768856,-0.003270646081033849,0.00997866422309474,-0.0068473436784628385,0.009900148420273504,-0.005107696866975791,0.0,-0.009904028006778682,0.005808430447062965,0.011723661060915477,-0.0027801807776847314,-0.0062899444600037005,-0.009445129529149152,-0.005964667298397569,0.0039244430151180575,0.0059960266943192685,0.015782833341154504,0.003986718010264703,0.011742044295194678,-0.0024665212880968347,0.0,agent74,-0.9353727085445354
-0.6614216437014508,-0.002647206056746439,-0.0034679027159008713,-0.012351563579895468,-0.007524764743307244,-0.004712139967715855,-0.005719092032109343,-0.0049962359605985295,0.005812713029474224,0.007998966603262391,-0.004927027429373142,-0.009781794954684064,0.0,-0.0050316730104251195,-0.009710882991303774,0.005995304125284883,-0.007400694135083614,0.00999997024950339,0.003991594032437099,-0.004037420960967755,-0.010744545632780145,0.011325468971216585,-0.007404516226869305,0.007864125323222972,-0.005478336345559754,-0.002716835673544411,-0.0037386374805447598,0.003930854108351848,0.011967246235273685,0.009982113734192052,0.009358606755950636,0.011953217042064417,-0.009621000700408586,1,-0.004721599350389398,0.007987836068907718,-0.0036724331038543914,-0.006254711487848707,-0.007062911077699014,0.011133065483085321,0.011329452757268672,-0.008589083168805788,0.0019326482244335038,0.0158200200688837,0.007555401244498058,0.01195291076740495,-0.005249757591979805,-0.01233519240559282,0.013819318723427714,0.011999786335260873,0.00788667981206279,-0.009419964866213233,0.015805788263140788,0.005803344446667585,-0.006738174017393383,0.005987254409392254,-0.006054711173947261,0.011995847372051402,0.0019677875984604786,-0.004855619513920477,0.015688272653526174,-0.007663004591677604,-0.010001903339668767,0.013988855272715543,-0.006397055466292725,-0.005060783087231766,0.011769485908493,0.011159411474812421,-0.002108699655872823,0.011719689466597464,-0.0010536009278155805,0.003971301531009405,0.007912066891087453,0.00583556365391239,0.009996717108036138,0.007847878399368279,-0.004188706725541589,-0.0038242070660700466,-0.002446134140661866,-0.005667279521635612,-0.002223884085768856,-0.003270646081033849,0.00997866422309474,-0.0068473436784628385,0.009900148420273504,-0.005107696866975791,0.0,-0.009904028006778682,0.005808430447062965,0.011723661060915477,-0.0027801807776847314,-0.0062899444600037005,-0.009445129529149152,-0.005964667298397569,0.0039244430151180575,0.0059960266943192685,0.015782833341154504,0.003986718010264703,0.011742044295194678,-0.0024665212880968347,0.0,agent5,0.725814698018949
-0.6624274521318979,-0.002647206056746439,-0.0034679027159008713,-0.012351563579895468,-0.007524764743307244,-0.004712139967715855,-0.005719092032109343,-0.0049962359605985295,0.005812713029474224,0.007998966603262391,-0.004927027429373142,-0.009781794954684064,0.0,-0.0050316730104251195,-0.009710882991303774,0.005995304125284883,-0.007400694135083614,0.00999997024950339,0.003991594032437099,-0.004037420960967755,-0.010744545632780145,0.011325468971216585,-0.007404516226869305,0.007864125323222972,-0.005478336345559754,-0.002716835673544411,-0.0037386374805447598,0.003930854108351848,0.011967246235273685,0.009982113734192052,0.009358606755950636,0.011953217042064417,-0.009621000700408586,1,-0.004721599350389398,0.007987836068907718,-0.0036724331038543914,-0.006254711487848707,-0.007062911077699014,0.011133065483085321,0.011329452757268672,-0.008589083168805788,0.0019326482244335038,0.0158200200688837,0.007555401244498058,0.01195291076740495,-0.005249757591979805,-0.01233519240559282,0.013819318723427714,0.011999786335260873,0.00788667981206279,-0.009419964866213233,0.015805788263140788,0.005803344446667585,-0.006738174017393383,0.005987254409392254,-0.006054711173947261,0.011995847372051402,0.0019677875984604786,-0.004855619513920477,0.015688272653526174,-0.007663004591677604,-0.010001903339668767,0.013988855272715543,-0.006397055466292725,-0.005060783087231766,0.011769485908493,0.011159411474812421,-0.002108699655872823,0.011719689466597464,-0.0010536009278155805,0.003971301531009405,0.007912066891087453,0.00583556365391239,0.009996717108036138,0.007847878399368279,-0.004188706725541589,-0.0038242070660700466,-0.002446134140661866,-0.005667279521635612,-0.002223884085768856,-0.003270646081033849,0.00997866422309474,-0.0068473436784628385,0.009900148420273504,-0.005107696866975791,0.0,-0.009904028006778682,0.00774484751039598,0.011723661060915477,-0.0027801807776847314,-0.0062899444600037005,-0.009445129529149152,-0.005964667298397569,0.0039244430151180575,0.0059960266943192685,0.015782833341154504,0.003986718010264703,0.011742044295194678,-0.0024665212880968347,0.0,agent87,-0.30481840011837646
-0.6634350075331424,-0.002647206056746439,-0.0034679027159008713,-0.012351563579895468,-0.007524764743307244,-0.004712139967715855,-0.005719092032109343,-0.0049962359605985295,0.005812713029474224,0.007998966603262391,-0.004927027429373142,-0.009781794954684064,0.0,-0.0050316730104251195,-0.009710882991303774,0.005995304125284883,-0.007400694135083614,0.00999997024950339,0.003991594032437099,-0.004037420960967755,-0.010744545632780145,0.011325468971216585,-0.007404516226869305,0.007864125323222972,-0.005478336345559754,-0.002716835673544411,-0.0037386374805447598,0.003930854108351848,0.011967246235273685,0.009982113734192052,0.009358606755950636,0.011953217042064417,-0.009621000700408586,1,-0.004721599350389398,0.007987836068907718,-0.0036724331038543914,-0.006254711487848707,-0.007062911077699014,0.011133065483085321,0.011329452757268672,-0.008589083168805788,0.0019326482244335038,0.0158200200688837,0.009498423631960977,0.01195291076740495,-0.005249757591979805,-0.01233519240559282,0.013819318723427714,0.011999786335260873,0.00788667981206279,-0.009419964866213233,0.015805788263140788,0.005803344446667585,-0.006738174017393383,0.005987254409392254,-0.006054711173947261,0.011995847372051402,0.0019677875984604786,-0.004855619513920477,0.015688272653526174,-0.007663004591677604,-0.010001903339668767,0.013988855272715543,-0.006397055466292725,-0.005060783087231766,0.011769485908493,0.011159411474812421,-0.002108699655872823,0.011719689466597464,-0.0010536009278155805,0.003971301531009405,0.007912066891087453,0.00583556365391239,0.009996717108036138,0.007847878399368279,-0.004188706725541589,-0.0038242070660700466,-0.002446134140661866,-0.005667279521635612,-0.002223884085768856,-0.003270646081033849,0.00997866422309474,-0.0068473436784628385,0.009900148420273504,-0.005107696866975791,0.0,-0.009904028006778682,0.00774484751039598,0.011723661060915477,-0.0027801807776847314,-0.0062899444600037005,-0.009445129529149152,-0.005964667298397569,0.0039244430151180575,0.0059960266943192685,0.015782833341154504,0.003986718010264703,0.011742044295194678,-0.0024665212880968347,0.0,agent43,-1
-0.6644389319761576,-0.002647206056746439,-0.0034679027159008713,-0.012351563579895468,-0.007524764743307244,-0.004712139967715855,-0.005719092032109343,-0.0049962359605985295,0.005812713029474224,0.007998966603262391,-0.004927027429373142,-0.009781794954684064,0.0,-0.0050316730104251195,-0.009710882991303774,0.005995304125284883,-0.007400694135083614,0.00999997024950339,0.003991594032437099,-0.004037420960967755,-0.010744545632780145,0.011325468971216585,-0.007404516226869305,0.007864125323222972,-0.005478336345559754,-0.002716835673544411,-0.0037386374805447598,0.003930854108351848,0.011967246235273685,0.009982113734192052,0.009358606755950636,0.011953217042064417,-0.009621000700408586,1,-0.004721599350389398,0.007987836068907718,-0.0036724331038543914,-0.006254711487848707,-0.007062911077699014,0.011133065483085321,0.011329452757268672,-0.008589083168805788,0.0019326482244335038,0.0158200200688837,0.009498423631960977,0.01195291076740495,-0.005249757591979805,-0.01233519240559282,0.013819318723427714,0.011999786335260873,0.00788667981206279,-0.009419964866213233,0.015805788263140788,0.005803344446667585,-0.006738174017393383,0.005987254409392254,-0.006054711173947261,0.011995847372051402,0.0019677875984604786,-0.004855619513920477,0.015688272653526174,-0.007663004591677604,-0.010001903339668767,0.013988855272715543,-0.006397055466292725,-0.005060783087231766,0.011769485908493,0.011159411474812421,-0.002108699655872823,0.011719689466597464,-0.0010536009278155805,0.003971301531009405,0.007912066891087453,0.00583556365391239,0.009996717108036138,0.007847878399368279,-0.004188706725541589,-0.0038242070660700466,-0.002446134140661866,-0.005667279521635612,-0.002223884085768856,-0.003270646081033849,0.00997866422309474,-0.0068473436784628385,0.009900148420273504,-0.005107696866975791,0.0,-0.009904028006778682,0.00774484751039598,0.011723661060915477,-0.0027801807776847314,-0.0062899444600037005,-0.009445129529149152,-0.005964667298397569,0.005886962433784831,0.0059960266943192685,0.015782833341154504,0.003986718010264703,0.011742044295194678,-0.0024665212880968347,0.0,agent93,-0.38964464490791634
-0.6654444103125031,-0.002647206056746439,-0.0034679027159008713,-0.012351563579895468,-0.007524764743307244,-0.004712139967715855,-0.005719092032109343,-0.0049962359605985295,0.005812713029474224,0.007998966603262391,-0.004927027429373142,-0.009781794954684064,0.0,-0.0050316730104251195,-0.009710882991303774,0.005995304125284883,-0.007400694135083614,0.00999997024950339,0.003991594032437099,-0.004037420960967755,-0.010744545632780145,0.011325468971216585,-0.007404516226869305,0.007864125323222972,-0.006093157866420788,-0.002716835673544411,-0.0037386374805447598,0.003930854108351848,0.011967246235273685,0.009982113734192052,0.009358606755950636,0.011953217042064417,-0.009621000700408586,1,-0.004721599350389398,0.007987836068907718,-0.0036724331038543914,-0.006254711487848707,-0.007062911077699014,0.011133065483085321,0.011329452757268672,-0.008589083168805788,0.0019326482244335038,0.0158200200688837,0.009498423631960977,0.01195291076740495,-0.005249757591979805,-0.01233519240559282,0.013819318723427714,0.011999786335260873,0.00788667981206279,-0.009419964866213233,0.015805788263140788,0.005803344446667585,-0.006738174017393383,0.005987254409392254,-0.006054711173947261,0.011995847372051402,0.0019677875984604786,-0.004855619513920477,0.015688272653526174,-0.007663004591677604,-0.010001903339668767,0.013988855272715543,-0.006397055466292725,-0.005060783087231766,0.011769485908493,0.011159411474812421,-0.002108699655872823,0.011719689466597464,-0.0010536009278155805,0.003971301531009405,0.007912066891087453,0.00583556365391239,0.009996717108036138,0.007847878399368279,-0.004188706725541589,-0.0038242070660700466,-0.002446134140661866,-0.005667279521635612,-0.002223884085768856,-0.003270646081033849,0.00997866422309474,-0.0068473436784628385,0.009900148420273504,-0.005107696866975791,0.0,-0.009904028006778682,0.00774484751039598,0.011723661060915477,-0.0027801807776847314,-0.0062899444600037005,-0.009445129529149152,-0.005964667298397569,0.005886962433784831,0.0059960266943192685,0.015782833341154504,0.003986718010264703,0.011742044295194678,-0.0024665212880968347,0.0,agent23,1
-0.666452398148572,-0.002647206056746439,-0.0034679027159008713,-0.012351563579895468,-0.007524764743307244,-0.004712139967715855,-0.005719092032109343,-0.0049962359605985295,0.005812713029474224,0.007998966603262391,-0.004927027429373142,-0.009781794954684064,0.0,-0.0050316730104251195,-0.009710882991303774,0.005995304125284883,-0.007400694135083614,0.00999997024950339,0.003991594032437099,-0.004037420960967755,-0.010744545632780145,0.011325468971216585,-0.007404516226869305,0.007864125323222972,-0.006093157866420788,-0.002716835673544411,-0.0037386374805447598,0.003930854108351848,0.011967246235273685,0.009982113734192052,0.009358606755950636,0.011953217042064417,-0.009621000700408586,1,-0.004721599350389398,0.009984817491156442,-0.0036724331038543914,-0.006254711487848707,-0.007062911077699014,0.011133065483085321,0.011329452757268672,-0.008589083168805788,0.0019326482244335038,0.0158200200688837,0.009498423631960977,0.01195291076740495,-0.005249757591979805,-0.01233519240559282,0.013819318723427714,0.011999786335260873,0.00788667981206279,-0.009419964866213233,0.015805788263140788,0.005803344446667585,-0.006738174017393383,0.005987254409392254,-0.006054711173947261,0.011995847372051402,0.0019677875984604786,-0.004855619513920477,0.015688272653526174,-0.007663004591677604,-0.010001903339668767,0.013988855272715543,-0.006397055466292725,-0.005060783087231766,0.011769485908493,0.011159411474812421,-0.002108699655872823,0.011719689466597464,-0.0010536009278155805,0.003971301531009405,0.007912066891087453,0.00583556365391239,0.009996717108036138,0.007847878399368279,-0.004188706725541589,-0.0038242070660700466,-0.002446134140661866,-0.005667279521635612,-0.002223884085768856,-0.003270646081033849,0.00997866422309474,-0.0068473436784628385,0.009900148420273504,-0.005107696866975791,0.0,-0.009904028006778682,0.00774484751039598,0.011723661060915477,-0.0027801807776847314,-0.0062899444600037005,-0.009445129529149152,-0.005964667298397569,0.005886962433784831,0.0059960266943192685,0.015782833341154504,0.003986718010264703,0.011742044295194678,-0.0024665212880968347,0.0,agent34,-0.7431435448157316
-0.6674643653948074,-0.002647206056746439,-0.0034679027159008713,-0.012351563579895468,-0.007524764743307244,-0.004712139967715855,-0.005719092032109343,-0.0049962359605985295,0.005812713029474224,0.007998966603262391,-0.004927027429373142,-0.009781794954684064,0.0,-0.0050316730104251195,-0.009710882991303774,0.005995304125284883,-0.007400694135083614,0.00999997024950339,0.003991594032437099,-0.004037420960967755,-0.010744545632780145,0.011325468971216585,-0.007404516226869305,0.007864125323222972,-0.006093157866420788,-0.002716835673544411,-0.0037386374805447598,0.003930854108351848,0.013961632157017715,0.009982113734192052,0.009358606755950636,0.011953217042064417,-0.009621000700408586,1,-0.004721599350389398,0.009984817491156442,-0.0036724331038543914,-0.006254711487848707,-0.007062911077699014,0.011133065483085321,0.011329452757268672,-0.008589083168805788,0.0019326482244335038,0.0158200200688837,0.009498423631960977,0.01195291076740495,-0.005249757591979805,-0.01233519240559282,0.013819318723427714,0.011999786335260873,0.00788667981206279,-0.009419964866213233,0.015805788263140788,0.005803344446667585,-0.006738174017393383,0.005987254409392254,-0.006054711173947261,0.011995847372051402,0.0019677875984604786,-0.004855619513920477,0.015688272653526174,-0.007663004591677604,-0.010001903339668767,0.013988855272715543,-0.006397055466292725,-0.005060783087231766,0.011769485908493,0.011159411474812421,-0.002108699655872823,0.011719689466597464,-0.0010536009278155805,0.003971301531009405,0.007912066891087453,0.00583556365391239,0.009996717108036138,0.007847878399368279,-0.004188706725541589,-0.0038242070660700466,-0.002446134140661866,-0.005667279521635612,-0.002223884085768856,-0.003270646081033849,0.00997866422309474,-0.0068473436784628385,0.009900148420273504,-0.005107696866975791,0.0,-0.009904028006778682,0.00774484751039598,0.011723661060915477,-0.0027801807776847314,-0.0062899444600037005,-0.009445129529149152,-0.005964667298397569,0.005886962433784831,0.0059960266943192685,0.015782833341154504,0.003986718010264703,0.011742044295194678,-0.0024665212880968347,0.0,agent27,-0.5604894021927106
-0.6684664740944632,-0.002647206056746439,-0.0034679027159008713,-0.012351563579895468,-0.007524764743307244,-0.004712139967715855,-0.005719092032109343,-0.0049962359605985295,0.005812713029474224,0.007998966603262391,-0.004927027429373142,-0.009781794954684064,0.0,-0.0050316730104251195,-0.009710882991303774,0.005995304125284883,-0.007400694135083614,0.00999997024950339,0.003991594032437099,-0.004037420960967755,-0.010744545632780145,0.011325468971216585,-0.007404516226869305,0.007864125323222972,-0.006093157866420788,-0.002716835673544411,-0.0037386374805447598,0.003930854108351848,0.013961632157017715,0.009982113734192052,0.009358606755950636,0.011953217042064417,-0.009621000700408586,1,-0.004721599350389398,0.009984817491156442,-0.0036724331038543914,-0.006254711487848707,-0.007062911077699014,0.011133065483085321,0.011329452757268672,-0.008589083168805788,0.0019326482244335038,0.0158200200688837,0.009498423631960977,0.01195291076740495,-0.005249757591979805,-0.01233519240559282,0.013819318723427714,0.011999786335260873,0.00788667981206279,-0.009419964866213233,0.015805788263140788,0.005803344446667585,-0.006738174017393383,0.005987254409392254,-0.006054711173947261,0.011995847372051402,0.0019677875984604786,-0.004855619513920477,0.015688272653526174,-0.007663004591677604,-0.010001903339668767,0.013988855272715543,-0.006397055466292725,-0.005060783087231766,0.011769485908493,0.011159411474812421,-0.0030684017627599677,0.011719689466597464,-0.0010536009278155805,0.003971301531009405,0.007912066891087453,0.00583556365391239,0.009996717108036138,0.007847878399368279,-0.004188706725541589,-0.0038242070660700466,-0.002446134140661866,-0.005667279521635612,-0.002223884085768856,-0.003270646081033849,0.00997866422309474,-0.0068473436784628385,0.009900148420273504,-0.005107696866975791,0.0,-0.009904028006778682,0.00774484751039598,0.011723661060915477,-0.0027801807776847314,-0.0062899444600037005,-0.009445129529149152,-0.005964667298397569,0.005886962433784831,0.0059960266943192685,0.015782833341154504,0.003986718010264703,0.011742044295194678,-0.0024665212880968347,0.0,agent67,0.7749626817121548
-0.6694714703304239,-0.002647206056746439,-0.0034679027159008713,-0.012351563579895468,-0.007524764743307244,-0.004712139967715855,-0.005719092032109343,-0.0056043457730099245,0.005812713029474224,0.007998966603262391,-0.004927027429373142,-0.009781794954684064,0.0,-0.0050316730104251195,-0.009710882991303774,0.005995304125284883,-0.007400694135083614,0.00999997024950339,0.003991594032437099,-0.004037420960967755,-0.010744545632780145,0.011325468971216585,-0.007404516226869305,0.007864125323222972,-0.006093157866420788,-0.002716835673544411,-0.0037386374805447598,0.003930854108351848,0.013961632157017715,0.009982113734192052,0.009358606755950636,0.011953217042064417,-0.009621000700408586,1,-0.004721599350389398,0.009984817491156442,-0.0036724331038543914,-0.006254711487848707,-0.007062911077699014,0.011133065483085321,0.011329452757268672,-0.008589083168805788,0.0019326482244335038,0.0158200200688837,0.009498423631960977,0.01195291076740495,-0.005249757591979805,-0.01233519240559282,0.013819318723427714,0.011999786335260873,0.00788667981206279,-0.009419964866213233,0.015805788263140788,0.005803344446667585,-0.006738174017393383,0.005987254409392254,-0.006054711173947261,0.011995847372051402,0.0019677875984604786,-0.004855619513920477,0.015688272653526174,-0.007663004591677604,-0.010001903339668767,0.013988855272715543,-0.006397055466292725,-0.005060783087231766,0.011769485908493,0.011159411474812421,-0.0030684017627599677,0.011719689466597464,-0.0010536009278155805,0.003971301531009405,0.007912066891087453,0.00583556365391239,0.009996717108036138,0.007847878399368279,-0.004188706725541589,-0.0038242070660700466,-0.002446134140661866,-0.005667279521635612,-0.002223884085768856,-0.003270646081033849,0.00997866422309474,-0.0068473436784628385,0.009900148420273504,-0.005107696866975791,0.0,-0.009904028006778682,0.00774484751039598,0.011723661060915477,-0.0027801807776847314,-0.0062899444600037005,-0.009445129529149152,-0.005964667298397569,0.005886962433784831,0.0059960266943192685,0.015782833341154504,0.003986718010264703,0.011742044295194678,-0.0024665212880968347,0.0,agent6,1
-0.6704771894224559,-0.002647206056746439,-0.0034679027159008713,-0.012351563579895468,-0.007524764743307244,-0.004712139967715855,-0.0067344167624837905,-0.0056043457730099245,0.005812713029474224,0.007998966603262391,-0.004927027429373142,-0.009781794954684064,0.0,-0.0050316730104251195,-0.009710882991303774,0.005995304125284883,-0.007400694135083614,0.00999997024950339,0.003991594032437099,-0.004037420960967755,-0.010744545632780145,0.011325468971216585,-0.007404516226869305,0.007864125323222972,-0.006093157866420788,-0.002716835673544411,-0.0037386374805447598,0.003930854108351848,0.013961632157017715,0.009982113734192052,0.009358606755950636,0.011953217042064417,-0.009621000700408586,1,-0.004721599350389398,0.009984817491156442,-0.0036724331038543914,-0.006254711487848707,-0.007062911077699014,0.011133065483085321,0.011329452757268672,-0.008589083168805788,0.0019326482244335038,0.0158200200688837,0.009498423631960977,0.01195291076740495,-0.005249757591979805,-0.01233519240559282,0.013819318723427714,0.011999786335260873,0.00788667981206279,-0.009419964866213233,0.015805788263140788,0.005803344446667585,-0.006738174017393383,0.005987254409392254,-0.006054711173947261,0.011995847372051402,0.0019677875984604786,-0.004855619513920477,0.015688272653526174,-0.007663004591677604,-0.010001903339668767,0.013988855272715543,-0.006397055466292725,-0.005060783087231766,0.011769485908493,0.011159411474812421,-0.0030684017627599677,0.011719689466597464,-0.0010536009278155805,0.003971301531009405,0.007912066891087453,0.00583556365391239,0.009996717108036138,0.007847878399368279,-0.004188706725541589,-0.0038242070660700466,-0.002446134140661866,-0.005667279521635612,-0.002223884085768856,-0.003270646081033849,0.00997866422309474,-0.0068473436784628385,0.009900148420273504,-0.005107696866975791,0.0,-0.009904028006778682,0.00774484751039598,0.011723661060915477,-0.0027801807776847314,-0.0062899444600037005,-0.009445129529149152,-0.005964667298397569,0.005886962433784831,0.0059960266943192685,0.015782833341154504,0.003986718010264703,0.011742044295194678,-0.0024665212880968347,0.0,agent5,0.7338640345475457
-0.6714802578242187,-0.002647206056746439,-0.0034679027159008713,-0.012351563579895468,-0.007524764743307244,-0.004712139967715855,-0.0067344167624837905,-0.0056043457730099245,0.005812713029474224,0.007998966603262391,-0.004927027429373142,-0.009781794954684064,0.0,-0.0050316730104251195,-0.009710882991303774,0.005995304125284883,-0.007400694135083614,0.00999997024950339,0.003991594032437099,-0.004037420960967755,-0.010744545632780145,0.011325468971216585,-0.007404516226869305,0.007864125323222972,-0.006093157866420788,-0.002716835673544411,-0.0037386374805447598,0.003930854108351848,0.013961632157017715,0.009982113734192052,0.009358606755950636,0.011953217042064417,-0.009621000700408586,1,-0.004721599350389398,0.009984817491156442,-0.0036724331038543914,-0.006254711487848707,-0.007062911077699014,0.011133065483085321,0.011329452757268672,-0.008589083168805788,0.0019326482244335038,0.0158200200688837,0.009498423631960977,0.01195291076740495,-0.005249757591979805,-0.01233519240559282,0.013819318723427714,0.011999786335260873,0.00788667981206279,-0.009419964866213233,0.015805788263140788,0.005803344446667585,-0.006738174017393383,0.005987254409392254,-0.006054711173947261,0.011995847372051402,0.0019677875984604786,-0.004855619513920477,0.015688272653526174,-0.007663004591677604,-0.010001903339668767,0.013988855272715543,-0.006397055466292725,-0.005060783087231766,0.011769485908493,0.011159411474812421,-0.004020835083526203,0.011719689466597464,-0.0010536009278155805,0.003971301531009405,0.007912066891087453,0.00583556365391239,0.009996717108036138,0.007847878399368279,-0.004188706725541589,-0.0038242070660700466,-0.002446134140661866,-0.005667279521635612,-0.002223884085768856,-0.003270646081033849,0.00997866422309474,-0.0068473436784628385,0.009900148420273504,-0.005107696866975791,0.0,-0.009904028006778682,0.00774484751039598,0.011723661060915477,-0.0027801807776847314,-0.0062899444600037005,-0.009445129529149152,-0.005964667298397569,0.005886962433784831,0.0059960266943192685,0.015782833341154504,0.003986718010264703,0.011742044295194678,-0.0024665212880968347,0.0,agent67,0.776980360375648
-0.672492257610554,-0.002647206056746439,-0.0034679027159008713,-0.012351563579895468,-0.007524764743307244,-0.004712139967715855,-0.0067344167624837905,-0.0056043457730099245,0.005812713029474224,0.007998966603262391,-0.004927027429373142,-0.009781794954684064,0.0,-0.0050316730104251195,-0.009710882991303774,0.005995304125284883,-0.007400694135083614,0.00999997024950339,0.003991594032437099,-0.004037420960967755,-0.010744545632780145,0.011325468971216585,-0.007404516226869305,0.007864125323222972,-0.006093157866420788,-0.002716835673544411,-0.0037386374805447598,0.003930854108351848,0.013961632157017715,0.009982113734192052,0.009358606755950636,0.011953217042064417,-0.009621000700408586,1,-0.004721599350389398,0.009984817491156442,-0.0036724331038543914,-0.006254711487848707,-0.007062911077699014,0.011133065483085321,0.011329452757268672,-0.008589083168805788,0.0019326482244335038,0.0158200200688837,0.009498423631960977,0.01195291076740495,-0.005249757591979805,-0.01233519240559282,0.013819318723427714,0.013999737380053466,0.00788667981206279,-0.009419964866213233,0.015805788263140788,0.005803344446667585,-0.006738174017393383,0.005987254409392254,-0.006054711173947261,0.011995847372051402,0.0019677875984604786,-0.004855619513920477,0.015688272653526174,-0.007663004591677604,-0.010001903339668767,0.013988855272715543,-0.006397055466292725,-0.005060783087231766,0.011769485908493,0.011159411474812421,-0.004020835083526203,0.011719689466597464,-0.0010536009278155805,0.003971301531009405,0.007912066891087453,0.00583556365391239,0.009996717108036138,0.007847878399368279,-0.004188706725541589,-0.0038242070660700466,-0.002446134140661866,-0.005667279521635612,-0.002223884085768856,-0.003270646081033849,0.00997866422309474,-0.0068473436784628385,0.009900148420273504,-0.005107696866975791,0.0,-0.009904028006778682,0.00774484751039598,0.011723661060915477,-0.0027801807776847314,-0.0062899444600037005,-0.009445129529149152,-0.005964667298397569,0.005886962433784831,0.0059960266943192685,0.015782833341154504,0.003986718010264703,0.011742044295194678,-0.0024665212880968347,0.0,agent48,-0.6615852886572676
-0.6734950377913317,-0.002647206056746439,-0.0034679027159008713,-0.012351563579895468,-0.007524764743307244,-0.004712139967715855,-0.0067344167624837905,-0.0056043457730099245,0.005812713029474224,0.007998966603262391,-0.004927027429373142,-0.009781794954684064,0.0,-0.0050316730104251195,-0.009710882991303774,0.005995304125284883,-0.007400694135083614,0.00999997024950339,0.003991594032437099,-0.004037420960967755,-0.010744545632780145,0.011325468971216585,-0.007404516226869305,0.007864125323222972,-0.006093157866420788,-0.002716835673544411,-0.0037386374805447598,0.003930854108351848,0.013961632157017715,0.009982113734192052,0.009358606755950636,0.011953217042064417,-0.009621000700408586,1,-0.004721599350389398,0.009984817491156442,-0.0036724331038543914,-0.006254711487848707,-0.007062911077699014,0.011133065483085321,0.011329452757268672,-0.008589083168805788,0.0019326482244335038,0.0158200200688837,0.009498423631960977,0.01195291076740495,-0.005249757591979805,-0.01233519240559282,0.013819318723427714,0.013999737380053466,0.00788667981206279,-0.009419964866213233,0.015805788263140788,0.005803344446667585,-0.006738174017393383,0.005987254409392254,-0.006054711173947261,0.011995847372051402,0.0019677875984604786,-0.004855619513920477,0.015688272653526174,-0.007663004591677604,-0.010001903339668767,0.013988855272715543,-0.006397055466292725,-0.005060783087231766,0.011769485908493,0.011159411474812421,-0.004020835083526203,0.011719689466597464,-0.0010536009278155805,0.003971301531009405,0.007912066891087453,0.00583556365391239,0.009996717108036138,0.007847878399368279,-0.004188706725541589,-0.0038242070660700466,-0.002446134140661866,-0.005667279521635612,-0.002223884085768856,-0.003270646081033849,0.00997866422309474,-0.0068473436784628385,0.009900148420273504,-0.005107696866975791,0.0,-0.009904028006778682,0.00774484751039598,0.011723661060915477,-0.0033815656018011076,-0.0062899444600037005,-0.009445129529149152,-0.005964667298397569,0.005886962433784831,0.0059960266943192685,0.015782833341154504,0.003986718010264703,0.011742044295194678,-0.0024665212880968347,0.0,agent89,1
-0.6745073893549116,-0.002647206056746439,-0.0034679027159008713,-0.013220405810609914,-0.007524764743307244,-0.004712139967715855,-0.0067344167624837905,-0.0056043457730099245,0.005812713029474224,0.007998966603262391,-0.004927027429373142,-0.009781794954684064,0.0,-0.0050316730104251195,-0.009710882991303774,0.005995304125284883,-0.007400694135083614,0.00999997024950339,0.003991594032437099,-0.004037420960967755,-0.010744545632780145,0.011325468971216585,-0.007404516226869305,0.007864125323222972,-0.006093157866420788,-0.002716835673544411,-0.0037386374805447598,0.003930854108351848,0.013961632157017715,0.009982113734192052,0.009358606755950636,0.011953217042064417,-0.009621000700408586,1,-0.004721599350389398,0.009984817491156442,-0.0036724331038543914,-0.006254711487848707,-0.007062911077699014,0.011133065483085321,0.011329452757268672,-0.008589083168805788,0.0019326482244335038,0.0158200200688837,0.009498423631960977,0.01195291076740495,-0.005249757591979805,-0.01233519240559282,0.013819318723427714,0.013999737380053466,0.00788667981206279,-0.009419964866213233,0.015805788263140788,0.005803344446667585,-0.006738174017393383,0.005987254409392254,-0.006054711173947261,0.011995847372051402,0.0019677875984604786,-0.004855619513920477,0.015688272653526174,-0.007663004591677604,-0.010001903339668767,0.013988855272715543,-0.006397055466292725,-0.005060783087231766,0.011769485908493,0.011159411474812421,-0.004020835083526203,0.011719689466597464,-0.0010536009278155805,0.003971301531009405,0.007912066891087453,0.00583556365391239,0.009996717108036138,0.007847878399368279,-0.004188706725541589,-0.0038242070660700466,-0.002446134140661866,-0.005667279521635612,-0.002223884085768856,-0.003270646081033849,0.00997866422309474,-0.0068473436784628385,0.009900148420273504,-0.005107696866975791,0.0,-0.009904028006778682,0.00774484751039598,0.011723661060915477,-0.0033815656018011076,-0.0062899444600037005,-0.009445129529149152,-0.005964667298397569,0.005886962433784831,0.0059960266943192685,0.015782833341154504,0.003986718010264703,0.011742044295194678,-0.0024665212880968347,0.0,agent2,0.8306045395542333
-0.6755096132389974,-0.002647206056746439,-0.0034679027159008713,-0.013220405810609914,-0.007524764743307244,-0.004712139967715855,-0.0067344167624837905,-0.0056043457730099245,0.005812713029474224,0.007998966603262391,-0.004927027429373142,-0.009781794954684064,0.0,-0.0050316730104251195,-0.009710882991303774,0.005995304125284883,-0.007400694135083614,0.00999997024950339,0.003991594032437099,-0.004037420960967755,-0.010744545632780145,0.011325468971216585,-0.007404516226869305,0.007864125323222972,-0.006093157866420788,-0.002716835673544411,-0.0037386374805447598,0.003930854108351848,0.013961632157017715,0.009982113734192052,0.009358606755950636,0.011953217042064417,-0.009621000700408586,1,-0.004721599350389398,0.009984817491156442,-0.0036724331038543914,-0.006254711487848707,-0.007062911077699014,0.011133065483085321,0.011329452757268672,-0.008589083168805788,0.0019326482244335038,0.0158200200688837,0.009498423631960977,0.01195291076740495,-0.005249757591979805,-0.01233519240559282,0.013819318723427714,0.013999737380053466,0.00788667981206279,-0.009419964866213233,0.015805788263140788,0.005803344446667585,-0.006738174017393383,0.005987254409392254,-0.006054711173947261,0.011995847372051402,0.0019677875984604786,-0.004855619513920477,0.015688272653526174,-0.007663004591677604,-0.010001903339668767,0.013988855272715543,-0.006397055466292725,-0.005060783087231766,0.011769485908493,0.011159411474812421,-0.004020835083526203,0.011719689466597464,-0.0010536009278155805,0.003971301531009405,0.007912066891087453,0.00583556365391239,0.009996717108036138,0.007847878399368279,-0.004188706725541589,-0.0038242070660700466,-0.002446134140661866,-0.005667279521635612,-0.0029114694598149993,-0.003270646081033849,0.00997866422309474,-0.0068473436784628385,0.009900148420273504,-0.005107696866975791,0.0,-0.009904028006778682,0.00774484751039598,0.011723661060915477,-0.0033815656018011076,-0.0062899444600037005,-0.009445129529149152,-0.005964667298397569,0.005886962433784831,0.0059960266943192685,0.015782833341154504,0.003986718010264703,0.011742044295194678,-0.0024665212880968347,0.0,agent79,0.9456250903848513
-0.6765213552832926,-0.002647206056746439,-0.0034679027159008713,-0.013220405810609914,-0.007524764743307244,-0.004712139967715855,-0.0067344167624837905,-0.0056043457730099245,0.005812713029474224,0.007998966603262391,-0.004927027429373142,-0.009781794954684064,0.0,-0.0050316730104251195,-0.009710882991303774,0.005995304125284883,-0.007400694135083614,0.00999997024950339,0.003991594032437099,-0.004037420960967755,-0.010744545632780145,0.011325468971216585,-0.007404516226869305,0.007864125323222972,-0.006093157866420788,-0.002716835673544411,-0.0037386374805447598,0.003930854108351848,0.013961632157017715,0.009982113734192052,0.009358606755950636,0.011953217042064417,-0.009621000700408586,1,-0.004721599350389398,0.009984817491156442,-0.0036724331038543914,-0.006254711487848707,-0.007062911077699014,0.011133065483085321,0.011329452757268672,-0.008589083168805788,0.0019326482244335038,0.0158200200688837,0.009498423631960977,0.01195291076740495,-0.005249757591979805,-0.01233519240559282,0.013819318723427714,0.013999737380053466,0.00788667981206279,-0.009419964866213233,0.015805788263140788,0.005803344446667585,-0.006738174017393383,0.005987254409392254,-0.006054711173947261,0.011995847372051402,0.0019677875984604786,-0.004855619513920477,0.015688272653526174,-0.007663004591677604,-0.010001903339668767,0.013988855272715543,-0.006397055466292725,-0.005060783087231766,0.011769485908493,0.011159411474812421,-0.004020835083526203,0.011719689466597464,-0.0010536009278155805,0.003971301531009405,0.007912066891087453,0.00583556365391239,0.009996717108036138,0.007847878399368279,-0.004188706725541589,-0.0038242070660700466,-0.002446134140661866,-0.005667279521635612,-0.0029114694598149993,-0.003270646081033849,0.00997866422309474,-0.0068473436784628385,0.009900148420273504,-0.005107696866975791,0.0,-0.009904028006778682,0.00774484751039598,0.011723661060915477,-0.0033815656018011076,-0.0062899444600037005,-0.009445129529149152,-0.005964667298397569,0.005886962433784831,0.0059960266943192685,0.015782833341154504,0.003986718010264703,0.013699401173729267,-0.0024665212880968347,0.0,agent97,-0.9675476979656645
-0.6775313552535421,-0.002647206056746439,-0.0034679027159008713,-0.013220405810609914,-0.007524764743307244,-0.004712139967715855,-0.0067344167624837905,-0.0056043457730099245,0.005812713029474224,0.007998966603262391,-0.004927027429373142,-0.009781794954684064,0.0,-0.0050316730104251195,-0.009710882991303774,0.005995304125284883,-0.007400694135083614,0.011999959516451913,0.003991594032437099,-0.004037420960967755,-0.010744545632780145,0.011325468971216585,-0.007404516226869305,0.007864125323222972,-0.006093157866420788,-0.002716835673544411,-0.0037386374805447598,0.003930854108351848,0.013961632157017715,0.009982113734192052,0.009358606755950636,0.011953217042064417,-0.009621000700408586,1,-0.004721599350389398,0.009984817491156442,-0.0036724331038543914,-0.006254711487848707,-0.007062911077699014,0.011133065483085321,0.011329452757268672,-0.008589083168805788,0.0019326482244335038,0.0158200200688837,0.009498423631960977,0.01195291076740495,-0.005249757591979805,-0.01233519240559282,0.013819318723427714,0.013999737380053466,0.00788667981206279,-0.009419964866213233,0.015805788263140788,0.005803344446667585,-0.006738174017393383,0.005987254409392254,-0.006054711173947261,0.011995847372051402,0.0019677875984604786,-0.004855619513920477,0.015688272653526174,-0.007663004591677604,-0.010001903339668767,0.013988855272715543,-0.006397055466292725,-0.005060783087231766,0.011769485908493,0.011159411474812421,-0.004020835083526203,0.011719689466597464,-0.0010536009278155805,0.003971301531009405,0.007912066891087453,0.00583556365391239,0.009996717108036138,0.007847878399368279,-0.004188706725541589,-0.0038242070660700466,-0.002446134140661866,-0.005667279521635612,-0.0029114694598149993,-0.003270646081033849,0.00997866422309474,-0.0068473436784628385,0.009900148420273504,-0.005107696866975791,0.0,-0.009904028006778682,0.00774484751039598,0.011723661060915477,-0.0033815656018011076,-0.0062899444600037005,-0.009445129529149152,-0.005964667298397569,0.005886962433784831,0.0059960266943192685,0.015782833341154504,0.003986718010264703,0.013699401173729267,-0.0024665212880968347,0.0,agent16,-0.6718882026897365
-0.678541259281549,-0.002647206056746439,-0.0034679027159008713,-0.013220405810609914,-0.007524764743307244,-0.004712139967715855,-0.0067344167624837905,-0.0056043457730099245,0.005812713029474224,0.007998966603262391,-0.004927027429373142,-0.009781794954684064,0.0,-0.0050316730104251195,-0.009710882991303774,0.005995304125284883,-0.007400694135083614,0.011999959516451913,0.003991594032437099,-0.004037420960967755,-0.010744545632780145,0.011325468971216585,-0.007404516226869305,0.007864125323222972,-0.006093157866420788,-0.002716835673544411,-0.0037386374805447598,0.003930854108351848,0.013961632157017715,0.009982113734192052,0.009358606755950636,0.011953217042064417,-0.009621000700408586,1,-0.004721599350389398,0.009984817491156442,-0.0036724331038543914,-0.006254711487848707,-0.007062911077699014,0.011133065483085321,0.011329452757268672,-0.008589083168805788,0.0019326482244335038,0.0158200200688837,0.009498423631960977,0.01195291076740495,-0.005249757591979805,-0.01233519240559282,0.013819318723427714,0.013999737380053466,0.00788667981206279,-0.009419964866213233,0.015805788263140788,0.005803344446667585,-0.006738174017393383,0.005987254409392254,-0.006054711173947261,0.011995847372051402,0.0019677875984604786,-0.004855619513920477,0.015688272653526174,-0.007663004591677604,-0.010001903339668767,0.013988855272715543,-0.006397055466292725,-0.005060783087231766,0.011769485908493,0.011159411474812421,-0.004020835083526203,0.011719689466597464,-0.0010536009278155805,0.003971301531009405,0.007912066891087453,0.00583556365391239,0.009996717108036138,0.007847878399368279,-0.004188706725541589,-0.0038242070660700466,-0.002446134140661866,-0.005667279521635612,-0.0029114694598149993,-0.003270646081033849,0.00997866422309474,-0.0068473436784628385,0.009900148420273504,-0.005107696866975791,0.0,-0.011017236947010236,0.00774484751039598,0.011723661060915477,-0.0033815656018011076,-0.0062899444600037005,-0.009445129529149152,-0.005964667298397569,0.005886962433784831,0.0059960266943192685,0.015782833341154504,0.003986718010264703,0.013699401173729267,-0.0024665212880968347,0.0,agent86,0.6542276768303007
-0.6795475139930368,-0.002647206056746439,-0.0034679027159008713,-0.013220405810609914,-0.007524764743307244,-0.004712139967715855,-0.0067344167624837905,-0.0056043457730099245,0.005812713029474224,0.007998966603262391,-0.004927027429373142,-0.009781794954684064,0.0,-0.0050316730104251195,-0.009710882991303774,0.005995304125284883,-0.007400694135083614,0.011999959516451913,0.003991594032437099,-0.004037420960967755,-0.010744545632780145,0.011325468971216585,-0.007404516226869305,0.007864125323222972,-0.006093157866420788,-0.002716835673544411,-0.0037386374805447598,0.003930854108351848,0.013961632157017715,0.009982113734192052,0.009358606755950636,0.011953217042064417,-0.009621000700408586,1,-0.004721599350389398,0.009984817491156442,-0.0036724331038543914,-0.007521676419975608,-0.007062911077699014,0.011133065483085321,0.011329452757268672,-0.008589083168805788,0.0019326482244335038,0.0158200200688837,0.009498423631960977,0.01195291076740495,-0.005249757591979805,-0.01233519240559282,0.013819318723427714,0.013999737380053466,0.00788667981206279,-0.009419964866213233,0.015805788263140788,0.005803344446667585,-0.006738174017393383,0.005987254409392254,-0.006054711173947261,0.011995847372051402,0.0019677875984604786,-0.004855619513920477,0.015688272653526174,-0.007663004591677604,-0.010001903339668767,0.013988855272715543,-0.006397055466292725,-0.005060783087231766,0.011769485908493,0.011159411474812421,-0.004020835083526203,0.011719689466597464,-0.0010536009278155805,0.003971301531009405,0.007912066891087453,0.00583556365391239,0.009996717108036138,0.007847878399368279,-0.004188706725541589,-0.0038242070660700466,-0.002446134140661866,-0.005667279521635612,-0.0029114694598149993,-0.003270646081033849,0.00997866422309474,-0.0068473436784628385,0.009900148420273504,-0.005107696866975791,0.0,-0.011017236947010236,0.00774484751039598,0.011723661060915477,-0.0033815656018011076,-0.0062899444600037005,-0.009445129529149152,-0.005964667298397569,0.005886962433784831,0.0059960266943192685,0.015782833341154504,0.003986718010264703,0.013699401173729267,-0.0024665212880968347,0.0,agent36,0.5322725727117098
-0.6805501611990935,-0.003236766130866344,-0.0034679027159008713,-0.013220405810609914,-0.007524764743307244,-0.004712139967715855,-0.0067344167624837905,-0.0056043457730099245,0.005812713029474224,0.007998966603262391,-0.004927027429373142,-0.009781794954684064,0.0,-0.0050316730104251195,-0.009710882991303774,0.005995304125284883,-0.007400694135083614,0.011999959516451913,0.003991594032437099,-0.004037420960967755,-0.010744545632780145,0.011325468971216585,-0.007404516226869305,0.007864125323222972,-0.006093157866420788,-0.002716835673544411,-0.0037386374805447598,0.003930854108351848,0.013961632157017715,0.009982113734192052,0.009358606755950636,0.011953217042064417,-0.009621000700408586,1,-0.004721599350389398,0.009984817491156442,-0.0036724331038543914,-0.007521676419975608,-0.007062911077699014,0.011133065483085321,0.011329452757268672,-0.008589083168805788,0.0019326482244335038,0.0158200200688837,0.009498423631960977,0.01195291076740495,-0.005249757591979805,-0.01233519240559282,0.013819318723427714,0.013999737380053466,0.00788667981206279,-0.009419964866213233,0.015805788263140788,0.005803344446667585,-0.006738174017393383,0.005987254409392254,-0.006054711173947261,0.011995847372051402,0.0019677875984604786,-0.004855619513920477,0.015688272653526174,-0.007663004591677604,-0.010001903339668767,0.013988855272715543,-0.006397055466292725,-0.005060783087231766,0.011769485908493,0.011159411474812421,-0.004020835083526203,0.011719689466597464,-0.0010536009278155805,0.003971301531009405,0.007912066891087453,0.00583556365391239,0.009996717108036138,0.007847878399368279,-0.004188706725541589,-0.0038242070660700466,-0.002446134140661866,-0.005667279521635612,-0.0029114694598149993,-0.003270646081033849,0.00997866422309474,-0.0068473436784628385,0.009900148420273504,-0.005107696866975791,0.0,-0.011017236947010236,0.00774484751039598,0.011723661060915477,-0.0033815656018011076,-0.0062899444600037005,-0.009445129529149152,-0.005964667298397569,0.005886962433784831,0.0059960266943192685,0.015782833341154504,0.003986718010264703,0.013699401173729267,-0.0024665212880968347,0.0,agent0,1
-0.681555192872104,-0.003236766130866344,-0.0034679027159008713,-0.013220405810609914,-0.007524764743307244,-0.004712139967715855,-0.0067344167624837905,-0.0056043457730099245,0.005812713029474224,0.007998966603262391,-0.004927027429373142,-0.009781794954684064,0.0,-0.00561954858827197,-0.009710882991303774,0.005995304125284883,-0.007400694135083614,0.011999959516451913,0.003991594032437099,-0.004037420960967755,-0.010744545632780145,0.011325468971216585,-0.007404516226869305,0.007864125323222972,-0.006093157866420788,-0.002716835673544411,-0.0037386374805447598,0.003930854108351848,0.013961632157017715,0.009982113734192052,0.009358606755950636,0.011953217042064417,-0.009621000700408586,1,-0.004721599350389398,0.009984817491156442,-0.0036724331038543914,-0.007521676419975608,-0.007062911077699014,0.011133065483085321,0.011329452757268672,-0.008589083168805788,0.0019326482244335038,0.0158200200688837,0.009498423631960977,0.01195291076740495,-0.005249757591979805,-0.01233519240559282,0.013819318723427714,0.013999737380053466,0.00788667981206279,-0.009419964866213233,0.015805788263140788,0.005803344446667585,-0.006738174017393383,0.005987254409392254,-0.006054711173947261,0.011995847372051402,0.0019677875984604786,-0.004855619513920477,0.015688272653526174,-0.007663004591677604,-0.010001903339668767,0.013988855272715543,-0.006397055466292725,-0.005060783087231766,0.011769485908493,0.011159411474812421,-0.004020835083526203,0.011719689466597464,-0.0010536009278155805,0.003971301531009405,0.007912066891087453,0.00583556365391239,0.009996717108036138,0.007847878399368279,-0.004188706725541589,-0.0038242070660700466,-0.002446134140661866,-0.005667279521635612,-0.0029114694598149993,-0.003270646081033849,0.00997866422309474,-0.0068473436784628385,0.009900148420273504,-0.005107696866975791,0.0,-0.011017236947010236,0.00774484751039598,0.011723661060915477,-0.0033815656018011076,-0.0062899444600037005,-0.009445129529149152,-0.005964667298397569,0.005886962433784831,0.0059960266943192685,0.015782833341154504,0.003986718010264703,0.013699401173729267,-0.0024665212880968347,0.0,agent12,1
-0.681555192872104,-0.003236766130866344,-0.0034679027159008713,-0.013220405810609914,-0.007524764743307244,-0.004712139967715855,-0.0067344167624837905,-0.0056043457730099245,0.005812713029474224,0.007998966603262391,-0.004927027429373142,-0.009781794954684064,0.0,-0.00561954858827197,-0.009710882991303774,0.005995304125284883,-0.007400694135083614,0.011999959516451913,0.003991594032437099,-0.004037420960967755,-0.010744545632780145,0.011325468971216585,-0.007404516226869305,0.007864125323222972,-0.006093157866420788,-0.002716835673544411,-0.0037386374805447598,0.003930854108351848,0.013961632157017715,0.009982113734192052,0.009358606755950636,0.011953217042064417,-0.009621000700408586,1,-0.004721599350389398,0.009984817491156442,-0.0036724331038543914,-0.007521676419975608,-0.007062911077699014,0.011133065483085321,0.011329452757268672,-0.008589083168805788,0.0019326482244335038,0.0158200200688837,0.009498423631960977,0.01195291076740495,-0.005249757591979805,-0.01233519240559282,0.013819318723427714,0.013999737380053466,0.00788667981206279,-0.009419964866213233,0.015805788263140788,0.005803344446667585,-0.006738174017393383,0.005987254409392254,-0.006054711173947261,0.011995847372051402,0.0019677875984604786,-0.004855619513920477,0.015688272653526174,-0.007663004591677604,-0.010001903339668767,0.013988855272715543,-0.006397055466292725,-0.005060783087231766,0.011769485908493,0.011159411474812421,-0.004020835083526203,0.011719689466597464,-0.0010536009278155805,0.003971301531009405,0.007912066891087453,0.00583556365391239,0.009996717108036138,0.007847878399368279,-0.004188706725541589,-0.0038242070660700466,-0.002446134140661866,-0.005667279521635612,-0.0029114694598149993,-0.003270646081033849,0.00997866422309474,-0.0068473436784628385,0.009900148420273504,-0.005107696866975791,0.0,-0.011017236947010236,0.00774484751039598,0.011723661060915477,-0.0033815656018011076,-0.0062899444600037005,-0.009445129529149152,-0.005964667298397569,0.005886962433784831,0.0059960266943192685,0.015782833341154504,0.003986718010264703,0.013699401173729267,-0.0024665212880968347,0.0,agent32,-0.681555192872104
-0.6825620402157825,-0.003236766130866344,-0.0034679027159008713,-0.013220405810609914,-0.007524764743307244,-0.004712139967715855,-0.0067344167624837905,-0.0056043457730099245,0.005812713029474224,0.007998966603262391,-0.004927027429373142,-0.009781794954684064,0.0,-0.00561954858827197,-0.009710882991303774,0.005995304125284883,-0.007400694135083614,0.011999959516451913,0.003991594032437099,-0.004037420960967755,-0.010744545632780145,0.011325468971216585,-0.007404516226869305,0.007864125323222972,-0.006093157866420788,-0.002716835673544411,-0.0037386374805447598,0.003930854108351848,0.013961632157017715,0.009982113734192052,0.009358606755950636,0.011953217042064417,-0.009621000700408586,1,-0.004721599350389398,0.009984817491156442,-0.0036724331038543914,-0.007521676419975608,-0.007062911077699014,0.011133065483085321,0.011329452757268672,-0.008589083168805788,0.0019326482244335038,0.0158200200688837,0.009498423631960977,0.01195291076740495,-0.005249757591979805,-0.01233519240559282,0.013819318723427714,0.013999737380053466,0.00788667981206279,-0.009419964866213233,0.015805788263140788,0.005803344446667585,-0.006738174017393383,0.005987254409392254,-0.006054711173947261,0.011995847372051402,0.0019677875984604786,-0.004855619513920477,0.015688272653526174,-0.007663004591677604,-0.010001903339668767,0.013988855272715543,-0.006397055466292725,-0.005060783087231766,0.011769485908493,0.011159411474812421,-0.004020835083526203,0.011719689466597464,-0.0010536009278155805,0.003971301531009405,0.007912066891087453,0.00583556365391239,0.009996717108036138,0.007847878399368279,-0.004188706725541589,-0.0038242070660700466,-0.002446134140661866,-0.005667279521635612,-0.0029114694598149993,-0.003270646081033849,0.00997866422309474,-0.007433529745125269,0.009900148420273504,-0.005107696866975791,0.0,-0.011017236947010236,0.00774484751039598,0.011723661060915477,-0.0033815656018011076,-0.0062899444600037005,-0.009445129529149152,-0.005964667298397569,0.005886962433784831,0.0059960266943192685,0.015782833341154504,0.003986718010264703,0.013699401173729267,-0.0024665212880968347,0.0,agent82,1
-0.6835760018479395,-0.003236766130866344,-0.0034679027159008713,-0.013220405810609914,-0.007524764743307244,-0.004712139967715855,-0.0067344167624837905,-0.0056043457730099245,0.005812713029474224,0.007998966603262391,-0.004927027429373142,-0.009781794954684064,0.0,-0.00561954858827197,-0.009710882991303774,0.005995304125284883,-0.007400694135083614,0.011999959516451913,0.003991594032437099,-0.004037420960967755,-0.010744545632780145,0.011325468971216585,-0.007404516226869305,0.007864125323222972,-0.006093157866420788,-0.002716835673544411,-0.0037386374805447598,0.003930854108351848,0.015956018298313727,0.009982113734192052,0.009358606755950636,0.011953217042064417,-0.009621000700408586,1,-0.004721599350389398,0.009984817491156442,-0.0036724331038543914,-0.007521676419975608,-0.007062911077699014,0.011133065483085321,0.011329452757268672,-0.008589083168805788,0.0019326482244335038,0.0158200200688837,0.009498423631960977,0.01195291076740495,-0.005249757591979805,-0.01233519240559282,0.013819318723427714,0.013999737380053466,0.00788667981206279,-0.009419964866213233,0.015805788263140788,0.005803344446667585,-0.006738174017393383,0.005987254409392254,-0.006054711173947261,0.011995847372051402,0.0019677875984604786,-0.004855619513920477,0.015688272653526174,-0.007663004591677604,-0.010001903339668767,0.013988855272715543,-0.006397055466292725,-0.005060783087231766,0.011769485908493,0.011159411474812421,-0.004020835083526203,0.011719689466597464,-0.0010536009278155805,0.003971301531009405,0.007912066891087453,0.00583556365391239,0.009996717108036138,0.007847878399368279,-0.004188706725541589,-0.0038242070660700466,-0.002446134140661866,-0.005667279521635612,-0.0029114694598149993,-0.003270646081033849,0.00997866422309474,-0.007433529745125269,0.009900148420273504,-0.005107696866975791,0.0,-0.011017236947010236,0.00774484751039598,0.011723661060915477,-0.0033815656018011076,-0.0062899444600037005,-0.009445129529149152,-0.005964667298397569,0.005886962433784831,0.0059960266943192685,0.015782833341154504,0.003986718010264703,0.013699401173729267,-0.0024665212880968347,0.0,agent27,-0.5766011162486154
-0.6845820565591135,-0.003236766130866344,-0.0034679027159008713,-0.013220405810609914,-0.007524764743307244,-0.004712139967715855,-0.0067344167624837905,-0.0056043457730099245,0.005812713029474224,0.007998966603262391,-0.004927027429373142,-0.009781794954684064,0.0,-0.00561954858827197,-0.009710882991303774,0.005995304125284883,-0.007400694135083614,0.011999959516451913,0.003991594032437099,-0.004037420960967755,-0.010744545632780145,0.011325468971216585,-0.007404516226869305,0.007864125323222972,-0.006093157866420788,-0.002716835673544411,-0.0037386374805447598,0.003930854108351848,0.015956018298313727,0.009982113734192052,0.009358606755950636,0.011953217042064417,-0.009621000700408586,1,-0.004721599350389398,0.009984817491156442,-0.0036724331038543914,-0.007521676419975608,-0.007062911077699014,0.011133065483085321,0.011329452757268672,-0.008589083168805788,0.0019326482244335038,0.0158200200688837,0.009498423631960977,0.01195291076740495,-0.005249757591979805,-0.01233519240559282,0.013819318723427714,0.013999737380053466,0.00788667981206279,-0.009419964866213233,0.015805788263140788,0.005803344446667585,-0.006738174017393383,0.005987254409392254,-0.006847016984476426,0.011995847372051402,0.0019677875984604786,-0.004855619513920477,0.015688272653526174,-0.007663004591677604,-0.010001903339668767,0.013988855272715543,-0.006397055466292725,-0.005060783087231766,0.011769485908493,0.011159411474812421,-0.004020835083526203,0.011719689466597464,-0.0010536009278155805,0.003971301531009405,0.007912066891087453,0.00583556365391239,0.009996717108036138,0.007847878399368279,-0.004188706725541589,-0.0038242070660700466,-0.002446134140661866,-0.005667279521635612,-0.0029114694598149993,-0.003270646081033849,0.00997866422309474,-0.007433529745125269,0.009900148420273504,-0.005107696866975791,0.0,-0.011017236947010236,0.00774484751039598,0.011723661060915477,-0.0033815656018011076,-0.0062899444600037005,-0.009445129529149152,-0.005964667298397569,0.005886962433784831,0.0059960266943192685,0.015782833341154504,0.003986718010264703,0.013699401173729267,-0.0024665212880968347,0.0,agent55,0.8705759787967048
-0.6855871642559805,-0.003236766130866344,-0.0034679027159008713,-0.013220405810609914,-0.007524764743307244,-0.004712139967715855,-0.0067344167624837905,-0.0056043457730099245,0.005812713029474224,0.007998966603262391,-0.004927027429373142,-0.009781794954684064,0.0,-0.00561954858827197,-0.009710882991303774,0.005995304125284883,-0.007400694135083614,0.011999959516451913,0.003991594032437099,-0.004037420960967755,-0.010744545632780145,0.011325468971216585,-0.007404516226869305,0.007864125323222972,-0.006093157866420788,-0.002716835673544411,-0.0037386374805447598,0.003930854108351848,0.015956018298313727,0.009982113734192052,0.009358606755950636,0.011953217042064417,-0.009621000700408586,1,-0.004721599350389398,0.009984817491156442,-0.0036724331038543914,-0.007521676419975608,-0.007062911077699014,0.011133065483085321,0.011329452757268672,-0.008589083168805788,0.0019326482244335038,0.0158200200688837,0.009498423631960977,0.01195291076740495,-0.005249757591979805,-0.01233519240559282,0.013819318723427714,0.013999737380053466,0.00788667981206279,-0.009419964866213233,0.015805788263140788,0.005803344446667585,-0.006738174017393383,0.005987254409392254,-0.006847016984476426,0.011995847372051402,0.0019677875984604786,-0.004855619513920477,0.015688272653526174,-0.007663004591677604,-0.010001903339668767,0.013988855272715543,-0.006397055466292725,-0.005060783087231766,0.011769485908493,0.011159411474812421,-0.004020835083526203,0.011719689466597464,-0.0010536009278155805,0.003971301531009405,0.007912066891087453,0.00583556365391239,0.009996717108036138,0.007847878399368279,-0.004188706725541589,-0.0038242070660700466,-0.002446134140661866,-0.005667279521635612,-0.0029114694598149993,-0.003270646081033849,0.00997866422309474,-0.007433529745125269,0.009900148420273504,-0.006298010976308825,0.0,-0.011017236947010236,0.00774484751039598,0.011723661060915477,-0.0033815656018011076,-0.0062899444600037005,-0.009445129529149152,-0.005964667298397569,0.005886962433784831,0.0059960266943192685,0.015782833341154504,0.003986718010264703,0.013699401173729267,-0.0024665212880968347,0.0,agent84,0.5879633380472761
-0.6865969460509352,-0.003236766130866344,-0.0034679027159008713,-0.013220405810609914,-0.007524764743307244,-0.004712139967715855,-0.0067344167624837905,-0.0056043457730099245,0.005812713029474224,0.007998966603262391,-0.004927027429373142,-0.010361192910531806,0.0,-0.00561954858827197,-0.009710882991303774,0.005995304125284883,-0.007400694135083614,0.011999959516451913,0.003991594032437099,-0.004037420960967755,-0.010744545632780145,0.011325468971216585,-0.007404516226869305,0.007864125323222972,-0.006093157866420788,-0.002716835673544411,-0.0037386374805447598,0.003930854108351848,0.015956018298313727,0.009982113734192052,0.009358606755950636,0.011953217042064417,-0.009621000700408586,1,-0.004721599350389398,0.009984817491156442,-0.0036724331038543914,-0.007521676419975608,-0.007062911077699014,0.011133065483085321,0.011329452757268672,-0.008589083168805788,0.0019326482244335038,0.0158200200688837,0.009498423631960977,0.01195291076740495,-0.005249757591979805,-0.01233519240559282,0.013819318723427714,0.013999737380053466,0.00788667981206279,-0.009419964866213233,0.015805788263140788,0.005803344446667585,-0.006738174017393383,0.005987254409392254,-0.006847016984476426,0.011995847372051402,0.0019677875984604786,-0.004855619513920477,0.015688272653526174,-0.007663004591677604,-0.010001903339668767,0.013988855272715543,-0.006397055466292725,-0.005060783087231766,0.011769485908493,0.011159411474812421,-0.004020835083526203,0.011719689466597464,-0.0010536009278155805,0.003971301531009405,0.007912066891087453,0.00583556365391239,0.009996717108036138,0.007847878399368279,-0.004188706725541589,-0.0038242070660700466,-0.002446134140661866,-0.005667279521635612,-0.0029114694598149993,-0.003270646081033849,0.00997866422309474,-0.007433529745125269,0.009900148420273504,-0.006298010976308825,0.0,-0.011017236947010236,0.00774484751039598,0.011723661060915477,-0.0033815656018011076,-0.0062899444600037005,-0.009445129529149152,-0.005964667298397569,0.005886962433784831,0.0059960266943192685,0.015782833341154504,0.003986718010264703,0.013699401173729267,-0.0024665212880968347,0.0,agent10,1
-0.6876044708156785,-0.003236766130866344,-0.0034679027159008713,-0.013220405810609914,-0.009109197358213156,-0.004712139967715855,-0.0067344167624837905,-0.0056043457730099245,0.005812713029474224,0.007998966603262391,-0.004927027429373142,-0.010361192910531806,0.0,-0.00561954858827197,-0.009710882991303774,0.005995304125284883,-0.007400694135083614,0.011999959516451913,0.003991594032437099,-0.004037420960967755,-0.010744545632780145,0.011325468971216585,-0.007404516226869305,0.007864125323222972,-0.006093157866420788,-0.002716835673544411,-0.0037386374805447598,0.003930854108351848,0.015956018298313727,0.009982113734192052,0.009358606755950636,0.011953217042064417,-0.009621000700408586,1,-0.004721599350389398,0.009984817491156442,-0.0036724331038543914,-0.007521676419975608,-0.007062911077699014,0.011133065483085321,0.011329452757268672,-0.008589083168805788,0.0019326482244335038,0.0158200200688837,0.009498423631960977,0.01195291076740495,-0.005249757591979805,-0.01233519240559282,0.013819318723427714,0.013999737380053466,0.00788667981206279,-0.009419964866213233,0.015805788263140788,0.005803344446667585,-0.006738174017393383,0.005987254409392254,-0.006847016984476426,0.011995847372051402,0.0019677875984604786,-0.004855619513920477,0.015688272653526174,-0.007663004591677604,-0.010001903339668767,0.013988855272715543,-0.006397055466292725,-0.005060783087231766,0.011769485908493,0.011159411474812421,-0.004020835083526203,0.011719689466597464,-0.0010536009278155805,0.003971301531009405,0.007912066891087453,0.00583556365391239,0.009996717108036138,0.007847878399368279,-0.004188706725541589,-0.0038242070660700466,-0.002446134140661866,-0.005667279521635612,-0.0029114694598149993,-0.003270646081033849,0.00997866422309474,-0.007433529745125269,0.009900148420273504,-0.006298010976308825,0.0,-0.011017236947010236,0.00774484751039598,0.011723661060915477,-0.0033815656018011076,-0.0062899444600037005,-0.009445129529149152,-0.005964667298397569,0.005886962433784831,0.0059960266943192685,0.015782833341154504,0.003986718010264703,0.013699401173729267,-0.0024665212880968347,0.0,agent3,0.22506898519151952
-0.6886164666630507,-0.003236766130866344,-0.0034679027159008713,-0.013220405810609914,-0.009109197358213156,-0.004712139967715855,-0.0067344167624837905,-0.0056043457730099245,0.005812713029474224,0.007998966603262391,-0.004927027429373142,-0.010361192910531806,0.0,-0.00561954858827197,-0.009710882991303774,0.005995304125284883,-0.007400694135083614,0.011999959516451913,0.003991594032437099,-0.004037420960967755,-0.010744545632780145,0.011325468971216585,-0.007404516226869305,0.007864125323222972,-0.006093157866420788,-0.002716835673544411,-0.0037386374805447598,0.003930854108351848,0.015956018298313727,0.009982113734192052,0.009358606755950636,0.011953217042064417,-0.009621000700408586,1,-0.004721599350389398,0.009984817491156442,-0.0036724331038543914,-0.007521676419975608,-0.007062911077699014,0.011133065483085321,0.011329452757268672,-0.008589083168805788,0.0019326482244335038,0.0158200200688837,0.009498423631960977,0.01195291076740495,-0.005249757591979805,-0.01233519240559282,0.013819318723427714,0.013999737380053466,0.00788667981206279,-0.009419964866213233,0.015805788263140788,0.005803344446667585,-0.006738174017393383,0.005987254409392254,-0.006847016984476426,0.013995150332656177,0.0019677875984604786,-0.004855619513920477,0.015688272653526174,-0.007663004591677604,-0.010001903339668767,0.013988855272715543,-0.006397055466292725,-0.005060783087231766,0.011769485908493,0.011159411474812421,-0.004020835083526203,0.011719689466597464,-0.0010536009278155805,0.003971301531009405,0.007912066891087453,0.00583556365391239,0.009996717108036138,0.007847878399368279,-0.004188706725541589,-0.0038242070660700466,-0.002446134140661866,-0.005667279521635612,-0.0029114694598149993,-0.003270646081033849,0.00997866422309474,-0.007433529745125269,0.009900148420273504,-0.006298010976308825,0.0,-0.011017236947010236,0.00774484751039598,0.011723661060915477,-0.0033815656018011076,-0.0062899444600037005,-0.009445129529149152,-0.005964667298397569,0.005886962433784831,0.0059960266943192685,0.015782833341154504,0.003986718010264703,0.013699401173729267,-0.0024665212880968347,0.0,agent56,-0.6502671062802458
-0.6896264514805418,-0.003236766130866344,-0.0034679027159008713,-0.013220405810609914,-0.009109197358213156,-0.004712139967715855,-0.0067344167624837905,-0.0056043457730099245,0.005812713029474224,0.007998966603262391,-0.004927027429373142,-0.010361192910531806,0.0,-0.00561954858827197,-0.009710882991303774,0.005995304125284883,-0.007400694135083614,0.011999959516451913,0.003991594032437099,-0.004037420960967755,-0.010744545632780145,0.011325468971216585,-0.007404516226869305,0.007864125323222972,-0.006093157866420788,-0.002716835673544411,-0.0037386374805447598,0.003930854108351848,0.015956018298313727,0.009982113734192052,0.009358606755950636,0.011953217042064417,-0.009621000700408586,1,-0.004721599350389398,0.011981799448339901,-0.0036724331038543914,-0.007521676419975608,-0.007062911077699014,0.011133065483085321,0.011329452757268672,-0.008589083168805788,0.0019326482244335038,0.0158200200688837,0.009498423631960977,0.01195291076740495,-0.005249757591979805,-0.01233519240559282,0.013819318723427714,0.013999737380053466,0.00788667981206279,-0.009419964866213233,0.015805788263140788,0.005803344446667585,-0.006738174017393383,0.005987254409392254,-0.006847016984476426,0.013995150332656177,0.0019677875984604786,-0.004855619513920477,0.015688272653526174,-0.007663004591677604,-0.010001903339668767,0.013988855272715543,-0.006397055466292725,-0.005060783087231766,0.011769485908493,0.011159411474812421,-0.004020835083526203,0.011719689466597464,-0.0010536009278155805,0.003971301531009405,0.007912066891087453,0.00583556365391239,0.009996717108036138,0.007847878399368279,-0.004188706725541589,-0.0038242070660700466,-0.002446134140661866,-0.005667279521635612,-0.0029114694598149993,-0.003270646081033849,0.00997866422309474,-0.007433529745125269,0.009900148420273504,-0.006298010976308825,0.0,-0.011017236947010236,0.00774484751039598,0.011723661060915477,-0.0033815656018011076,-0.0062899444600037005,-0.009445129529149152,-0.005964667298397569,0.005886962433784831,0.0059960266943192685,0.015782833341154504,0.003986718010264703,0.013699401173729267,-0.0024665212880968347,0.0,agent34,-0.766308716167639
-0.6906296882466727,-0.00380934735809498,-0.0034679027159008713,-0.013220405810609914,-0.009109197358213156,-0.004712139967715855,-0.0067344167624837905,-0.0056043457730099245,0.005812713029474224,0.007998966603262391,-0.004927027429373142,-0.010361192910531806,0.0,-0.00561954858827197,-0.009710882991303774,0.005995304125284883,-0.007400694135083614,0.011999959516451913,0.003991594032437099,-0.004037420960967755,-0.010744545632780145,0.011325468971216585,-0.007404516226869305,0.007864125323222972,-0.006093157866420788,-0.002716835673544411,-0.0037386374805447598,0.003930854108351848,0.015956018298313727,0.009982113734192052,0.009358606755950636,0.011953217042064417,-0.009621000700408586,1,-0.004721599350389398,0.011981799448339901,-0.0036724331038543914,-0.007521676419975608,-0.007062911077699014,0.011133065483085321,0.011329452757268672,-0.008589083168805788,0.0019326482244335038,0.0158200200688837,0.009498423631960977,0.01195291076740495,-0.005249757591979805,-0.01233519240559282,0.013819318723427714,0.013999737380053466,0.00788667981206279,-0.009419964866213233,0.015805788263140788,0.005803344446667585,-0.006738174017393383,0.005987254409392254,-0.006847016984476426,0.013995150332656177,0.0019677875984604786,-0.004855619513920477,0.015688272653526174,-0.007663004591677604,-0.010001903339668767,0.013988855272715543,-0.006397055466292725,-0.005060783087231766,0.011769485908493,0.011159411474812421,-0.004020835083526203,0.011719689466597464,-0.0010536009278155805,0.003971301531009405,0.007912066891087453,0.00583556365391239,0.009996717108036138,0.007847878399368279,-0.004188706725541589,-0.0038242070660700466,-0.002446134140661866,-0.005667279521635612,-0.0029114694598149993,-0.003270646081033849,0.00997866422309474,-0.007433529745125269,0.009900148420273504,-0.006298010976308825,0.0,-0.011017236947010236,0.00774484751039598,0.011723661060915477,-0.0033815656018011076,-0.0062899444600037005,-0.009445129529149152,-0.005964667298397569,0.005886962433784831,0.0059960266943192685,0.015782833341154504,0.003986718010264703,0.013699401173729267,-0.0024665212880968347,0.0,agent0,1
-0.6916435075653962,-0.00380934735809498,-0.0034679027159008713,-0.013220405810609914,-0.009109197358213156,-0.004712139967715855,-0.0067344167624837905,-0.0056043457730099245,0.005812713029474224,0.007998966603262391,-0.004927027429373142,-0.010361192910531806,0.0,-0.00561954858827197,-0.009710882991303774,0.005995304125284883,-0.007400694135083614,0.011999959516451913,0.003991594032437099,-0.004037420960967755,-0.010744545632780145,0.011325468971216585,-0.007404516226869305,0.007864125323222972,-0.006093157866420788,-0.002716835673544411,-0.0037386374805447598,0.003930854108351848,0.015956018298313727,0.009982113734192052,0.009358606755950636,0.011953217042064417,-0.009621000700408586,1,-0.004721599350389398,0.011981799448339901,-0.0036724331038543914,-0.007521676419975608,-0.007062911077699014,0.011133065483085321,0.011329452757268672,-0.008589083168805788,0.0019326482244335038,0.0158200200688837,0.009498423631960977,0.01195291076740495,-0.005249757591979805,-0.01233519240559282,0.015793330054614082,0.013999737380053466,0.00788667981206279,-0.009419964866213233,0.015805788263140788,0.005803344446667585,-0.006738174017393383,0.005987254409392254,-0.006847016984476426,0.013995150332656177,0.0019677875984604786,-0.004855619513920477,0.015688272653526174,-0.007663004591677604,-0.010001903339668767,0.013988855272715543,-0.006397055466292725,-0.005060783087231766,0.011769485908493,0.011159411474812421,-0.004020835083526203,0.011719689466597464,-0.0010536009278155805,0.003971301531009405,0.007912066891087453,0.00583556365391239,0.009996717108036138,0.007847878399368279,-0.004188706725541589,-0.0038242070660700466,-0.002446134140661866,-0.005667279521635612,-0.0029114694598149993,-0.003270646081033849,0.00997866422309474,-0.007433529745125269,0.009900148420273504,-0.006298010976308825,0.0,-0.011017236947010236,0.00774484751039598,0.011723661060915477,-0.0033815656018011076,-0.0062899444600037005,-0.009445129529149152,-0.005964667298397569,0.005886962433784831,0.0059960266943192685,0.015782833341154504,0.003986718010264703,0.013699401173729267,-0.0024665212880968347,0.0,agent47,-0.4626442991813595
-0.6926502419821586,-0.00380934735809498,-0.0034679027159008713,-0.013220405810609914,-0.009109197358213156,-0.004712139967715855,-0.00768649020901715,-0.0056043457730099245,0.005812713029474224,0.007998966603262391,-0.004927027429373142,-0.010361192910531806,0.0,-0.00561954858827197,-0.009710882991303774,0.005995304125284883,-0.007400694135083614,0.011999959516451913,0.003991594032437099,-0.004037420960967755,-0.010744545632780145,0.011325468971216585,-0.007404516226869305,0.007864125323222972,-0.006093157866420788,-0.002716835673544411,-0.0037386374805447598,0.003930854108351848,0.015956018298313727,0.009982113734192052,0.009358606755950636,0.011953217042064417,-0.009621000700408586,1,-0.004721599350389398,0.011981799448339901,-0.0036724331038543914,-0.007521676419975608,-0.007062911077699014,0.011133065483085321,0.011329452757268672,-0.008589083168805788,0.0019326482244335038,0.0158200200688837,0.009498423631960977,0.01195291076740495,-0.005249757591979805,-0.01233519240559282,0.015793330054614082,0.013999737380053466,0.00788667981206279,-0.009419964866213233,0.015805788263140788,0.005803344446667585,-0.006738174017393383,0.005987254409392254,-0.006847016984476426,0.013995150332656177,0.0019677875984604786,-0.004855619513920477,0.015688272653526174,-0.007663004591677604,-0.010001903339668767,0.013988855272715543,-0.006397055466292725,-0.005060783087231766,0.011769485908493,0.011159411474812421,-0.004020835083526203,0.011719689466597464,-0.0010536009278155805,0.003971301531009405,0.007912066891087453,0.00583556365391239,0.009996717108036138,0.007847878399368279,-0.004188706725541589,-0.0038242070660700466,-0.002446134140661866,-0.005667279521635612,-0.0029114694598149993,-0.003270646081033849,0.00997866422309474,-0.007433529745125269,0.009900148420273504,-0.006298010976308825,0.0,-0.011017236947010236,0.00774484751039598,0.011723661060915477,-0.0033815656018011076,-0.0062899444600037005,-0.009445129529149152,-0.005964667298397569,0.005886962433784831,0.0059960266943192685,0.015782833341154504,0.003986718010264703,0.013699401173729267,-0.0024665212880968347,0.0,agent5,0.7560626459523964
-0.6936537098848745,-0.00380934735809498,-0.004035370295059741,-0.013220405810609914,-0.009109197358213156,-0.004712139967715855,-0.00768649020901715,-0.0056043457730099245,0.005812713029474224,0.007998966603262391,-0.004927027429373142,-0.010361192910531806,0.0,-0.00561954858827197,-0.009710882991303774,0.005995304125284883,-0.007400694135083614,0.011999959516451913,0.003991594032437099,-0.004037420960967755,-0.010744545632780145,0.011325468971216585,-0.007404516226869305,0.007864125323222972,-0.006093157866420788,-0.002716835673544411,-0.0037386374805447598,0.003930854108351848,0.015956018298313727,0.009982113734192052,0.009358606755950636,0.011953217042064417,-0.009621000700408586,1,-0.004721599350389398,0.011981799448339901,-0.0036724331038543914,-0.007521676419975608,-0.007062911077699014,0.011133065483085321,0.011329452757268672,-0.008589083168805788,0.0019326482244335038,0.0158200200688837,0.009498423631960977,0.01195291076740495,-0.005249757591979805,-0.01233519240559282,0.015793330054614082,0.013999737380053466,0.00788667981206279,-0.009419964866213233,0.015805788263140788,0.005803344446667585,-0.006738174017393383,0.005987254409392254,-0.006847016984476426,0.013995150332656177,0.0019677875984604786,-0.004855619513920477,0.015688272653526174,-0.007663004591677604,-0.010001903339668767,0.013988855272715543,-0.006397055466292725,-0.005060783087231766,0.011769485908493,0.011159411474812421,-0.004020835083526203,0.011719689466597464,-0.0010536009278155805,0.003971301531009405,0.007912066891087453,0.00583556365391239,0.009996717108036138,0.007847878399368279,-0.004188706725541589,-0.0038242070660700466,-0.002446134140661866,-0.005667279521635612,-0.0029114694598149993,-0.003270646081033849,0.00997866422309474,-0.007433529745125269,0.009900148420273504,-0.006298010976308825,0.0,-0.011017236947010236,0.00774484751039598,0.011723661060915477,-0.0033815656018011076,-0.0062899444600037005,-0.009445129529149152,-0.005964667298397569,0.005886962433784831,0.0059960266943192685,0.015782833341154504,0.003986718010264703,0.013699401173729267,-0.0024665212880968347,0.0,agent1,1
-0.694669398157528,-0.00380934735809498,-0.004035370295059741,-0.013220405810609914,-0.009109197358213156,-0.004712139967715855,-0.00768649020901715,-0.0056043457730099245,0.005812713029474224,0.007998966603262391,-0.004927027429373142,-0.010361192910531806,0.0,-0.00561954858827197,-0.009710882991303774,0.005995304125284883,-0.007400694135083614,0.011999959516451913,0.003991594032437099,-0.004037420960967755,-0.010744545632780145,0.011325468971216585,-0.007404516226869305,0.007864125323222972,-0.006093157866420788,-0.002716835673544411,-0.0037386374805447598,0.003930854108351848,0.015956018298313727,0.009982113734192052,0.009358606755950636,0.011953217042064417,-0.009621000700408586,1,-0.004721599350389398,0.011981799448339901,-0.0036724331038543914,-0.007521676419975608,-0.007062911077699014,0.011133065483085321,0.011329452757268672,-0.008589083168805788,0.0019326482244335038,0.0158200200688837,0.009498423631960977,0.01195291076740495,-0.005249757591979805,-0.01233519240559282,0.015793330054614082,0.013999737380053466,0.00788667981206279,-0.009419964866213233,0.015805788263140788,0.005803344446667585,-0.006738174017393383,0.005987254409392254,-0.006847016984476426,0.013995150332656177,0.0019677875984604786,-0.004855619513920477,0.017648835380147783,-0.007663004591677604,-0.010001903339668767,0.013988855272715543,-0.006397055466292725,-0.005060783087231766,0.011769485908493,0.011159411474812421,-0.004020835083526203,0.011719689466597464,-0.0010536009278155805,0.003971301531009405,0.007912066891087453,0.00583556365391239,0.009996717108036138,0.007847878399368279,-0.004188706725541589,-0.0038242070660700466,-0.002446134140661866,-0.005667279521635612,-0.0029114694598149993,-0.003270646081033849,0.00997866422309474,-0.007433529745125269,0.009900148420273504,-0.006298010976308825,0.0,-0.011017236947010236,0.00774484751039598,0.011723661060915477,-0.0033815656018011076,-0.0062899444600037005,-0.009445129529149152,-0.005964667298397569,0.005886962433784831,0.0059960266943192685,0.015782833341154504,0.003986718010264703,0.013699401173729267,-0.0024665212880968347,0.0,agent59,-0.41280758340851026
-0.695674253777042,-0.00380934735809498,-0.004035370295059741,-0.013220405810609914,-0.009109197358213156,-0.004712139967715855,-0.00768649020901715,-0.0056043457730099245,0.005812713029474224,0.007998966603262391,-0.004927027429373142,-0.010361192910531806,0.0,-0.00561954858827197,-0.009710882991303774,0.005995304125284883,-0.007400694135083614,0.011999959516451913,0.003991594032437099,-0.004037420960967755,-0.010744545632780145,0.011325468971216585,-0.007404516226869305,0.007864125323222972,-0.006093157866420788,-0.002716835673544411,-0.0037386374805447598,0.003930854108351848,0.015956018298313727,0.009982113734192052,0.009358606755950636,0.011953217042064417,-0.009621000700408586,1,-0.004721599350389398,0.011981799448339901,-0.0036724331038543914,-0.007521676419975608,-0.007062911077699014,0.011133065483085321,0.011329452757268672,-0.008589083168805788,0.0019326482244335038,0.0158200200688837,0.009498423631960977,0.01195291076740495,-0.005249757591979805,-0.01233519240559282,0.015793330054614082,0.013999737380053466,0.00788667981206279,-0.009419964866213233,0.015805788263140788,0.005803344446667585,-0.006738174017393383,0.005987254409392254,-0.006847016984476426,0.013995150332656177,0.0019677875984604786,-0.005543303452634303,0.017648835380147783,-0.007663004591677604,-0.010001903339668767,0.013988855272715543,-0.006397055466292725,-0.005060783087231766,0.011769485908493,0.011159411474812421,-0.004020835083526203,0.011719689466597464,-0.0010536009278155805,0.003971301531009405,0.007912066891087453,0.00583556365391239,0.009996717108036138,0.007847878399368279,-0.004188706725541589,-0.0038242070660700466,-0.002446134140661866,-0.005667279521635612,-0.0029114694598149993,-0.003270646081033849,0.00997866422309474,-0.007433529745125269,0.009900148420273504,-0.006298010976308825,0.0,-0.011017236947010236,0.00774484751039598,0.011723661060915477,-0.0033815656018011076,-0.0062899444600037005,-0.009445129529149152,-0.005964667298397569,0.005886962433784831,0.0059960266943192685,0.015782833341154504,0.003986718010264703,0.013699401173729267,-0.0024665212880968347,0.0,agent58,0.925402243027623
-0.696681654471177,-0.00380934735809498,-0.004035370295059741,-0.013220405810609914,-0.009109197358213156,-0.004712139967715855,-0.00768649020901715,-0.0056043457730099245,0.005812713029474224,0.007998966603262391,-0.004927027429373142,-0.010361192910531806,0.0,-0.00561954858827197,-0.009710882991303774,0.005995304125284883,-0.00796303854762245,0.011999959516451913,0.003991594032437099,-0.004037420960967755,-0.010744545632780145,0.011325468971216585,-0.007404516226869305,0.007864125323222972,-0.006093157866420788,-0.002716835673544411,-0.0037386374805447598,0.003930854108351848,0.015956018298313727,0.009982113734192052,0.009358606755950636,0.011953217042064417,-0.009621000700408586,1,-0.004721599350389398,0.011981799448339901,-0.0036724331038543914,-0.007521676419975608,-0.007062911077699014,0.011133065483085321,0.011329452757268672,-0.008589083168805788,0.0019326482244335038,0.0158200200688837,0.009498423631960977,0.01195291076740495,-0.005249757591979805,-0.01233519240559282,0.015793330054614082,0.013999737380053466,0.00788667981206279,-0.009419964866213233,0.015805788263140788,0.005803344446667585,-0.006738174017393383,0.005987254409392254,-0.006847016984476426,0.013995150332656177,0.0019677875984604786,-0.005543303452634303,0.017648835380147783,-0.007663004591677604,-0.010001903339668767,0.013988855272715543,-0.006397055466292725,-0.005060783087231766,0.011769485908493,0.011159411474812421,-0.004020835083526203,0.011719689466597464,-0.0010536009278155805,0.003971301531009405,0.007912066891087453,0.00583556365391239,0.009996717108036138,0.007847878399368279,-0.004188706725541589,-0.0038242070660700466,-0.002446134140661866,-0.005667279521635612,-0.0029114694598149993,-0.003270646081033849,0.00997866422309474,-0.007433529745125269,0.009900148420273504,-0.006298010976308825,0.0,-0.011017236947010236,0.00774484751039598,0.011723661060915477,-0.0033815656018011076,-0.0062899444600037005,-0.009445129529149152,-0.005964667298397569,0.005886962433784831,0.0059960266943192685,0.015782833341154504,0.003986718010264703,0.013699401173729267,-0.0024665212880968347,0.0,agent15,1
-0.6976883926451944,-0.00380934735809498,-0.004035370295059741,-0.013220405810609914,-0.009109197358213156,-0.004712139967715855,-0.00768649020901715,-0.0056043457730099245,0.005812713029474224,0.007998966603262391,-0.004927027429373142,-0.010361192910531806,0.0,-0.00561954858827197,-0.009710882991303774,0.005995304125284883,-0.00796303854762245,0.011999959516451913,0.003991594032437099,-0.004037420960967755,-0.010744545632780145,0.011325468971216585,-0.007404516226869305,0.007864125323222972,-0.006093157866420788,-0.002716835673544411,-0.0037386374805447598,0.003930854108351848,0.015956018298313727,0.009982113734192052,0.009358606755950636,0.011953217042064417,-0.009621000700408586,1,-0.004721599350389398,0.011981799448339901,-0.0036724331038543914,-0.007521676419975608,-0.007062911077699014,0.011133065483085321,0.011329452757268672,-0.008589083168805788,0.0019326482244335038,0.0158200200688837,0.009498423631960977,0.01195291076740495,-0.005249757591979805,-0.01233519240559282,0.015793330054614082,0.013999737380053466,0.00788667981206279,-0.009419964866213233,0.015805788263140788,0.005803344446667585,-0.007393733753855734,0.005987254409392254,-0.006847016984476426,0.013995150332656177,0.0019677875984604786,-0.005543303452634303,0.017648835380147783,-0.007663004591677604,-0.010001903339668767,0.013988855272715543,-0.006397055466292725,-0.005060783087231766,0.011769485908493,0.011159411474812421,-0.004020835083526203,0.011719689466597464,-0.0010536009278155805,0.003971301531009405,0.007912066891087453,0.00583556365391239,0.009996717108036138,0.007847878399368279,-0.004188706725541589,-0.0038242070660700466,-0.002446134140661866,-0.005667279521635612,-0.0029114694598149993,-0.003270646081033849,0.00997866422309474,-0.007433529745125269,0.009900148420273504,-0.006298010976308825,0.0,-0.011017236947010236,0.00774484751039598,0.011723661060915477,-0.0033815656018011076,-0.0062899444600037005,-0.009445129529149152,-0.005964667298397569,0.005886962433784831,0.0059960266943192685,0.015782833341154504,0.003986718010264703,0.013699401173729267,-0.0024665212880968347,0.0,agent53,0.9430989793561949
-0.6987003744446428,-0.00380934735809498,-0.004035370295059741,-0.013220405810609914,-0.009109197358213156,-0.004712139967715855,-0.00768649020901715,-0.0056043457730099245,0.005812713029474224,0.007998966603262391,-0.004927027429373142,-0.010361192910531806,0.0,-0.00561954858827197,-0.009710882991303774,0.005995304125284883,-0.00796303854762245,0.011999959516451913,0.003991594032437099,-0.004037420960967755,-0.010744545632780145,0.011325468971216585,-0.007404516226869305,0.007864125323222972,-0.006093157866420788,-0.002716835673544411,-0.0037386374805447598,0.003930854108351848,0.015956018298313727,0.009982113734192052,0.009358606755950636,0.011953217042064417,-0.009621000700408586,1,-0.004721599350389398,0.013978859631651262,-0.0036724331038543914,-0.007521676419975608,-0.007062911077699014,0.011133065483085321,0.011329452757268672,-0.008589083168805788,0.0019326482244335038,0.0158200200688837,0.009498423631960977,0.01195291076740495,-0.005249757591979805,-0.01233519240559282,0.015793330054614082,0.013999737380053466,0.00788667981206279,-0.009419964866213233,0.015805788263140788,0.005803344446667585,-0.007393733753855734,0.005987254409392254,-0.006847016984476426,0.013995150332656177,0.0019677875984604786,-0.005543303452634303,0.017648835380147783,-0.007663004591677604,-0.010001903339668767,0.013988855272715543,-0.006397055466292725,-0.005060783087231766,0.011769485908493,0.011159411474812421,-0.004020835083526203,0.011719689466597464,-0.0010536009278155805,0.003971301531009405,0.007912066891087453,0.00583556365391239,0.009996717108036138,0.007847878399368279,-0.004188706725541589,-0.0038242070660700466,-0.002446134140661866,-0.005667279521635612,-0.0029114694598149993,-0.003270646081033849,0.00997866422309474,-0.007433529745125269,0.009900148420273504,-0.006298010976308825,0.0,-0.011017236947010236,0.00774484751039598,0.011723661060915477,-0.0033815656018011076,-0.0062899444600037005,-0.009445129529149152,-0.005964667298397569,0.005886962433784831,0.0059960266943192685,0.015782833341154504,0.003986718010264703,0.013699401173729267,-0.0024665212880968347,0.0,agent34,-0.7743671600927473
-0.6997060417241645,-0.00380934735809498,-0.004035370295059741,-0.013220405810609914,-0.009109197358213156,-0.004712139967715855,-0.00768649020901715,-0.0056043457730099245,0.005812713029474224,0.007998966603262391,-0.004927027429373142,-0.010361192910531806,0.0,-0.00561954858827197,-0.009710882991303774,0.005995304125284883,-0.00796303854762245,0.011999959516451913,0.003991594032437099,-0.004037420960967755,-0.010744545632780145,0.011325468971216585,-0.007404516226869305,0.007864125323222972,-0.006093157866420788,-0.002716835673544411,-0.0037386374805447598,0.003930854108351848,0.015956018298313727,0.009982113734192052,0.009358606755950636,0.011953217042064417,-0.009621000700408586,1,-0.004721599350389398,0.013978859631651262,-0.0036724331038543914,-0.007521676419975608,-0.007062911077699014,0.011133065483085321,0.011329452757268672,-0.008589083168805788,0.0019326482244335038,0.0158200200688837,0.009498423631960977,0.01195291076740495,-0.005249757591979805,-0.01233519240559282,0.015793330054614082,0.013999737380053466,0.00788667981206279,-0.009419964866213233,0.015805788263140788,0.005803344446667585,-0.007393733753855734,0.005987254409392254,-0.006847016984476426,0.013995150332656177,0.0019677875984604786,-0.005543303452634303,0.017648835380147783,-0.007663004591677604,-0.010001903339668767,0.013988855272715543,-0.006397055466292725,-0.005060783087231766,0.011769485908493,0.011159411474812421,-0.004020835083526203,0.011719689466597464,-0.0010536009278155805,0.003971301531009405,0.007912066891087453,0.00583556365391239,0.009996717108036138,0.007847878399368279,-0.004188706725541589,-0.0038242070660700466,-0.002446134140661866,-0.006224488040566427,-0.0029114694598149993,-0.003270646081033849,0.00997866422309474,-0.007433529745125269,0.009900148420273504,-0.006298010976308825,0.0,-0.011017236947010236,0.00774484751039598,0.011723661060915477,-0.0033815656018011076,-0.0062899444600037005,-0.009445129529149152,-0.005964667298397569,0.005886962433784831,0.0059960266943192685,0.015782833341154504,0.003986718010264703,0.013699401173729267,-0.0024665212880968347,0.0,agent78,1
-0.7007085082454526,-0.00380934735809498,-0.004035370295059741,-0.013220405810609914,-0.009109197358213156,-0.004712139967715855,-0.00768649020901715,-0.0056043457730099245,0.005812713029474224,0.007998966603262391,-0.004927027429373142,-0.010361192910531806,0.0,-0.00561954858827197,-0.009710882991303774,0.005995304125284883,-0.00796303854762245,0.011999959516451913,0.003991594032437099,-0.004037420960967755,-0.010744545632780145,0.011325468971216585,-0.007404516226869305,0.007864125323222972,-0.006093157866420788,-0.002716835673544411,-0.0037386374805447598,0.003930854108351848,0.015956018298313727,0.009982113734192052,0.009358606755950636,0.011953217042064417,-0.009621000700408586,1,-0.004721599350389398,0.013978859631651262,-0.0036724331038543914,-0.007521676419975608,-0.007062911077699014,0.011133065483085321,0.011329452757268672,-0.008589083168805788,0.0019326482244335038,0.0158200200688837,0.009498423631960977,0.01195291076740495,-0.005249757591979805,-0.01233519240559282,0.015793330054614082,0.013999737380053466,0.00788667981206279,-0.009419964866213233,0.015805788263140788,0.005803344446667585,-0.007393733753855734,0.005987254409392254,-0.006847016984476426,0.013995150332656177,0.0019677875984604786,-0.005543303452634303,0.017648835380147783,-0.007663004591677604,-0.010001903339668767,0.013988855272715543,-0.006397055466292725,-0.005060783087231766,0.011769485908493,0.011159411474812421,-0.004020835083526203,0.011719689466597464,-0.0010536009278155805,0.003971301531009405,0.007912066891087453,0.00583556365391239,0.009996717108036138,0.007847878399368279,-0.004188706725541589,-0.0038242070660700466,-0.002446134140661866,-0.006224488040566427,-0.0029114694598149993,-0.003270646081033849,0.00997866422309474,-0.007433529745125269,0.009900148420273504,-0.006298010976308825,0.0,-0.011017236947010236,0.00774484751039598,0.011723661060915477,-0.0033815656018011076,-0.0062899444600037005,-0.009445129529149152,-0.005964667298397569,0.005886962433784831,0.0059960266943192685,0.015782833341154504,0.003986718010264703,0.013699401173729267,-0.003312792624046864,0.0,agent98,0.8193256656802405
-0.7017179282103189,-0.00380934735809498,-0.004035370295059741,-0.013220405810609914,-0.009109197358213156,-0.004712139967715855,-0.00768649020901715,-0.0056043457730099245,0.005812713029474224,0.007998966603262391,-0.004927027429373142,-0.010361192910531806,0.0,-0.00561954858827197,-0.009710882991303774,0.005995304125284883,-0.00796303854762245,0.011999959516451913,0.003991594032437099,-0.004037420960967755,-0.010744545632780145,0.011325468971216585,-0.007404516226869305,0.007864125323222972,-0.006093157866420788,-0.002716835673544411,-0.0037386374805447598,0.003930854108351848,0.015956018298313727,0.009982113734192052,0.009358606755950636,0.011953217042064417,-0.009621000700408586,1,-0.004721599350389398,0.013978859631651262,-0.0036724331038543914,-0.007521676419975608,-0.007062911077699014,0.011133065483085321,0.011329452757268672,-0.008589083168805788,0.0019326482244335038,0.0158200200688837,0.009498423631960977,0.01195291076740495,-0.005249757591979805,-0.01233519240559282,0.015793330054614082,0.013999737380053466,0.00788667981206279,-0.010355697238878019,0.015805788263140788,0.005803344446667585,-0.007393733753855734,0.005987254409392254,-0.006847016984476426,0.013995150332656177,0.0019677875984604786,-0.005543303452634303,0.017648835380147783,-0.007663004591677604,-0.010001903339668767,0.013988855272715543,-0.006397055466292725,-0.005060783087231766,0.011769485908493,0.011159411474812421,-0.004020835083526203,0.011719689466597464,-0.0010536009278155805,0.003971301531009405,0.007912066891087453,0.00583556365391239,0.009996717108036138,0.007847878399368279,-0.004188706725541589,-0.0038242070660700466,-0.002446134140661866,-0.006224488040566427,-0.0029114694598149993,-0.003270646081033849,0.00997866422309474,-0.007433529745125269,0.009900148420273504,-0.006298010976308825,0.0,-0.011017236947010236,0.00774484751039598,0.011723661060915477,-0.0033815656018011076,-0.0062899444600037005,-0.009445129529149152,-0.005964667298397569,0.005886962433784831,0.0059960266943192685,0.015782833341154504,0.003986718010264703,0.013699401173729267,-0.003312792624046864,0.0,agent50,0.7582415439052124
-0.7027289454472658,-0.00380934735809498,-0.004035370295059741,-0.013220405810609914,-0.009109197358213156,-0.004712139967715855,-0.00768649020901715,-0.0056043457730099245,0.005812713029474224,0.007998966603262391,-0.004927027429373142,-0.010361192910531806,0.0,-0.00561954858827197,-0.009710882991303774,0.005995304125284883,-0.00796303854762245,0.011999959516451913,0.003991594032437099,-0.004037420960967755,-0.010744545632780145,0.011325468971216585,-0.007404516226869305,0.007864125323222972,-0.006093157866420788,-0.002716835673544411,-0.0037386374805447598,0.003930854108351848,0.015956018298313727,0.009982113734192052,0.009358606755950636,0.011953217042064417,-0.009621000700408586,1,-0.004721599350389398,0.013978859631651262,-0.0036724331038543914,-0.007521676419975608,-0.007062911077699014,0.011133065483085321,0.011329452757268672,-0.008589083168805788,0.0019326482244335038,0.0158200200688837,0.009498423631960977,0.01195291076740495,-0.005249757591979805,-0.01233519240559282,0.015793330054614082,0.013999737380053466,0.00788667981206279,-0.010355697238878019,0.015805788263140788,0.005803344446667585,-0.007393733753855734,0.005987254409392254,-0.006847016984476426,0.013995150332656177,0.0019677875984604786,-0.005543303452634303,0.017648835380147783,-0.007663004591677604,-0.010001903339668767,0.013988855272715543,-0.006397055466292725,-0.005060783087231766,0.011769485908493,0.011159411474812421,-0.004020835083526203,0.011719689466597464,-0.0010536009278155805,0.003971301531009405,0.007912066891087453,0.00583556365391239,0.009996717108036138,0.007847878399368279,-0.004188706725541589,-0.0038242070660700466,-0.002446134140661866,-0.006224488040566427,-0.0029114694598149993,-0.003270646081033849,0.00997866422309474,-0.007433529745125269,0.009900148420273504,-0.006298010976308825,0.0,-0.012064796350645418,0.00774484751039598,0.011723661060915477,-0.0033815656018011076,-0.0062899444600037005,-0.009445129529149152,-0.005964667298397569,0.005886962433784831,0.0059960266943192685,0.015782833341154504,0.003986718010264703,0.013699401173729267,-0.003312792624046864,0.0,agent86,0.6784564059698365
-0.7037348324096996,-0.00380934735809498,-0.004035370295059741,-0.013220405810609914,-0.009109197358213156,-0.004712139967715855,-0.00768649020901715,-0.0056043457730099245,0.005812713029474224,0.007998966603262391,-0.004927027429373142,-0.010361192910531806,0.0,-0.00561954858827197,-0.009710882991303774,0.005995304125284883,-0.00796303854762245,0.011999959516451913,0.003991594032437099,-0.004037420960967755,-0.010744545632780145,0.011325468971216585,-0.007404516226869305,0.007864125323222972,-0.006093157866420788,-0.002716835673544411,-0.0037386374805447598,0.003930854108351848,0.015956018298313727,0.009982113734192052,0.009358606755950636,0.011953217042064417,-0.009621000700408586,1,-0.004721599350389398,0.013978859631651262,-0.0036724331038543914,-0.007521676419975608,-0.007062911077699014,0.011133065483085321,0.011329452757268672,-0.008589083168805788,0.0019326482244335038,0.0158200200688837,0.009498423631960977,0.01195291076740495,-0.005249757591979805,-0.01233519240559282,0.015793330054614082,0.013999737380053466,0.00788667981206279,-0.010355697238878019,0.015805788263140788,0.005803344446667585,-0.007393733753855734,0.005987254409392254,-0.006847016984476426,0.013995150332656177,0.0019677875984604786,-0.005543303452634303,0.017648835380147783,-0.007663004591677604,-0.010001903339668767,0.013988855272715543,-0.006397055466292725,-0.005060783087231766,0.011769485908493,0.011159411474812421,-0.004020835083526203,0.011719689466597464,-0.0010536009278155805,0.003971301531009405,0.007912066891087453,0.00583556365391239,0.009996717108036138,0.007847878399368279,-0.004188706725541589,-0.0038242070660700466,-0.002446134140661866,-0.006224488040566427,-0.0029114694598149993,-0.003270646081033849,0.00997866422309474,-0.007433529745125269,0.009900148420273504,-0.006298010976308825,0.0,-0.012064796350645418,0.00774484751039598,0.011723661060915477,-0.0033815656018011076,-0.0062899444600037005,-0.009445129529149152,-0.005964667298397569,0.007849492566103195,0.0059960266943192685,0.015782833341154504,0.003986718010264703,0.013699401173729267,-0.003312792624046864,0.0,agent93,-0.42897771647601096
-0.704738824003732,-0.00380934735809498,-0.004035370295059741,-0.013220405810609914,-0.009109197358213156,-0.004712139967715855,-0.00768649020901715,-0.0056043457730099245,0.005812713029474224,0.007998966603262391,-0.004927027429373142,-0.010361192910531806,0.0,-0.00561954858827197,-0.009710882991303774,0.005995304125284883,-0.00796303854762245,0.011999959516451913,0.0059872085398895445,-0.004037420960967755,-0.010744545632780145,0.011325468971216585,-0.007404516226869305,0.007864125323222972,-0.006093157866420788,-0.002716835673544411,-0.0037386374805447598,0.003930854108351848,0.015956018298313727,0.009982113734192052,0.009358606755950636,0.011953217042064417,-0.009621000700408586,1,-0.004721599350389398,0.013978859631651262,-0.0036724331038543914,-0.007521676419975608,-0.007062911077699014,0.011133065483085321,0.011329452757268672,-0.008589083168805788,0.0019326482244335038,0.0158200200688837,0.009498423631960977,0.01195291076740495,-0.005249757591979805,-0.01233519240559282,0.015793330054614082,0.013999737380053466,0.00788667981206279,-0.010355697238878019,0.015805788263140788,0.005803344446667585,-0.007393733753855734,0.005987254409392254,-0.006847016984476426,0.013995150332656177,0.0019677875984604786,-0.005543303452634303,0.017648835380147783,-0.007663004591677604,-0.010001903339668767,0.013988855272715543,-0.006397055466292725,-0.005060783087231766,0.011769485908493,0.011159411474812421,-0.004020835083526203,0.011719689466597464,-0.0010536009278155805,0.003971301531009405,0.007912066891087453,0.00583556365391239,0.009996717108036138,0.007847878399368279,-0.004188706725541589,-0.0038242070660700466,-0.002446134140661866,-0.006224488040566427,-0.0029114694598149993,-0.003270646081033849,0.00997866422309474,-0.007433529745125269,0.009900148420273504,-0.006298010976308825,0.0,-0.012064796350645418,0.00774484751039598,0.011723661060915477,-0.0033815656018011076,-0.0062899444600037005,-0.009445129529149152,-0.005964667298397569,0.007849492566103195,0.0059960266943192685,0.015782833341154504,0.003986718010264703,0.013699401173729267,-0.003312792624046864,0.0,agent17,-0.7973883699569274
-0.7057448200304263,-0.00380934735809498,-0.004035370295059741,-0.013220405810609914,-0.009109197358213156,-0.004712139967715855,-0.00768649020901715,-0.0056043457730099245,0.005812713029474224,0.007998966603262391,-0.004927027429373142,-0.010361192910531806,0.0,-0.00561954858827197,-0.009710882991303774,0.005995304125284883,-0.00796303854762245,0.011999959516451913,0.0059872085398895445,-0.004037420960967755,-0.010744545632780145,0.011325468971216585,-0.007404516226869305,0.007864125323222972,-0.006093157866420788,-0.002716835673544411,-0.0037386374805447598,0.003930854108351848,0.015956018298313727,0.009982113734192052,0.009358606755950636,0.011953217042064417,-0.009621000700408586,1,-0.004721599350389398,0.013978859631651262,-0.0036724331038543914,-0.007521676419975608,-0.007062911077699014,0.011133065483085321,0.011329452757268672,-0.008589083168805788,0.0019326482244335038,0.0158200200688837,0.009498423631960977,0.01195291076740495,-0.005249757591979805,-0.01233519240559282,0.015793330054614082,0.013999737380053466,0.00788667981206279,-0.010355697238878019,0.015805788263140788,0.005803344446667585,-0.007393733753855734,0.005987254409392254,-0.006847016984476426,0.013995150332656177,0.0019677875984604786,-0.005543303452634303,0.017648835380147783,-0.007663004591677604,-0.010001903339668767,0.013988855272715543,-0.006397055466292725,-0.005060783087231766,0.011769485908493,0.011159411474812421,-0.004020835083526203,0.011719689466597464,-0.0010536009278155805,0.003971301531009405,0.007912066891087453,0.00583556365391239,0.009996717108036138,0.007847878399368279,-0.004188706725541589,-0.0038242070660700466,-0.002446134140661866,-0.006224488040566427,-0.0029114694598149993,-0.003270646081033849,0.00997866422309474,-0.007433529745125269,0.009900148420273504,-0.006298010976308825,0.0,-0.012064796350645418,0.00774484751039598,0.011723661060915477,-0.0033815656018011076,-0.0062899444600037005,-0.009445129529149152,-0.005964667298397569,0.007849492566103195,0.007994772045388338,0.015782833341154504,0.003986718010264703,0.013699401173729267,-0.003312792624046864,0.0,agent94,-0.6546459316749713
-0.7067526695229923,-0.00380934735809498,-0.004035370295059741,-0.013220405810609914,-0.009109197358213156,-0.004712139967715855,-0.00768649020901715,-0.0056043457730099245,0.005812713029474224,0.007998966603262391,-0.004927027429373142,-0.010361192910531806,0.0,-0.00561954858827197,-0.009710882991303774,0.005995304125284883,-0.00796303854762245,0.011999959516451913,0.0059872085398895445,-0.004037420960967755,-0.010744545632780145,0.011325468971216585,-0.007404516226869305,0.007864125323222972,-0.006093157866420788,-0.002716835673544411,-0.0037386374805447598,0.003930854108351848,0.015956018298313727,0.009982113734192052,0.009358606755950636,0.011953217042064417,-0.009621000700408586,1,-0.004721599350389398,0.013978859631651262,-0.0036724331038543914,-0.007521676419975608,-0.007062911077699014,0.011133065483085321,0.011329452757268672,-0.008589083168805788,0.0019326482244335038,0.0158200200688837,0.009498423631960977,0.01195291076740495,-0.005249757591979805,-0.01233519240559282,0.015793330054614082,0.013999737380053466,0.00788667981206279,-0.010355697238878019,0.015805788263140788,0.005803344446667585,-0.007393733753855734,0.005987254409392254,-0.006847016984476426,0.013995150332656177,0.0019677875984604786,-0.005543303452634303,0.017648835380147783,-0.007663004591677604,-0.010001903339668767,0.013988855272715543,-0.006397055466292725,-0.005060783087231766,0.011769485908493,0.011159411474812421,-0.004020835083526203,0.011719689466597464,-0.0010536009278155805,0.003971301531009405,0.007912066891087453,0.00583556365391239,0.009996717108036138,0.007847878399368279,-0.004188706725541589,-0.0038242070660700466,-0.002446134140661866,-0.006224488040566427,-0.0029114694598149993,-0.003270646081033849,0.00997866422309474,-0.007433529745125269,0.009900148420273504,-0.006298010976308825,0.0,-0.012064796350645418,0.00774484751039598,0.011723661060915477,-0.0033815656018011076,-0.0062899444600037005,-0.009445129529149152,-0.005964667298397569,0.009811746775582572,0.007994772045388338,0.015782833341154504,0.003986718010264703,0.013699401173729267,-0.003312792624046864,0.0,agent93,-0.4309875070408607
-0.7077582738687653,-0.00380934735809498,-0.004035370295059741,-0.013220405810609914,-0.009109197358213156,-0.004712139967715855,-0.00768649020901715,-0.0061478434355479936,0.005812713029474224,0.007998966603262391,-0.004927027429373142,-0.010361192910531806,0.0,-0.00561954858827197,-0.009710882991303774,0.005995304125284883,-0.00796303854762245,0.011999959516451913,0.0059872085398895445,-0.004037420960967755,-0.010744545632780145,0.011325468971216585,-0.007404516226869305,0.007864125323222972,-0.006093157866420788,-0.002716835673544411,-0.0037386374805447598,0.003930854108351848,0.015956018298313727,0.009982113734192052,0.009358606755950636,0.011953217042064417,-0.009621000700408586,1,-0.004721599350389398,0.013978859631651262,-0.0036724331038543914,-0.007521676419975608,-0.007062911077699014,0.011133065483085321,0.011329452757268672,-0.008589083168805788,0.0019326482244335038,0.0158200200688837,0.009498423631960977,0.01195291076740495,-0.005249757591979805,-0.01233519240559282,0.015793330054614082,0.013999737380053466,0.00788667981206279,-0.010355697238878019,0.015805788263140788,0.005803344446667585,-0.007393733753855734,0.005987254409392254,-0.006847016984476426,0.013995150332656177,0.0019677875984604786,-0.005543303452634303,0.017648835380147783,-0.007663004591677604,-0.010001903339668767,0.013988855272715543,-0.006397055466292725,-0.005060783087231766,0.011769485908493,0.011159411474812421,-0.004020835083526203,0.011719689466597464,-0.0010536009278155805,0.003971301531009405,0.007912066891087453,0.00583556365391239,0.009996717108036138,0.007847878399368279,-0.004188706725541589,-0.0038242070660700466,-0.002446134140661866,-0.006224488040566427,-0.0029114694598149993,-0.003270646081033849,0.00997866422309474,-0.007433529745125269,0.009900148420273504,-0.006298010976308825,0.0,-0.012064796350645418,0.00774484751039598,0.011723661060915477,-0.0033815656018011076,-0.0062899444600037005,-0.009445129529149152,-0.005964667298397569,0.009811746775582572,0.007994772045388338,0.015782833341154504,0.003986718010264703,0.013699401173729267,-0.003312792624046864,0.0,agent6,1
-0.7087632008961947,-0.00380934735809498,-0.004035370295059741,-0.013220405810609914,-0.009109197358213156,-0.004712139967715855,-0.00768649020901715,-0.0061478434355479936,0.005812713029474224,0.007998966603262391,-0.0056276225057563176,-0.010361192910531806,0.0,-0.00561954858827197,-0.009710882991303774,0.005995304125284883,-0.00796303854762245,0.011999959516451913,0.0059872085398895445,-0.004037420960967755,-0.010744545632780145,0.011325468971216585,-0.007404516226869305,0.007864125323222972,-0.006093157866420788,-0.002716835673544411,-0.0037386374805447598,0.003930854108351848,0.015956018298313727,0.009982113734192052,0.009358606755950636,0.011953217042064417,-0.009621000700408586,1,-0.004721599350389398,0.013978859631651262,-0.0036724331038543914,-0.007521676419975608,-0.007062911077699014,0.011133065483085321,0.011329452757268672,-0.008589083168805788,0.0019326482244335038,0.0158200200688837,0.009498423631960977,0.01195291076740495,-0.005249757591979805,-0.01233519240559282,0.015793330054614082,0.013999737380053466,0.00788667981206279,-0.010355697238878019,0.015805788263140788,0.005803344446667585,-0.007393733753855734,0.005987254409392254,-0.006847016984476426,0.013995150332656177,0.0019677875984604786,-0.005543303452634303,0.017648835380147783,-0.007663004591677604,-0.010001903339668767,0.013988855272715543,-0.006397055466292725,-0.005060783087231766,0.011769485908493,0.011159411474812421,-0.004020835083526203,0.011719689466597464,-0.0010536009278155805,0.003971301531009405,0.007912066891087453,0.00583556365391239,0.009996717108036138,0.007847878399368279,-0.004188706725541589,-0.0038242070660700466,-0.002446134140661866,-0.006224488040566427,-0.0029114694598149993,-0.003270646081033849,0.00997866422309474,-0.007433529745125269,0.009900148420273504,-0.006298010976308825,0.0,-0.012064796350645418,0.00774484751039598,0.011723661060915477,-0.0033815656018011076,-0.0062899444600037005,-0.009445129529149152,-0.005964667298397569,0.009811746775582572,0.007994772045388338,0.015782833341154504,0.003986718010264703,0.013699401173729267,-0.003312792624046864,0.0,agent9,0.9043241828416999
-0.709768261679282,-0.00380934735809498,-0.004035370295059741,-0.013220405810609914,-0.009109197358213156,-0.004712139967715855,-0.00768649020901715,-0.0061478434355479936,0.005812713029474224,0.007998966603262391,-0.0056276225057563176,-0.010361192910531806,0.0,-0.00561954858827197,-0.009710882991303774,0.005995304125284883,-0.00796303854762245,0.011999959516451913,0.0059872085398895445,-0.004037420960967755,-0.010744545632780145,0.011325468971216585,-0.007404516226869305,0.007864125323222972,-0.006093157866420788,-0.002716835673544411,-0.0037386374805447598,0.003930854108351848,0.015956018298313727,0.009982113734192052,0.009358606755950636,0.011953217042064417,-0.009621000700408586,1,-0.004721599350389398,0.013978859631651262,-0.0036724331038543914,-0.007521676419975608,-0.007062911077699014,0.011133065483085321,0.011329452757268672,-0.008589083168805788,0.0019326482244335038,0.0158200200688837,0.009498423631960977,0.01195291076740495,-0.005249757591979805,-0.01233519240559282,0.015793330054614082,0.013999737380053466,0.00788667981206279,-0.010355697238878019,0.015805788263140788,0.005803344446667585,-0.007393733753855734,0.005987254409392254,-0.006847016984476426,0.013995150332656177,0.0019677875984604786,-0.005543303452634303,0.017648835380147783,-0.007663004591677604,-0.010001903339668767,0.013988855272715543,-0.006397055466292725,-0.005641574008645228,0.011769485908493,0.011159411474812421,-0.004020835083526203,0.011719689466597464,-0.0010536009278155805,0.003971301531009405,0.007912066891087453,0.00583556365391239,0.009996717108036138,0.007847878399368279,-0.004188706725541589,-0.0038242070660700466,-0.002446134140661866,-0.006224488040566427,-0.0029114694598149993,-0.003270646081033849,0.00997866422309474,-0.007433529745125269,0.009900148420273504,-0.006298010976308825,0.0,-0.012064796350645418,0.00774484751039598,0.011723661060915477,-0.0033815656018011076,-0.0062899444600037005,-0.009445129529149152,-0.005964667298397569,0.009811746775582572,0.007994772045388338,0.015782833341154504,0.003986718010264703,0.013699401173729267,-0.003312792624046864,0.0,agent64,0.9759973628555444
-0.7107719341123858,-0.00380934735809498,-0.004035370295059741,-0.013220405810609914,-0.009109197358213156,-0.004712139967715855,-0.00768649020901715,-0.0061478434355479936,0.005812713029474224,0.007998966603262391,-0.0056276225057563176,-0.010361192910531806,0.0,-0.00561954858827197,-0.009710882991303774,0.005995304125284883,-0.00796303854762245,0.011999959516451913,0.0059872085398895445,-0.004037420960967755,-0.010744545632780145,0.011325468971216585,-0.007404516226869305,0.007864125323222972,-0.006093157866420788,-0.002716835673544411,-0.0037386374805447598,0.003930854108351848,0.015956018298313727,0.009982113734192052,0.009358606755950636,0.011953217042064417,-0.009621000700408586,1,-0.004721599350389398,0.013978859631651262,-0.0042107793495314945,-0.007521676419975608,-0.007062911077699014,0.011133065483085321,0.011329452757268672,-0.008589083168805788,0.0019326482244335038,0.0158200200688837,0.009498423631960977,0.01195291076740495,-0.005249757591979805,-0.01233519240559282,0.015793330054614082,0.013999737380053466,0.00788667981206279,-0.010355697238878019,0.015805788263140788,0.005803344446667585,-0.007393733753855734,0.005987254409392254,-0.006847016984476426,0.013995150332656177,0.0019677875984604786,-0.005543303452634303,0.017648835380147783,-0.007663004591677604,-0.010001903339668767,0.013988855272715543,-0.006397055466292725,-0.005641574008645228,0.011769485908493,0.011159411474812421,-0.004020835083526203,0.011719689466597464,-0.0010536009278155805,0.003971301531009405,0.007912066891087453,0.00583556365391239,0.009996717108036138,0.007847878399368279,-0.004188706725541589,-0.0038242070660700466,-0.002446134140661866,-0.006224488040566427,-0.0029114694598149993,-0.003270646081033849,0.00997866422309474,-0.007433529745125269,0.009900148420273504,-0.006298010976308825,0.0,-0.012064796350645418,0.00774484751039598,0.011723661060915477,-0.0033815656018011076,-0.0062899444600037005,-0.009445129529149152,-0.005964667298397569,0.009811746775582572,0.007994772045388338,0.015782833341154504,0.003986718010264703,0.013699401173729267,-0.003312792624046864,0.0,agent35,1
-0.7117836577734468,-0.00380934735809498,-0.004035370295059741,-0.013220405810609914,-0.009109197358213156,-0.004712139967715855,-0.00768649020901715,-0.0061478434355479936,0.005812713029474224,0.007998966603262391,-0.0056276225057563176,-0.010361192910531806,0.0,-0.00561954858827197,-0.009710882991303774,0.005995304125284883,-0.00796303854762245,0.011999959516451913,0.0059872085398895445,-0.004037420960967755,-0.010744545632780145,0.011325468971216585,-0.007404516226869305,0.007864125323222972,-0.006093157866420788,-0.002716835673544411,-0.0037386374805447598,0.003930854108351848,0.015956018298313727,0.009982113734192052,0.009358606755950636,0.011953217042064417,-0.009621000700408586,1,-0.004721599350389398,0.013978859631651262,-0.0042107793495314945,-0.007521676419975608,-0.007062911077699014,0.011133065483085321,0.011329452757268672,-0.008589083168805788,0.0019326482244335038,0.0158200200688837,0.009498423631960977,0.01195291076740495,-0.005249757591979805,-0.01233519240559282,0.015793330054614082,0.013999737380053466,0.00788667981206279,-0.010355697238878019,0.015805788263140788,0.005803344446667585,-0.007393733753855734,0.005987254409392254,-0.006847016984476426,0.013995150332656177,0.0019677875984604786,-0.005543303452634303,0.017648835380147783,-0.007663004591677604,-0.010001903339668767,0.013988855272715543,-0.006397055466292725,-0.005641574008645228,0.011769485908493,0.011159411474812421,-0.004020835083526203,0.011719689466597464,-0.0010536009278155805,0.003971301531009405,0.007912066891087453,0.00583556365391239,0.009996717108036138,0.007847878399368279,-0.004188706725541589,-0.0038242070660700466,-0.002446134140661866,-0.006224488040566427,-0.0029114694598149993,-0.003270646081033849,0.00997866422309474,-0.007433529745125269,0.009900148420273504,-0.006298010976308825,0.0,-0.012064796350645418,0.00774484751039598,0.013681834623866932,-0.0033815656018011076,-0.0062899444600037005,-0.009445129529149152,-0.005964667298397569,0.009811746775582572,0.007994772045388338,0.015782833341154504,0.003986718010264703,0.013699401173729267,-0.003312792624046864,0.0,agent88,-1
-0.7107836577734468,-0.00380934735809498,-0.004035370295059741,-0.013220405810609914,-0.009109197358213156,-0.004712139967715855,-0.00768649020901715,-0.0061478434355479936,0.005812713029474224,0.007998966603262391,-0.0056276225057563176,-0.010361192910531806,0.0,-0.00561954858827197,-0.009710882991303774,0.005995304125284883,-0.00796303854762245,0.011999959516451913,0.0059872085398895445,-0.004037420960967755,-0.010744545632780145,0.011325468971216585,-0.007404516226869305,0.007864125323222972,-0.006093157866420788,-0.002716835673544411,-0.0037386374805447598,0.003930854108351848,0.015956018298313727,0.009982113734192052,0.009358606755950636,0.011953217042064417,-0.009621000700408586,1,-0.004721599350389398,0.013978859631651262,-0.0042107793495314945,-0.007521676419975608,-0.007062911077699014,0.011133065483085321,0.011329452757268672,-0.008589083168805788,0.0019326482244335038,0.0158200200688837,0.009498423631960977,0.01195291076740495,-0.005249757591979805,-0.01233519240559282,0.015793330054614082,0.013999737380053466,0.00788667981206279,-0.010355697238878019,0.015805788263140788,0.005803344446667585,-0.007393733753855734,0.005987254409392254,-0.006847016984476426,0.013995150332656177,0.0019677875984604786,-0.005543303452634303,0.017648835380147783,-0.007663004591677604,-0.010001903339668767,0.013988855272715543,-0.006397055466292725,-0.005641574008645228,0.011769485908493,0.011159411474812421,-0.004020835083526203,0.011719689466597464,-0.0010536009278155805,0.003971301531009405,0.007912066891087453,0.00583556365391239,0.009996717108036138,0.007847878399368279,-0.004188706725541589,-0.0038242070660700466,-0.002446134140661866,-0.006224488040566427,-0.0029114694598149993,-0.003270646081033849,0.00997866422309474,-0.007433529745125269,0.009900148420273504,-0.006298010976308825,0.0,-0.012064796350645418,0.00774484751039598,0.013681834623866932,-0.0033815656018011076,-0.0062899444600037005,-0.009445129529149152,-0.005964667298397569,0.009811746775582572,0.007994772045388338,0.015782833341154504,0.003986718010264703,0.013699401173729267,-0.003312792624046864,-0.0005386463494409551,agent99,0.9978090718314991
-0.7117913207780384,-0.00380934735809498,-0.004035370295059741,-0.013220405810609914,-0.009109197358213156,-0.004712139967715855,-0.00768649020901715,-0.0061478434355479936,0.005812713029474224,0.007998966603262391,-0.0056276225057563176,-0.010361192910531806,0.0,-0.00561954858827197,-0.009710882991303774,0.005995304125284883,-0.00796303854762245,0.011999959516451913,0.0059872085398895445,-0.004037420960967755,-0.010744545632780145,0.011325468971216585,-0.007404516226869305,0.007864125323222972,-0.006093157866420788,-0.002716835673544411,-0.0037386374805447598,0.003930854108351848,0.015956018298313727,0.009982113734192052,0.009358606755950636,0.011953217042064417,-0.009621000700408586,1,-0.004721599350389398,0.013978859631651262,-0.0042107793495314945,-0.007521676419975608,-0.007062911077699014,0.011133065483085321,0.011329452757268672,-0.008589083168805788,0.0019326482244335038,0.0158200200688837,0.009498423631960977,0.01195291076740495,-0.005249757591979805,-0.01233519240559282,0.015793330054614082,0.013999737380053466,0.00788667981206279,-0.010355697238878019,0.015805788263140788,0.005803344446667585,-0.007393733753855734,0.005987254409392254,-0.006847016984476426,0.013995150332656177,0.0019677875984604786,-0.005543303452634303,0.017648835380147783,-0.00845831751908539,-0.010001903339668767,0.013988855272715543,-0.006397055466292725,-0.005641574008645228,0.011769485908493,0.011159411474812421,-0.004020835083526203,0.011719689466597464,-0.0010536009278155805,0.003971301531009405,0.007912066891087453,0.00583556365391239,0.009996717108036138,0.007847878399368279,-0.004188706725541589,-0.0038242070660700466,-0.002446134140661866,-0.006224488040566427,-0.0029114694598149993,-0.003270646081033849,0.00997866422309474,-0.007433529745125269,0.009900148420273504,-0.006298010976308825,0.0,-0.012064796350645418,0.00774484751039598,0.013681834623866932,-0.0033815656018011076,-0.0062899444600037005,-0.009445129529149152,-0.005964667298397569,0.009811746775582572,0.007994772045388338,0.015782833341154504,0.003986718010264703,0.013699401173729267,-0.003312792624046864,-0.0005386463494409551,agent60,0.8414322245008038
-0.7127988424544583,-0.00380934735809498,-0.004035370295059741,-0.013220405810609914,-0.009109197358213156,-0.004712139967715855,-0.00768649020901715,-0.0061478434355479936,0.005812713029474224,0.007998966603262391,-0.0056276225057563176,-0.010361192910531806,0.0,-0.00561954858827197,-0.009710882991303774,0.005995304125284883,-0.00796303854762245,0.011999959516451913,0.0059872085398895445,-0.004037420960967755,-0.010744545632780145,0.011325468971216585,-0.007404516226869305,0.007864125323222972,-0.006093157866420788,-0.002716835673544411,-0.0037386374805447598,0.003930854108351848,0.015956018298313727,0.009982113734192052,0.009358606755950636,0.011953217042064417,-0.009621000700408586,1,-0.004721599350389398,0.013978859631651262,-0.0042107793495314945,-0.008703284974528575,-0.007062911077699014,0.011133065483085321,0.011329452757268672,-0.008589083168805788,0.0019326482244335038,0.0158200200688837,0.009498423631960977,0.01195291076740495,-0.005249757591979805,-0.01233519240559282,0.015793330054614082,0.013999737380053466,0.00788667981206279,-0.010355697238878019,0.015805788263140788,0.005803344446667585,-0.007393733753855734,0.005987254409392254,-0.006847016984476426,0.013995150332656177,0.0019677875984604786,-0.005543303452634303,0.017648835380147783,-0.00845831751908539,-0.010001903339668767,0.013988855272715543,-0.006397055466292725,-0.005641574008645228,0.011769485908493,0.011159411474812421,-0.004020835083526203,0.011719689466597464,-0.0010536009278155805,0.003971301531009405,0.007912066891087453,0.00583556365391239,0.009996717108036138,0.007847878399368279,-0.004188706725541589,-0.0038242070660700466,-0.002446134140661866,-0.006224488040566427,-0.0029114694598149993,-0.003270646081033849,0.00997866422309474,-0.007433529745125269,0.009900148420273504,-0.006298010976308825,0.0,-0.012064796350645418,0.00774484751039598,0.013681834623866932,-0.0033815656018011076,-0.0062899444600037005,-0.009445129529149152,-0.005964667298397569,0.009811746775582572,0.007994772045388338,0.015782833341154504,0.003986718010264703,0.013699401173729267,-0.003312792624046864,-0.0005386463494409551,agent36,0.5675768400318455
-0.7117988424544583,-0.00380934735809498,-0.004035370295059741,-0.013220405810609914,-0.009109197358213156,-0.004712139967715855,-0.00768649020901715,-0.0061478434355479936,0.005812713029474224,0.007998966603262391,-0.0056276225057563176,-0.010361192910531806,0.0,-0.00561954858827197,-0.009710882991303774,0.005995304125284883,-0.00796303854762245,0.011999959516451913,0.0059872085398895445,-0.004037420960967755,-0.010744545632780145,0.011325468971216585,-0.007404516226869305,0.007864125323222972,-0.006093157866420788,-0.002716835673544411,-0.0037386374805447598,0.003930854108351848,0.015956018298313727,0.009982113734192052,0.009358606755950636,0.011953217042064417,-0.009621000700408586,1,-0.004721599350389398,0.013978859631651262,-0.0042107793495314945,-0.008703284974528575,-0.007062911077699014,0.011133065483085321,0.011329452757268672,-0.008589083168805788,0.0019326482244335038,0.0158200200688837,0.009498423631960977,0.01195291076740495,-0.005249757591979805,-0.01233519240559282,0.015793330054614082,0.013999737380053466,0.00788667981206279,-0.010355697238878019,0.015805788263140788,0.005803344446667585,-0.007393733753855734,0.005987254409392254,-0.006847016984476426,0.013995150332656177,0.0019677875984604786,-0.005543303452634303,0.017648835380147783,-0.00845831751908539,-0.010001903339668767,0.013988855272715543,-0.006397055466292725,-0.005641574008645228,0.011769485908493,0.011159411474812421,-0.004020835083526203,0.011719689466597464,-0.0010536009278155805,0.003971301531009405,0.007912066891087453,0.00583556365391239,0.009996717108036138,0.007847878399368279,-0.004188706725541589,-0.0038242070660700466,-0.002446134140661866,-0.006224488040566427,-0.0029114694598149993,-0.003270646081033849,0.00997866422309474,-0.007433529745125269,0.009900148420273504,-0.006298010976308825,0.0019899080650087183,-0.012064796350645418,0.00774484751039598,0.013681834623866932,-0.0033815656018011076,-0.0062899444600037005,-0.009445129529149152,-0.005964667298397569,0.009811746775582572,0.007994772045388338,0.015782833341154504,0.003986718010264703,0.013699401173729267,-0.003312792624046864,-0.0005386463494409551,agent85,-0.5707288949547746
-0.7128128421918384,-0.00380934735809498,-0.004035370295059741,-0.013220405810609914,-0.009109197358213156,-0.004712139967715855,-0.00768649020901715,-0.0061478434355479936,0.005812713029474224,0.007998966603262391,-0.0056276225057563176,-0.010361192910531806,0.0,-0.00561954858827197,-0.009710882991303774,0.005995304125284883,-0.00796303854762245,0.011999959516451913,0.0059872085398895445,-0.004037420960967755,-0.010744545632780145,0.011325468971216585,-0.007404516226869305,0.007864125323222972,-0.006093157866420788,-0.002716835673544411,-0.0037386374805447598,0.003930854108351848,0.015956018298313727,0.009982113734192052,0.009358606755950636,0.011953217042064417,-0.009621000700408586,1,-0.004721599350389398,0.013978859631651262,-0.0042107793495314945,-0.008703284974528575,-0.007062911077699014,0.011133065483085321,0.011329452757268672,-0.008589083168805788,0.0019326482244335038,0.0158200200688837,0.009498423631960977,0.01195291076740495,-0.005249757591979805,-0.01233519240559282,0.015793330054614082,0.01599968840008531,0.00788667981206279,-0.010355697238878019,0.015805788263140788,0.005803344446667585,-0.007393733753855734,0.005987254409392254,-0.006847016984476426,0.013995150332656177,0.0019677875984604786,-0.005543303452634303,0.017648835380147783,-0.00845831751908539,-0.010001903339668767,0.013988855272715543,-0.006397055466292725,-0.005641574008645228,0.011769485908493,0.011159411474812421,-0.004020835083526203,0.011719689466597464,-0.0010536009278155805,0.003971301531009405,0.007912066891087453,0.00583556365391239,0.009996717108036138,0.007847878399368279,-0.004188706725541589,-0.0038242070660700466,-0.002446134140661866,-0.006224488040566427,-0.0029114694598149993,-0.003270646081033849,0.00997866422309474,-0.007433529745125269,0.009900148420273504,-0.006298010976308825,0.0019899080650087183,-0.012064796350645418,0.00774484751039598,0.013681834623866932,-0.0033815656018011076,-0.0062899444600037005,-0.009445129529149152,-0.005964667298397569,0.009811746775582572,0.007994772045388338,0.015782833341154504,0.003986718010264703,0.013699401173729267,-0.003312792624046864,-0.0005386463494409551,agent48,-0.7019013712465613
-0.7138241676608096,-0.00380934735809498,-0.004035370295059741,-0.013220405810609914,-0.009109197358213156,-0.004712139967715855,-0.00768649020901715,-0.0061478434355479936,0.005812713029474224,0.007998966603262391,-0.0056276225057563176,-0.010361192910531806,0.0,-0.00561954858827197,-0.009710882991303774,0.005995304125284883,-0.00796303854762245,0.011999959516451913,0.0059872085398895445,-0.004037420960967755,-0.010744545632780145,0.01328423073941162,-0.007404516226869305,0.007864125323222972,-0.006093157866420788,-0.002716835673544411,-0.0037386374805447598,0.003930854108351848,0.015956018298313727,0.009982113734192052,0.009358606755950636,0.011953217042064417,-0.009621000700408586,1,-0.004721599350389398,0.013978859631651262,-0.0042107793495314945,-0.008703284974528575,-0.007062911077699014,0.011133065483085321,0.011329452757268672,-0.008589083168805788,0.0019326482244335038,0.0158200200688837,0.009498423631960977,0.01195291076740495,-0.005249757591979805,-0.01233519240559282,0.015793330054614082,0.01599968840008531,0.00788667981206279,-0.010355697238878019,0.015805788263140788,0.005803344446667585,-0.007393733753855734,0.005987254409392254,-0.006847016984476426,0.013995150332656177,0.0019677875984604786,-0.005543303452634303,0.017648835380147783,-0.00845831751908539,-0.010001903339668767,0.013988855272715543,-0.006397055466292725,-0.005641574008645228,0.011769485908493,0.011159411474812421,-0.004020835083526203,0.011719689466597464,-0.0010536009278155805,0.003971301531009405,0.007912066891087453,0.00583556365391239,0.009996717108036138,0.007847878399368279,-0.004188706725541589,-0.0038242070660700466,-0.002446134140661866,-0.006224488040566427,-0.0029114694598149993,-0.003270646081033849,0.00997866422309474,-0.007433529745125269,0.009900148420273504,-0.006298010976308825,0.0019899080650087183,-0.012064796350645418,0.00774484751039598,0.013681834623866932,-0.0033815656018011076,-0.0062899444600037005,-0.009445129529149152,-0.005964667298397569,0.009811746775582572,0.007994772045388338,0.015782833341154504,0.003986718010264703,0.013699401173729267,-0.003312792624046864,-0.0005386463494409551,agent20,-1
-0.7148361208778516,-0.00380934735809498,-0.004035370295059741,-0.013220405810609914,-0.009109197358213156,-0.004712139967715855,-0.00768649020901715,-0.0061478434355479936,0.005812713029474224,0.007998966603262391,-0.0056276225057563176,-0.010361192910531806,0.0,-0.00561954858827197,-0.009710882991303774,0.005995304125284883,-0.00796303854762245,0.011999959516451913,0.0059872085398895445,-0.004037420960967755,-0.010744545632780145,0.01328423073941162,-0.007404516226869305,0.007864125323222972,-0.006093157866420788,-0.002716835673544411,-0.0037386374805447598,0.003930854108351848,0.015956018298313727,0.009982113734192052,0.009358606755950636,0.013945472730209709,-0.009621000700408586,1,-0.004721599350389398,0.013978859631651262,-0.0042107793495314945,-0.008703284974528575,-0.007062911077699014,0.011133065483085321,0.011329452757268672,-0.008589083168805788,0.0019326482244335038,0.0158200200688837,0.009498423631960977,0.01195291076740495,-0.005249757591979805,-0.01233519240559282,0.015793330054614082,0.01599968840008531,0.00788667981206279,-0.010355697238878019,0.015805788263140788,0.005803344446667585,-0.007393733753855734,0.005987254409392254,-0.006847016984476426,0.013995150332656177,0.0019677875984604786,-0.005543303452634303,0.017648835380147783,-0.00845831751908539,-0.010001903339668767,0.013988855272715543,-0.006397055466292725,-0.005641574008645228,0.011769485908493,0.011159411474812421,-0.004020835083526203,0.011719689466597464,-0.0010536009278155805,0.003971301531009405,0.007912066891087453,0.00583556365391239,0.009996717108036138,0.007847878399368279,-0.004188706725541589,-0.0038242070660700466,-0.002446134140661866,-0.006224488040566427,-0.0029114694598149993,-0.003270646081033849,0.00997866422309474,-0.007433529745125269,0.009900148420273504,-0.006298010976308825,0.0019899080650087183,-0.012064796350645418,0.00774484751039598,0.013681834623866932,-0.0033815656018011076,-0.0062899444600037005,-0.009445129529149152,-0.005964667298397569,0.009811746775582572,0.007994772045388338,0.015782833341154504,0.003986718010264703,0.013699401173729267,-0.003312792624046864,-0.0005386463494409551,agent30,-0.8382774669718958
-0.7158435544075967,-0.00380934735809498,-0.004035370295059741,-0.013220405810609914,-0.009109197358213156,-0.004712139967715855,-0.00768649020901715,-0.0061478434355479936,0.005812713029474224,0.007998966603262391,-0.0056276225057563176,-0.010361192910531806,0.0,-0.00561954858827197,-0.009710882991303774,0.005995304125284883,-0.00796303854762245,0.011999959516451913,0.0059872085398895445,-0.004037420960967755,-0.010744545632780145,0.01328423073941162,-0.007404516226869305,0.007864125323222972,-0.006093157866420788,-0.002716835673544411,-0.0037386374805447598,0.003930854108351848,0.015956018298313727,0.009982113734192052,0.009358606755950636,0.013945472730209709,-0.009621000700408586,1,-0.004721599350389398,0.013978859631651262,-0.0042107793495314945,-0.008703284974528575,-0.007062911077699014,0.011133065483085321,0.011329452757268672,-0.008589083168805788,0.0019326482244335038,0.0158200200688837,0.009498423631960977,0.01195291076740495,-0.005249757591979805,-0.01233519240559282,0.015793330054614082,0.01599968840008531,0.00788667981206279,-0.010355697238878019,0.015805788263140788,0.005803344446667585,-0.007393733753855734,0.005987254409392254,-0.006847016984476426,0.013995150332656177,0.0019677875984604786,-0.005543303452634303,0.017648835380147783,-0.00845831751908539,-0.010001903339668767,0.013988855272715543,-0.006397055466292725,-0.005641574008645228,0.011769485908493,0.011159411474812421,-0.004020835083526203,0.011719689466597464,-0.0010536009278155805,0.003971301531009405,0.007912066891087453,0.00583556365391239,0.009996717108036138,0.007847878399368279,-0.004188706725541589,-0.0038242070660700466,-0.002446134140661866,-0.006224488040566427,-0.0029114694598149993,-0.003270646081033849,0.00997866422309474,-0.00796319828439157,0.009900148420273504,-0.006298010976308825,0.0019899080650087183,-0.012064796350645418,0.00774484751039598,0.013681834623866932,-0.0033815656018011076,-0.0062899444600037005,-0.009445129529149152,-0.005964667298397569,0.009811746775582572,0.007994772045388338,0.015782833341154504,0.003986718010264703,0.013699401173729267,-0.003312792624046864,-0.0005386463494409551,agent82,1
-0.71685141853292,-0.00380934735809498,-0.004035370295059741,-0.013220405810609914,-0.009109197358213156,-0.004712139967715855,-0.00768649020901715,-0.0061478434355479936,0.005812713029474224,0.007998966603262391,-0.0056276225057563176,-0.010361192910531806,0.0,-0.00561954858827197,-0.009710882991303774,0.005995304125284883,-0.00796303854762245,0.011999959516451913,0.0059872085398895445,-0.004037420960967755,-0.010744545632780145,0.01328423073941162,-0.007404516226869305,0.009830453985437257,-0.006093157866420788,-0.002716835673544411,-0.0037386374805447598,0.003930854108351848,0.015956018298313727,0.009982113734192052,0.009358606755950636,0.013945472730209709,-0.009621000700408586,1,-0.004721599350389398,0.013978859631651262,-0.0042107793495314945,-0.008703284974528575,-0.007062911077699014,0.011133065483085321,0.011329452757268672,-0.008589083168805788,0.0019326482244335038,0.0158200200688837,0.009498423631960977,0.01195291076740495,-0.005249757591979805,-0.01233519240559282,0.015793330054614082,0.01599968840008531,0.00788667981206279,-0.010355697238878019,0.015805788263140788,0.005803344446667585,-0.007393733753855734,0.005987254409392254,-0.006847016984476426,0.013995150332656177,0.0019677875984604786,-0.005543303452634303,0.017648835380147783,-0.00845831751908539,-0.010001903339668767,0.013988855272715543,-0.006397055466292725,-0.005641574008645228,0.011769485908493,0.011159411474812421,-0.004020835083526203,0.011719689466597464,-0.0010536009278155805,0.003971301531009405,0.007912066891087453,0.00583556365391239,0.009996717108036138,0.007847878399368279,-0.004188706725541589,-0.0038242070660700466,-0.002446134140661866,-0.006224488040566427,-0.0029114694598149993,-0.003270646081033849,0.00997866422309474,-0.00796319828439157,0.009900148420273504,-0.006298010976308825,0.0019899080650087183,-0.012064796350645418,0.00774484751039598,0.013681834623866932,-0.0033815656018011076,-0.0062899444600037005,-0.009445129529149152,-0.005964667298397569,0.009811746775582572,0.007994772045388338,0.015782833341154504,0.003986718010264703,0.013699401173729267,-0.003312792624046864,-0.0005386463494409551,agent22,-0.4563388809016456
-0.7178574057873294,-0.00380934735809498,-0.004035370295059741,-0.013220405810609914,-0.009109197358213156,-0.004712139967715855,-0.00768649020901715,-0.0061478434355479936,0.005812713029474224,0.007998966603262391,-0.0056276225057563176,-0.010361192910531806,0.0,-0.00561954858827197,-0.009710882991303774,0.005995304125284883,-0.00796303854762245,0.011999959516451913,0.0059872085398895445,-0.004037420960967755,-0.010744545632780145,0.01328423073941162,-0.007404516226869305,0.009830453985437257,-0.006093157866420788,-0.002716835673544411,-0.0037386374805447598,0.003930854108351848,0.015956018298313727,0.009982113734192052,0.009358606755950636,0.013945472730209709,-0.009621000700408586,1,-0.004721599350389398,0.013978859631651262,-0.0042107793495314945,-0.008703284974528575,-0.007062911077699014,0.011133065483085321,0.011329452757268672,-0.008589083168805788,0.0019326482244335038,0.0158200200688837,0.009498423631960977,0.01195291076740495,-0.005249757591979805,-0.01233519240559282,0.015793330054614082,0.01599968840008531,0.00788667981206279,-0.010355697238878019,0.015805788263140788,0.005803344446667585,-0.007393733753855734,0.007983132777658716,-0.006847016984476426,0.013995150332656177,0.0019677875984604786,-0.005543303452634303,0.017648835380147783,-0.00845831751908539,-0.010001903339668767,0.013988855272715543,-0.006397055466292725,-0.005641574008645228,0.011769485908493,0.011159411474812421,-0.004020835083526203,0.011719689466597464,-0.0010536009278155805,0.003971301531009405,0.007912066891087453,0.00583556365391239,0.009996717108036138,0.007847878399368279,-0.004188706725541589,-0.0038242070660700466,-0.002446134140661866,-0.006224488040566427,-0.0029114694598149993,-0.003270646081033849,0.00997866422309474,-0.00796319828439157,0.009900148420273504,-0.006298010976308825,0.0019899080650087183,-0.012064796350645418,0.00774484751039598,0.013681834623866932,-0.0033815656018011076,-0.0062899444600037005,-0.009445129529149152,-0.005964667298397569,0.009811746775582572,0.007994772045388338,0.015782833341154504,0.003986718010264703,0.013699401173729267,-0.003312792624046864,-0.0005386463494409551,agent54,-0.6260589988764631
-0.7188654005593748,-0.00380934735809498,-0.004035370295059741,-0.013220405810609914,-0.009109197358213156,-0.004712139967715855,-0.00768649020901715,-0.0061478434355479936,0.005812713029474224,0.007998966603262391,-0.0056276225057563176,-0.010361192910531806,0.0,-0.00561954858827197,-0.009710882991303774,0.005995304125284883,-0.00796303854762245,0.011999959516451913,0.0059872085398895445,-0.004037420960967755,-0.010744545632780145,0.01328423073941162,-0.007404516226869305,0.009830453985437257,-0.006093157866420788,-0.002716835673544411,-0.0037386374805447598,0.003930854108351848,0.015956018298313727,0.009982113734192052,0.009358606755950636,0.013945472730209709,-0.009621000700408586,1,-0.004721599350389398,0.013978859631651262,-0.0042107793495314945,-0.008703284974528575,-0.007062911077699014,0.011133065483085321,0.011329452757268672,-0.008589083168805788,0.0019326482244335038,0.0158200200688837,0.009498423631960977,0.01195291076740495,-0.005249757591979805,-0.01233519240559282,0.015793330054614082,0.01599968840008531,0.00788667981206279,-0.010355697238878019,0.015805788263140788,0.005803344446667585,-0.007393733753855734,0.007983132777658716,-0.006847016984476426,0.013995150332656177,0.0019677875984604786,-0.005543303452634303,0.017648835380147783,-0.00845831751908539,-0.010001903339668767,0.013988855272715543,-0.006397055466292725,-0.005641574008645228,0.011769485908493,0.011159411474812421,-0.004020835083526203,0.011719689466597464,-0.0010536009278155805,0.003971301531009405,0.007912066891087453,0.00583556365391239,0.009996717108036138,0.007847878399368279,-0.004188706725541589,-0.0038242070660700466,-0.002446134140661866,-0.006224488040566427,-0.0029114694598149993,-0.003270646081033849,0.00997866422309474,-0.00796319828439157,0.009900148420273504,-0.006298010976308825,0.0019899080650087183,-0.012064796350645418,0.00774484751039598,0.013681834623866932,-0.0033815656018011076,-0.0062899444600037005,-0.009445129529149152,-0.005964667298397569,0.009811746775582572,0.009993466598077174,0.015782833341154504,0.003986718010264703,0.013699401173729267,-0.003312792624046864,-0.0005386463494409551,agent94,-0.6667604917677338
-0.7198741038443492,-0.00380934735809498,-0.004035370295059741,-0.013220405810609914,-0.009109197358213156,-0.004712139967715855,-0.00768649020901715,-0.0061478434355479936,0.005812713029474224,0.007998966603262391,-0.0056276225057563176,-0.010361192910531806,0.0,-0.00561954858827197,-0.009710882991303774,0.005995304125284883,-0.00796303854762245,0.011999959516451913,0.0059872085398895445,-0.004037420960967755,-0.010744545632780145,0.01328423073941162,-0.007404516226869305,0.009830453985437257,-0.006093157866420788,-0.002716835673544411,-0.0037386374805447598,0.003930854108351848,0.015956018298313727,0.009982113734192052,0.009358606755950636,0.013945472730209709,-0.009621000700408586,1,-0.004721599350389398,0.013978859631651262,-0.0042107793495314945,-0.009865412994323029,-0.007062911077699014,0.011133065483085321,0.011329452757268672,-0.008589083168805788,0.0019326482244335038,0.0158200200688837,0.009498423631960977,0.01195291076740495,-0.005249757591979805,-0.01233519240559282,0.015793330054614082,0.01599968840008531,0.00788667981206279,-0.010355697238878019,0.015805788263140788,0.005803344446667585,-0.007393733753855734,0.007983132777658716,-0.006847016984476426,0.013995150332656177,0.0019677875984604786,-0.005543303452634303,0.017648835380147783,-0.00845831751908539,-0.010001903339668767,0.013988855272715543,-0.006397055466292725,-0.005641574008645228,0.011769485908493,0.011159411474812421,-0.004020835083526203,0.011719689466597464,-0.0010536009278155805,0.003971301531009405,0.007912066891087453,0.00583556365391239,0.009996717108036138,0.007847878399368279,-0.004188706725541589,-0.0038242070660700466,-0.002446134140661866,-0.006224488040566427,-0.0029114694598149993,-0.003270646081033849,0.00997866422309474,-0.00796319828439157,0.009900148420273504,-0.006298010976308825,0.0019899080650087183,-0.012064796350645418,0.00774484751039598,0.013681834623866932,-0.0033815656018011076,-0.0062899444600037005,-0.009445129529149152,-0.005964667298397569,0.009811746775582572,0.009993466598077174,0.015782833341154504,0.003986718010264703,0.013699401173729267,-0.003312792624046864,-0.0005386463494409551,agent36,0.5756398950694582
-0.7208760716319477,-0.00380934735809498,-0.004035370295059741,-0.013220405810609914,-0.009109197358213156,-0.004712139967715855,-0.00768649020901715,-0.0061478434355479936,0.005812713029474224,0.007998966603262391,-0.0056276225057563176,-0.010361192910531806,0.0,-0.00561954858827197,-0.009710882991303774,0.005995304125284883,-0.00796303854762245,0.011999959516451913,0.0059872085398895445,-0.004037420960967755,-0.010744545632780145,0.01328423073941162,-0.007404516226869305,0.009830453985437257,-0.006093157866420788,-0.002716835673544411,-0.0037386374805447598,0.003930854108351848,0.015956018298313727,0.009982113734192052,0.009358606755950636,0.013945472730209709,-0.009621000700408586,1,-0.004721599350389398,0.013978859631651262,-0.0042107793495314945,-0.009865412994323029,-0.007062911077699014,0.011133065483085321,0.011329452757268672,-0.008589083168805788,0.0019326482244335038,0.0158200200688837,0.009498423631960977,0.01195291076740495,-0.005249757591979805,-0.01233519240559282,0.015793330054614082,0.01599968840008531,0.00788667981206279,-0.010355697238878019,0.015805788263140788,0.005803344446667585,-0.007393733753855734,0.007983132777658716,-0.006847016984476426,0.013995150332656177,0.00393458597031693,-0.005543303452634303,0.017648835380147783,-0.00845831751908539,-0.010001903339668767,0.013988855272715543,-0.006397055466292725,-0.005641574008645228,0.011769485908493,0.011159411474812421,-0.004020835083526203,0.011719689466597464,-0.0010536009278155805,0.003971301531009405,0.007912066891087453,0.00583556365391239,0.009996717108036138,0.007847878399368279,-0.004188706725541589,-0.0038242070660700466,-0.002446134140661866,-0.006224488040566427,-0.0029114694598149993,-0.003270646081033849,0.00997866422309474,-0.00796319828439157,0.009900148420273504,-0.006298010976308825,0.0019899080650087183,-0.012064796350645418,0.00774484751039598,0.013681834623866932,-0.0033815656018011076,-0.0062899444600037005,-0.009445129529149152,-0.005964667298397569,0.009811746775582572,0.009993466598077174,0.015782833341154504,0.003986718010264703,0.013699401173729267,-0.003312792624046864,-0.0005386463494409551,agent57,-0.9775623967237451
-0.721887401084705,-0.00380934735809498,-0.004035370295059741,-0.013220405810609914,-0.009109197358213156,-0.004712139967715855,-0.00768649020901715,-0.0061478434355479936,0.005812713029474224,0.007998966603262391,-0.0056276225057563176,-0.010361192910531806,0.0,-0.00561954858827197,-0.009710882991303774,0.005995304125284883,-0.00796303854762245,0.011999959516451913,0.0059872085398895445,-0.004037420960967755,-0.010744545632780145,0.01328423073941162,-0.007404516226869305,0.009830453985437257,-0.006093157866420788,-0.002716835673544411,-0.0037386374805447598,0.003930854108351848,0.015956018298313727,0.009982113734192052,0.009358606755950636,0.013945472730209709,-0.009621000700408586,1,-0.004721599350389398,0.013978859631651262,-0.0042107793495314945,-0.009865412994323029,-0.007062911077699014,0.011133065483085321,0.013290497673574864,-0.008589083168805788,0.0019326482244335038,0.0158200200688837,0.009498423631960977,0.01195291076740495,-0.005249757591979805,-0.01233519240559282,0.015793330054614082,0.01599968840008531,0.00788667981206279,-0.010355697238878019,0.015805788263140788,0.005803344446667585,-0.007393733753855734,0.007983132777658716,-0.006847016984476426,0.013995150332656177,0.00393458597031693,-0.005543303452634303,0.017648835380147783,-0.00845831751908539,-0.010001903339668767,0.013988855272715543,-0.006397055466292725,-0.005641574008645228,0.011769485908493,0.011159411474812421,-0.004020835083526203,0.011719689466597464,-0.0010536009278155805,0.003971301531009405,0.007912066891087453,0.00583556365391239,0.009996717108036138,0.007847878399368279,-0.004188706725541589,-0.0038242070660700466,-0.002446134140661866,-0.006224488040566427,-0.0029114694598149993,-0.003270646081033849,0.00997866422309474,-0.00796319828439157,0.009900148420273504,-0.006298010976308825,0.0019899080650087183,-0.012064796350645418,0.00774484751039598,0.013681834623866932,-0.0033815656018011076,-0.0062899444600037005,-0.009445129529149152,-0.005964667298397569,0.009811746775582572,0.009993466598077174,0.015782833341154504,0.003986718010264703,0.013699401173729267,-0.003312792624046864,-0.0005386463494409551,agent39,-1
-0.722897397801813,-0.00380934735809498,-0.004035370295059741,-0.013220405810609914,-0.009109197358213156,-0.004712139967715855,-0.00768649020901715,-0.0061478434355479936,0.005812713029474224,0.007998966603262391,-0.0056276225057563176,-0.010361192910531806,0.0,-0.00561954858827197,-0.009710882991303774,0.005995304125284883,-0.00796303854762245,0.011999959516451913,0.0059872085398895445,-0.004037420960967755,-0.010744545632780145,0.01328423073941162,-0.007404516226869305,0.009830453985437257,-0.006093157866420788,-0.002716835673544411,-0.0037386374805447598,0.003930854108351848,0.015956018298313727,0.009982113734192052,0.009358606755950636,0.013945472730209709,-0.009621000700408586,1,-0.004721599350389398,0.013978859631651262,-0.0042107793495314945,-0.009865412994323029,-0.007062911077699014,0.011133065483085321,0.013290497673574864,-0.008589083168805788,0.0019326482244335038,0.0158200200688837,0.009498423631960977,0.01195291076740495,-0.005249757591979805,-0.01233519240559282,0.015793330054614082,0.01599968840008531,0.00788667981206279,-0.010355697238878019,0.015805788263140788,0.005803344446667585,-0.007393733753855734,0.007983132777658716,-0.006847016984476426,0.013995150332656177,0.00393458597031693,-0.005543303452634303,0.017648835380147783,-0.00845831751908539,-0.010001903339668767,0.013988855272715543,-0.006397055466292725,-0.005641574008645228,0.011769485908493,0.011159411474812421,-0.004020835083526203,0.011719689466597464,-0.0010536009278155805,0.003971301531009405,0.007912066891087453,0.00583556365391239,0.011996054294104478,0.007847878399368279,-0.004188706725541589,-0.0038242070660700466,-0.002446134140661866,-0.006224488040566427,-0.0029114694598149993,-0.003270646081033849,0.00997866422309474,-0.00796319828439157,0.009900148420273504,-0.006298010976308825,0.0019899080650087183,-0.012064796350645418,0.00774484751039598,0.013681834623866932,-0.0033815656018011076,-0.0062899444600037005,-0.009445129529149152,-0.005964667298397569,0.009811746775582572,0.009993466598077174,0.015782833341154504,0.003986718010264703,0.013699401173729267,-0.003312792624046864,-0.0005386463494409551,agent73,-0.7582965738756493
-0.723908530867296,-0.00380934735809498,-0.004035370295059741,-0.013220405810609914,-0.009109197358213156,-0.004712139967715855,-0.00768649020901715,-0.0061478434355479936,0.005812713029474224,0.007998966603262391,-0.0056276225057563176,-0.010361192910531806,0.0,-0.00561954858827197,-0.009710882991303774,0.005995304125284883,-0.00796303854762245,0.011999959516451913,0.0059872085398895445,-0.004037420960967755,-0.010744545632780145,0.01328423073941162,-0.007404516226869305,0.009830453985437257,-0.006093157866420788,-0.002716835673544411,-0.0037386374805447598,0.003930854108351848,0.015956018298313727,0.009982113734192052,0.009358606755950636,0.013945472730209709,-0.009621000700408586,1,-0.004721599350389398,0.013978859631651262,-0.0042107793495314945,-0.009865412994323029,-0.007062911077699014,0.013094672557012818,0.013290497673574864,-0.008589083168805788,0.0019326482244335038,0.0158200200688837,0.009498423631960977,0.01195291076740495,-0.005249757591979805,-0.01233519240559282,0.015793330054614082,0.01599968840008531,0.00788667981206279,-0.010355697238878019,0.015805788263140788,0.005803344446667585,-0.007393733753855734,0.007983132777658716,-0.006847016984476426,0.013995150332656177,0.00393458597031693,-0.005543303452634303,0.017648835380147783,-0.00845831751908539,-0.010001903339668767,0.013988855272715543,-0.006397055466292725,-0.005641574008645228,0.011769485908493,0.011159411474812421,-0.004020835083526203,0.011719689466597464,-0.0010536009278155805,0.003971301531009405,0.007912066891087453,0.00583556365391239,0.011996054294104478,0.007847878399368279,-0.004188706725541589,-0.0038242070660700466,-0.002446134140661866,-0.006224488040566427,-0.0029114694598149993,-0.003270646081033849,0.00997866422309474,-0.00796319828439157,0.009900148420273504,-0.006298010976308825,0.0019899080650087183,-0.012064796350645418,0.00774484751039598,0.013681834623866932,-0.0033815656018011076,-0.0062899444600037005,-0.009445129529149152,-0.005964667298397569,0.009811746775582572,0.009993466598077174,0.015782833341154504,0.003986718010264703,0.013699401173729267,-0.003312792624046864,-0.0005386463494409551,agent38,-1
-0.7249145261714213,-0.00380934735809498,-0.004035370295059741,-0.013220405810609914,-0.009109197358213156,-0.004712139967715855,-0.00768649020901715,-0.0061478434355479936,0.005812713029474224,0.007998966603262391,-0.0056276225057563176,-0.010361192910531806,0.0,-0.00561954858827197,-0.009710882991303774,0.007993833424146252,-0.00796303854762245,0.011999959516451913,0.0059872085398895445,-0.004037420960967755,-0.010744545632780145,0.01328423073941162,-0.007404516226869305,0.009830453985437257,-0.006093157866420788,-0.002716835673544411,-0.0037386374805447598,0.003930854108351848,0.015956018298313727,0.009982113734192052,0.009358606755950636,0.013945472730209709,-0.009621000700408586,1,-0.004721599350389398,0.013978859631651262,-0.0042107793495314945,-0.009865412994323029,-0.007062911077699014,0.013094672557012818,0.013290497673574864,-0.008589083168805788,0.0019326482244335038,0.0158200200688837,0.009498423631960977,0.01195291076740495,-0.005249757591979805,-0.01233519240559282,0.015793330054614082,0.01599968840008531,0.00788667981206279,-0.010355697238878019,0.015805788263140788,0.005803344446667585,-0.007393733753855734,0.007983132777658716,-0.006847016984476426,0.013995150332656177,0.00393458597031693,-0.005543303452634303,0.017648835380147783,-0.00845831751908539,-0.010001903339668767,0.013988855272715543,-0.006397055466292725,-0.005641574008645228,0.011769485908493,0.011159411474812421,-0.004020835083526203,0.011719689466597464,-0.0010536009278155805,0.003971301531009405,0.007912066891087453,0.00583556365391239,0.011996054294104478,0.007847878399368279,-0.004188706725541589,-0.0038242070660700466,-0.002446134140661866,-0.006224488040566427,-0.0029114694598149993,-0.003270646081033849,0.00997866422309474,-0.00796319828439157,0.009900148420273504,-0.006298010976308825,0.0019899080650087183,-0.012064796350645418,0.00774484751039598,0.013681834623866932,-0.0033815656018011076,-0.0062899444600037005,-0.009445129529149152,-0.005964667298397569,0.009811746775582572,0.009993466598077174,0.015782833341154504,0.003986718010264703,0.013699401173729267,-0.003312792624046864,-0.0005386463494409551,agent14,-0.6696738346179066
-0.7259215890824989,-0.00380934735809498,-0.004035370295059741,-0.013220405810609914,-0.009109197358213156,-0.004712139967715855,-0.00768649020901715,-0.0061478434355479936,0.005812713029474224,0.007998966603262391,-0.0056276225057563176,-0.010361192910531806,0.0,-0.00561954858827197,-0.009710882991303774,0.007993833424146252,-0.00796303854762245,0.011999959516451913,0.0059872085398895445,-0.004037420960967755,-0.010744545632780145,0.01328423073941162,-0.007404516226869305,0.009830453985437257,-0.006093157866420788,-0.002716835673544411,-0.0037386374805447598,0.003930854108351848,0.015956018298313727,0.009982113734192052,0.009358606755950636,0.013945472730209709,-0.009621000700408586,1,-0.004721599350389398,0.013978859631651262,-0.0042107793495314945,-0.009865412994323029,-0.007575246016400424,0.013094672557012818,0.013290497673574864,-0.008589083168805788,0.0019326482244335038,0.0158200200688837,0.009498423631960977,0.01195291076740495,-0.005249757591979805,-0.01233519240559282,0.015793330054614082,0.01599968840008531,0.00788667981206279,-0.010355697238878019,0.015805788263140788,0.005803344446667585,-0.007393733753855734,0.007983132777658716,-0.006847016984476426,0.013995150332656177,0.00393458597031693,-0.005543303452634303,0.017648835380147783,-0.00845831751908539,-0.010001903339668767,0.013988855272715543,-0.006397055466292725,-0.005641574008645228,0.011769485908493,0.011159411474812421,-0.004020835083526203,0.011719689466597464,-0.0010536009278155805,0.003971301531009405,0.007912066891087453,0.00583556365391239,0.011996054294104478,0.007847878399368279,-0.004188706725541589,-0.0038242070660700466,-0.002446134140661866,-0.006224488040566427,-0.0029114694598149993,-0.003270646081033849,0.00997866422309474,-0.00796319828439157,0.009900148420273504,-0.006298010976308825,0.0019899080650087183,-0.012064796350645418,0.00774484751039598,0.013681834623866932,-0.0033815656018011076,-0.0062899444600037005,-0.009445129529149152,-0.005964667298397569,0.009811746775582572,0.009993466598077174,0.015782833341154504,0.003986718010264703,0.013699401173729267,-0.003312792624046864,-0.0005386463494409551,agent37,1
-0.7269295722152765,-0.00380934735809498,-0.004035370295059741,-0.013220405810609914,-0.009109197358213156,-0.004712139967715855,-0.00768649020901715,-0.0061478434355479936,0.005812713029474224,0.007998966603262391,-0.0056276225057563176,-0.010361192910531806,0.0,-0.00561954858827197,-0.009710882991303774,0.007993833424146252,-0.00796303854762245,0.011999959516451913,0.0059872085398895445,-0.004037420960967755,-0.010744545632780145,0.01328423073941162,-0.007404516226869305,0.009830453985437257,-0.006093157866420788,-0.002716835673544411,-0.0037386374805447598,0.003930854108351848,0.015956018298313727,0.009982113734192052,0.009358606755950636,0.013945472730209709,-0.009621000700408586,1,-0.004721599350389398,0.013978859631651262,-0.0042107793495314945,-0.009865412994323029,-0.007575246016400424,0.013094672557012818,0.013290497673574864,-0.008589083168805788,0.0019326482244335038,0.0158200200688837,0.009498423631960977,0.01195291076740495,-0.005249757591979805,-0.01233519240559282,0.015793330054614082,0.01599968840008531,0.00788667981206279,-0.010355697238878019,0.015805788263140788,0.005803344446667585,-0.007393733753855734,0.009978919372489289,-0.006847016984476426,0.013995150332656177,0.00393458597031693,-0.005543303452634303,0.017648835380147783,-0.00845831751908539,-0.010001903339668767,0.013988855272715543,-0.006397055466292725,-0.005641574008645228,0.011769485908493,0.011159411474812421,-0.004020835083526203,0.011719689466597464,-0.0010536009278155805,0.003971301531009405,0.007912066891087453,0.00583556365391239,0.011996054294104478,0.007847878399368279,-0.004188706725541589,-0.0038242070660700466,-0.002446134140661866,-0.006224488040566427,-0.0029114694598149993,-0.003270646081033849,0.00997866422309474,-0.00796319828439157,0.009900148420273504,-0.006298010976308825,0.0019899080650087183,-0.012064796350645418,0.00774484751039598,0.013681834623866932,-0.0033815656018011076,-0.0062899444600037005,-0.009445129529149152,-0.005964667298397569,0.009811746775582572,0.009993466598077174,0.015782833341154504,0.003986718010264703,0.013699401173729267,-0.003312792624046864,-0.0005386463494409551,agent54,-0.6341239293146502
-0.7279381612984454,-0.00380934735809498,-0.004035370295059741,-0.013220405810609914,-0.009109197358213156,-0.004712139967715855,-0.00768649020901715,-0.0061478434355479936,0.005812713029474224,0.007998966603262391,-0.0056276225057563176,-0.010361192910531806,0.0,-0.00561954858827197,-0.009710882991303774,0.007993833424146252,-0.00796303854762245,0.011999959516451913,0.0059872085398895445,-0.004037420960967755,-0.010744545632780145,0.01328423073941162,-0.007404516226869305,0.009830453985437257,-0.006093157866420788,-0.002716835673544411,-0.0037386374805447598,0.003930854108351848,0.015956018298313727,0.009982113734192052,0.009358606755950636,0.013945472730209709,-0.009621000700408586,1,-0.004721599350389398,0.013978859631651262,-0.0042107793495314945,-0.009865412994323029,-0.007575246016400424,0.013094672557012818,0.013290497673574864,-0.00952120707067098,0.0019326482244335038,0.0158200200688837,0.009498423631960977,0.01195291076740495,-0.005249757591979805,-0.01233519240559282,0.015793330054614082,0.01599968840008531,0.00788667981206279,-0.010355697238878019,0.015805788263140788,0.005803344446667585,-0.007393733753855734,0.009978919372489289,-0.006847016984476426,0.013995150332656177,0.00393458597031693,-0.005543303452634303,0.017648835380147783,-0.00845831751908539,-0.010001903339668767,0.013988855272715543,-0.006397055466292725,-0.005641574008645228,0.011769485908493,0.011159411474812421,-0.004020835083526203,0.011719689466597464,-0.0010536009278155805,0.003971301531009405,0.007912066891087453,0.00583556365391239,0.011996054294104478,0.007847878399368279,-0.004188706725541589,-0.0038242070660700466,-0.002446134140661866,-0.006224488040566427,-0.0029114694598149993,-0.003270646081033849,0.00997866422309474,-0.00796319828439157,0.009900148420273504,-0.006298010976308825,0.0019899080650087183,-0.012064796350645418,0.00774484751039598,0.013681834623866932,-0.0033815656018011076,-0.0062899444600037005,-0.009445129529149152,-0.005964667298397569,0.009811746775582572,0.009993466598077174,0.015782833341154504,0.003986718010264703,0.013699401173729267,-0.003312792624046864,-0.0005386463494409551,agent40,0.7344917210022602
-0.728951381704256,-0.00380934735809498,-0.004035370295059741,-0.013913051753766783,-0.009109197358213156,-0.004712139967715855,-0.00768649020901715,-0.0061478434355479936,0.005812713029474224,0.007998966603262391,-0.0056276225057563176,-0.010361192910531806,0.0,-0.00561954858827197,-0.009710882991303774,0.007993833424146252,-0.00796303854762245,0.011999959516451913,0.0059872085398895445,-0.004037420960967755,-0.010744545632780145,0.01328423073941162,-0.007404516226869305,0.009830453985437257,-0.006093157866420788,-0.002716835673544411,-0.0037386374805447598,0.003930854108351848,0.015956018298313727,0.009982113734192052,0.009358606755950636,0.013945472730209709,-0.009621000700408586,1,-0.004721599350389398,0.013978859631651262,-0.0042107793495314945,-0.009865412994323029,-0.007575246016400424,0.013094672557012818,0.013290497673574864,-0.00952120707067098,0.0019326482244335038,0.0158200200688837,0.009498423631960977,0.01195291076740495,-0.005249757591979805,-0.01233519240559282,0.015793330054614082,0.01599968840008531,0.00788667981206279,-0.010355697238878019,0.015805788263140788,0.005803344446667585,-0.007393733753855734,0.009978919372489289,-0.006847016984476426,0.013995150332656177,0.00393458597031693,-0.005543303452634303,0.017648835380147783,-0.00845831751908539,-0.010001903339668767,0.013988855272715543,-0.006397055466292725,-0.005641574008645228,0.011769485908493,0.011159411474812421,-0.004020835083526203,0.011719689466597464,-0.0010536009278155805,0.003971301531009405,0.007912066891087453,0.00583556365391239,0.011996054294104478,0.007847878399368279,-0.004188706725541589,-0.0038242070660700466,-0.002446134140661866,-0.006224488040566427,-0.0029114694598149993,-0.003270646081033849,0.00997866422309474,-0.00796319828439157,0.009900148420273504,-0.006298010976308825,0.0019899080650087183,-0.012064796350645418,0.00774484751039598,0.013681834623866932,-0.0033815656018011076,-0.0062899444600037005,-0.009445129529149152,-0.005964667298397569,0.009811746775582572,0.009993466598077174,0.015782833341154504,0.003986718010264703,0.013699401173729267,-0.003312792624046864,-0.0005386463494409551,agent2,0.8890677489215089
-0.7299621262498888,-0.00380934735809498,-0.004035370295059741,-0.013913051753766783,-0.009109197358213156,-0.004712139967715855,-0.00768649020901715,-0.0061478434355479936,0.005812713029474224,0.007998966603262391,-0.0056276225057563176,-0.010361192910531806,0.0,-0.00561954858827197,-0.009710882991303774,0.007993833424146252,-0.00796303854762245,0.011999959516451913,0.0059872085398895445,-0.004037420960967755,-0.011249909192631618,0.01328423073941162,-0.007404516226869305,0.009830453985437257,-0.006093157866420788,-0.002716835673544411,-0.0037386374805447598,0.003930854108351848,0.015956018298313727,0.009982113734192052,0.009358606755950636,0.013945472730209709,-0.009621000700408586,1,-0.004721599350389398,0.013978859631651262,-0.0042107793495314945,-0.009865412994323029,-0.007575246016400424,0.013094672557012818,0.013290497673574864,-0.00952120707067098,0.0019326482244335038,0.0158200200688837,0.009498423631960977,0.01195291076740495,-0.005249757591979805,-0.01233519240559282,0.015793330054614082,0.01599968840008531,0.00788667981206279,-0.010355697238878019,0.015805788263140788,0.005803344446667585,-0.007393733753855734,0.009978919372489289,-0.006847016984476426,0.013995150332656177,0.00393458597031693,-0.005543303452634303,0.017648835380147783,-0.00845831751908539,-0.010001903339668767,0.013988855272715543,-0.006397055466292725,-0.005641574008645228,0.011769485908493,0.011159411474812421,-0.004020835083526203,0.011719689466597464,-0.0010536009278155805,0.003971301531009405,0.007912066891087453,0.00583556365391239,0.011996054294104478,0.007847878399368279,-0.004188706725541589,-0.0038242070660700466,-0.002446134140661866,-0.006224488040566427,-0.0029114694598149993,-0.003270646081033849,0.00997866422309474,-0.00796319828439157,0.009900148420273504,-0.006298010976308825,0.0019899080650087183,-0.012064796350645418,0.00774484751039598,0.013681834623866932,-0.0033815656018011076,-0.0062899444600037005,-0.009445129529149152,-0.005964667298397569,0.009811746775582572,0.009993466598077174,0.015782833341154504,0.003986718010264703,0.013699401173729267,-0.003312792624046864,-0.0005386463494409551,agent19,1
-0.7309681134584286,-0.00380934735809498,-0.004035370295059741,-0.013913051753766783,-0.009109197358213156,-0.004712139967715855,-0.00768649020901715,-0.0061478434355479936,0.005812713029474224,0.007998966603262391,-0.0056276225057563176,-0.010361192910531806,0.0,-0.00561954858827197,-0.009710882991303774,0.007993833424146252,-0.00796303854762245,0.011999959516451913,0.007982917317494707,-0.004037420960967755,-0.011249909192631618,0.01328423073941162,-0.007404516226869305,0.009830453985437257,-0.006093157866420788,-0.002716835673544411,-0.0037386374805447598,0.003930854108351848,0.015956018298313727,0.009982113734192052,0.009358606755950636,0.013945472730209709,-0.009621000700408586,1,-0.004721599350389398,0.013978859631651262,-0.0042107793495314945,-0.009865412994323029,-0.007575246016400424,0.013094672557012818,0.013290497673574864,-0.00952120707067098,0.0019326482244335038,0.0158200200688837,0.009498423631960977,0.01195291076740495,-0.005249757591979805,-0.01233519240559282,0.015793330054614082,0.01599968840008531,0.00788667981206279,-0.010355697238878019,0.015805788263140788,0.005803344446667585,-0.007393733753855734,0.009978919372489289,-0.006847016984476426,0.013995150332656177,0.00393458597031693,-0.005543303452634303,0.017648835380147783,-0.00845831751908539,-0.010001903339668767,0.013988855272715543,-0.006397055466292725,-0.005641574008645228,0.011769485908493,0.011159411474812421,-0.004020835083526203,0.011719689466597464,-0.0010536009278155805,0.003971301531009405,0.007912066891087453,0.00583556365391239,0.011996054294104478,0.007847878399368279,-0.004188706725541589,-0.0038242070660700466,-0.002446134140661866,-0.006224488040566427,-0.0029114694598149993,-0.003270646081033849,0.00997866422309474,-0.00796319828439157,0.009900148420273504,-0.006298010976308825,0.0019899080650087183,-0.012064796350645418,0.00774484751039598,0.013681834623866932,-0.0033815656018011076,-0.0062899444600037005,-0.009445129529149152,-0.005964667298397569,0.009811746775582572,0.009993466598077174,0.015782833341154504,0.003986718010264703,0.013699401173729267,-0.003312792624046864,-0.0005386463494409551,agent17,-0.8226036115017826
-0.7319714262510526,-0.00380934735809498,-0.004035370295059741,-0.013913051753766783,-0.009109197358213156,-0.004712139967715855,-0.00768649020901715,-0.0061478434355479936,0.005812713029474224,0.007998966603262391,-0.0056276225057563176,-0.010361192910531806,0.0,-0.00561954858827197,-0.009710882991303774,0.007993833424146252,-0.00796303854762245,0.011999959516451913,0.007982917317494707,-0.004037420960967755,-0.011249909192631618,0.01328423073941162,-0.007404516226869305,0.009830453985437257,-0.006093157866420788,-0.002716835673544411,-0.0037386374805447598,0.003930854108351848,0.015956018298313727,0.009982113734192052,0.009358606755950636,0.013945472730209709,-0.009621000700408586,1,-0.004721599350389398,0.013978859631651262,-0.0042107793495314945,-0.009865412994323029,-0.007575246016400424,0.013094672557012818,0.013290497673574864,-0.00952120707067098,0.0019326482244335038,0.0158200200688837,0.009498423631960977,0.01195291076740495,-0.005249757591979805,-0.01233519240559282,0.015793330054614082,0.01599968840008531,0.00788667981206279,-0.010355697238878019,0.015805788263140788,0.005803344446667585,-0.007393733753855734,0.009978919372489289,-0.006847016984476426,0.013995150332656177,0.00393458597031693,-0.005543303452634303,0.017648835380147783,-0.00845831751908539,-0.010001903339668767,0.013988855272715543,-0.006397055466292725,-0.005641574008645228,0.011769485908493,0.011159411474812421,-0.004020835083526203,0.011719689466597464,-0.0010536009278155805,0.003971301531009405,0.007912066891087453,0.00583556365391239,0.011996054294104478,0.007847878399368279,-0.004188706725541589,-0.0038242070660700466,-0.002446134140661866,-0.006224488040566427,-0.0029114694598149993,-0.003270646081033849,0.00997866422309474,-0.00796319828439157,0.009900148420273504,-0.006298010976308825,0.0019899080650087183,-0.012064796350645418,0.00774484751039598,0.013681834623866932,-0.0033815656018011076,-0.0062899444600037005,-0.009445129529149152,-0.005964667298397569,0.009811746775582572,0.009993466598077174,0.015782833341154504,0.003986718010264703,0.013699401173729267,-0.004057378493009987,-0.0005386463494409551,agent98,0.8535912139489591
-0.7329854214013852,-0.00380934735809498,-0.004035370295059741,-0.013913051753766783,-0.009109197358213156,-0.004712139967715855,-0.00768649020901715,-0.0061478434355479936,0.005812713029474224,0.007998966603262391,-0.0056276225057563176,-0.010361192910531806,0.0,-0.00561954858827197,-0.009710882991303774,0.007993833424146252,-0.00796303854762245,0.011999959516451913,0.007982917317494707,-0.004037420960967755,-0.011249909192631618,0.01328423073941162,-0.007404516226869305,0.009830453985437257,-0.006093157866420788,-0.002716835673544411,-0.0037386374805447598,0.003930854108351848,0.015956018298313727,0.009982113734192052,0.009358606755950636,0.013945472730209709,-0.009621000700408586,1,-0.004721599350389398,0.013978859631651262,-0.0042107793495314945,-0.009865412994323029,-0.007575246016400424,0.013094672557012818,0.013290497673574864,-0.00952120707067098,0.0019326482244335038,0.0158200200688837,0.009498423631960977,0.01195291076740495,-0.005249757591979805,-0.01233519240559282,0.015793330054614082,0.01599968840008531,0.00788667981206279,-0.010355697238878019,0.015805788263140788,0.005803344446667585,-0.007393733753855734,0.009978919372489289,-0.006847016984476426,0.015994415211872896,0.00393458597031693,-0.005543303452634303,0.017648835380147783,-0.00845831751908539,-0.010001903339668767,0.013988855272715543,-0.006397055466292725,-0.005641574008645228,0.011769485908493,0.011159411474812421,-0.004020835083526203,0.011719689466597464,-0.0010536009278155805,0.003971301531009405,0.007912066891087453,0.00583556365391239,0.011996054294104478,0.007847878399368279,-0.004188706725541589,-0.0038242070660700466,-0.002446134140661866,-0.006224488040566427,-0.0029114694598149993,-0.003270646081033849,0.00997866422309474,-0.00796319828439157,0.009900148420273504,-0.006298010976308825,0.0019899080650087183,-0.012064796350645418,0.00774484751039598,0.013681834623866932,-0.0033815656018011076,-0.0062899444600037005,-0.009445129529149152,-0.005964667298397569,0.009811746775582572,0.009993466598077174,0.015782833341154504,0.003986718010264703,0.013699401173729267,-0.004057378493009987,-0.0005386463494409551,agent56,-0.693627697082344
-0.7339933334682763,-0.00380934735809498,-0.004035370295059741,-0.013913051753766783,-0.009109197358213156,-0.004712139967715855,-0.00768649020901715,-0.0061478434355479936,0.005812713029474224,0.007998966603262391,-0.0056276225057563176,-0.010361192910531806,0.0,-0.00561954858827197,-0.009710882991303774,0.007993833424146252,-0.00796303854762245,0.011999959516451913,0.007982917317494707,-0.004037420960967755,-0.011249909192631618,0.01328423073941162,-0.007404516226869305,0.009830453985437257,-0.006093157866420788,-0.002716835673544411,-0.0037386374805447598,0.003930854108351848,0.015956018298313727,0.009982113734192052,0.009358606755950636,0.013945472730209709,-0.009621000700408586,1,-0.004721599350389398,0.013978859631651262,-0.0042107793495314945,-0.009865412994323029,-0.007575246016400424,0.013094672557012818,0.013290497673574864,-0.00952120707067098,0.0019326482244335038,0.0158200200688837,0.009498423631960977,0.01195291076740495,-0.005249757591979805,-0.01233519240559282,0.015793330054614082,0.01599968840008531,0.00788667981206279,-0.010355697238878019,0.015805788263140788,0.005803344446667585,-0.007393733753855734,0.009978919372489289,-0.006847016984476426,0.015994415211872896,0.00393458597031693,-0.005543303452634303,0.017648835380147783,-0.00845831751908539,-0.010001903339668767,0.013988855272715543,-0.006397055466292725,-0.005641574008645228,0.011769485908493,0.011159411474812421,-0.004020835083526203,0.011719689466597464,-0.0010536009278155805,0.003971301531009405,0.009889910245025241,0.00583556365391239,0.011996054294104478,0.007847878399368279,-0.004188706725541589,-0.0038242070660700466,-0.002446134140661866,-0.006224488040566427,-0.0029114694598149993,-0.003270646081033849,0.00997866422309474,-0.00796319828439157,0.009900148420273504,-0.006298010976308825,0.0019899080650087183,-0.012064796350645418,0.00774484751039598,0.013681834623866932,-0.0033815656018011076,-0.0062899444600037005,-0.009445129529149152,-0.005964667298397569,0.009811746775582572,0.009993466598077174,0.015782833341154504,0.003986718010264703,0.013699401173729267,-0.004057378493009987,-0.0005386463494409551,agent71,-0.9434926472261138
-0.7349996234127363,-0.00380934735809498,-0.004035370295059741,-0.013913051753766783,-0.009109197358213156,-0.004712139967715855,-0.00768649020901715,-0.0061478434355479936,0.005812713029474224,0.007998966603262391,-0.0056276225057563176,-0.010361192910531806,0.0,-0.00561954858827197,-0.009710882991303774,0.007993833424146252,-0.00796303854762245,0.011999959516451913,0.007982917317494707,-0.004037420960967755,-0.011249909192631618,0.01328423073941162,-0.007404516226869305,0.009830453985437257,-0.006093157866420788,-0.002716835673544411,-0.0037386374805447598,0.003930854108351848,0.015956018298313727,0.009982113734192052,0.009358606755950636,0.013945472730209709,-0.009621000700408586,1,-0.004721599350389398,0.013978859631651262,-0.0042107793495314945,-0.009865412994323029,-0.007575246016400424,0.013094672557012818,0.013290497673574864,-0.00952120707067098,0.0019326482244335038,0.0158200200688837,0.009498423631960977,0.01195291076740495,-0.005249757591979805,-0.01233519240559282,0.015793330054614082,0.01599968840008531,0.00788667981206279,-0.010355697238878019,0.015805788263140788,0.005803344446667585,-0.007393733753855734,0.009978919372489289,-0.006847016984476426,0.015994415211872896,0.00393458597031693,-0.005543303452634303,0.017648835380147783,-0.00845831751908539,-0.010001903339668767,0.013988855272715543,-0.006397055466292725,-0.005641574008645228,0.011769485908493,0.011159411474812421,-0.004020835083526203,0.011719689466597464,-0.0010536009278155805,0.003971301531009405,0.009889910245025241,0.00583556365391239,0.011996054294104478,0.007847878399368279,-0.004188706725541589,-0.0038242070660700466,-0.002446134140661866,-0.006224488040566427,-0.0029114694598149993,-0.003270646081033849,0.00997866422309474,-0.00796319828439157,0.009900148420273504,-0.006298010976308825,0.0019899080650087183,-0.012064796350645418,0.00774484751039598,0.013681834623866932,-0.0033815656018011076,-0.006786578019747488,-0.009445129529149152,-0.005964667298397569,0.009811746775582572,0.009993466598077174,0.015782833341154504,0.003986718010264703,0.013699401173729267,-0.004057378493009987,-0.0005386463494409551,agent90,1
-0.7360135364644901,-0.00380934735809498,-0.004035370295059741,-0.014584405053934057,-0.009109197358213156,-0.004712139967715855,-0.00768649020901715,-0.0061478434355479936,0.005812713029474224,0.007998966603262391,-0.0056276225057563176,-0.010361192910531806,0.0,-0.00561954858827197,-0.009710882991303774,0.007993833424146252,-0.00796303854762245,0.011999959516451913,0.007982917317494707,-0.004037420960967755,-0.011249909192631618,0.01328423073941162,-0.007404516226869305,0.009830453985437257,-0.006093157866420788,-0.002716835673544411,-0.0037386374805447598,0.003930854108351848,0.015956018298313727,0.009982113734192052,0.009358606755950636,0.013945472730209709,-0.009621000700408586,1,-0.004721599350389398,0.013978859631651262,-0.0042107793495314945,-0.009865412994323029,-0.007575246016400424,0.013094672557012818,0.013290497673574864,-0.00952120707067098,0.0019326482244335038,0.0158200200688837,0.009498423631960977,0.01195291076740495,-0.005249757591979805,-0.01233519240559282,0.015793330054614082,0.01599968840008531,0.00788667981206279,-0.010355697238878019,0.015805788263140788,0.005803344446667585,-0.007393733753855734,0.009978919372489289,-0.006847016984476426,0.015994415211872896,0.00393458597031693,-0.005543303452634303,0.017648835380147783,-0.00845831751908539,-0.010001903339668767,0.013988855272715543,-0.006397055466292725,-0.005641574008645228,0.011769485908493,0.011159411474812421,-0.004020835083526203,0.011719689466597464,-0.0010536009278155805,0.003971301531009405,0.009889910245025241,0.00583556365391239,0.011996054294104478,0.007847878399368279,-0.004188706725541589,-0.0038242070660700466,-0.002446134140661866,-0.006224488040566427,-0.0029114694598149993,-0.003270646081033849,0.00997866422309474,-0.00796319828439157,0.009900148420273504,-0.006298010976308825,0.0019899080650087183,-0.012064796350645418,0.00774484751039598,0.013681834623866932,-0.0033815656018011076,-0.006786578019747488,-0.009445129529149152,-0.005964667298397569,0.009811746775582572,0.009993466598077174,0.015782833341154504,0.003986718010264703,0.013699401173729267,-0.004057378493009987,-0.0005386463494409551,agent2,0.8951210468646061
-0.7370209301982439,-0.00380934735809498,-0.004035370295059741,-0.014584405053934057,-0.009109197358213156,-0.004712139967715855,-0.00768649020901715,-0.0061478434355479936,0.005812713029474224,0.007998966603262391,-0.0056276225057563176,-0.010361192910531806,0.0,-0.00561954858827197,-0.009710882991303774,0.007993833424146252,-0.00796303854762245,0.011999959516451913,0.007982917317494707,-0.004037420960967755,-0.011249909192631618,0.01328423073941162,-0.007404516226869305,0.009830453985437257,-0.006093157866420788,-0.002716835673544411,-0.0037386374805447598,0.003930854108351848,0.015956018298313727,0.009982113734192052,0.009358606755950636,0.013945472730209709,-0.009621000700408586,1,-0.004721599350389398,0.013978859631651262,-0.0042107793495314945,-0.009865412994323029,-0.007575246016400424,0.013094672557012818,0.013290497673574864,-0.00952120707067098,0.0019326482244335038,0.0158200200688837,0.009498423631960977,0.01195291076740495,-0.005249757591979805,-0.01233519240559282,0.015793330054614082,0.01599968840008531,0.00788667981206279,-0.010355697238878019,0.015805788263140788,0.005803344446667585,-0.007912053556882107,0.009978919372489289,-0.006847016984476426,0.015994415211872896,0.00393458597031693,-0.005543303452634303,0.017648835380147783,-0.00845831751908539,-0.010001903339668767,0.013988855272715543,-0.006397055466292725,-0.005641574008645228,0.011769485908493,0.011159411474812421,-0.004020835083526203,0.011719689466597464,-0.0010536009278155805,0.003971301531009405,0.009889910245025241,0.00583556365391239,0.011996054294104478,0.007847878399368279,-0.004188706725541589,-0.0038242070660700466,-0.002446134140661866,-0.006224488040566427,-0.0029114694598149993,-0.003270646081033849,0.00997866422309474,-0.00796319828439157,0.009900148420273504,-0.006298010976308825,0.0019899080650087183,-0.012064796350645418,0.00774484751039598,0.013681834623866932,-0.0033815656018011076,-0.006786578019747488,-0.009445129529149152,-0.005964667298397569,0.009811746775582572,0.009993466598077174,0.015782833341154504,0.003986718010264703,0.013699401173729267,-0.004057378493009987,-0.0005386463494409551,agent53,0.9854278345810811
-0.7380247544053099,-0.00380934735809498,-0.004035370295059741,-0.014584405053934057,-0.009109197358213156,-0.004712139967715855,-0.00768649020901715,-0.0061478434355479936,0.005812713029474224,0.007998966603262391,-0.0056276225057563176,-0.010361192910531806,0.0,-0.00561954858827197,-0.009710882991303774,0.007993833424146252,-0.00796303854762245,0.011999959516451913,0.007982917317494707,-0.004037420960967755,-0.011249909192631618,0.01328423073941162,-0.007404516226869305,0.009830453985437257,-0.006093157866420788,-0.002716835673544411,-0.0037386374805447598,0.003930854108351848,0.015956018298313727,0.009982113734192052,0.009358606755950636,0.013945472730209709,-0.009621000700408586,1,-0.004721599350389398,0.013978859631651262,-0.0042107793495314945,-0.009865412994323029,-0.007575246016400424,0.013094672557012818,0.013290497673574864,-0.00952120707067098,0.0019326482244335038,0.0158200200688837,0.009498423631960977,0.01195291076740495,-0.005249757591979805,-0.01233519240559282,0.015793330054614082,0.01599968840008531,0.00788667981206279,-0.010355697238878019,0.015805788263140788,0.005803344446667585,-0.007912053556882107,0.009978919372489289,-0.006847016984476426,0.015994415211872896,0.00393458597031693,-0.005543303452634303,0.017648835380147783,-0.00845831751908539,-0.010001903339668767,0.013988855272715543,-0.006397055466292725,-0.005641574008645228,0.011769485908493,0.011159411474812421,-0.004020835083526203,0.011719689466597464,-0.0010536009278155805,0.003971301531009405,0.009889910245025241,0.00583556365391239,0.011996054294104478,0.007847878399368279,-0.004188706725541589,-0.00431558621009666,-0.002446134140661866,-0.006224488040566427,-0.0029114694598149993,-0.003270646081033849,0.00997866422309474,-0.00796319828439157,0.009900148420273504,-0.006298010976308825,0.0019899080650087183,-0.012064796350645418,0.00774484751039598,0.013681834623866932,-0.0033815656018011076,-0.006786578019747488,-0.009445129529149152,-0.005964667298397569,0.009811746775582572,0.009993466598077174,0.015782833341154504,0.003986718010264703,0.013699401173729267,-0.004057378493009987,-0.0005386463494409551,agent76,1
-0.7390351155982204,-0.00380934735809498,-0.004035370295059741,-0.014584405053934057,-0.009109197358213156,-0.004712139967715855,-0.00768649020901715,-0.0061478434355479936,0.005812713029474224,0.007998966603262391,-0.0056276225057563176,-0.010850827887068986,0.0,-0.00561954858827197,-0.009710882991303774,0.007993833424146252,-0.00796303854762245,0.011999959516451913,0.007982917317494707,-0.004037420960967755,-0.011249909192631618,0.01328423073941162,-0.007404516226869305,0.009830453985437257,-0.006093157866420788,-0.002716835673544411,-0.0037386374805447598,0.003930854108351848,0.015956018298313727,0.009982113734192052,0.009358606755950636,0.013945472730209709,-0.009621000700408586,1,-0.004721599350389398,0.013978859631651262,-0.0042107793495314945,-0.009865412994323029,-0.007575246016400424,0.013094672557012818,0.013290497673574864,-0.00952120707067098,0.0019326482244335038,0.0158200200688837,0.009498423631960977,0.01195291076740495,-0.005249757591979805,-0.01233519240559282,0.015793330054614082,0.01599968840008531,0.00788667981206279,-0.010355697238878019,0.015805788263140788,0.005803344446667585,-0.007912053556882107,0.009978919372489289,-0.006847016984476426,0.015994415211872896,0.00393458597031693,-0.005543303452634303,0.017648835380147783,-0.00845831751908539,-0.010001903339668767,0.013988855272715543,-0.006397055466292725,-0.005641574008645228,0.011769485908493,0.011159411474812421,-0.004020835083526203,0.011719689466597464,-0.0010536009278155805,0.003971301531009405,0.009889910245025241,0.00583556365391239,0.011996054294104478,0.007847878399368279,-0.004188706725541589,-0.00431558621009666,-0.002446134140661866,-0.006224488040566427,-0.0029114694598149993,-0.003270646081033849,0.00997866422309474,-0.00796319828439157,0.009900148420273504,-0.006298010976308825,0.0019899080650087183,-0.012064796350645418,0.00774484751039598,0.013681834623866932,-0.0033815656018011076,-0.006786578019747488,-0.009445129529149152,-0.005964667298397569,0.009811746775582572,0.009993466598077174,0.015782833341154504,0.003986718010264703,0.013699401173729267,-0.004057378493009987,-0.0005386463494409551,agent10,1
-0.7400483998289599,-0.00380934735809498,-0.004035370295059741,-0.014584405053934057,-0.009109197358213156,-0.004712139967715855,-0.00768649020901715,-0.0061478434355479936,0.005812713029474224,0.007998966603262391,-0.0056276225057563176,-0.010850827887068986,0.0,-0.00561954858827197,-0.009710882991303774,0.007993833424146252,-0.00796303854762245,0.011999959516451913,0.007982917317494707,-0.004037420960967755,-0.011249909192631618,0.015250179403966203,-0.007404516226869305,0.009830453985437257,-0.006093157866420788,-0.002716835673544411,-0.0037386374805447598,0.003930854108351848,0.015956018298313727,0.009982113734192052,0.009358606755950636,0.013945472730209709,-0.009621000700408586,1,-0.004721599350389398,0.013978859631651262,-0.0042107793495314945,-0.009865412994323029,-0.007575246016400424,0.013094672557012818,0.013290497673574864,-0.00952120707067098,0.0019326482244335038,0.0158200200688837,0.009498423631960977,0.01195291076740495,-0.005249757591979805,-0.01233519240559282,0.015793330054614082,0.01599968840008531,0.00788667981206279,-0.010355697238878019,0.015805788263140788,0.005803344446667585,-0.007912053556882107,0.009978919372489289,-0.006847016984476426,0.015994415211872896,0.00393458597031693,-0.005543303452634303,0.017648835380147783,-0.00845831751908539,-0.010001903339668767,0.013988855272715543,-0.006397055466292725,-0.005641574008645228,0.011769485908493,0.011159411474812421,-0.004020835083526203,0.011719689466597464,-0.0010536009278155805,0.003971301531009405,0.009889910245025241,0.00583556365391239,0.011996054294104478,0.007847878399368279,-0.004188706725541589,-0.00431558621009666,-0.002446134140661866,-0.006224488040566427,-0.0029114694598149993,-0.003270646081033849,0.00997866422309474,-0.00796319828439157,0.009900148420273504,-0.006298010976308825,0.0019899080650087183,-0.012064796350645418,0.00774484751039598,0.013681834623866932,-0.0033815656018011076,-0.006786578019747488,-0.009445129529149152,-0.005964667298397569,0.009811746775582572,0.009993466598077174,0.015782833341154504,0.003986718010264703,0.013699401173729267,-0.004057378493009987,-0.0005386463494409551,agent20,-1
-0.7410563630272443,-0.00380934735809498,-0.004035370295059741,-0.014584405053934057,-0.009109197358213156,-0.004712139967715855,-0.00768649020901715,-0.0061478434355479936,0.005812713029474224,0.007998966603262391,-0.0056276225057563176,-0.010850827887068986,0.0,-0.00561954858827197,-0.009710882991303774,0.007993833424146252,-0.00796303854762245,0.011999959516451913,0.007982917317494707,-0.004037420960967755,-0.011249909192631618,0.015250179403966203,-0.007404516226869305,0.009830453985437257,-0.006093157866420788,-0.002716835673544411,-0.0037386374805447598,0.003930854108351848,0.015956018298313727,0.009982113734192052,0.009358606755950636,0.013945472730209709,-0.009621000700408586,1,-0.004721599350389398,0.013978859631651262,-0.0042107793495314945,-0.009865412994323029,-0.007575246016400424,0.013094672557012818,0.013290497673574864,-0.00952120707067098,0.0019326482244335038,0.0158200200688837,0.009498423631960977,0.01195291076740495,-0.005249757591979805,-0.01233519240559282,0.015793330054614082,0.01599968840008531,0.00788667981206279,-0.010355697238878019,0.015805788263140788,0.005803344446667585,-0.007912053556882107,0.009978919372489289,-0.006847016984476426,0.015994415211872896,0.00393458597031693,-0.005543303452634303,0.017648835380147783,-0.00845831751908539,-0.010001903339668767,0.013988855272715543,-0.006397055466292725,-0.005641574008645228,0.011769485908493,0.011159411474812421,-0.004020835083526203,0.011719689466597464,-0.0010536009278155805,0.003971301531009405,0.009889910245025241,0.00583556365391239,0.011996054294104478,0.007847878399368279,-0.004188706725541589,-0.00431558621009666,-0.002446134140661866,-0.006224488040566427,-0.0029114694598149993,-0.003270646081033849,0.00997866422309474,-0.008449314067517909,0.009900148420273504,-0.006298010976308825,0.0019899080650087183,-0.012064796350645418,0.00774484751039598,0.013681834623866932,-0.0033815656018011076,-0.006786578019747488,-0.009445129529149152,-0.005964667298397569,0.009811746775582572,0.009993466598077174,0.015782833341154504,0.003986718010264703,0.013699401173729267,-0.004057378493009987,-0.0005386463494409551,agent82,1
-0.7420723574424561,-0.00380934735809498,-0.004035370295059741,-0.014584405053934057,-0.009109197358213156,-0.004712139967715855,-0.00768649020901715,-0.0061478434355479936,0.005812713029474224,0.007998966603262391,-0.0056276225057563176,-0.010850827887068986,0.0,-0.00561954858827197,-0.009710882991303774,0.007993833424146252,-0.00796303854762245,0.011999959516451913,0.007982917317494707,-0.004037420960967755,-0.011249909192631618,0.015250179403966203,-0.007404516226869305,0.009830453985437257,-0.006093157866420788,-0.002716835673544411,-0.0037386374805447598,0.003930854108351848,0.015956018298313727,0.009982113734192052,0.009358606755950636,0.013945472730209709,-0.009621000700408586,1,-0.004721599350389398,0.013978859631651262,-0.0042107793495314945,-0.009865412994323029,-0.007575246016400424,0.013094672557012818,0.013290497673574864,-0.00952120707067098,0.0019326482244335038,0.0158200200688837,0.009498423631960977,0.01195291076740495,-0.005249757591979805,-0.01233519240559282,0.015793330054614082,0.01599968840008531,0.00788667981206279,-0.010355697238878019,0.015805788263140788,0.005803344446667585,-0.007912053556882107,0.009978919372489289,-0.006847016984476426,0.01799364077814761,0.00393458597031693,-0.005543303452634303,0.017648835380147783,-0.00845831751908539,-0.010001903339668767,0.013988855272715543,-0.006397055466292725,-0.005641574008645228,0.011769485908493,0.011159411474812421,-0.004020835083526203,0.011719689466597464,-0.0010536009278155805,0.003971301531009405,0.009889910245025241,0.00583556365391239,0.011996054294104478,0.007847878399368279,-0.004188706725541589,-0.00431558621009666,-0.002446134140661866,-0.006224488040566427,-0.0029114694598149993,-0.003270646081033849,0.00997866422309474,-0.008449314067517909,0.009900148420273504,-0.006298010976308825,0.0019899080650087183,-0.012064796350645418,0.00774484751039598,0.013681834623866932,-0.0033815656018011076,-0.006786578019747488,-0.009445129529149152,-0.005964667298397569,0.009811746775582572,0.009993466598077174,0.015782833341154504,0.003986718010264703,0.013699401173729267,-0.004057378493009987,-0.0005386463494409551,agent56,-0.701700709677702
-0.7430903510832343,-0.00380934735809498,-0.004035370295059741,-0.014584405053934057,-0.009109197358213156,-0.004712139967715855,-0.00768649020901715,-0.0061478434355479936,0.005812713029474224,0.007998966603262391,-0.0056276225057563176,-0.010850827887068986,0.0,-0.00561954858827197,-0.009710882991303774,0.007993833424146252,-0.00796303854762245,0.011999959516451913,0.007982917317494707,-0.004037420960967755,-0.011249909192631618,0.015250179403966203,-0.007404516226869305,0.009830453985437257,-0.006093157866420788,-0.002716835673544411,-0.0037386374805447598,0.003930854108351848,0.015956018298313727,0.009982113734192052,0.009358606755950636,0.013945472730209709,-0.009621000700408586,1,-0.004721599350389398,0.013978859631651262,-0.0042107793495314945,-0.009865412994323029,-0.007575246016400424,0.013094672557012818,0.013290497673574864,-0.00952120707067098,0.0019326482244335038,0.0158200200688837,0.009498423631960977,0.01195291076740495,-0.005249757591979805,-0.01233519240559282,0.015793330054614082,0.01599968840008531,0.00788667981206279,-0.010355697238878019,0.015805788263140788,0.005803344446667585,-0.007912053556882107,0.009978919372489289,-0.006847016984476426,0.01999282584317599,0.00393458597031693,-0.005543303452634303,0.017648835380147783,-0.00845831751908539,-0.010001903339668767,0.013988855272715543,-0.006397055466292725,-0.005641574008645228,0.011769485908493,0.011159411474812421,-0.004020835083526203,0.011719689466597464,-0.0010536009278155805,0.003971301531009405,0.009889910245025241,0.00583556365391239,0.011996054294104478,0.007847878399368279,-0.004188706725541589,-0.00431558621009666,-0.002446134140661866,-0.006224488040566427,-0.0029114694598149993,-0.003270646081033849,0.00997866422309474,-0.008449314067517909,0.009900148420273504,-0.006298010976308825,0.0019899080650087183,-0.012064796350645418,0.00774484751039598,0.013681834623866932,-0.0033815656018011076,-0.006786578019747488,-0.009445129529149152,-0.005964667298397569,0.009811746775582572,0.009993466598077174,0.015782833341154504,0.003986718010264703,0.013699401173729267,-0.004057378493009987,-0.0005386463494409551,agent56,-0.701700709677702
-0.7441040329178582,-0.00380934735809498,-0.004035370295059741,-0.014584405053934057,-0.009109197358213156,-0.004712139967715855,-0.00768649020901715,-0.0061478434355479936,0.005812713029474224,0.007998966603262391,-0.0056276225057563176,-0.010850827887068986,0.0,-0.00561954858827197,-0.009710882991303774,0.007993833424146252,-0.00796303854762245,0.011999959516451913,0.007982917317494707,-0.004037420960967755,-0.011249909192631618,0.015250179403966203,-0.007404516226869305,0.009830453985437257,-0.006093157866420788,-0.002716835673544411,-0.0037386374805447598,0.003930854108351848,0.015956018298313727,0.009982113734192052,0.009358606755950636,0.013945472730209709,-0.009621000700408586,1,-0.004721599350389398,0.013978859631651262,-0.0042107793495314945,-0.009865412994323029,-0.007575246016400424,0.013094672557012818,0.013290497673574864,-0.00952120707067098,0.0019326482244335038,0.0158200200688837,0.009498423631960977,0.01195291076740495,-0.005249757591979805,-0.01233519240559282,0.015793330054614082,0.01599968840008531,0.00788667981206279,-0.010355697238878019,0.015805788263140788,0.005803344446667585,-0.007912053556882107,0.009978919372489289,-0.006847016984476426,0.01999282584317599,0.00393458597031693,-0.005543303452634303,0.017648835380147783,-0.00845831751908539,-0.010001903339668767,0.013988855272715543,-0.006397055466292725,-0.005641574008645228,0.011769485908493,0.011159411474812421,-0.004020835083526203,0.011719689466597464,-0.0010536009278155805,0.003971301531009405,0.009889910245025241,0.00583556365391239,0.011996054294104478,0.007847878399368279,-0.004188706725541589,-0.00431558621009666,-0.002446134140661866,-0.006224488040566427,-0.0029114694598149993,-0.003270646081033849,0.00997866422309474,-0.008449314067517909,0.009900148420273504,-0.006298010976308825,0.0019899080650087183,-0.012064796350645418,0.00774484751039598,0.015648833340013664,-0.0033815656018011076,-0.006786578019747488,-0.009445129529149152,-0.005964667298397569,0.009811746775582572,0.009993466598077174,0.015782833341154504,0.003986718010264703,0.013699401173729267,-0.004057378493009987,-0.0005386463494409551,agent88,-1
-0.7451096524664464,-0.00380934735809498,-0.004035370295059741,-0.014584405053934057,-0.009109197358213156,-0.004712139967715855,-0.00768649020901715,-0.0061478434355479936,0.005812713029474224,0.007998966603262391,-0.0056276225057563176,-0.010850827887068986,0.0,-0.0060985991494518004,-0.009710882991303774,0.007993833424146252,-0.00796303854762245,0.011999959516451913,0.007982917317494707,-0.004037420960967755,-0.011249909192631618,0.015250179403966203,-0.007404516226869305,0.009830453985437257,-0.006093157866420788,-0.002716835673544411,-0.0037386374805447598,0.003930854108351848,0.015956018298313727,0.009982113734192052,0.009358606755950636,0.013945472730209709,-0.009621000700408586,1,-0.004721599350389398,0.013978859631651262,-0.0042107793495314945,-0.009865412994323029,-0.007575246016400424,0.013094672557012818,0.013290497673574864,-0.00952120707067098,0.0019326482244335038,0.0158200200688837,0.009498423631960977,0.01195291076740495,-0.005249757591979805,-0.01233519240559282,0.015793330054614082,0.01599968840008531,0.00788667981206279,-0.010355697238878019,0.015805788263140788,0.005803344446667585,-0.007912053556882107,0.009978919372489289,-0.006847016984476426,0.01999282584317599,0.00393458597031693,-0.005543303452634303,0.017648835380147783,-0.00845831751908539,-0.010001903339668767,0.013988855272715543,-0.006397055466292725,-0.005641574008645228,0.011769485908493,0.011159411474812421,-0.004020835083526203,0.011719689466597464,-0.0010536009278155805,0.003971301531009405,0.009889910245025241,0.00583556365391239,0.011996054294104478,0.007847878399368279,-0.004188706725541589,-0.00431558621009666,-0.002446134140661866,-0.006224488040566427,-0.0029114694598149993,-0.003270646081033849,0.00997866422309474,-0.008449314067517909,0.009900148420273504,-0.006298010976308825,0.0019899080650087183,-0.012064796350645418,0.00774484751039598,0.015648833340013664,-0.0033815656018011076,-0.006786578019747488,-0.009445129529149152,-0.005964667298397569,0.009811746775582572,0.009993466598077174,0.015782833341154504,0.003986718010264703,0.013699401173729267,-0.004057378493009987,-0.0005386463494409551,agent12,1
-0.7461208118779212,-0.00380934735809498,-0.004035370295059741,-0.014584405053934057,-0.009109197358213156,-0.004712139967715855,-0.00768649020901715,-0.0061478434355479936,0.005812713029474224,0.007998966603262391,-0.0056276225057563176,-0.010850827887068986,0.0,-0.0060985991494518004,-0.009710882991303774,0.007993833424146252,-0.00796303854762245,0.011999959516451913,0.007982917317494707,-0.004037420960967755,-0.011249909192631618,0.015250179403966203,-0.007404516226869305,0.009830453985437257,-0.006093157866420788,-0.002716835673544411,-0.0037386374805447598,0.003930854108351848,0.015956018298313727,0.009982113734192052,0.009358606755950636,0.013945472730209709,-0.009621000700408586,1,-0.004721599350389398,0.013978859631651262,-0.0042107793495314945,-0.009865412994323029,-0.007575246016400424,0.013094672557012818,0.013290497673574864,-0.00952120707067098,0.0019326482244335038,0.0158200200688837,0.009498423631960977,0.01195291076740495,-0.005249757591979805,-0.01233519240559282,0.015793330054614082,0.01599968840008531,0.00788667981206279,-0.010355697238878019,0.015805788263140788,0.005803344446667585,-0.007912053556882107,0.009978919372489289,-0.006847016984476426,0.01999282584317599,0.00393458597031693,-0.005543303452634303,0.017648835380147783,-0.00845831751908539,-0.010001903339668767,0.013988855272715543,-0.006397055466292725,-0.005641574008645228,0.011769485908493,0.013126926930179533,-0.004020835083526203,0.011719689466597464,-0.0010536009278155805,0.003971301531009405,0.009889910245025241,0.00583556365391239,0.011996054294104478,0.007847878399368279,-0.004188706725541589,-0.00431558621009666,-0.002446134140661866,-0.006224488040566427,-0.0029114694598149993,-0.003270646081033849,0.00997866422309474,-0.008449314067517909,0.009900148420273504,-0.006298010976308825,0.0019899080650087183,-0.012064796350645418,0.00774484751039598,0.015648833340013664,-0.0033815656018011076,-0.006786578019747488,-0.009445129529149152,-0.005964667298397569,0.009811746775582572,0.009993466598077174,0.015782833341154504,0.003986718010264703,0.013699401173729267,-0.004057378493009987,-0.0005386463494409551,agent66,-1
-0.7471286985577333,-0.00380934735809498,-0.004035370295059741,-0.014584405053934057,-0.009109197358213156,-0.004712139967715855,-0.00768649020901715,-0.0061478434355479936,0.005812713029474224,0.007998966603262391,-0.0056276225057563176,-0.010850827887068986,0.0,-0.0060985991494518004,-0.009710882991303774,0.007993833424146252,-0.00796303854762245,0.011999959516451913,0.007982917317494707,-0.004037420960967755,-0.011249909192631618,0.015250179403966203,-0.007404516226869305,0.009830453985437257,-0.006093157866420788,-0.002716835673544411,-0.0037386374805447598,0.003930854108351848,0.015956018298313727,0.009982113734192052,0.009358606755950636,0.013945472730209709,-0.009621000700408586,1,-0.004721599350389398,0.013978859631651262,-0.0042107793495314945,-0.009865412994323029,-0.007575246016400424,0.013094672557012818,0.013290497673574864,-0.00952120707067098,0.0019326482244335038,0.0158200200688837,0.009498423631960977,0.01195291076740495,-0.005249757591979805,-0.01233519240559282,0.015793330054614082,0.01599968840008531,0.009858684577207764,-0.010355697238878019,0.015805788263140788,0.005803344446667585,-0.007912053556882107,0.009978919372489289,-0.006847016984476426,0.01999282584317599,0.00393458597031693,-0.005543303452634303,0.017648835380147783,-0.00845831751908539,-0.010001903339668767,0.013988855272715543,-0.006397055466292725,-0.005641574008645228,0.011769485908493,0.013126926930179533,-0.004020835083526203,0.011719689466597464,-0.0010536009278155805,0.003971301531009405,0.009889910245025241,0.00583556365391239,0.011996054294104478,0.007847878399368279,-0.004188706725541589,-0.00431558621009666,-0.002446134140661866,-0.006224488040566427,-0.0029114694598149993,-0.003270646081033849,0.00997866422309474,-0.008449314067517909,0.009900148420273504,-0.006298010976308825,0.0019899080650087183,-0.012064796350645418,0.00774484751039598,0.015648833340013664,-0.0033815656018011076,-0.006786578019747488,-0.009445129529149152,-0.005964667298397569,0.009811746775582572,0.009993466598077174,0.015782833341154504,0.003986718010264703,0.013699401173729267,-0.004057378493009987,-0.0005386463494409551,agent49,-0.5094977578234803
-0.7481330141439434,-0.00380934735809498,-0.004035370295059741,-0.014584405053934057,-0.009109197358213156,-0.004712139967715855,-0.00768649020901715,-0.0061478434355479936,0.005812713029474224,0.007998966603262391,-0.0056276225057563176,-0.010850827887068986,0.0,-0.0060985991494518004,-0.009710882991303774,0.007993833424146252,-0.00796303854762245,0.011999959516451913,0.007982917317494707,-0.004037420960967755,-0.011249909192631618,0.015250179403966203,-0.007404516226869305,0.009830453985437257,-0.006093157866420788,-0.002716835673544411,-0.0037386374805447598,0.003930854108351848,0.015956018298313727,0.009982113734192052,0.009358606755950636,0.013945472730209709,-0.009621000700408586,1,-0.004721599350389398,0.013978859631651262,-0.0042107793495314945,-0.009865412994323029,-0.007575246016400424,0.013094672557012818,0.013290497673574864,-0.00952120707067098,0.0019326482244335038,0.0158200200688837,0.009498423631960977,0.01195291076740495,-0.005249757591979805,-0.01233519240559282,0.015793330054614082,0.01599968840008531,0.009858684577207764,-0.010355697238878019,0.015805788263140788,0.005803344446667585,-0.007912053556882107,0.009978919372489289,-0.006847016984476426,0.01999282584317599,0.00393458597031693,-0.005543303452634303,0.017648835380147783,-0.00845831751908539,-0.010001903339668767,0.013988855272715543,-0.006397055466292725,-0.005641574008645228,0.011769485908493,0.013126926930179533,-0.004020835083526203,0.011719689466597464,-0.0010536009278155805,0.003971301531009405,0.009889910245025241,0.00583556365391239,0.011996054294104478,0.007847878399368279,-0.004188706725541589,-0.0047893568654346404,-0.002446134140661866,-0.006224488040566427,-0.0029114694598149993,-0.003270646081033849,0.00997866422309474,-0.008449314067517909,0.009900148420273504,-0.006298010976308825,0.0019899080650087183,-0.012064796350645418,0.00774484751039598,0.015648833340013664,-0.0033815656018011076,-0.006786578019747488,-0.009445129529149152,-0.005964667298397569,0.009811746775582572,0.009993466598077174,0.015782833341154504,0.003986718010264703,0.013699401173729267,-0.004057378493009987,-0.0005386463494409551,agent76,1
-0.7491335527902928,-0.00380934735809498,-0.004035370295059741,-0.014584405053934057,-0.009109197358213156,-0.004712139967715855,-0.00768649020901715,-0.0061478434355479936,0.005812713029474224,0.007998966603262391,-0.0056276225057563176,-0.010850827887068986,0.0,-0.0060985991494518004,-0.009710882991303774,0.007993833424146252,-0.00796303854762245,0.011999959516451913,0.007982917317494707,-0.004037420960967755,-0.011249909192631618,0.015250179403966203,-0.007404516226869305,0.009830453985437257,-0.006093157866420788,-0.002716835673544411,-0.0037386374805447598,0.003930854108351848,0.015956018298313727,0.009982113734192052,0.009358606755950636,0.013945472730209709,-0.009621000700408586,1,-0.004721599350389398,0.013978859631651262,-0.0042107793495314945,-0.009865412994323029,-0.007575246016400424,0.013094672557012818,0.013290497673574864,-0.00952120707067098,0.0019326482244335038,0.0158200200688837,0.009498423631960977,0.01195291076740495,-0.005249757591979805,-0.01233519240559282,0.015793330054614082,0.01599968840008531,0.009858684577207764,-0.010355697238878019,0.015805788263140788,0.005803344446667585,-0.007912053556882107,0.009978919372489289,-0.006847016984476426,0.01999282584317599,0.00393458597031693,-0.005543303452634303,0.017648835380147783,-0.00845831751908539,-0.010001903339668767,0.013988855272715543,-0.006397055466292725,-0.005641574008645228,0.011769485908493,0.013126926930179533,-0.004020835083526203,0.011719689466597464,-0.0010536009278155805,0.003971301531009405,0.009889910245025241,0.00583556365391239,0.011996054294104478,0.007847878399368279,-0.004188706725541589,-0.0047893568654346404,-0.002446134140661866,-0.006224488040566427,-0.0029114694598149993,-0.003270646081033849,0.00997866422309474,-0.008449314067517909,0.009900148420273504,-0.006298010976308825,0.0019899080650087183,-0.012064796350645418,0.00774484751039598,0.015648833340013664,-0.0033815656018011076,-0.006786578019747488,-0.009445129529149152,-0.005964667298397569,0.009811746775582572,0.009993466598077174,0.015782833341154504,0.003986718010264703,0.013699401173729267,-0.004057378493009987,-0.0010106618318709605,agent99,1
-0.7501458879826984,-0.00380934735809498,-0.004035370295059741,-0.014584405053934057,-0.009109197358213156,-0.004712139967715855,-0.00768649020901715,-0.0061478434355479936,0.005812713029474224,0.007998966603262391,-0.0056276225057563176,-0.010850827887068986,0.0,-0.0060985991494518004,-0.009710882991303774,0.007993833424146252,-0.00796303854762245,0.011999959516451913,0.007982917317494707,-0.004037420960967755,-0.011249909192631618,0.015250179403966203,-0.007404516226869305,0.009830453985437257,-0.006093157866420788,-0.002716835673544411,-0.0037386374805447598,0.003930854108351848,0.015956018298313727,0.009982113734192052,0.009358606755950636,0.013945472730209709,-0.009621000700408586,1,-0.004721599350389398,0.013978859631651262,-0.0042107793495314945,-0.009865412994323029,-0.007575246016400424,0.013094672557012818,0.013290497673574864,-0.00952120707067098,0.0019326482244335038,0.0158200200688837,0.009498423631960977,0.01195291076740495,-0.005249757591979805,-0.013167244015114318,0.015793330054614082,0.01599968840008531,0.009858684577207764,-0.010355697238878019,0.015805788263140788,0.005803344446667585,-0.007912053556882107,0.009978919372489289,-0.006847016984476426,0.01999282584317599,0.00393458597031693,-0.005543303452634303,0.017648835380147783,-0.00845831751908539,-0.010001903339668767,0.013988855272715543,-0.006397055466292725,-0.005641574008645228,0.011769485908493,0.013126926930179533,-0.004020835083526203,0.011719689466597464,-0.0010536009278155805,0.003971301531009405,0.009889910245025241,0.00583556365391239,0.011996054294104478,0.007847878399368279,-0.004188706725541589,-0.0047893568654346404,-0.002446134140661866,-0.006224488040566427,-0.0029114694598149993,-0.003270646081033849,0.00997866422309474,-0.008449314067517909,0.009900148420273504,-0.006298010976308825,0.0019899080650087183,-0.012064796350645418,0.00774484751039598,0.015648833340013664,-0.0033815656018011076,-0.006786578019747488,-0.009445129529149152,-0.005964667298397569,0.009811746775582572,0.009993466598077174,0.015782833341154504,0.003986718010264703,0.013699401173729267,-0.004057378493009987,-0.0010106618318709605,agent46,0.779230533727381
-0.7491458879826984,-0.00380934735809498,-0.004035370295059741,-0.014584405053934057,-0.009109197358213156,-0.004712139967715855,-0.00768649020901715,-0.0061478434355479936,0.005812713029474224,0.007998966603262391,-0.0056276225057563176,-0.010850827887068986,0.001968786461354023,-0.0060985991494518004,-0.009710882991303774,0.007993833424146252,-0.00796303854762245,0.011999959516451913,0.007982917317494707,-0.004037420960967755,-0.011249909192631618,0.015250179403966203,-0.007404516226869305,0.009830453985437257,-0.006093157866420788,-0.002716835673544411,-0.0037386374805447598,0.003930854108351848,0.015956018298313727,0.009982113734192052,0.009358606755950636,0.013945472730209709,-0.009621000700408586,1,-0.004721599350389398,0.013978859631651262,-0.0042107793495314945,-0.009865412994323029,-0.007575246016400424,0.013094672557012818,0.013290497673574864,-0.00952120707067098,0.0019326482244335038,0.0158200200688837,0.009498423631960977,0.01195291076740495,-0.005249757591979805,-0.013167244015114318,0.015793330054614082,0.01599968840008531,0.009858684577207764,-0.010355697238878019,0.015805788263140788,0.005803344446667585,-0.007912053556882107,0.009978919372489289,-0.006847016984476426,0.01999282584317599,0.00393458597031693,-0.005543303452634303,0.017648835380147783,-0.00845831751908539,-0.010001903339668767,0.013988855272715543,-0.006397055466292725,-0.005641574008645228,0.011769485908493,0.013126926930179533,-0.004020835083526203,0.011719689466597464,-0.0010536009278155805,0.003971301531009405,0.009889910245025241,0.00583556365391239,0.011996054294104478,0.007847878399368279,-0.004188706725541589,-0.0047893568654346404,-0.002446134140661866,-0.006224488040566427,-0.0029114694598149993,-0.003270646081033849,0.00997866422309474,-0.008449314067517909,0.009900148420273504,-0.006298010976308825,0.0019899080650087183,-0.012064796350645418,0.00774484751039598,0.015648833340013664,-0.0033815656018011076,-0.006786578019747488,-0.009445129529149152,-0.005964667298397569,0.009811746775582572,0.009993466598077174,0.015782833341154504,0.003986718010264703,0.013699401173729267,-0.004057378493009987,-0.0010106618318709605,agent11,-1
-0.7501611381621024,-0.00380934735809498,-0.004035370295059741,-0.014584405053934057,-0.009109197358213156,-0.004712139967715855,-0.00768649020901715,-0.0061478434355479936,0.005812713029474224,0.007998966603262391,-0.0056276225057563176,-0.010850827887068986,0.001968786461354023,-0.0060985991494518004,-0.009710882991303774,0.007993833424146252,-0.00796303854762245,0.011999959516451913,0.007982917317494707,-0.004037420960967755,-0.011249909192631618,0.017218965865320228,-0.007404516226869305,0.009830453985437257,-0.006093157866420788,-0.002716835673544411,-0.0037386374805447598,0.003930854108351848,0.015956018298313727,0.009982113734192052,0.009358606755950636,0.013945472730209709,-0.009621000700408586,1,-0.004721599350389398,0.013978859631651262,-0.0042107793495314945,-0.009865412994323029,-0.007575246016400424,0.013094672557012818,0.013290497673574864,-0.00952120707067098,0.0019326482244335038,0.0158200200688837,0.009498423631960977,0.01195291076740495,-0.005249757591979805,-0.013167244015114318,0.015793330054614082,0.01599968840008531,0.009858684577207764,-0.010355697238878019,0.015805788263140788,0.005803344446667585,-0.007912053556882107,0.009978919372489289,-0.006847016984476426,0.01999282584317599,0.00393458597031693,-0.005543303452634303,0.017648835380147783,-0.00845831751908539,-0.010001903339668767,0.013988855272715543,-0.006397055466292725,-0.005641574008645228,0.011769485908493,0.013126926930179533,-0.004020835083526203,0.011719689466597464,-0.0010536009278155805,0.003971301531009405,0.009889910245025241,0.00583556365391239,0.011996054294104478,0.007847878399368279,-0.004188706725541589,-0.0047893568654346404,-0.002446134140661866,-0.006224488040566427,-0.0029114694598149993,-0.003270646081033849,0.00997866422309474,-0.008449314067517909,0.009900148420273504,-0.006298010976308825,0.0019899080650087183,-0.012064796350645418,0.00774484751039598,0.015648833340013664,-0.0033815656018011076,-0.006786578019747488,-0.009445129529149152,-0.005964667298397569,0.009811746775582572,0.009993466598077174,0.015782833341154504,0.003986718010264703,0.013699401173729267,-0.004057378493009987,-0.0010106618318709605,agent20,-0.999
-0.7511691210794199,-0.00380934735809498,-0.004035370295059741,-0.014584405053934057,-0.009109197358213156,-0.004712139967715855,-0.00768649020901715,-0.0061478434355479936,0.005812713029474224,0.007998966603262391,-0.0056276225057563176,-0.010850827887068986,0.001968786461354023,-0.0060985991494518004,-0.009710882991303774,0.007993833424146252,-0.00796303854762245,0.011999959516451913,0.009978719469184435,-0.004037420960967755,-0.011249909192631618,0.017218965865320228,-0.007404516226869305,0.009830453985437257,-0.006093157866420788,-0.002716835673544411,-0.0037386374805447598,0.003930854108351848,0.015956018298313727,0.009982113734192052,0.009358606755950636,0.013945472730209709,-0.009621000700408586,1,-0.004721599350389398,0.013978859631651262,-0.0042107793495314945,-0.009865412994323029,-0.007575246016400424,0.013094672557012818,0.013290497673574864,-0.00952120707067098,0.0019326482244335038,0.0158200200688837,0.009498423631960977,0.01195291076740495,-0.005249757591979805,-0.013167244015114318,0.015793330054614082,0.01599968840008531,0.009858684577207764,-0.010355697238878019,0.015805788263140788,0.005803344446667585,-0.007912053556882107,0.009978919372489289,-0.006847016984476426,0.01999282584317599,0.00393458597031693,-0.005543303452634303,0.017648835380147783,-0.00845831751908539,-0.010001903339668767,0.013988855272715543,-0.006397055466292725,-0.005641574008645228,0.011769485908493,0.013126926930179533,-0.004020835083526203,0.011719689466597464,-0.0010536009278155805,0.003971301531009405,0.009889910245025241,0.00583556365391239,0.011996054294104478,0.007847878399368279,-0.004188706725541589,-0.0047893568654346404,-0.002446134140661866,-0.006224488040566427,-0.0029114694598149993,-0.003270646081033849,0.00997866422309474,-0.008449314067517909,0.009900148420273504,-0.006298010976308825,0.0019899080650087183,-0.012064796350645418,0.00774484751039598,0.015648833340013664,-0.0033815656018011076,-0.006786578019747488,-0.009445129529149152,-0.005964667298397569,0.009811746775582572,0.009993466598077174,0.015782833341154504,0.003986718010264703,0.013699401173729267,-0.004057378493009987,-0.0010106618318709605,agent17,-0.8417891721939701
-0.7521786422864906,-0.00380934735809498,-0.004035370295059741,-0.014584405053934057,-0.009109197358213156,-0.004712139967715855,-0.00768649020901715,-0.0061478434355479936,0.005812713029474224,0.007998966603262391,-0.0056276225057563176,-0.010850827887068986,0.001968786461354023,-0.0060985991494518004,-0.009710882991303774,0.007993833424146252,-0.00796303854762245,0.011999959516451913,0.009978719469184435,-0.004037420960967755,-0.011249909192631618,0.017218965865320228,-0.007404516226869305,0.009830453985437257,-0.006093157866420788,-0.002716835673544411,-0.0037386374805447598,0.003930854108351848,0.015956018298313727,0.009982113734192052,0.009358606755950636,0.013945472730209709,-0.009621000700408586,1,-0.004721599350389398,0.013978859631651262,-0.0042107793495314945,-0.009865412994323029,-0.007575246016400424,0.013094672557012818,0.013290497673574864,-0.010379772259292114,0.0019326482244335038,0.0158200200688837,0.009498423631960977,0.01195291076740495,-0.005249757591979805,-0.013167244015114318,0.015793330054614082,0.01599968840008531,0.009858684577207764,-0.010355697238878019,0.015805788263140788,0.005803344446667585,-0.007912053556882107,0.009978919372489289,-0.006847016984476426,0.01999282584317599,0.00393458597031693,-0.005543303452634303,0.017648835380147783,-0.00845831751908539,-0.010001903339668767,0.013988855272715543,-0.006397055466292725,-0.005641574008645228,0.011769485908493,0.013126926930179533,-0.004020835083526203,0.011719689466597464,-0.0010536009278155805,0.003971301531009405,0.009889910245025241,0.00583556365391239,0.011996054294104478,0.007847878399368279,-0.004188706725541589,-0.0047893568654346404,-0.002446134140661866,-0.006224488040566427,-0.0029114694598149993,-0.003270646081033849,0.00997866422309474,-0.008449314067517909,0.009900148420273504,-0.006298010976308825,0.0019899080650087183,-0.012064796350645418,0.00774484751039598,0.015648833340013664,-0.0033815656018011076,-0.006786578019747488,-0.009445129529149152,-0.005964667298397569,0.009811746775582572,0.009993466598077174,0.015782833341154504,0.003986718010264703,0.013699401173729267,-0.004057378493009987,-0.0010106618318709605,agent40,0.7597476942210558
-0.7531826631215741,-0.00380934735809498,-0.004035370295059741,-0.014584405053934057,-0.009109197358213156,-0.004712139967715855,-0.00768649020901715,-0.0061478434355479936,0.005812713029474224,0.007998966603262391,-0.0056276225057563176,-0.010850827887068986,0.001968786461354023,-0.0060985991494518004,-0.009710882991303774,0.007993833424146252,-0.00796303854762245,0.011999959516451913,0.009978719469184435,-0.004037420960967755,-0.011249909192631618,0.017218965865320228,-0.007404516226869305,0.009830453985437257,-0.006093157866420788,-0.002716835673544411,-0.0037386374805447598,0.003930854108351848,0.015956018298313727,0.009982113734192052,0.009358606755950636,0.013945472730209709,-0.009621000700408586,1,-0.004721599350389398,0.013978859631651262,-0.0042107793495314945,-0.009865412994323029,-0.007575246016400424,0.013094672557012818,0.013290497673574864,-0.010379772259292114,0.0019326482244335038,0.0158200200688837,0.009498423631960977,0.01195291076740495,-0.005249757591979805,-0.013167244015114318,0.015793330054614082,0.01599968840008531,0.009858684577207764,-0.010355697238878019,0.015805788263140788,0.005803344446667585,-0.007912053556882107,0.009978919372489289,-0.006847016984476426,0.01999282584317599,0.00393458597031693,-0.005543303452634303,0.017648835380147783,-0.00845831751908539,-0.010001903339668767,0.013988855272715543,-0.006397055466292725,-0.005641574008645228,0.011769485908493,0.013126926930179533,-0.004713611327428319,0.011719689466597464,-0.0010536009278155805,0.003971301531009405,0.009889910245025241,0.00583556365391239,0.011996054294104478,0.007847878399368279,-0.004188706725541589,-0.0047893568654346404,-0.002446134140661866,-0.006224488040566427,-0.0029114694598149993,-0.003270646081033849,0.00997866422309474,-0.008449314067517909,0.009900148420273504,-0.006298010976308825,0.0019899080650087183,-0.012064796350645418,0.00774484751039598,0.015648833340013664,-0.0033815656018011076,-0.006786578019747488,-0.009445129529149152,-0.005964667298397569,0.009811746775582572,0.009993466598077174,0.015782833341154504,0.003986718010264703,0.013699401173729267,-0.004057378493009987,-0.0010106618318709605,agent67,0.8647466844357321
-0.7541851092557148,-0.00380934735809498,-0.004035370295059741,-0.014584405053934057,-0.009109197358213156,-0.004712139967715855,-0.00768649020901715,-0.0061478434355479936,0.005812713029474224,0.007998966603262391,-0.0056276225057563176,-0.010850827887068986,0.001968786461354023,-0.0060985991494518004,-0.009710882991303774,0.007993833424146252,-0.00796303854762245,0.011999959516451913,0.009978719469184435,-0.004037420960967755,-0.011249909192631618,0.017218965865320228,-0.007404516226869305,0.009830453985437257,-0.006093157866420788,-0.002716835673544411,-0.0037386374805447598,0.003930854108351848,0.015956018298313727,0.009982113734192052,0.009358606755950636,0.013945472730209709,-0.009621000700408586,1,-0.004721599350389398,0.013978859631651262,-0.0042107793495314945,-0.009865412994323029,-0.007575246016400424,0.013094672557012818,0.013290497673574864,-0.010379772259292114,0.0019326482244335038,0.0158200200688837,0.009498423631960977,0.01195291076740495,-0.005249757591979805,-0.013167244015114318,0.015793330054614082,0.01599968840008531,0.009858684577207764,-0.010355697238878019,0.015805788263140788,0.005803344446667585,-0.007912053556882107,0.009978919372489289,-0.006847016984476426,0.01999282584317599,0.00393458597031693,-0.005543303452634303,0.017648835380147783,-0.00845831751908539,-0.010001903339668767,0.013988855272715543,-0.006397055466292725,-0.005641574008645228,0.011769485908493,0.013126926930179533,-0.004713611327428319,0.011719689466597464,-0.0010536009278155805,0.003971301531009405,0.009889910245025241,0.00583556365391239,0.011996054294104478,0.007847878399368279,-0.004188706725541589,-0.0047893568654346404,-0.0029093094155268383,-0.006224488040566427,-0.0029114694598149993,-0.003270646081033849,0.00997866422309474,-0.008449314067517909,0.009900148420273504,-0.006298010976308825,0.0019899080650087183,-0.012064796350645418,0.00774484751039598,0.015648833340013664,-0.0033815656018011076,-0.006786578019747488,-0.009445129529149152,-0.005964667298397569,0.009811746775582572,0.009993466598077174,0.015782833341154504,0.003986718010264703,0.013699401173729267,-0.004057378493009987,-0.0010106618318709605,agent77,1
-0.7551954890279741,-0.00380934735809498,-0.004035370295059741,-0.014584405053934057,-0.009109197358213156,-0.004712139967715855,-0.00768649020901715,-0.0061478434355479936,0.005812713029474224,0.007998966603262391,-0.0056276225057563176,-0.010850827887068986,0.001968786461354023,-0.0060985991494518004,-0.009710882991303774,0.007993833424146252,-0.00796303854762245,0.011999959516451913,0.009978719469184435,-0.004037420960967755,-0.011249909192631618,0.017218965865320228,-0.007404516226869305,0.009830453985437257,-0.006093157866420788,-0.002716835673544411,-0.0037386374805447598,0.003930854108351848,0.015956018298313727,0.009982113734192052,0.009358606755950636,0.013945472730209709,-0.009621000700408586,1,-0.004721599350389398,0.013978859631651262,-0.0042107793495314945,-0.009865412994323029,-0.007575246016400424,0.013094672557012818,0.013290497673574864,-0.01123072542825276,0.0019326482244335038,0.0158200200688837,0.009498423631960977,0.01195291076740495,-0.005249757591979805,-0.013167244015114318,0.015793330054614082,0.01599968840008531,0.009858684577207764,-0.010355697238878019,0.015805788263140788,0.005803344446667585,-0.007912053556882107,0.009978919372489289,-0.006847016984476426,0.01999282584317599,0.00393458597031693,-0.005543303452634303,0.017648835380147783,-0.00845831751908539,-0.010001903339668767,0.013988855272715543,-0.006397055466292725,-0.005641574008645228,0.011769485908493,0.013126926930179533,-0.004713611327428319,0.011719689466597464,-0.0010536009278155805,0.003971301531009405,0.009889910245025241,0.00583556365391239,0.011996054294104478,0.007847878399368279,-0.004188706725541589,-0.0047893568654346404,-0.0029093094155268383,-0.006224488040566427,-0.0029114694598149993,-0.003270646081033849,0.00997866422309474,-0.008449314067517909,0.009900148420273504,-0.006298010976308825,0.0019899080650087183,-0.012064796350645418,0.00774484751039598,0.015648833340013664,-0.0033815656018011076,-0.006786578019747488,-0.009445129529149152,-0.005964667298397569,0.009811746775582572,0.009993466598077174,0.015782833341154504,0.003986718010264703,0.013699401173729267,-0.004057378493009987,-0.0010106618318709605,agent40,0.7617613482680022
-0.756196499689806,-0.00380934735809498,-0.004035370295059741,-0.014584405053934057,-0.009109197358213156,-0.004712139967715855,-0.00768649020901715,-0.0061478434355479936,0.005812713029474224,0.007998966603262391,-0.0056276225057563176,-0.010850827887068986,0.001968786461354023,-0.0060985991494518004,-0.009710882991303774,0.007993833424146252,-0.00796303854762245,0.011999959516451913,0.009978719469184435,-0.004037420960967755,-0.011249909192631618,0.017218965865320228,-0.007404516226869305,0.009830453985437257,-0.006093157866420788,-0.002716835673544411,-0.0037386374805447598,0.003930854108351848,0.015956018298313727,0.009982113734192052,0.009358606755950636,0.013945472730209709,-0.009621000700408586,1,-0.004721599350389398,0.013978859631651262,-0.0042107793495314945,-0.009865412994323029,-0.007575246016400424,0.013094672557012818,0.013290497673574864,-0.01123072542825276,0.0019326482244335038,0.0158200200688837,0.009498423631960977,0.01195291076740495,-0.005249757591979805,-0.013167244015114318,0.015793330054614082,0.01599968840008531,0.009858684577207764,-0.010355697238878019,0.015805788263140788,0.005803344446667585,-0.007912053556882107,0.009978919372489289,-0.006847016984476426,0.01999282584317599,0.00393458597031693,-0.005543303452634303,0.017648835380147783,-0.00845831751908539,-0.010001903339668767,0.013988855272715543,-0.006397055466292725,-0.005641574008645228,0.011769485908493,0.013126926930179533,-0.004713611327428319,0.011719689466597464,-0.0010536009278155805,0.003971301531009405,0.009889910245025241,0.00583556365391239,0.011996054294104478,0.007847878399368279,-0.004188706725541589,-0.0047893568654346404,-0.0029093094155268383,-0.006224488040566427,-0.0029114694598149993,-0.003270646081033849,0.00997866422309474,-0.008449314067517909,0.009900148420273504,-0.006298010976308825,0.0019899080650087183,-0.012064796350645418,0.00774484751039598,0.015648833340013664,-0.0033815656018011076,-0.006786578019747488,-0.009445129529149152,-0.005964667298397569,0.009811746775582572,0.009993466598077174,0.015782833341154504,0.003986718010264703,0.013699401173729267,-0.004057378493009987,-0.0014703062295188859,agent99,1
-0.7572005570682989,-0.00380934735809498,-0.004035370295059741,-0.014584405053934057,-0.009109197358213156,-0.004712139967715855,-0.00768649020901715,-0.0061478434355479936,0.005812713029474224,0.007998966603262391,-0.0056276225057563176,-0.010850827887068986,0.001968786461354023,-0.0060985991494518004,-0.009710882991303774,0.007993833424146252,-0.00796303854762245,0.011999959516451913,0.009978719469184435,-0.004037420960967755,-0.011249909192631618,0.017218965865320228,-0.007404516226869305,0.009830453985437257,-0.006093157866420788,-0.002716835673544411,-0.0037386374805447598,0.003930854108351848,0.015956018298313727,0.009982113734192052,0.009358606755950636,0.013945472730209709,-0.009621000700408586,1,-0.004721599350389398,0.013978859631651262,-0.0042107793495314945,-0.009865412994323029,-0.007575246016400424,0.013094672557012818,0.013290497673574864,-0.01123072542825276,0.0019326482244335038,0.0158200200688837,0.009498423631960977,0.01195291076740495,-0.005249757591979805,-0.013167244015114318,0.015793330054614082,0.01599968840008531,0.009858684577207764,-0.010355697238878019,0.015805788263140788,0.005803344446667585,-0.007912053556882107,0.009978919372489289,-0.006847016984476426,0.01999282584317599,0.00393458597031693,-0.005543303452634303,0.017648835380147783,-0.00845831751908539,-0.010001903339668767,0.013988855272715543,-0.006397055466292725,-0.005641574008645228,0.011769485908493,0.013126926930179533,-0.004713611327428319,0.011719689466597464,-0.0010536009278155805,0.003971301531009405,0.009889910245025241,0.00583556365391239,0.011996054294104478,0.007847878399368279,-0.004188706725541589,-0.0047893568654346404,-0.0029093094155268383,-0.006224488040566427,-0.0029114694598149993,-0.003270646081033849,0.00997866422309474,-0.008449314067517909,0.009900148420273504,-0.006298010976308825,0.0019899080650087183,-0.012064796350645418,0.00774484751039598,0.015648833340013664,-0.0033815656018011076,-0.006786578019747488,-0.009445129529149152,-0.005964667298397569,0.009811746775582572,0.009993466598077174,0.015782833341154504,0.003986718010264703,0.013699401173729267,-0.004719070016255351,-0.0014703062295188859,agent98,0.8798404661240087
-0.75820382771438,-0.00380934735809498,-0.004035370295059741,-0.014584405053934057,-0.009109197358213156,-0.004712139967715855,-0.00768649020901715,-0.0061478434355479936,0.005812713029474224,0.007998966603262391,-0.0056276225057563176,-0.010850827887068986,0.001968786461354023,-0.0060985991494518004,-0.009710882991303774,0.007993833424146252,-0.00796303854762245,0.011999959516451913,0.009978719469184435,-0.004037420960967755,-0.011249909192631618,0.017218965865320228,-0.007404516226869305,0.009830453985437257,-0.006093157866420788,-0.002716835673544411,-0.0037386374805447598,0.003930854108351848,0.015956018298313727,0.009982113734192052,0.009358606755950636,0.013945472730209709,-0.009621000700408586,1,-0.004721599350389398,0.013978859631651262,-0.0042107793495314945,-0.009865412994323029,-0.007575246016400424,0.013094672557012818,0.013290497673574864,-0.01123072542825276,0.0019326482244335038,0.0158200200688837,0.009498423631960977,0.01195291076740495,-0.005249757591979805,-0.013167244015114318,0.015793330054614082,0.01599968840008531,0.009858684577207764,-0.010355697238878019,0.015805788263140788,0.005803344446667585,-0.007912053556882107,0.009978919372489289,-0.006847016984476426,0.01999282584317599,0.00393458597031693,-0.005543303452634303,0.017648835380147783,-0.00845831751908539,-0.010001903339668767,0.013988855272715543,-0.006397055466292725,-0.005641574008645228,0.011769485908493,0.013126926930179533,-0.004713611327428319,0.011719689466597464,-0.0010536009278155805,0.003971301531009405,0.009889910245025241,0.00583556365391239,0.011996054294104478,0.007847878399368279,-0.004188706725541589,-0.0047893568654346404,-0.0029093094155268383,-0.006224488040566427,-0.0029114694598149993,-0.003726769182153279,0.00997866422309474,-0.008449314067517909,0.009900148420273504,-0.006298010976308825,0.0019899080650087183,-0.012064796350645418,0.00774484751039598,0.015648833340013664,-0.0033815656018011076,-0.006786578019747488,-0.009445129529149152,-0.005964667298397569,0.009811746775582572,0.009993466598077174,0.015782833341154504,0.003986718010264703,0.013699401173729267,-0.004719070016255351,-0.0014703062295188859,agent80,1
-0.7592094553368858,-0.00380934735809498,-0.004035370295059741,-0.014584405053934057,-0.009109197358213156,-0.004712139967715855,-0.00768649020901715,-0.0061478434355479936,0.005812713029474224,0.007998966603262391,-0.006151877107371901,-0.010850827887068986,0.001968786461354023,-0.0060985991494518004,-0.009710882991303774,0.007993833424146252,-0.00796303854762245,0.011999959516451913,0.009978719469184435,-0.004037420960967755,-0.011249909192631618,0.017218965865320228,-0.007404516226869305,0.009830453985437257,-0.006093157866420788,-0.002716835673544411,-0.0037386374805447598,0.003930854108351848,0.015956018298313727,0.009982113734192052,0.009358606755950636,0.013945472730209709,-0.009621000700408586,1,-0.004721599350389398,0.013978859631651262,-0.0042107793495314945,-0.009865412994323029,-0.007575246016400424,0.013094672557012818,0.013290497673574864,-0.01123072542825276,0.0019326482244335038,0.0158200200688837,0.009498423631960977,0.01195291076740495,-0.005249757591979805,-0.013167244015114318,0.015793330054614082,0.01599968840008531,0.009858684577207764,-0.010355697238878019,0.015805788263140788,0.005803344446667585,-0.007912053556882107,0.009978919372489289,-0.006847016984476426,0.01999282584317599,0.00393458597031693,-0.005543303452634303,0.017648835380147783,-0.00845831751908539,-0.010001903339668767,0.013988855272715543,-0.006397055466292725,-0.005641574008645228,0.011769485908493,0.013126926930179533,-0.004713611327428319,0.011719689466597464,-0.0010536009278155805,0.003971301531009405,0.009889910245025241,0.00583556365391239,0.011996054294104478,0.007847878399368279,-0.004188706725541589,-0.0047893568654346404,-0.0029093094155268383,-0.006224488040566427,-0.0029114694598149993,-0.003726769182153279,0.00997866422309474,-0.008449314067517909,0.009900148420273504,-0.006298010976308825,0.0019899080650087183,-0.012064796350645418,0.00774484751039598,0.015648833340013664,-0.0033815656018011076,-0.006786578019747488,-0.009445129529149152,-0.005964667298397569,0.009811746775582572,0.009993466598077174,0.015782833341154504,0.003986718010264703,0.013699401173729267,-0.004719070016255351,-0.0014703062295188859,agent9,0.9597865089199192
-0.7602155539360352,-0.00380934735809498,-0.004035370295059741,-0.014584405053934057,-0.009109197358213156,-0.004712139967715855,-0.00768649020901715,-0.0061478434355479936,0.005812713029474224,0.007998966603262391,-0.006151877107371901,-0.010850827887068986,0.001968786461354023,-0.006551190195578449,-0.009710882991303774,0.007993833424146252,-0.00796303854762245,0.011999959516451913,0.009978719469184435,-0.004037420960967755,-0.011249909192631618,0.017218965865320228,-0.007404516226869305,0.009830453985437257,-0.006093157866420788,-0.002716835673544411,-0.0037386374805447598,0.003930854108351848,0.015956018298313727,0.009982113734192052,0.009358606755950636,0.013945472730209709,-0.009621000700408586,1,-0.004721599350389398,0.013978859631651262,-0.0042107793495314945,-0.009865412994323029,-0.007575246016400424,0.013094672557012818,0.013290497673574864,-0.01123072542825276,0.0019326482244335038,0.0158200200688837,0.009498423631960977,0.01195291076740495,-0.005249757591979805,-0.013167244015114318,0.015793330054614082,0.01599968840008531,0.009858684577207764,-0.010355697238878019,0.015805788263140788,0.005803344446667585,-0.007912053556882107,0.009978919372489289,-0.006847016984476426,0.01999282584317599,0.00393458597031693,-0.005543303452634303,0.017648835380147783,-0.00845831751908539,-0.010001903339668767,0.013988855272715543,-0.006397055466292725,-0.005641574008645228,0.011769485908493,0.013126926930179533,-0.004713611327428319,0.011719689466597464,-0.0010536009278155805,0.003971301531009405,0.009889910245025241,0.00583556365391239,0.011996054294104478,0.007847878399368279,-0.004188706725541589,-0.0047893568654346404,-0.0029093094155268383,-0.006224488040566427,-0.0029114694598149993,-0.003726769182153279,0.00997866422309474,-0.008449314067517909,0.009900148420273504,-0.006298010976308825,0.0019899080650087183,-0.012064796350645418,0.00774484751039598,0.015648833340013664,-0.0033815656018011076,-0.006786578019747488,-0.009445129529149152,-0.005964667298397569,0.009811746775582572,0.009993466598077174,0.015782833341154504,0.003986718010264703,0.013699401173729267,-0.004719070016255351,-0.0014703062295188859,agent12,1
-0.7612193632833933,-0.004260167959935808,-0.004035370295059741,-0.014584405053934057,-0.009109197358213156,-0.004712139967715855,-0.00768649020901715,-0.0061478434355479936,0.005812713029474224,0.007998966603262391,-0.006151877107371901,-0.010850827887068986,0.001968786461354023,-0.006551190195578449,-0.009710882991303774,0.007993833424146252,-0.00796303854762245,0.011999959516451913,0.009978719469184435,-0.004037420960967755,-0.011249909192631618,0.017218965865320228,-0.007404516226869305,0.009830453985437257,-0.006093157866420788,-0.002716835673544411,-0.0037386374805447598,0.003930854108351848,0.015956018298313727,0.009982113734192052,0.009358606755950636,0.013945472730209709,-0.009621000700408586,1,-0.004721599350389398,0.013978859631651262,-0.0042107793495314945,-0.009865412994323029,-0.007575246016400424,0.013094672557012818,0.013290497673574864,-0.01123072542825276,0.0019326482244335038,0.0158200200688837,0.009498423631960977,0.01195291076740495,-0.005249757591979805,-0.013167244015114318,0.015793330054614082,0.01599968840008531,0.009858684577207764,-0.010355697238878019,0.015805788263140788,0.005803344446667585,-0.007912053556882107,0.009978919372489289,-0.006847016984476426,0.01999282584317599,0.00393458597031693,-0.005543303452634303,0.017648835380147783,-0.00845831751908539,-0.010001903339668767,0.013988855272715543,-0.006397055466292725,-0.005641574008645228,0.011769485908493,0.013126926930179533,-0.004713611327428319,0.011719689466597464,-0.0010536009278155805,0.003971301531009405,0.009889910245025241,0.00583556365391239,0.011996054294104478,0.007847878399368279,-0.004188706725541589,-0.0047893568654346404,-0.0029093094155268383,-0.006224488040566427,-0.0029114694598149993,-0.003726769182153279,0.00997866422309474,-0.008449314067517909,0.009900148420273504,-0.006298010976308825,0.0019899080650087183,-0.012064796350645418,0.00774484751039598,0.015648833340013664,-0.0033815656018011076,-0.006786578019747488,-0.009445129529149152,-0.005964667298397569,0.009811746775582572,0.009993466598077174,0.015782833341154504,0.003986718010264703,0.013699401173729267,-0.004719070016255351,-0.0014703062295188859,agent0,1
-0.7622293420028625,-0.004260167959935808,-0.004035370295059741,-0.014584405053934057,-0.009109197358213156,-0.004712139967715855,-0.00768649020901715,-0.0061478434355479936,0.005812713029474224,0.007998966603262391,-0.006151877107371901,-0.010850827887068986,0.001968786461354023,-0.006551190195578449,-0.009710882991303774,0.007993833424146252,-0.00796303854762245,0.011999959516451913,0.011974613993531209,-0.004037420960967755,-0.011249909192631618,0.017218965865320228,-0.007404516226869305,0.009830453985437257,-0.006093157866420788,-0.002716835673544411,-0.0037386374805447598,0.003930854108351848,0.015956018298313727,0.009982113734192052,0.009358606755950636,0.013945472730209709,-0.009621000700408586,1,-0.004721599350389398,0.013978859631651262,-0.0042107793495314945,-0.009865412994323029,-0.007575246016400424,0.013094672557012818,0.013290497673574864,-0.01123072542825276,0.0019326482244335038,0.0158200200688837,0.009498423631960977,0.01195291076740495,-0.005249757591979805,-0.013167244015114318,0.015793330054614082,0.01599968840008531,0.009858684577207764,-0.010355697238878019,0.015805788263140788,0.005803344446667585,-0.007912053556882107,0.009978919372489289,-0.006847016984476426,0.01999282584317599,0.00393458597031693,-0.005543303452634303,0.017648835380147783,-0.00845831751908539,-0.010001903339668767,0.013988855272715543,-0.006397055466292725,-0.005641574008645228,0.011769485908493,0.013126926930179533,-0.004713611327428319,0.011719689466597464,-0.0010536009278155805,0.003971301531009405,0.009889910245025241,0.00583556365391239,0.011996054294104478,0.007847878399368279,-0.004188706725541589,-0.0047893568654346404,-0.0029093094155268383,-0.006224488040566427,-0.0029114694598149993,-0.003726769182153279,0.00997866422309474,-0.008449314067517909,0.009900148420273504,-0.006298010976308825,0.0019899080650087183,-0.012064796350645418,0.00774484751039598,0.015648833340013664,-0.0033815656018011076,-0.006786578019747488,-0.009445129529149152,-0.005964667298397569,0.009811746775582572,0.009993466598077174,0.015782833341154504,0.003986718010264703,0.013699401173729267,-0.004719070016255351,-0.0014703062295188859,agent17,-0.8518336629631457
-0.7632354898462981,-0.004260167959935808,-0.004035370295059741,-0.014584405053934057,-0.009109197358213156,-0.004712139967715855,-0.00768649020901715,-0.006595117308640073,0.005812713029474224,0.007998966603262391,-0.006151877107371901,-0.010850827887068986,0.001968786461354023,-0.006551190195578449,-0.009710882991303774,0.007993833424146252,-0.00796303854762245,0.011999959516451913,0.011974613993531209,-0.004037420960967755,-0.011249909192631618,0.017218965865320228,-0.007404516226869305,0.009830453985437257,-0.006093157866420788,-0.002716835673544411,-0.0037386374805447598,0.003930854108351848,0.015956018298313727,0.009982113734192052,0.009358606755950636,0.013945472730209709,-0.009621000700408586,1,-0.004721599350389398,0.013978859631651262,-0.0042107793495314945,-0.009865412994323029,-0.007575246016400424,0.013094672557012818,0.013290497673574864,-0.01123072542825276,0.0019326482244335038,0.0158200200688837,0.009498423631960977,0.01195291076740495,-0.005249757591979805,-0.013167244015114318,0.015793330054614082,0.01599968840008531,0.009858684577207764,-0.010355697238878019,0.015805788263140788,0.005803344446667585,-0.007912053556882107,0.009978919372489289,-0.006847016984476426,0.01999282584317599,0.00393458597031693,-0.005543303452634303,0.017648835380147783,-0.00845831751908539,-0.010001903339668767,0.013988855272715543,-0.006397055466292725,-0.005641574008645228,0.011769485908493,0.013126926930179533,-0.004713611327428319,0.011719689466597464,-0.0010536009278155805,0.003971301531009405,0.009889910245025241,0.00583556365391239,0.011996054294104478,0.007847878399368279,-0.004188706725541589,-0.0047893568654346404,-0.0029093094155268383,-0.006224488040566427,-0.0029114694598149993,-0.003726769182153279,0.00997866422309474,-0.008449314067517909,0.009900148420273504,-0.006298010976308825,0.0019899080650087183,-0.012064796350645418,0.00774484751039598,0.015648833340013664,-0.0033815656018011076,-0.006786578019747488,-0.009445129529149152,-0.005964667298397569,0.009811746775582572,0.009993466598077174,0.015782833341154504,0.003986718010264703,0.013699401173729267,-0.004719070016255351,-0.0014703062295188859,agent6,1
-0.7642413025593275,-0.004260167959935808,-0.004035370295059741,-0.014584405053934057,-0.009109197358213156,-0.004712139967715855,-0.00768649020901715,-0.006595117308640073,0.007784684312840063,0.007998966603262391,-0.006151877107371901,-0.010850827887068986,0.001968786461354023,-0.006551190195578449,-0.009710882991303774,0.007993833424146252,-0.00796303854762245,0.011999959516451913,0.011974613993531209,-0.004037420960967755,-0.011249909192631618,0.017218965865320228,-0.007404516226869305,0.009830453985437257,-0.006093157866420788,-0.002716835673544411,-0.0037386374805447598,0.003930854108351848,0.015956018298313727,0.009982113734192052,0.009358606755950636,0.013945472730209709,-0.009621000700408586,1,-0.004721599350389398,0.013978859631651262,-0.0042107793495314945,-0.009865412994323029,-0.007575246016400424,0.013094672557012818,0.013290497673574864,-0.01123072542825276,0.0019326482244335038,0.0158200200688837,0.009498423631960977,0.01195291076740495,-0.005249757591979805,-0.013167244015114318,0.015793330054614082,0.01599968840008531,0.009858684577207764,-0.010355697238878019,0.015805788263140788,0.005803344446667585,-0.007912053556882107,0.009978919372489289,-0.006847016984476426,0.01999282584317599,0.00393458597031693,-0.005543303452634303,0.017648835380147783,-0.00845831751908539,-0.010001903339668767,0.013988855272715543,-0.006397055466292725,-0.005641574008645228,0.011769485908493,0.013126926930179533,-0.004713611327428319,0.011719689466597464,-0.0010536009278155805,0.003971301531009405,0.009889910245025241,0.00583556365391239,0.011996054294104478,0.007847878399368279,-0.004188706725541589,-0.0047893568654346404,-0.0029093094155268383,-0.006224488040566427,-0.0029114694598149993,-0.003726769182153279,0.00997866422309474,-0.008449314067517909,0.009900148420273504,-0.006298010976308825,0.0019899080650087183,-0.012064796350645418,0.00774484751039598,0.015648833340013664,-0.0033815656018011076,-0.006786578019747488,-0.009445129529149152,-0.005964667298397569,0.009811746775582572,0.009993466598077174,0.015782833341154504,0.003986718010264703,0.013699401173729267,-0.004719070016255351,-0.0014703062295188859,agent7,-1
-0.7652511143061032,-0.004260167959935808,-0.004035370295059741,-0.014584405053934057,-0.009109197358213156,-0.004712139967715855,-0.00768649020901715,-0.006595117308640073,0.007784684312840063,0.007998966603262391,-0.006151877107371901,-0.010850827887068986,0.001968786461354023,-0.006551190195578449,-0.009710882991303774,0.007993833424146252,-0.00796303854762245,0.011999959516451913,0.011974613993531209,-0.004037420960967755,-0.011249909192631618,0.017218965865320228,-0.007404516226869305,0.009830453985437257,-0.006093157866420788,-0.002716835673544411,-0.0037386374805447598,0.003930854108351848,0.015956018298313727,0.009982113734192052,0.009358606755950636,0.013945472730209709,-0.009621000700408586,1,-0.004721599350389398,0.013978859631651262,-0.0042107793495314945,-0.009865412994323029,-0.007575246016400424,0.013094672557012818,0.013290497673574864,-0.01123072542825276,0.0019326482244335038,0.0158200200688837,0.009498423631960977,0.01195291076740495,-0.005249757591979805,-0.013167244015114318,0.015793330054614082,0.01599968840008531,0.009858684577207764,-0.010355697238878019,0.015805788263140788,0.005803344446667585,-0.007912053556882107,0.009978919372489289,-0.006847016984476426,0.01999282584317599,0.00393458597031693,-0.005543303452634303,0.017648835380147783,-0.00845831751908539,-0.010001903339668767,0.013988855272715543,-0.006397055466292725,-0.005641574008645228,0.011769485908493,0.013126926930179533,-0.004713611327428319,0.011719689466597464,-0.0010536009278155805,0.003971301531009405,0.009889910245025241,0.00583556365391239,0.011996054294104478,0.007847878399368279,-0.004188706725541589,-0.0047893568654346404,-0.0029093094155268383,-0.006224488040566427,-0.0029114694598149993,-0.003726769182153279,0.00997866422309474,-0.008449314067517909,0.009900148420273504,-0.006298010976308825,0.0019899080650087183,-0.012064796350645418,0.00774484751039598,0.015648833340013664,-0.0033815656018011076,-0.006786578019747488,-0.009445129529149152,-0.005964667298397569,0.01177373717261827,0.009993466598077174,0.015782833341154504,0.003986718010264703,0.013699401173729267,-0.004719070016255351,-0.0014703062295188859,agent93,-0.4885254961052802
-0.7662669076361578,-0.004260167959935808,-0.004035370295059741,-0.014584405053934057,-0.009109197358213156,-0.004712139967715855,-0.00768649020901715,-0.006595117308640073,0.007784684312840063,0.007998966603262391,-0.006151877107371901,-0.010850827887068986,0.001968786461354023,-0.006551190195578449,-0.009710882991303774,0.007993833424146252,-0.00796303854762245,0.011999959516451913,0.011974613993531209,-0.004037420960967755,-0.011249909192631618,0.017218965865320228,-0.007404516226869305,0.009830453985437257,-0.006093157866420788,-0.002716835673544411,-0.0037386374805447598,0.003930854108351848,0.015956018298313727,0.009982113734192052,0.009358606755950636,0.013945472730209709,-0.009621000700408586,1,-0.004721599350389398,0.013978859631651262,-0.0042107793495314945,-0.009865412994323029,-0.007575246016400424,0.013094672557012818,0.013290497673574864,-0.01123072542825276,0.0019326482244335038,0.0158200200688837,0.009498423631960977,0.01195291076740495,-0.005249757591979805,-0.013167244015114318,0.01776712227072458,0.01599968840008531,0.009858684577207764,-0.010355697238878019,0.015805788263140788,0.005803344446667585,-0.007912053556882107,0.009978919372489289,-0.006847016984476426,0.01999282584317599,0.00393458597031693,-0.005543303452634303,0.017648835380147783,-0.00845831751908539,-0.010001903339668767,0.013988855272715543,-0.006397055466292725,-0.005641574008645228,0.011769485908493,0.013126926930179533,-0.004713611327428319,0.011719689466597464,-0.0010536009278155805,0.003971301531009405,0.009889910245025241,0.00583556365391239,0.011996054294104478,0.007847878399368279,-0.004188706725541589,-0.0047893568654346404,-0.0029093094155268383,-0.006224488040566427,-0.0029114694598149993,-0.003726769182153279,0.00997866422309474,-0.008449314067517909,0.009900148420273504,-0.006298010976308825,0.0019899080650087183,-0.012064796350645418,0.00774484751039598,0.015648833340013664,-0.0033815656018011076,-0.006786578019747488,-0.009445129529149152,-0.005964667298397569,0.01177373717261827,0.009993466598077174,0.015782833341154504,0.003986718010264703,0.013699401173729267,-0.004719070016255351,-0.0014703062295188859,agent47,-0.5363066499069792
-0.7672721573937498,-0.004260167959935808,-0.004035370295059741,-0.014584405053934057,-0.009109197358213156,-0.004712139967715855,-0.00768649020901715,-0.006595117308640073,0.007784684312840063,0.007998966603262391,-0.006151877107371901,-0.010850827887068986,0.001968786461354023,-0.006551190195578449,-0.009710882991303774,0.007993833424146252,-0.00796303854762245,0.011999959516451913,0.011974613993531209,-0.004037420960967755,-0.011249909192631618,0.017218965865320228,-0.007404516226869305,0.009830453985437257,-0.006093157866420788,-0.002716835673544411,-0.0037386374805447598,0.003930854108351848,0.015956018298313727,0.009982113734192052,0.009358606755950636,0.013945472730209709,-0.009621000700408586,1,-0.004721599350389398,0.013978859631651262,-0.0042107793495314945,-0.009865412994323029,-0.007575246016400424,0.013094672557012818,0.013290497673574864,-0.01123072542825276,0.0019326482244335038,0.0158200200688837,0.009498423631960977,0.01195291076740495,-0.005689908197474508,-0.013167244015114318,0.01776712227072458,0.01599968840008531,0.009858684577207764,-0.010355697238878019,0.015805788263140788,0.005803344446667585,-0.007912053556882107,0.009978919372489289,-0.006847016984476426,0.01999282584317599,0.00393458597031693,-0.005543303452634303,0.017648835380147783,-0.00845831751908539,-0.010001903339668767,0.013988855272715543,-0.006397055466292725,-0.005641574008645228,0.011769485908493,0.013126926930179533,-0.004713611327428319,0.011719689466597464,-0.0010536009278155805,0.003971301531009405,0.009889910245025241,0.00583556365391239,0.011996054294104478,0.007847878399368279,-0.004188706725541589,-0.0047893568654346404,-0.0029093094155268383,-0.006224488040566427,-0.0029114694598149993,-0.003726769182153279,0.00997866422309474,-0.008449314067517909,0.009900148420273504,-0.006298010976308825,0.0019899080650087183,-0.012064796350645418,0.00774484751039598,0.015648833340013664,-0.0033815656018011076,-0.006786578019747488,-0.009445129529149152,-0.005964667298397569,0.01177373717261827,0.009993466598077174,0.015782833341154504,0.003986718010264703,0.013699401173729267,-0.004719070016255351,-0.0014703062295188859,agent45,1
-0.7682815160005058,-0.004260167959935808,-0.004035370295059741,-0.014584405053934057,-0.009109197358213156,-0.004712139967715855,-0.00768649020901715,-0.006595117308640073,0.007784684312840063,0.007998966603262391,-0.006151877107371901,-0.010850827887068986,0.001968786461354023,-0.006551190195578449,-0.009710882991303774,0.007993833424146252,-0.00796303854762245,0.011999959516451913,0.011974613993531209,-0.004037420960967755,-0.011249909192631618,0.017218965865320228,-0.007404516226869305,0.009830453985437257,-0.006093157866420788,-0.002716835673544411,-0.0037386374805447598,0.003930854108351848,0.015956018298313727,0.009982113734192052,0.011331525631588556,0.013945472730209709,-0.009621000700408586,1,-0.004721599350389398,0.013978859631651262,-0.0042107793495314945,-0.009865412994323029,-0.007575246016400424,0.013094672557012818,0.013290497673574864,-0.01123072542825276,0.0019326482244335038,0.0158200200688837,0.009498423631960977,0.01195291076740495,-0.005689908197474508,-0.013167244015114318,0.01776712227072458,0.01599968840008531,0.009858684577207764,-0.010355697238878019,0.015805788263140788,0.005803344446667585,-0.007912053556882107,0.009978919372489289,-0.006847016984476426,0.01999282584317599,0.00393458597031693,-0.005543303452634303,0.017648835380147783,-0.00845831751908539,-0.010001903339668767,0.013988855272715543,-0.006397055466292725,-0.005641574008645228,0.011769485908493,0.013126926930179533,-0.004713611327428319,0.011719689466597464,-0.0010536009278155805,0.003971301531009405,0.009889910245025241,0.00583556365391239,0.011996054294104478,0.007847878399368279,-0.004188706725541589,-0.0047893568654346404,-0.0029093094155268383,-0.006224488040566427,-0.0029114694598149993,-0.003726769182153279,0.00997866422309474,-0.008449314067517909,0.009900148420273504,-0.006298010976308825,0.0019899080650087183,-0.012064796350645418,0.00774484751039598,0.015648833340013664,-0.0033815656018011076,-0.006786578019747488,-0.009445129529149152,-0.005964667298397569,0.01177373717261827,0.009993466598077174,0.015782833341154504,0.003986718010264703,0.013699401173729267,-0.004719070016255351,-0.0014703062295188859,agent29,-1
-0.7692927467259341,-0.004260167959935808,-0.004035370295059741,-0.014584405053934057,-0.009109197358213156,-0.004712139967715855,-0.00768649020901715,-0.006595117308640073,0.007784684312840063,0.007998966603262391,-0.006151877107371901,-0.010850827887068986,0.001968786461354023,-0.006551190195578449,-0.009710882991303774,0.007993833424146252,-0.00796303854762245,0.011999959516451913,0.011974613993531209,-0.004037420960967755,-0.011249909192631618,0.017218965865320228,-0.007404516226869305,0.009830453985437257,-0.006093157866420788,-0.002716835673544411,-0.0037386374805447598,0.003930854108351848,0.015956018298313727,0.009982113734192052,0.011331525631588556,0.013945472730209709,-0.009621000700408586,1,-0.004721599350389398,0.013978859631651262,-0.0042107793495314945,-0.009865412994323029,-0.007575246016400424,0.013094672557012818,0.013290497673574864,-0.012040073019615306,0.0019326482244335038,0.0158200200688837,0.009498423631960977,0.01195291076740495,-0.005689908197474508,-0.013167244015114318,0.01776712227072458,0.01599968840008531,0.009858684577207764,-0.010355697238878019,0.015805788263140788,0.005803344446667585,-0.007912053556882107,0.009978919372489289,-0.006847016984476426,0.01999282584317599,0.00393458597031693,-0.005543303452634303,0.017648835380147783,-0.00845831751908539,-0.010001903339668767,0.013988855272715543,-0.006397055466292725,-0.005641574008645228,0.011769485908493,0.013126926930179533,-0.004713611327428319,0.011719689466597464,-0.0010536009278155805,0.003971301531009405,0.009889910245025241,0.00583556365391239,0.011996054294104478,0.007847878399368279,-0.004188706725541589,-0.0047893568654346404,-0.0029093094155268383,-0.006224488040566427,-0.0029114694598149993,-0.003726769182153279,0.00997866422309474,-0.008449314067517909,0.009900148420273504,-0.006298010976308825,0.0019899080650087183,-0.012064796350645418,0.00774484751039598,0.015648833340013664,-0.0033815656018011076,-0.006786578019747488,-0.009445129529149152,-0.005964667298397569,0.01177373717261827,0.009993466598077174,0.015782833341154504,0.003986718010264703,0.013699401173729267,-0.004719070016255351,-0.0014703062295188859,agent40,0.7748661818155227
-0.7702942170321636,-0.004260167959935808,-0.004035370295059741,-0.014584405053934057,-0.009109197358213156,-0.004712139967715855,-0.00768649020901715,-0.006595117308640073,0.007784684312840063,0.007998966603262391,-0.006151877107371901,-0.010850827887068986,0.001968786461354023,-0.006551190195578449,-0.009710882991303774,0.007993833424146252,-0.00796303854762245,0.011999959516451913,0.011974613993531209,-0.004037420960967755,-0.011249909192631618,0.017218965865320228,-0.007404516226869305,0.009830453985437257,-0.006093157866420788,-0.002716835673544411,-0.0037386374805447598,0.003930854108351848,0.015956018298313727,0.009982113734192052,0.011331525631588556,0.013945472730209709,-0.009621000700408586,1,-0.004721599350389398,0.013978859631651262,-0.0042107793495314945,-0.009865412994323029,-0.007575246016400424,0.013094672557012818,0.013290497673574864,-0.012040073019615306,0.0019326482244335038,0.0158200200688837,0.009498423631960977,0.01195291076740495,-0.005689908197474508,-0.013167244015114318,0.01776712227072458,0.01599968840008531,0.009858684577207764,-0.010355697238878019,0.015805788263140788,0.005803344446667585,-0.007912053556882107,0.009978919372489289,-0.006847016984476426,0.01999282584317599,0.00393458597031693,-0.005543303452634303,0.017648835380147783,-0.00845831751908539,-0.010001903339668767,0.013988855272715543,-0.006397055466292725,-0.005641574008645228,0.011769485908493,0.013126926930179533,-0.004713611327428319,0.011719689466597464,-0.0010536009278155805,0.003971301531009405,0.009889910245025241,0.00583556365391239,0.011996054294104478,0.007847878399368279,-0.004188706725541589,-0.0047893568654346404,-0.0029093094155268383,-0.006224488040566427,-0.0029114694598149993,-0.003726769182153279,0.00997866422309474,-0.008449314067517909,0.009900148420273504,-0.006298010976308825,0.0019899080650087183,-0.012064796350645418,0.00774484751039598,0.015648833340013664,-0.0033815656018011076,-0.006786578019747488,-0.009445129529149152,-0.005964667298397569,0.01177373717261827,0.009993466598077174,0.015782833341154504,0.003986718010264703,0.013699401173729267,-0.004719070016255351,-0.0019051078177103858,agent99,1
-0.7713010640491481,-0.004260167959935808,-0.004035370295059741,-0.014584405053934057,-0.009109197358213156,-0.004712139967715855,-0.00768649020901715,-0.006595117308640073,0.007784684312840063,0.007998966603262391,-0.006151877107371901,-0.010850827887068986,0.001968786461354023,-0.006551190195578449,-0.009710882991303774,0.007993833424146252,-0.00796303854762245,0.011999959516451913,0.011974613993531209,-0.004037420960967755,-0.011249909192631618,0.017218965865320228,-0.007404516226869305,0.009830453985437257,-0.006093157866420788,-0.002716835673544411,-0.0037386374805447598,0.003930854108351848,0.015956018298313727,0.009982113734192052,0.011331525631588556,0.013945472730209709,-0.009621000700408586,1,-0.004721599350389398,0.013978859631651262,-0.0042107793495314945,-0.009865412994323029,-0.007575246016400424,0.013094672557012818,0.013290497673574864,-0.012040073019615306,0.0019326482244335038,0.0158200200688837,0.009498423631960977,0.01195291076740495,-0.005689908197474508,-0.013167244015114318,0.01776712227072458,0.01599968840008531,0.009858684577207764,-0.010355697238878019,0.015805788263140788,0.005803344446667585,-0.007912053556882107,0.009978919372489289,-0.00734597451565063,0.01999282584317599,0.00393458597031693,-0.005543303452634303,0.017648835380147783,-0.00845831751908539,-0.010001903339668767,0.013988855272715543,-0.006397055466292725,-0.005641574008645228,0.011769485908493,0.013126926930179533,-0.004713611327428319,0.011719689466597464,-0.0010536009278155805,0.003971301531009405,0.009889910245025241,0.00583556365391239,0.011996054294104478,0.007847878399368279,-0.004188706725541589,-0.0047893568654346404,-0.0029093094155268383,-0.006224488040566427,-0.0029114694598149993,-0.003726769182153279,0.00997866422309474,-0.008449314067517909,0.009900148420273504,-0.006298010976308825,0.0019899080650087183,-0.012064796350645418,0.00774484751039598,0.015648833340013664,-0.0033815656018011076,-0.006786578019747488,-0.009445129529149152,-0.005964667298397569,0.01177373717261827,0.009993466598077174,0.015782833341154504,0.003986718010264703,0.013699401173729267,-0.004719070016255351,-0.0019051078177103858,agent55,0.9623583556585049
-0.7723106850498486,-0.004260167959935808,-0.004035370295059741,-0.014584405053934057,-0.009109197358213156,-0.004712139967715855,-0.00768649020901715,-0.006595117308640073,0.007784684312840063,0.007998966603262391,-0.006151877107371901,-0.010850827887068986,0.001968786461354023,-0.006551190195578449,-0.009710882991303774,0.007993833424146252,-0.00796303854762245,0.011999959516451913,0.011974613993531209,-0.004037420960967755,-0.011249909192631618,0.017218965865320228,-0.007404516226869305,0.009830453985437257,-0.006093157866420788,-0.002716835673544411,-0.0037386374805447598,0.003930854108351848,0.015956018298313727,0.009982113734192052,0.011331525631588556,0.013945472730209709,-0.010115977514871947,1,-0.004721599350389398,0.013978859631651262,-0.0042107793495314945,-0.009865412994323029,-0.007575246016400424,0.013094672557012818,0.013290497673574864,-0.012040073019615306,0.0019326482244335038,0.0158200200688837,0.009498423631960977,0.01195291076740495,-0.005689908197474508,-0.013167244015114318,0.01776712227072458,0.01599968840008531,0.009858684577207764,-0.010355697238878019,0.015805788263140788,0.005803344446667585,-0.007912053556882107,0.009978919372489289,-0.00734597451565063,0.01999282584317599,0.00393458597031693,-0.005543303452634303,0.017648835380147783,-0.00845831751908539,-0.010001903339668767,0.013988855272715543,-0.006397055466292725,-0.005641574008645228,0.011769485908493,0.013126926930179533,-0.004713611327428319,0.011719689466597464,-0.0010536009278155805,0.003971301531009405,0.009889910245025241,0.00583556365391239,0.011996054294104478,0.007847878399368279,-0.004188706725541589,-0.0047893568654346404,-0.0029093094155268383,-0.006224488040566427,-0.0029114694598149993,-0.003726769182153279,0.00997866422309474,-0.008449314067517909,0.009900148420273504,-0.006298010976308825,0.0019899080650087183,-0.012064796350645418,0.00774484751039598,0.015648833340013664,-0.0033815656018011076,-0.006786578019747488,-0.009445129529149152,-0.005964667298397569,0.01177373717261827,0.009993466598077174,0.015782833341154504,0.003986718010264703,0.013699401173729267,-0.004719070016255351,-0.0019051078177103858,agent31,0.9636474571102773
-0.7733163266238572,-0.004260167959935808,-0.004035370295059741,-0.014584405053934057,-0.009109197358213156,-0.004712139967715855,-0.00768649020901715,-0.006595117308640073,0.007784684312840063,0.007998966603262391,-0.006151877107371901,-0.010850827887068986,0.001968786461354023,-0.006551190195578449,-0.009710882991303774,0.007993833424146252,-0.00796303854762245,0.011999959516451913,0.011974613993531209,-0.004037420960967755,-0.011249909192631618,0.017218965865320228,-0.007404516226869305,0.009830453985437257,-0.006093157866420788,-0.002716835673544411,-0.0037386374805447598,0.003930854108351848,0.015956018298313727,0.009982113734192052,0.011331525631588556,0.013945472730209709,-0.010115977514871947,1,-0.004721599350389398,0.013978859631651262,-0.0042107793495314945,-0.009865412994323029,-0.007575246016400424,0.013094672557012818,0.013290497673574864,-0.012040073019615306,0.0019326482244335038,0.0158200200688837,0.009498423631960977,0.01195291076740495,-0.005689908197474508,-0.013167244015114318,0.01776712227072458,0.01599968840008531,0.009858684577207764,-0.010355697238878019,0.015805788263140788,0.005803344446667585,-0.007912053556882107,0.009978919372489289,-0.00734597451565063,0.01999282584317599,0.00393458597031693,-0.005543303452634303,0.017648835380147783,-0.00845831751908539,-0.010001903339668767,0.013988855272715543,-0.006397055466292725,-0.006071031426474296,0.011769485908493,0.013126926930179533,-0.004713611327428319,0.011719689466597464,-0.0010536009278155805,0.003971301531009405,0.009889910245025241,0.00583556365391239,0.011996054294104478,0.007847878399368279,-0.004188706725541589,-0.0047893568654346404,-0.0029093094155268383,-0.006224488040566427,-0.0029114694598149993,-0.003726769182153279,0.00997866422309474,-0.008449314067517909,0.009900148420273504,-0.006298010976308825,0.0019899080650087183,-0.012064796350645418,0.00774484751039598,0.015648833340013664,-0.0033815656018011076,-0.006786578019747488,-0.009445129529149152,-0.005964667298397569,0.01177373717261827,0.009993466598077174,0.015782833341154504,0.003986718010264703,0.013699401173729267,-0.004719070016255351,-0.0019051078177103858,agent64,1
-0.7743202574779655,-0.004260167959935808,-0.004035370295059741,-0.014584405053934057,-0.009109197358213156,-0.004712139967715855,-0.00768649020901715,-0.006595117308640073,0.007784684312840063,0.007998966603262391,-0.006151877107371901,-0.010850827887068986,0.001968786461354023,-0.006551190195578449,-0.009710882991303774,0.007993833424146252,-0.00796303854762245,0.011999959516451913,0.011974613993531209,-0.004037420960967755,-0.011249909192631618,0.017218965865320228,-0.007404516226869305,0.009830453985437257,-0.006093157866420788,-0.002716835673544411,-0.0037386374805447598,0.005896848713578208,0.015956018298313727,0.009982113734192052,0.011331525631588556,0.013945472730209709,-0.010115977514871947,1,-0.004721599350389398,0.013978859631651262,-0.0042107793495314945,-0.009865412994323029,-0.007575246016400424,0.013094672557012818,0.013290497673574864,-0.012040073019615306,0.0019326482244335038,0.0158200200688837,0.009498423631960977,0.01195291076740495,-0.005689908197474508,-0.013167244015114318,0.01776712227072458,0.01599968840008531,0.009858684577207764,-0.010355697238878019,0.015805788263140788,0.005803344446667585,-0.007912053556882107,0.009978919372489289,-0.00734597451565063,0.01999282584317599,0.00393458597031693,-0.005543303452634303,0.017648835380147783,-0.00845831751908539,-0.010001903339668767,0.013988855272715543,-0.006397055466292725,-0.006071031426474296,0.011769485908493,0.013126926930179533,-0.004713611327428319,0.011719689466597464,-0.0010536009278155805,0.003971301531009405,0.009889910245025241,0.00583556365391239,0.011996054294104478,0.007847878399368279,-0.004188706725541589,-0.0047893568654346404,-0.0029093094155268383,-0.006224488040566427,-0.0029114694598149993,-0.003726769182153279,0.00997866422309474,-0.008449314067517909,0.009900148420273504,-0.006298010976308825,0.0019899080650087183,-0.012064796350645418,0.00774484751039598,0.015648833340013664,-0.0033815656018011076,-0.006786578019747488,-0.009445129529149152,-0.005964667298397569,0.01177373717261827,0.009993466598077174,0.015782833341154504,0.003986718010264703,0.013699401173729267,-0.004719070016255351,-0.0019051078177103858,agent26,-0.5125275432238046
-0.7753258007814181,-0.004260167959935808,-0.004035370295059741,-0.014584405053934057,-0.009109197358213156,-0.004712139967715855,-0.00768649020901715,-0.006595117308640073,0.007784684312840063,0.007998966603262391,-0.006151877107371901,-0.010850827887068986,0.001968786461354023,-0.006551190195578449,-0.009710882991303774,0.007993833424146252,-0.00796303854762245,0.011999959516451913,0.011974613993531209,-0.004037420960967755,-0.011249909192631618,0.017218965865320228,-0.007404516226869305,0.009830453985437257,-0.006093157866420788,-0.002716835673544411,-0.0037386374805447598,0.005896848713578208,0.015956018298313727,0.009982113734192052,0.011331525631588556,0.013945472730209709,-0.010115977514871947,1,-0.004721599350389398,0.013978859631651262,-0.0042107793495314945,-0.009865412994323029,-0.007575246016400424,0.013094672557012818,0.013290497673574864,-0.012040073019615306,0.0019326482244335038,0.0158200200688837,0.009498423631960977,0.01195291076740495,-0.005689908197474508,-0.013167244015114318,0.01776712227072458,0.01599968840008531,0.009858684577207764,-0.010355697238878019,0.015805788263140788,0.005803344446667585,-0.007912053556882107,0.009978919372489289,-0.00734597451565063,0.01999282584317599,0.00393458597031693,-0.005969197264585966,0.017648835380147783,-0.00845831751908539,-0.010001903339668767,0.013988855272715543,-0.006397055466292725,-0.006071031426474296,0.011769485908493,0.013126926930179533,-0.004713611327428319,0.011719689466597464,-0.0010536009278155805,0.003971301531009405,0.009889910245025241,0.00583556365391239,0.011996054294104478,0.007847878399368279,-0.004188706725541589,-0.0047893568654346404,-0.0029093094155268383,-0.006224488040566427,-0.0029114694598149993,-0.003726769182153279,0.00997866422309474,-0.008449314067517909,0.009900148420273504,-0.006298010976308825,0.0019899080650087183,-0.012064796350645418,0.00774484751039598,0.015648833340013664,-0.0033815656018011076,-0.006786578019747488,-0.009445129529149152,-0.005964667298397569,0.01177373717261827,0.009993466598077174,0.015782833341154504,0.003986718010264703,0.013699401173729267,-0.004719070016255351,-0.0019051078177103858,agent58,1
-0.7763435679036889,-0.004260167959935808,-0.004035370295059741,-0.014584405053934057,-0.009109197358213156,-0.004712139967715855,-0.00768649020901715,-0.006595117308640073,0.007784684312840063,0.007998966603262391,-0.006151877107371901,-0.010850827887068986,0.001968786461354023,-0.006551190195578449,-0.009710882991303774,0.007993833424146252,-0.00796303854762245,0.011999959516451913,0.011974613993531209,-0.004037420960967755,-0.011249909192631618,0.017218965865320228,-0.007404516226869305,0.009830453985437257,-0.006093157866420788,-0.002716835673544411,-0.0037386374805447598,0.005896848713578208,0.015956018298313727,0.009982113734192052,0.011331525631588556,0.013945472730209709,-0.010115977514871947,1,-0.004721599350389398,0.013978859631651262,-0.0042107793495314945,-0.009865412994323029,-0.007575246016400424,0.013094672557012818,0.013290497673574864,-0.012040073019615306,0.0019326482244335038,0.0158200200688837,0.009498423631960977,0.01195291076740495,-0.005689908197474508,-0.013167244015114318,0.019740683718233905,0.01599968840008531,0.009858684577207764,-0.010355697238878019,0.015805788263140788,0.005803344446667585,-0.007912053556882107,0.009978919372489289,-0.00734597451565063,0.01999282584317599,0.00393458597031693,-0.005969197264585966,0.017648835380147783,-0.00845831751908539,-0.010001903339668767,0.013988855272715543,-0.006397055466292725,-0.006071031426474296,0.011769485908493,0.013126926930179533,-0.004713611327428319,0.011719689466597464,-0.0010536009278155805,0.003971301531009405,0.009889910245025241,0.00583556365391239,0.011996054294104478,0.007847878399368279,-0.004188706725541589,-0.0047893568654346404,-0.0029093094155268383,-0.006224488040566427,-0.0029114694598149993,-0.003726769182153279,0.00997866422309474,-0.008449314067517909,0.009900148420273504,-0.006298010976308825,0.0019899080650087183,-0.012064796350645418,0.00774484751039598,0.015648833340013664,-0.0033815656018011076,-0.006786578019747488,-0.009445129529149152,-0.005964667298397569,0.01177373717261827,0.009993466598077174,0.015782833341154504,0.003986718010264703,0.013699401173729267,-0.004719070016255351,-0.0019051078177103858,agent47,-0.5453755779475248
-0.777353550017423,-0.004260167959935808,-0.004035370295059741,-0.014584405053934057,-0.009109197358213156,-0.004712139967715855,-0.00768649020901715,-0.006595117308640073,0.007784684312840063,0.007998966603262391,-0.006151877107371901,-0.010850827887068986,0.001968786461354023,-0.006551190195578449,-0.009710882991303774,0.007993833424146252,-0.00796303854762245,0.011999959516451913,0.011974613993531209,-0.004037420960967755,-0.011249909192631618,0.017218965865320228,-0.007404516226869305,0.009830453985437257,-0.006093157866420788,-0.002716835673544411,-0.0037386374805447598,0.005896848713578208,0.015956018298313727,0.011978559019391308,0.011331525631588556,0.013945472730209709,-0.010115977514871947,1,-0.004721599350389398,0.013978859631651262,-0.0042107793495314945,-0.009865412994323029,-0.007575246016400424,0.013094672557012818,0.013290497673574864,-0.012040073019615306,0.0019326482244335038,0.0158200200688837,0.009498423631960977,0.01195291076740495,-0.005689908197474508,-0.013167244015114318,0.019740683718233905,0.01599968840008531,0.009858684577207764,-0.010355697238878019,0.015805788263140788,0.005803344446667585,-0.007912053556882107,0.009978919372489289,-0.00734597451565063,0.01999282584317599,0.00393458597031693,-0.005969197264585966,0.017648835380147783,-0.00845831751908539,-0.010001903339668767,0.013988855272715543,-0.006397055466292725,-0.006071031426474296,0.011769485908493,0.013126926930179533,-0.004713611327428319,0.011719689466597464,-0.0010536009278155805,0.003971301531009405,0.009889910245025241,0.00583556365391239,0.011996054294104478,0.007847878399368279,-0.004188706725541589,-0.0047893568654346404,-0.0029093094155268383,-0.006224488040566427,-0.0029114694598149993,-0.003726769182153279,0.00997866422309474,-0.008449314067517909,0.009900148420273504,-0.006298010976308825,0.0019899080650087183,-0.012064796350645418,0.00774484751039598,0.015648833340013664,-0.0033815656018011076,-0.006786578019747488,-0.009445129529149152,-0.005964667298397569,0.01177373717261827,0.009993466598077174,0.015782833341154504,0.003986718010264703,0.013699401173729267,-0.004719070016255351,-0.0019051078177103858,agent28,-0.6920261343475881
-0.7783655460717172,-0.004260167959935808,-0.004035370295059741,-0.014584405053934057,-0.009109197358213156,-0.004712139967715855,-0.00768649020901715,-0.006595117308640073,0.007784684312840063,0.007998966603262391,-0.006151877107371901,-0.010850827887068986,0.001968786461354023,-0.006551190195578449,-0.009710882991303774,0.007993833424146252,-0.00796303854762245,0.011999959516451913,0.011974613993531209,-0.004037420960967755,-0.011249909192631618,0.017218965865320228,-0.007404516226869305,0.009830453985437257,-0.006093157866420788,-0.002716835673544411,-0.0037386374805447598,0.005896848713578208,0.015956018298313727,0.011978559019391308,0.011331525631588556,0.013945472730209709,-0.010115977514871947,1,-0.004721599350389398,0.013978859631651262,-0.0042107793495314945,-0.009865412994323029,-0.007575246016400424,0.013094672557012818,0.013290497673574864,-0.012040073019615306,0.0019326482244335038,0.0158200200688837,0.009498423631960977,0.01195291076740495,-0.005689908197474508,-0.013167244015114318,0.019740683718233905,0.01599968840008531,0.009858684577207764,-0.010355697238878019,0.015805788263140788,0.005803344446667585,-0.007912053556882107,0.009978919372489289,-0.00734597451565063,0.01999282584317599,0.00393458597031693,-0.005969197264585966,0.017648835380147783,-0.00845831751908539,-0.010001903339668767,0.013988855272715543,-0.006397055466292725,-0.006071031426474296,0.011769485908493,0.013126926930179533,-0.004713611327428319,0.011719689466597464,-0.0010536009278155805,0.003971301531009405,0.009889910245025241,0.00583556365391239,0.013995428049868034,0.007847878399368279,-0.004188706725541589,-0.0047893568654346404,-0.0029093094155268383,-0.006224488040566427,-0.0029114694598149993,-0.003726769182153279,0.00997866422309474,-0.008449314067517909,0.009900148420273504,-0.006298010976308825,0.0019899080650087183,-0.012064796350645418,0.00774484751039598,0.015648833340013664,-0.0033815656018011076,-0.006786578019747488,-0.009445129529149152,-0.005964667298397569,0.01177373717261827,0.009993466598077174,0.015782833341154504,0.003986718010264703,0.013699401173729267,-0.004719070016255351,-0.0019051078177103858,agent73,-0.8127440639001725
-0.7793775861447367,-0.004260167959935808,-0.004035370295059741,-0.014584405053934057,-0.009109197358213156,-0.004712139967715855,-0.00768649020901715,-0.006595117308640073,0.007784684312840063,0.007998966603262391,-0.006151877107371901,-0.010850827887068986,0.001968786461354023,-0.006551190195578449,-0.009710882991303774,0.007993833424146252,-0.00796303854762245,0.011999959516451913,0.011974613993531209,-0.004037420960967755,-0.011249909192631618,0.017218965865320228,-0.007404516226869305,0.009830453985437257,-0.006093157866420788,-0.002716835673544411,-0.0037386374805447598,0.005896848713578208,0.015956018298313727,0.011978559019391308,0.011331525631588556,0.013945472730209709,-0.010115977514871947,1,-0.004721599350389398,0.013978859631651262,-0.0042107793495314945,-0.009865412994323029,-0.007575246016400424,0.013094672557012818,0.013290497673574864,-0.012819653723757159,0.0019326482244335038,0.0158200200688837,0.009498423631960977,0.01195291076740495,-0.005689908197474508,-0.013167244015114318,0.019740683718233905,0.01599968840008531,0.009858684577207764,-0.010355697238878019,0.015805788263140788,0.005803344446667585,-0.007912053556882107,0.009978919372489289,-0.00734597451565063,0.01999282584317599,0.00393458597031693,-0.005969197264585966,0.017648835380147783,-0.00845831751908539,-0.010001903339668767,0.013988855272715543,-0.006397055466292725,-0.006071031426474296,0.011769485908493,0.013126926930179533,-0.004713611327428319,0.011719689466597464,-0.0010536009278155805,0.003971301531009405,0.009889910245025241,0.00583556365391239,0.013995428049868034,0.007847878399368279,-0.004188706725541589,-0.0047893568654346404,-0.0029093094155268383,-0.006224488040566427,-0.0029114694598149993,-0.003726769182153279,0.00997866422309474,-0.008449314067517909,0.009900148420273504,-0.006298010976308825,0.0019899080650087183,-0.012064796350645418,0.00774484751039598,0.015648833340013664,-0.0033815656018011076,-0.006786578019747488,-0.009445129529149152,-0.005964667298397569,0.01177373717261827,0.009993466598077174,0.015782833341154504,0.003986718010264703,0.013699401173729267,-0.004719070016255351,-0.0019051078177103858,agent40,0.7839527927172426
-0.7803895861042531,-0.004260167959935808,-0.004035370295059741,-0.014584405053934057,-0.009109197358213156,-0.004712139967715855,-0.00768649020901715,-0.006595117308640073,0.007784684312840063,0.007998966603262391,-0.006151877107371901,-0.010850827887068986,0.001968786461354023,-0.006551190195578449,-0.009710882991303774,0.007993833424146252,-0.00796303854762245,0.01399994878182351,0.011974613993531209,-0.004037420960967755,-0.011249909192631618,0.017218965865320228,-0.007404516226869305,0.009830453985437257,-0.006093157866420788,-0.002716835673544411,-0.0037386374805447598,0.005896848713578208,0.015956018298313727,0.011978559019391308,0.011331525631588556,0.013945472730209709,-0.010115977514871947,1,-0.004721599350389398,0.013978859631651262,-0.0042107793495314945,-0.009865412994323029,-0.007575246016400424,0.013094672557012818,0.013290497673574864,-0.012819653723757159,0.0019326482244335038,0.0158200200688837,0.009498423631960977,0.01195291076740495,-0.005689908197474508,-0.013167244015114318,0.019740683718233905,0.01599968840008531,0.009858684577207764,-0.010355697238878019,0.015805788263140788,0.005803344446667585,-0.007912053556882107,0.009978919372489289,-0.00734597451565063,0.01999282584317599,0.00393458597031693,-0.005969197264585966,0.017648835380147783,-0.00845831751908539,-0.010001903339668767,0.013988855272715543,-0.006397055466292725,-0.006071031426474296,0.011769485908493,0.013126926930179533,-0.004713611327428319,0.011719689466597464,-0.0010536009278155805,0.003971301531009405,0.009889910245025241,0.00583556365391239,0.013995428049868034,0.007847878399368279,-0.004188706725541589,-0.0047893568654346404,-0.0029093094155268383,-0.006224488040566427,-0.0029114694598149993,-0.003726769182153279,0.00997866422309474,-0.008449314067517909,0.009900148420273504,-0.006298010976308825,0.0019899080650087183,-0.012064796350645418,0.00774484751039598,0.015648833340013664,-0.0033815656018011076,-0.006786578019747488,-0.009445129529149152,-0.005964667298397569,0.01177373717261827,0.009993466598077174,0.015782833341154504,0.003986718010264703,0.013699401173729267,-0.004719070016255351,-0.0019051078177103858,agent16,-0.7747440932069262
-0.7814035649638847,-0.004260167959935808,-0.004035370295059741,-0.014584405053934057,-0.009109197358213156,-0.004712139967715855,-0.00768649020901715,-0.006595117308640073,0.007784684312840063,0.007998966603262391,-0.006151877107371901,-0.010850827887068986,0.001968786461354023,-0.006551190195578449,-0.009710882991303774,0.007993833424146252,-0.00796303854762245,0.01399994878182351,0.011974613993531209,-0.004037420960967755,-0.011249909192631618,0.017218965865320228,-0.007404516226869305,0.009830453985437257,-0.006093157866420788,-0.002716835673544411,-0.0037386374805447598,0.005896848713578208,0.015956018298313727,0.011978559019391308,0.011331525631588556,0.013945472730209709,-0.010115977514871947,1,-0.004721599350389398,0.015975998846466378,-0.0042107793495314945,-0.009865412994323029,-0.007575246016400424,0.013094672557012818,0.013290497673574864,-0.012819653723757159,0.0019326482244335038,0.0158200200688837,0.009498423631960977,0.01195291076740495,-0.005689908197474508,-0.013167244015114318,0.019740683718233905,0.01599968840008531,0.009858684577207764,-0.010355697238878019,0.015805788263140788,0.005803344446667585,-0.007912053556882107,0.009978919372489289,-0.00734597451565063,0.01999282584317599,0.00393458597031693,-0.005969197264585966,0.017648835380147783,-0.00845831751908539,-0.010001903339668767,0.013988855272715543,-0.006397055466292725,-0.006071031426474296,0.011769485908493,0.013126926930179533,-0.004713611327428319,0.011719689466597464,-0.0010536009278155805,0.003971301531009405,0.009889910245025241,0.00583556365391239,0.013995428049868034,0.007847878399368279,-0.004188706725541589,-0.0047893568654346404,-0.0029093094155268383,-0.006224488040566427,-0.0029114694598149993,-0.003726769182153279,0.00997866422309474,-0.008449314067517909,0.009900148420273504,-0.006298010976308825,0.0019899080650087183,-0.012064796350645418,0.00774484751039598,0.015648833340013664,-0.0033815656018011076,-0.006786578019747488,-0.009445129529149152,-0.005964667298397569,0.01177373717261827,0.009993466598077174,0.015782833341154504,0.003986718010264703,0.013699401173729267,-0.004719070016255351,-0.0019051078177103858,agent34,-0.8560306488266008
-0.7824097168409921,-0.004260167959935808,-0.004035370295059741,-0.014584405053934057,-0.009109197358213156,-0.004712139967715855,-0.00768649020901715,-0.006595117308640073,0.007784684312840063,0.007998966603262391,-0.006597086021605005,-0.010850827887068986,0.001968786461354023,-0.006551190195578449,-0.009710882991303774,0.007993833424146252,-0.00796303854762245,0.01399994878182351,0.011974613993531209,-0.004037420960967755,-0.011249909192631618,0.017218965865320228,-0.007404516226869305,0.009830453985437257,-0.006093157866420788,-0.002716835673544411,-0.0037386374805447598,0.005896848713578208,0.015956018298313727,0.011978559019391308,0.011331525631588556,0.013945472730209709,-0.010115977514871947,1,-0.004721599350389398,0.015975998846466378,-0.0042107793495314945,-0.009865412994323029,-0.007575246016400424,0.013094672557012818,0.013290497673574864,-0.012819653723757159,0.0019326482244335038,0.0158200200688837,0.009498423631960977,0.01195291076740495,-0.005689908197474508,-0.013167244015114318,0.019740683718233905,0.01599968840008531,0.009858684577207764,-0.010355697238878019,0.015805788263140788,0.005803344446667585,-0.007912053556882107,0.009978919372489289,-0.00734597451565063,0.01999282584317599,0.00393458597031693,-0.005969197264585966,0.017648835380147783,-0.00845831751908539,-0.010001903339668767,0.013988855272715543,-0.006397055466292725,-0.006071031426474296,0.011769485908493,0.013126926930179533,-0.004713611327428319,0.011719689466597464,-0.0010536009278155805,0.003971301531009405,0.009889910245025241,0.00583556365391239,0.013995428049868034,0.007847878399368279,-0.004188706725541589,-0.0047893568654346404,-0.0029093094155268383,-0.006224488040566427,-0.0029114694598149993,-0.003726769182153279,0.00997866422309474,-0.008449314067517909,0.009900148420273504,-0.006298010976308825,0.0019899080650087183,-0.012064796350645418,0.00774484751039598,0.015648833340013664,-0.0033815656018011076,-0.006786578019747488,-0.009445129529149152,-0.005964667298397569,0.01177373717261827,0.009993466598077174,0.015782833341154504,0.003986718010264703,0.013699401173729267,-0.004719070016255351,-0.0019051078177103858,agent9,0.9819971755184913
-0.7834177106744162,-0.004260167959935808,-0.004035370295059741,-0.014584405053934057,-0.009109197358213156,-0.004712139967715855,-0.00768649020901715,-0.006595117308640073,0.007784684312840063,0.007998966603262391,-0.006597086021605005,-0.010850827887068986,0.001968786461354023,-0.006551190195578449,-0.009710882991303774,0.009992308424044822,-0.00796303854762245,0.01399994878182351,0.011974613993531209,-0.004037420960967755,-0.011249909192631618,0.017218965865320228,-0.007404516226869305,0.009830453985437257,-0.006093157866420788,-0.002716835673544411,-0.0037386374805447598,0.005896848713578208,0.015956018298313727,0.011978559019391308,0.011331525631588556,0.013945472730209709,-0.010115977514871947,1,-0.004721599350389398,0.015975998846466378,-0.0042107793495314945,-0.009865412994323029,-0.007575246016400424,0.013094672557012818,0.013290497673574864,-0.012819653723757159,0.0019326482244335038,0.0158200200688837,0.009498423631960977,0.01195291076740495,-0.005689908197474508,-0.013167244015114318,0.019740683718233905,0.01599968840008531,0.009858684577207764,-0.010355697238878019,0.015805788263140788,0.005803344446667585,-0.007912053556882107,0.009978919372489289,-0.00734597451565063,0.01999282584317599,0.00393458597031693,-0.005969197264585966,0.017648835380147783,-0.00845831751908539,-0.010001903339668767,0.013988855272715543,-0.006397055466292725,-0.006071031426474296,0.011769485908493,0.013126926930179533,-0.004713611327428319,0.011719689466597464,-0.0010536009278155805,0.003971301531009405,0.009889910245025241,0.00583556365391239,0.013995428049868034,0.007847878399368279,-0.004188706725541589,-0.0047893568654346404,-0.0029093094155268383,-0.006224488040566427,-0.0029114694598149993,-0.003726769182153279,0.00997866422309474,-0.008449314067517909,0.009900148420273504,-0.006298010976308825,0.0019899080650087183,-0.012064796350645418,0.00774484751039598,0.015648833340013664,-0.0033815656018011076,-0.006786578019747488,-0.009445129529149152,-0.005964667298397569,0.01177373717261827,0.009993466598077174,0.015782833341154504,0.003986718010264703,0.013699401173729267,-0.004719070016255351,-0.0019051078177103858,agent14,-0.7271829099184562
-0.7844289605836089,-0.004260167959935808,-0.004035370295059741,-0.014584405053934057,-0.009109197358213156,-0.004712139967715855,-0.00768649020901715,-0.006595117308640073,0.007784684312840063,0.007998966603262391,-0.006597086021605005,-0.010850827887068986,0.001968786461354023,-0.006551190195578449,-0.009710882991303774,0.009992308424044822,-0.00796303854762245,0.01399994878182351,0.011974613993531209,-0.004037420960967755,-0.01165961982725803,0.017218965865320228,-0.007404516226869305,0.009830453985437257,-0.006093157866420788,-0.002716835673544411,-0.0037386374805447598,0.005896848713578208,0.015956018298313727,0.011978559019391308,0.011331525631588556,0.013945472730209709,-0.010115977514871947,1,-0.004721599350389398,0.015975998846466378,-0.0042107793495314945,-0.009865412994323029,-0.007575246016400424,0.013094672557012818,0.013290497673574864,-0.012819653723757159,0.0019326482244335038,0.0158200200688837,0.009498423631960977,0.01195291076740495,-0.005689908197474508,-0.013167244015114318,0.019740683718233905,0.01599968840008531,0.009858684577207764,-0.010355697238878019,0.015805788263140788,0.005803344446667585,-0.007912053556882107,0.009978919372489289,-0.00734597451565063,0.01999282584317599,0.00393458597031693,-0.005969197264585966,0.017648835380147783,-0.00845831751908539,-0.010001903339668767,0.013988855272715543,-0.006397055466292725,-0.006071031426474296,0.011769485908493,0.013126926930179533,-0.004713611327428319,0.011719689466597464,-0.0010536009278155805,0.003971301531009405,0.009889910245025241,0.00583556365391239,0.013995428049868034,0.007847878399368279,-0.004188706725541589,-0.0047893568654346404,-0.0029093094155268383,-0.006224488040566427,-0.0029114694598149993,-0.003726769182153279,0.00997866422309474,-0.008449314067517909,0.009900148420273504,-0.006298010976308825,0.0019899080650087183,-0.012064796350645418,0.00774484751039598,0.015648833340013664,-0.0033815656018011076,-0.006786578019747488,-0.009445129529149152,-0.005964667298397569,0.01177373717261827,0.009993466598077174,0.015782833341154504,0.003986718010264703,0.013699401173729267,-0.004719070016255351,-0.0019051078177103858,agent19,1
-0.7854449166019072,-0.004260167959935808,-0.004035370295059741,-0.014584405053934057,-0.009109197358213156,-0.004712139967715855,-0.00768649020901715,-0.006595117308640073,0.007784684312840063,0.007998966603262391,-0.006597086021605005,-0.010850827887068986,0.001968786461354023,-0.006551190195578449,-0.009710882991303774,0.009992308424044822,-0.00796303854762245,0.01399994878182351,0.011974613993531209,-0.004037420960967755,-0.01165961982725803,0.017218965865320228,-0.007404516226869305,0.009830453985437257,-0.006093157866420788,-0.002716835673544411,-0.0037386374805447598,0.005896848713578208,0.01795030069909983,0.011978559019391308,0.011331525631588556,0.013945472730209709,-0.010115977514871947,1,-0.004721599350389398,0.015975998846466378,-0.0042107793495314945,-0.009865412994323029,-0.007575246016400424,0.013094672557012818,0.013290497673574864,-0.012819653723757159,0.0019326482244335038,0.0158200200688837,0.009498423631960977,0.01195291076740495,-0.005689908197474508,-0.013167244015114318,0.019740683718233905,0.01599968840008531,0.009858684577207764,-0.010355697238878019,0.015805788263140788,0.005803344446667585,-0.007912053556882107,0.009978919372489289,-0.00734597451565063,0.01999282584317599,0.00393458597031693,-0.005969197264585966,0.017648835380147783,-0.00845831751908539,-0.010001903339668767,0.013988855272715543,-0.006397055466292725,-0.006071031426474296,0.011769485908493,0.013126926930179533,-0.004713611327428319,0.011719689466597464,-0.0010536009278155805,0.003971301531009405,0.009889910245025241,0.00583556365391239,0.013995428049868034,0.007847878399368279,-0.004188706725541589,-0.0047893568654346404,-0.0029093094155268383,-0.006224488040566427,-0.0029114694598149993,-0.003726769182153279,0.00997866422309474,-0.008449314067517909,0.009900148420273504,-0.006298010976308825,0.0019899080650087183,-0.012064796350645418,0.00774484751039598,0.015648833340013664,-0.0033815656018011076,-0.006786578019747488,-0.009445129529149152,-0.005964667298397569,0.01177373717261827,0.009993466598077174,0.015782833341154504,0.003986718010264703,0.013699401173729267,-0.004719070016255351,-0.0019051078177103858,agent27,-0.6774934733597948
-0.7864511410899477,-0.004260167959935808,-0.004035370295059741,-0.014584405053934057,-0.009109197358213156,-0.004712139967715855,-0.00768649020901715,-0.006595117308640073,0.007784684312840063,0.007998966603262391,-0.006597086021605005,-0.010850827887068986,0.001968786461354023,-0.006551190195578449,-0.009710882991303774,0.009992308424044822,-0.00796303854762245,0.01399994878182351,0.011974613993531209,-0.004037420960967755,-0.01165961982725803,0.017218965865320228,-0.007404516226869305,0.009830453985437257,-0.006093157866420788,-0.002716835673544411,-0.0037386374805447598,0.005896848713578208,0.01795030069909983,0.011978559019391308,0.011331525631588556,0.013945472730209709,-0.010115977514871947,1,-0.004721599350389398,0.015975998846466378,-0.0042107793495314945,-0.009865412994323029,-0.007575246016400424,0.013094672557012818,0.013290497673574864,-0.012819653723757159,0.0019326482244335038,0.0158200200688837,0.009498423631960977,0.01195291076740495,-0.005689908197474508,-0.013167244015114318,0.019740683718233905,0.01599968840008531,0.009858684577207764,-0.010355697238878019,0.015805788263140788,0.005803344446667585,-0.007912053556882107,0.009978919372489289,-0.00734597451565063,0.01999282584317599,0.00393458597031693,-0.005969197264585966,0.017648835380147783,-0.00845831751908539,-0.010001903339668767,0.013988855272715543,-0.006397055466292725,-0.006071031426474296,0.011769485908493,0.013126926930179533,-0.004713611327428319,0.011719689466597464,-0.0010536009278155805,0.003971301531009405,0.009889910245025241,0.00583556365391239,0.013995428049868034,0.007847878399368279,-0.004188706725541589,-0.0047893568654346404,-0.0029093094155268383,-0.0066305812654566315,-0.0029114694598149993,-0.003726769182153279,0.00997866422309474,-0.008449314067517909,0.009900148420273504,-0.006298010976308825,0.0019899080650087183,-0.012064796350645418,0.00774484751039598,0.015648833340013664,-0.0033815656018011076,-0.006786578019747488,-0.009445129529149152,-0.005964667298397569,0.01177373717261827,0.009993466598077174,0.015782833341154504,0.003986718010264703,0.013699401173729267,-0.004719070016255351,-0.0019051078177103858,agent78,1
-0.787462800709775,-0.004260167959935808,-0.004035370295059741,-0.014584405053934057,-0.009109197358213156,-0.004712139967715855,-0.00768649020901715,-0.006595117308640073,0.007784684312840063,0.007998966603262391,-0.006597086021605005,-0.010850827887068986,0.001968786461354023,-0.006551190195578449,-0.009710882991303774,0.009992308424044822,-0.00796303854762245,0.01399994878182351,0.011974613993531209,-0.004037420960967755,-0.012063915987507242,0.017218965865320228,-0.007404516226869305,0.009830453985437257,-0.006093157866420788,-0.002716835673544411,-0.0037386374805447598,0.005896848713578208,0.01795030069909983,0.011978559019391308,0.011331525631588556,0.013945472730209709,-0.010115977514871947,1,-0.004721599350389398,0.015975998846466378,-0.0042107793495314945,-0.009865412994323029,-0.007575246016400424,0.013094672557012818,0.013290497673574864,-0.012819653723757159,0.0019326482244335038,0.0158200200688837,0.009498423631960977,0.01195291076740495,-0.005689908197474508,-0.013167244015114318,0.019740683718233905,0.01599968840008531,0.009858684577207764,-0.010355697238878019,0.015805788263140788,0.005803344446667585,-0.007912053556882107,0.009978919372489289,-0.00734597451565063,0.01999282584317599,0.00393458597031693,-0.005969197264585966,0.017648835380147783,-0.00845831751908539,-0.010001903339668767,0.013988855272715543,-0.006397055466292725,-0.006071031426474296,0.011769485908493,0.013126926930179533,-0.004713611327428319,0.011719689466597464,-0.0010536009278155805,0.003971301531009405,0.009889910245025241,0.00583556365391239,0.013995428049868034,0.007847878399368279,-0.004188706725541589,-0.0047893568654346404,-0.0029093094155268383,-0.0066305812654566315,-0.0029114694598149993,-0.003726769182153279,0.00997866422309474,-0.008449314067517909,0.009900148420273504,-0.006298010976308825,0.0019899080650087183,-0.012064796350645418,0.00774484751039598,0.015648833340013664,-0.0033815656018011076,-0.006786578019747488,-0.009445129529149152,-0.005964667298397569,0.01177373717261827,0.009993466598077174,0.015782833341154504,0.003986718010264703,0.013699401173729267,-0.004719070016255351,-0.0019051078177103858,agent19,1
-0.7884675143211025,-0.004260167959935808,-0.004035370295059741,-0.014584405053934057,-0.009109197358213156,-0.004712139967715855,-0.00768649020901715,-0.006595117308640073,0.007784684312840063,0.007998966603262391,-0.006597086021605005,-0.010850827887068986,0.001968786461354023,-0.006551190195578449,-0.009710882991303774,0.009992308424044822,-0.00796303854762245,0.01399994878182351,0.011974613993531209,-0.004037420960967755,-0.012063915987507242,0.017218965865320228,-0.007404516226869305,0.009830453985437257,-0.006093157866420788,-0.002716835673544411,-0.0037386374805447598,0.005896848713578208,0.01795030069909983,0.011978559019391308,0.011331525631588556,0.013945472730209709,-0.010115977514871947,1,-0.004721599350389398,0.015975998846466378,-0.0042107793495314945,-0.009865412994323029,-0.007575246016400424,0.013094672557012818,0.013290497673574864,-0.012819653723757159,0.0019326482244335038,0.0158200200688837,0.009498423631960977,0.01195291076740495,-0.005689908197474508,-0.013167244015114318,0.019740683718233905,0.01599968840008531,0.009858684577207764,-0.010355697238878019,0.015805788263140788,0.005803344446667585,-0.007912053556882107,0.009978919372489289,-0.00734597451565063,0.01999282584317599,0.00393458597031693,-0.005969197264585966,0.017648835380147783,-0.00845831751908539,-0.010001903339668767,0.013988855272715543,-0.006397055466292725,-0.006071031426474296,0.011769485908493,0.013126926930179533,-0.005291373214980027,0.011719689466597464,-0.0010536009278155805,0.003971301531009405,0.009889910245025241,0.00583556365391239,0.013995428049868034,0.007847878399368279,-0.004188706725541589,-0.0047893568654346404,-0.0029093094155268383,-0.0066305812654566315,-0.0029114694598149993,-0.003726769182153279,0.00997866422309474,-0.008449314067517909,0.009900148420273504,-0.006298010976308825,0.0019899080650087183,-0.012064796350645418,0.00774484751039598,0.015648833340013664,-0.0033815656018011076,-0.006786578019747488,-0.009445129529149152,-0.005964667298397569,0.01177373717261827,0.009993466598077174,0.015782833341154504,0.003986718010264703,0.013699401173729267,-0.004719070016255351,-0.0019051078177103858,agent67,0.8990947064320904
-0.7894778700183414,-0.004260167959935808,-0.004035370295059741,-0.014584405053934057,-0.009109197358213156,-0.004712139967715855,-0.00768649020901715,-0.006595117308640073,0.007784684312840063,0.007998966603262391,-0.006597086021605005,-0.010850827887068986,0.001968786461354023,-0.006551190195578449,-0.009710882991303774,0.009992308424044822,-0.00796303854762245,0.01399994878182351,0.011974613993531209,-0.004037420960967755,-0.012063915987507242,0.017218965865320228,-0.007404516226869305,0.009830453985437257,-0.006093157866420788,-0.002716835673544411,-0.0037386374805447598,0.005896848713578208,0.01795030069909983,0.011978559019391308,0.011331525631588556,0.013945472730209709,-0.010115977514871947,1,-0.004721599350389398,0.015975998846466378,-0.0042107793495314945,-0.009865412994323029,-0.007575246016400424,0.013094672557012818,0.013290497673574864,-0.012819653723757159,0.0019326482244335038,0.0158200200688837,0.009498423631960977,0.01195291076740495,-0.005689908197474508,-0.013167244015114318,0.019740683718233905,0.01599968840008531,0.009858684577207764,-0.01101161682796333,0.015805788263140788,0.005803344446667585,-0.007912053556882107,0.009978919372489289,-0.00734597451565063,0.01999282584317599,0.00393458597031693,-0.005969197264585966,0.017648835380147783,-0.00845831751908539,-0.010001903339668767,0.013988855272715543,-0.006397055466292725,-0.006071031426474296,0.011769485908493,0.013126926930179533,-0.005291373214980027,0.011719689466597464,-0.0010536009278155805,0.003971301531009405,0.009889910245025241,0.00583556365391239,0.013995428049868034,0.007847878399368279,-0.004188706725541589,-0.0047893568654346404,-0.0029093094155268383,-0.0066305812654566315,-0.0029114694598149993,-0.003726769182153279,0.00997866422309474,-0.008449314067517909,0.009900148420273504,-0.006298010976308825,0.0019899080650087183,-0.012064796350645418,0.00774484751039598,0.015648833340013664,-0.0033815656018011076,-0.006786578019747488,-0.009445129529149152,-0.005964667298397569,0.01177373717261827,0.009993466598077174,0.015782833341154504,0.003986718010264703,0.013699401173729267,-0.004719070016255351,-0.0019051078177103858,agent50,0.8510936531348047
-0.7904863193324089,-0.004260167959935808,-0.004035370295059741,-0.014584405053934057,-0.009109197358213156,-0.004712139967715855,-0.00768649020901715,-0.006595117308640073,0.007784684312840063,0.007998966603262391,-0.006597086021605005,-0.010850827887068986,0.001968786461354023,-0.006551190195578449,-0.009710882991303774,0.009992308424044822,-0.00796303854762245,0.01399994878182351,0.011974613993531209,-0.004037420960967755,-0.012063915987507242,0.017218965865320228,-0.007404516226869305,0.009830453985437257,-0.006093157866420788,-0.002716835673544411,-0.0037386374805447598,0.005896848713578208,0.01795030069909983,0.011978559019391308,0.011331525631588556,0.013945472730209709,-0.010115977514871947,1,-0.004721599350389398,0.015975998846466378,-0.0042107793495314945,-0.009865412994323029,-0.007575246016400424,0.013094672557012818,0.013290497673574864,-0.012819653723757159,0.0019326482244335038,0.0158200200688837,0.009498423631960977,0.01195291076740495,-0.005689908197474508,-0.013167244015114318,0.019740683718233905,0.01599968840008531,0.009858684577207764,-0.01101161682796333,0.015805788263140788,0.005803344446667585,-0.007912053556882107,0.009978919372489289,-0.00734597451565063,0.01999282584317599,0.00393458597031693,-0.005969197264585966,0.017648835380147783,-0.00845831751908539,-0.010001903339668767,0.013988855272715543,-0.006397055466292725,-0.006071031426474296,0.011769485908493,0.013126926930179533,-0.005291373214980027,0.011719689466597464,-0.0010536009278155805,0.003971301531009405,0.009889910245025241,0.00583556365391239,0.013995428049868034,0.007847878399368279,-0.004188706725541589,-0.0047893568654346404,-0.0029093094155268383,-0.0066305812654566315,-0.0029114694598149993,-0.003726769182153279,0.00997866422309474,-0.008848198543875219,0.009900148420273504,-0.006298010976308825,0.0019899080650087183,-0.012064796350645418,0.00774484751039598,0.015648833340013664,-0.0033815656018011076,-0.006786578019747488,-0.009445129529149152,-0.005964667298397569,0.01177373717261827,0.009993466598077174,0.015782833341154504,0.003986718010264703,0.013699401173729267,-0.004719070016255351,-0.0019051078177103858,agent82,1
-0.7914905301117584,-0.004260167959935808,-0.004035370295059741,-0.014584405053934057,-0.009109197358213156,-0.004712139967715855,-0.00768649020901715,-0.006595117308640073,0.007784684312840063,0.007998966603262391,-0.006597086021605005,-0.010850827887068986,0.001968786461354023,-0.006551190195578449,-0.009710882991303774,0.009992308424044822,-0.00796303854762245,0.01399994878182351,0.011974613993531209,-0.004037420960967755,-0.012063915987507242,0.017218965865320228,-0.007404516226869305,0.009830453985437257,-0.006093157866420788,-0.002716835673544411,-0.0037386374805447598,0.005896848713578208,0.01795030069909983,0.011978559019391308,0.011331525631588556,0.013945472730209709,-0.010115977514871947,1,-0.004721599350389398,0.015975998846466378,-0.004607858719673236,-0.009865412994323029,-0.007575246016400424,0.013094672557012818,0.013290497673574864,-0.012819653723757159,0.0019326482244335038,0.0158200200688837,0.009498423631960977,0.01195291076740495,-0.005689908197474508,-0.013167244015114318,0.019740683718233905,0.01599968840008531,0.009858684577207764,-0.01101161682796333,0.015805788263140788,0.005803344446667585,-0.007912053556882107,0.009978919372489289,-0.00734597451565063,0.01999282584317599,0.00393458597031693,-0.005969197264585966,0.017648835380147783,-0.00845831751908539,-0.010001903339668767,0.013988855272715543,-0.006397055466292725,-0.006071031426474296,0.011769485908493,0.013126926930179533,-0.005291373214980027,0.011719689466597464,-0.0010536009278155805,0.003971301531009405,0.009889910245025241,0.00583556365391239,0.013995428049868034,0.007847878399368279,-0.004188706725541589,-0.0047893568654346404,-0.0029093094155268383,-0.0066305812654566315,-0.0029114694598149993,-0.003726769182153279,0.00997866422309474,-0.008848198543875219,0.009900148420273504,-0.006298010976308825,0.0019899080650087183,-0.012064796350645418,0.00774484751039598,0.015648833340013664,-0.0033815656018011076,-0.006786578019747488,-0.009445129529149152,-0.005964667298397569,0.01177373717261827,0.009993466598077174,0.015782833341154504,0.003986718010264703,0.013699401173729267,-0.004719070016255351,-0.0019051078177103858,agent35,1
-0.7924996393091166,-0.004260167959935808,-0.004035370295059741,-0.014584405053934057,-0.010474849993170365,-0.004712139967715855,-0.00768649020901715,-0.006595117308640073,0.007784684312840063,0.007998966603262391,-0.006597086021605005,-0.010850827887068986,0.001968786461354023,-0.006551190195578449,-0.009710882991303774,0.009992308424044822,-0.00796303854762245,0.01399994878182351,0.011974613993531209,-0.004037420960967755,-0.012063915987507242,0.017218965865320228,-0.007404516226869305,0.009830453985437257,-0.006093157866420788,-0.002716835673544411,-0.0037386374805447598,0.005896848713578208,0.01795030069909983,0.011978559019391308,0.011331525631588556,0.013945472730209709,-0.010115977514871947,1,-0.004721599350389398,0.015975998846466378,-0.004607858719673236,-0.009865412994323029,-0.007575246016400424,0.013094672557012818,0.013290497673574864,-0.012819653723757159,0.0019326482244335038,0.0158200200688837,0.009498423631960977,0.01195291076740495,-0.005689908197474508,-0.013167244015114318,0.019740683718233905,0.01599968840008531,0.009858684577207764,-0.01101161682796333,0.015805788263140788,0.005803344446667585,-0.007912053556882107,0.009978919372489289,-0.00734597451565063,0.01999282584317599,0.00393458597031693,-0.005969197264585966,0.017648835380147783,-0.00845831751908539,-0.010001903339668767,0.013988855272715543,-0.006397055466292725,-0.006071031426474296,0.011769485908493,0.013126926930179533,-0.005291373214980027,0.011719689466597464,-0.0010536009278155805,0.003971301531009405,0.009889910245025241,0.00583556365391239,0.013995428049868034,0.007847878399368279,-0.004188706725541589,-0.0047893568654346404,-0.0029093094155268383,-0.0066305812654566315,-0.0029114694598149993,-0.003726769182153279,0.00997866422309474,-0.008848198543875219,0.009900148420273504,-0.006298010976308825,0.0019899080650087183,-0.012064796350645418,0.00774484751039598,0.015648833340013664,-0.0033815656018011076,-0.006786578019747488,-0.009445129529149152,-0.005964667298397569,0.01177373717261827,0.009993466598077174,0.015782833341154504,0.003986718010264703,0.013699401173729267,-0.004719070016255351,-0.0019051078177103858,agent3,0.3348729680919005
-0.7935030208747184,-0.004260167959935808,-0.004035370295059741,-0.014584405053934057,-0.010474849993170365,-0.004712139967715855,-0.00768649020901715,-0.006595117308640073,0.007784684312840063,0.007998966603262391,-0.006597086021605005,-0.010850827887068986,0.001968786461354023,-0.006551190195578449,-0.009710882991303774,0.009992308424044822,-0.00796303854762245,0.01399994878182351,0.011974613993531209,-0.004037420960967755,-0.012063915987507242,0.017218965865320228,-0.007404516226869305,0.009830453985437257,-0.006093157866420788,-0.002716835673544411,-0.0037386374805447598,0.005896848713578208,0.01795030069909983,0.011978559019391308,0.011331525631588556,0.013945472730209709,-0.010115977514871947,1,-0.004721599350389398,0.015975998846466378,-0.004607858719673236,-0.009865412994323029,-0.007575246016400424,0.013094672557012818,0.013290497673574864,-0.012819653723757159,0.0019326482244335038,0.0158200200688837,0.009498423631960977,0.01195291076740495,-0.005689908197474508,-0.013167244015114318,0.019740683718233905,0.01599968840008531,0.009858684577207764,-0.01101161682796333,0.015805788263140788,0.005803344446667585,-0.007912053556882107,0.009978919372489289,-0.00734597451565063,0.01999282584317599,0.00393458597031693,-0.005969197264585966,0.017648835380147783,-0.00845831751908539,-0.010001903339668767,0.013988855272715543,-0.006397055466292725,-0.006071031426474296,0.011769485908493,0.013126926930179533,-0.005291373214980027,0.011719689466597464,-0.0010536009278155805,0.003971301531009405,0.009889910245025241,0.00583556365391239,0.013995428049868034,0.007847878399368279,-0.004188706725541589,-0.0047893568654346404,-0.0029093094155268383,-0.0066305812654566315,-0.0029114694598149993,-0.003726769182153279,0.00997866422309474,-0.008848198543875219,0.009900148420273504,-0.006298010976308825,0.0019899080650087183,-0.012064796350645418,0.00774484751039598,0.015648833340013664,-0.003775038123339451,-0.006786578019747488,-0.009445129529149152,-0.005964667298397569,0.01177373717261827,0.009993466598077174,0.015782833341154504,0.003986718010264703,0.013699401173729267,-0.004719070016255351,-0.0019051078177103858,agent89,1
-0.7945128513287038,-0.004260167959935808,-0.004035370295059741,-0.014584405053934057,-0.010474849993170365,-0.004712139967715855,-0.00768649020901715,-0.006595117308640073,0.007784684312840063,0.007998966603262391,-0.006597086021605005,-0.010850827887068986,0.001968786461354023,-0.006551190195578449,-0.009710882991303774,0.009992308424044822,-0.00796303854762245,0.01399994878182351,0.011974613993531209,-0.004037420960967755,-0.012063915987507242,0.017218965865320228,-0.007404516226869305,0.011796540239430315,-0.006093157866420788,-0.002716835673544411,-0.0037386374805447598,0.005896848713578208,0.01795030069909983,0.011978559019391308,0.011331525631588556,0.013945472730209709,-0.010115977514871947,1,-0.004721599350389398,0.015975998846466378,-0.004607858719673236,-0.009865412994323029,-0.007575246016400424,0.013094672557012818,0.013290497673574864,-0.012819653723757159,0.0019326482244335038,0.0158200200688837,0.009498423631960977,0.01195291076740495,-0.005689908197474508,-0.013167244015114318,0.019740683718233905,0.01599968840008531,0.009858684577207764,-0.01101161682796333,0.015805788263140788,0.005803344446667585,-0.007912053556882107,0.009978919372489289,-0.00734597451565063,0.01999282584317599,0.00393458597031693,-0.005969197264585966,0.017648835380147783,-0.00845831751908539,-0.010001903339668767,0.013988855272715543,-0.006397055466292725,-0.006071031426474296,0.011769485908493,0.013126926930179533,-0.005291373214980027,0.011719689466597464,-0.0010536009278155805,0.003971301531009405,0.009889910245025241,0.00583556365391239,0.013995428049868034,0.007847878399368279,-0.004188706725541589,-0.0047893568654346404,-0.0029093094155268383,-0.0066305812654566315,-0.0029114694598149993,-0.003726769182153279,0.00997866422309474,-0.008848198543875219,0.009900148420273504,-0.006298010976308825,0.0019899080650087183,-0.012064796350645418,0.00774484751039598,0.015648833340013664,-0.003775038123339451,-0.006786578019747488,-0.009445129529149152,-0.005964667298397569,0.01177373717261827,0.009993466598077174,0.015782833341154504,0.003986718010264703,0.013699401173729267,-0.004719070016255351,-0.0019051078177103858,agent22,-0.5330659036777197
-0.795522562211695,-0.004260167959935808,-0.004035370295059741,-0.014584405053934057,-0.010474849993170365,-0.004712139967715855,-0.00768649020901715,-0.006595117308640073,0.007784684312840063,0.007998966603262391,-0.006597086021605005,-0.010850827887068986,0.001968786461354023,-0.006551190195578449,-0.010590169540494637,0.009992308424044822,-0.00796303854762245,0.01399994878182351,0.011974613993531209,-0.004037420960967755,-0.012063915987507242,0.017218965865320228,-0.007404516226869305,0.011796540239430315,-0.006093157866420788,-0.002716835673544411,-0.0037386374805447598,0.005896848713578208,0.01795030069909983,0.011978559019391308,0.011331525631588556,0.013945472730209709,-0.010115977514871947,1,-0.004721599350389398,0.015975998846466378,-0.004607858719673236,-0.009865412994323029,-0.007575246016400424,0.013094672557012818,0.013290497673574864,-0.012819653723757159,0.0019326482244335038,0.0158200200688837,0.009498423631960977,0.01195291076740495,-0.005689908197474508,-0.013167244015114318,0.019740683718233905,0.01599968840008531,0.009858684577207764,-0.01101161682796333,0.015805788263140788,0.005803344446667585,-0.007912053556882107,0.009978919372489289,-0.00734597451565063,0.01999282584317599,0.00393458597031693,-0.005969197264585966,0.017648835380147783,-0.00845831751908539,-0.010001903339668767,0.013988855272715543,-0.006397055466292725,-0.006071031426474296,0.011769485908493,0.013126926930179533,-0.005291373214980027,0.011719689466597464,-0.0010536009278155805,0.003971301531009405,0.009889910245025241,0.00583556365391239,0.013995428049868034,0.007847878399368279,-0.004188706725541589,-0.0047893568654346404,-0.0029093094155268383,-0.0066305812654566315,-0.0029114694598149993,-0.003726769182153279,0.00997866422309474,-0.008848198543875219,0.009900148420273504,-0.006298010976308825,0.0019899080650087183,-0.012064796350645418,0.00774484751039598,0.015648833340013664,-0.003775038123339451,-0.006786578019747488,-0.009445129529149152,-0.005964667298397569,0.01177373717261827,0.009993466598077174,0.015782833341154504,0.003986718010264703,0.013699401173729267,-0.004719070016255351,-0.0019051078177103858,agent13,0.7026267218635472
-0.7965346261276826,-0.004260167959935808,-0.004035370295059741,-0.014584405053934057,-0.010474849993170365,-0.004712139967715855,-0.00768649020901715,-0.006595117308640073,0.007784684312840063,0.007998966603262391,-0.006597086021605005,-0.010850827887068986,0.001968786461354023,-0.006551190195578449,-0.010590169540494637,0.009992308424044822,-0.00796303854762245,0.01399994878182351,0.011974613993531209,-0.004037420960967755,-0.012451965351801618,0.017218965865320228,-0.007404516226869305,0.011796540239430315,-0.006093157866420788,-0.002716835673544411,-0.0037386374805447598,0.005896848713578208,0.01795030069909983,0.011978559019391308,0.011331525631588556,0.013945472730209709,-0.010115977514871947,1,-0.004721599350389398,0.015975998846466378,-0.004607858719673236,-0.009865412994323029,-0.007575246016400424,0.013094672557012818,0.013290497673574864,-0.012819653723757159,0.0019326482244335038,0.0158200200688837,0.009498423631960977,0.01195291076740495,-0.005689908197474508,-0.013167244015114318,0.019740683718233905,0.01599968840008531,0.009858684577207764,-0.01101161682796333,0.015805788263140788,0.005803344446667585,-0.007912053556882107,0.009978919372489289,-0.00734597451565063,0.01999282584317599,0.00393458597031693,-0.005969197264585966,0.017648835380147783,-0.00845831751908539,-0.010001903339668767,0.013988855272715543,-0.006397055466292725,-0.006071031426474296,0.011769485908493,0.013126926930179533,-0.005291373214980027,0.011719689466597464,-0.0010536009278155805,0.003971301531009405,0.009889910245025241,0.00583556365391239,0.013995428049868034,0.007847878399368279,-0.004188706725541589,-0.0047893568654346404,-0.0029093094155268383,-0.0066305812654566315,-0.0029114694598149993,-0.003726769182153279,0.00997866422309474,-0.008848198543875219,0.009900148420273504,-0.006298010976308825,0.0019899080650087183,-0.012064796350645418,0.00774484751039598,0.015648833340013664,-0.003775038123339451,-0.006786578019747488,-0.009445129529149152,-0.005964667298397569,0.01177373717261827,0.009993466598077174,0.015782833341154504,0.003986718010264703,0.013699401173729267,-0.004719070016255351,-0.0019051078177103858,agent19,1
-0.7975454769555697,-0.004260167959935808,-0.004035370295059741,-0.014584405053934057,-0.010474849993170365,-0.004712139967715855,-0.00768649020901715,-0.006595117308640073,0.007784684312840063,0.007998966603262391,-0.006597086021605005,-0.01123705955563112,0.001968786461354023,-0.006551190195578449,-0.010590169540494637,0.009992308424044822,-0.00796303854762245,0.01399994878182351,0.011974613993531209,-0.004037420960967755,-0.012451965351801618,0.017218965865320228,-0.007404516226869305,0.011796540239430315,-0.006093157866420788,-0.002716835673544411,-0.0037386374805447598,0.005896848713578208,0.01795030069909983,0.011978559019391308,0.011331525631588556,0.013945472730209709,-0.010115977514871947,1,-0.004721599350389398,0.015975998846466378,-0.004607858719673236,-0.009865412994323029,-0.007575246016400424,0.013094672557012818,0.013290497673574864,-0.012819653723757159,0.0019326482244335038,0.0158200200688837,0.009498423631960977,0.01195291076740495,-0.005689908197474508,-0.013167244015114318,0.019740683718233905,0.01599968840008531,0.009858684577207764,-0.01101161682796333,0.015805788263140788,0.005803344446667585,-0.007912053556882107,0.009978919372489289,-0.00734597451565063,0.01999282584317599,0.00393458597031693,-0.005969197264585966,0.017648835380147783,-0.00845831751908539,-0.010001903339668767,0.013988855272715543,-0.006397055466292725,-0.006071031426474296,0.011769485908493,0.013126926930179533,-0.005291373214980027,0.011719689466597464,-0.0010536009278155805,0.003971301531009405,0.009889910245025241,0.00583556365391239,0.013995428049868034,0.007847878399368279,-0.004188706725541589,-0.0047893568654346404,-0.0029093094155268383,-0.0066305812654566315,-0.0029114694598149993,-0.003726769182153279,0.00997866422309474,-0.008848198543875219,0.009900148420273504,-0.006298010976308825,0.0019899080650087183,-0.012064796350645418,0.00774484751039598,0.015648833340013664,-0.003775038123339451,-0.006786578019747488,-0.009445129529149152,-0.005964667298397569,0.01177373717261827,0.009993466598077174,0.015782833341154504,0.003986718010264703,0.013699401173729267,-0.004719070016255351,-0.0019051078177103858,agent10,1
-0.7985528814717965,-0.004260167959935808,-0.004035370295059741,-0.014584405053934057,-0.010474849993170365,-0.004712139967715855,-0.00768649020901715,-0.006595117308640073,0.007784684312840063,0.007998966603262391,-0.006597086021605005,-0.01123705955563112,0.001968786461354023,-0.006551190195578449,-0.010590169540494637,0.009992308424044822,-0.00796303854762245,0.01399994878182351,0.011974613993531209,-0.004037420960967755,-0.012451965351801618,0.017218965865320228,-0.00788881836470782,0.011796540239430315,-0.006093157866420788,-0.002716835673544411,-0.0037386374805447598,0.005896848713578208,0.01795030069909983,0.011978559019391308,0.011331525631588556,0.013945472730209709,-0.010115977514871947,1,-0.004721599350389398,0.015975998846466378,-0.004607858719673236,-0.009865412994323029,-0.007575246016400424,0.013094672557012818,0.013290497673574864,-0.012819653723757159,0.0019326482244335038,0.0158200200688837,0.009498423631960977,0.01195291076740495,-0.005689908197474508,-0.013167244015114318,0.019740683718233905,0.01599968840008531,0.009858684577207764,-0.01101161682796333,0.015805788263140788,0.005803344446667585,-0.007912053556882107,0.009978919372489289,-0.00734597451565063,0.01999282584317599,0.00393458597031693,-0.005969197264585966,0.017648835380147783,-0.00845831751908539,-0.010001903339668767,0.013988855272715543,-0.006397055466292725,-0.006071031426474296,0.011769485908493,0.013126926930179533,-0.005291373214980027,0.011719689466597464,-0.0010536009278155805,0.003971301531009405,0.009889910245025241,0.00583556365391239,0.013995428049868034,0.007847878399368279,-0.004188706725541589,-0.0047893568654346404,-0.0029093094155268383,-0.0066305812654566315,-0.0029114694598149993,-0.003726769182153279,0.00997866422309474,-0.008848198543875219,0.009900148420273504,-0.006298010976308825,0.0019899080650087183,-0.012064796350645418,0.00774484751039598,0.015648833340013664,-0.003775038123339451,-0.006786578019747488,-0.009445129529149152,-0.005964667298397569,0.01177373717261827,0.009993466598077174,0.015782833341154504,0.003986718010264703,0.013699401173729267,-0.004719070016255351,-0.0019051078177103858,agent21,0.9435449067761218
-0.7995668814205783,-0.004260167959935808,-0.004035370295059741,-0.014584405053934057,-0.010474849993170365,-0.004712139967715855,-0.00768649020901715,-0.006595117308640073,0.007784684312840063,0.007998966603262391,-0.006597086021605005,-0.01123705955563112,0.001968786461354023,-0.006551190195578449,-0.010590169540494637,0.009992308424044822,-0.00796303854762245,0.015999932849094275,0.011974613993531209,-0.004037420960967755,-0.012451965351801618,0.017218965865320228,-0.00788881836470782,0.011796540239430315,-0.006093157866420788,-0.002716835673544411,-0.0037386374805447598,0.005896848713578208,0.01795030069909983,0.011978559019391308,0.011331525631588556,0.013945472730209709,-0.010115977514871947,1,-0.004721599350389398,0.015975998846466378,-0.004607858719673236,-0.009865412994323029,-0.007575246016400424,0.013094672557012818,0.013290497673574864,-0.012819653723757159,0.0019326482244335038,0.0158200200688837,0.009498423631960977,0.01195291076740495,-0.005689908197474508,-0.013167244015114318,0.019740683718233905,0.01599968840008531,0.009858684577207764,-0.01101161682796333,0.015805788263140788,0.005803344446667585,-0.007912053556882107,0.009978919372489289,-0.00734597451565063,0.01999282584317599,0.00393458597031693,-0.005969197264585966,0.017648835380147783,-0.00845831751908539,-0.010001903339668767,0.013988855272715543,-0.006397055466292725,-0.006071031426474296,0.011769485908493,0.013126926930179533,-0.005291373214980027,0.011719689466597464,-0.0010536009278155805,0.003971301531009405,0.009889910245025241,0.00583556365391239,0.013995428049868034,0.007847878399368279,-0.004188706725541589,-0.0047893568654346404,-0.0029093094155268383,-0.0066305812654566315,-0.0029114694598149993,-0.003726769182153279,0.00997866422309474,-0.008848198543875219,0.009900148420273504,-0.006298010976308825,0.0019899080650087183,-0.012064796350645418,0.00774484751039598,0.015648833340013664,-0.003775038123339451,-0.006786578019747488,-0.009445129529149152,-0.005964667298397569,0.01177373717261827,0.009993466598077174,0.015782833341154504,0.003986718010264703,0.013699401173729267,-0.004719070016255351,-0.0019051078177103858,agent16,-0.7929079316517881
-0.8005767468335726,-0.004260167959935808,-0.004035370295059741,-0.014584405053934057,-0.010474849993170365,-0.004712139967715855,-0.00768649020901715,-0.006595117308640073,0.007784684312840063,0.007998966603262391,-0.006597086021605005,-0.01123705955563112,0.001968786461354023,-0.006551190195578449,-0.010590169540494637,0.009992308424044822,-0.00796303854762245,0.015999932849094275,0.011974613993531209,-0.004037420960967755,-0.012451965351801618,0.017218965865320228,-0.00788881836470782,0.011796540239430315,-0.006093157866420788,-0.002716835673544411,-0.0037386374805447598,0.005896848713578208,0.01795030069909983,0.011978559019391308,0.011331525631588556,0.013945472730209709,-0.010115977514871947,1,-0.004721599350389398,0.015975998846466378,-0.004607858719673236,-0.010803903601226813,-0.007575246016400424,0.013094672557012818,0.013290497673574864,-0.012819653723757159,0.0019326482244335038,0.0158200200688837,0.009498423631960977,0.01195291076740495,-0.005689908197474508,-0.013167244015114318,0.019740683718233905,0.01599968840008531,0.009858684577207764,-0.01101161682796333,0.015805788263140788,0.005803344446667585,-0.007912053556882107,0.009978919372489289,-0.00734597451565063,0.01999282584317599,0.00393458597031693,-0.005969197264585966,0.017648835380147783,-0.00845831751908539,-0.010001903339668767,0.013988855272715543,-0.006397055466292725,-0.006071031426474296,0.011769485908493,0.013126926930179533,-0.005291373214980027,0.011719689466597464,-0.0010536009278155805,0.003971301531009405,0.009889910245025241,0.00583556365391239,0.013995428049868034,0.007847878399368279,-0.004188706725541589,-0.0047893568654346404,-0.0029093094155268383,-0.0066305812654566315,-0.0029114694598149993,-0.003726769182153279,0.00997866422309474,-0.008848198543875219,0.009900148420273504,-0.006298010976308825,0.0019899080650087183,-0.012064796350645418,0.00774484751039598,0.015648833340013664,-0.003775038123339451,-0.006786578019747488,-0.009445129529149152,-0.005964667298397569,0.01177373717261827,0.009993466598077174,0.015782833341154504,0.003986718010264703,0.013699401173729267,-0.004719070016255351,-0.0019051078177103858,agent36,0.657491383094754
-0.8015820382067876,-0.004260167959935808,-0.004035370295059741,-0.014584405053934057,-0.010474849993170365,-0.004712139967715855,-0.00768649020901715,-0.006595117308640073,0.007784684312840063,0.007998966603262391,-0.006597086021605005,-0.01123705955563112,0.001968786461354023,-0.006551190195578449,-0.010590169540494637,0.009992308424044822,-0.00796303854762245,0.015999932849094275,0.011974613993531209,-0.004037420960967755,-0.012451965351801618,0.017218965865320228,-0.00788881836470782,0.011796540239430315,-0.006093157866420788,-0.002716835673544411,-0.0037386374805447598,0.005896848713578208,0.01795030069909983,0.011978559019391308,0.011331525631588556,0.013945472730209709,-0.010115977514871947,1,-0.004721599350389398,0.015975998846466378,-0.004607858719673236,-0.010803903601226813,-0.007575246016400424,0.013094672557012818,0.013290497673574864,-0.012819653723757159,0.0019326482244335038,0.0158200200688837,0.009498423631960977,0.01195291076740495,-0.005689908197474508,-0.013167244015114318,0.019740683718233905,0.01599968840008531,0.009858684577207764,-0.01101161682796333,0.015805788263140788,0.005803344446667585,-0.007912053556882107,0.009978919372489289,-0.00734597451565063,0.01999282584317599,0.00393458597031693,-0.005969197264585966,0.017648835380147783,-0.00845831751908539,-0.010001903339668767,0.013988855272715543,-0.006397055466292725,-0.006071031426474296,0.011769485908493,0.013126926930179533,-0.0058261915988899945,0.011719689466597464,-0.0010536009278155805,0.003971301531009405,0.009889910245025241,0.00583556365391239,0.013995428049868034,0.007847878399368279,-0.004188706725541589,-0.0047893568654346404,-0.0029093094155268383,-0.0066305812654566315,-0.0029114694598149993,-0.003726769182153279,0.00997866422309474,-0.008848198543875219,0.009900148420273504,-0.006298010976308825,0.0019899080650087183,-0.012064796350645418,0.00774484751039598,0.015648833340013664,-0.003775038123339451,-0.006786578019747488,-0.009445129529149152,-0.005964667298397569,0.01177373717261827,0.009993466598077174,0.015782833341154504,0.003986718010264703,0.013699401173729267,-0.004719070016255351,-0.0019051078177103858,agent67,0.9112536279933453
-0.8025860735770827,-0.004260167959935808,-0.004412521374865079,-0.014584405053934057,-0.010474849993170365,-0.004712139967715855,-0.00768649020901715,-0.006595117308640073,0.007784684312840063,0.007998966603262391,-0.006597086021605005,-0.01123705955563112,0.001968786461354023,-0.006551190195578449,-0.010590169540494637,0.009992308424044822,-0.00796303854762245,0.015999932849094275,0.011974613993531209,-0.004037420960967755,-0.012451965351801618,0.017218965865320228,-0.00788881836470782,0.011796540239430315,-0.006093157866420788,-0.002716835673544411,-0.0037386374805447598,0.005896848713578208,0.01795030069909983,0.011978559019391308,0.011331525631588556,0.013945472730209709,-0.010115977514871947,1,-0.004721599350389398,0.015975998846466378,-0.004607858719673236,-0.010803903601226813,-0.007575246016400424,0.013094672557012818,0.013290497673574864,-0.012819653723757159,0.0019326482244335038,0.0158200200688837,0.009498423631960977,0.01195291076740495,-0.005689908197474508,-0.013167244015114318,0.019740683718233905,0.01599968840008531,0.009858684577207764,-0.01101161682796333,0.015805788263140788,0.005803344446667585,-0.007912053556882107,0.009978919372489289,-0.00734597451565063,0.01999282584317599,0.00393458597031693,-0.005969197264585966,0.017648835380147783,-0.00845831751908539,-0.010001903339668767,0.013988855272715543,-0.006397055466292725,-0.006071031426474296,0.011769485908493,0.013126926930179533,-0.0058261915988899945,0.011719689466597464,-0.0010536009278155805,0.003971301531009405,0.009889910245025241,0.00583556365391239,0.013995428049868034,0.007847878399368279,-0.004188706725541589,-0.0047893568654346404,-0.0029093094155268383,-0.0066305812654566315,-0.0029114694598149993,-0.003726769182153279,0.00997866422309474,-0.008848198543875219,0.009900148420273504,-0.006298010976308825,0.0019899080650087183,-0.012064796350645418,0.00774484751039598,0.015648833340013664,-0.003775038123339451,-0.006786578019747488,-0.009445129529149152,-0.005964667298397569,0.01177373717261827,0.009993466598077174,0.015782833341154504,0.003986718010264703,0.013699401173729267,-0.004719070016255351,-0.0019051078177103858,agent1,1
-0.8035901109980437,-0.004260167959935808,-0.004412521374865079,-0.014584405053934057,-0.010474849993170365,-0.004712139967715855,-0.00768649020901715,-0.006595117308640073,0.007784684312840063,0.007998966603262391,-0.006597086021605005,-0.01123705955563112,0.001968786461354023,-0.006551190195578449,-0.010590169540494637,0.009992308424044822,-0.00796303854762245,0.015999932849094275,0.011974613993531209,-0.004412762684640733,-0.012451965351801618,0.017218965865320228,-0.00788881836470782,0.011796540239430315,-0.006093157866420788,-0.002716835673544411,-0.0037386374805447598,0.005896848713578208,0.01795030069909983,0.011978559019391308,0.011331525631588556,0.013945472730209709,-0.010115977514871947,1,-0.004721599350389398,0.015975998846466378,-0.004607858719673236,-0.010803903601226813,-0.007575246016400424,0.013094672557012818,0.013290497673574864,-0.012819653723757159,0.0019326482244335038,0.0158200200688837,0.009498423631960977,0.01195291076740495,-0.005689908197474508,-0.013167244015114318,0.019740683718233905,0.01599968840008531,0.009858684577207764,-0.01101161682796333,0.015805788263140788,0.005803344446667585,-0.007912053556882107,0.009978919372489289,-0.00734597451565063,0.01999282584317599,0.00393458597031693,-0.005969197264585966,0.017648835380147783,-0.00845831751908539,-0.010001903339668767,0.013988855272715543,-0.006397055466292725,-0.006071031426474296,0.011769485908493,0.013126926930179533,-0.0058261915988899945,0.011719689466597464,-0.0010536009278155805,0.003971301531009405,0.009889910245025241,0.00583556365391239,0.013995428049868034,0.007847878399368279,-0.004188706725541589,-0.0047893568654346404,-0.0029093094155268383,-0.0066305812654566315,-0.0029114694598149993,-0.003726769182153279,0.00997866422309474,-0.008848198543875219,0.009900148420273504,-0.006298010976308825,0.0019899080650087183,-0.012064796350645418,0.00774484751039598,0.015648833340013664,-0.003775038123339451,-0.006786578019747488,-0.009445129529149152,-0.005964667298397569,0.01177373717261827,0.009993466598077174,0.015782833341154504,0.003986718010264703,0.013699401173729267,-0.004719070016255351,-0.0019051078177103858,agent18,1
-0.8046020856120372,-0.004260167959935808,-0.004412521374865079,-0.014584405053934057,-0.010474849993170365,-0.004712139967715855,-0.00768649020901715,-0.006595117308640073,0.007784684312840063,0.007998966603262391,-0.006597086021605005,-0.01123705955563112,0.001968786461354023,-0.006551190195578449,-0.010590169540494637,0.009992308424044822,-0.00796303854762245,0.015999932849094275,0.013970601644969514,-0.004412762684640733,-0.012451965351801618,0.017218965865320228,-0.00788881836470782,0.011796540239430315,-0.006093157866420788,-0.002716835673544411,-0.0037386374805447598,0.005896848713578208,0.01795030069909983,0.011978559019391308,0.011331525631588556,0.013945472730209709,-0.010115977514871947,1,-0.004721599350389398,0.015975998846466378,-0.004607858719673236,-0.010803903601226813,-0.007575246016400424,0.013094672557012818,0.013290497673574864,-0.012819653723757159,0.0019326482244335038,0.0158200200688837,0.009498423631960977,0.01195291076740495,-0.005689908197474508,-0.013167244015114318,0.019740683718233905,0.01599968840008531,0.009858684577207764,-0.01101161682796333,0.015805788263140788,0.005803344446667585,-0.007912053556882107,0.009978919372489289,-0.00734597451565063,0.01999282584317599,0.00393458597031693,-0.005969197264585966,0.017648835380147783,-0.00845831751908539,-0.010001903339668767,0.013988855272715543,-0.006397055466292725,-0.006071031426474296,0.011769485908493,0.013126926930179533,-0.0058261915988899945,0.011719689466597464,-0.0010536009278155805,0.003971301531009405,0.009889910245025241,0.00583556365391239,0.013995428049868034,0.007847878399368279,-0.004188706725541589,-0.0047893568654346404,-0.0029093094155268383,-0.0066305812654566315,-0.0029114694598149993,-0.003726769182153279,0.00997866422309474,-0.008848198543875219,0.009900148420273504,-0.006298010976308825,0.0019899080650087183,-0.012064796350645418,0.00774484751039598,0.015648833340013664,-0.003775038123339451,-0.006786578019747488,-0.009445129529149152,-0.005964667298397569,0.01177373717261827,0.009993466598077174,0.015782833341154504,0.003986718010264703,0.013699401173729267,-0.004719070016255351,-0.0019051078177103858,agent17,-0.8931707848255407
-0.8056063457799971,-0.0046318736162381515,-0.004412521374865079,-0.014584405053934057,-0.010474849993170365,-0.004712139967715855,-0.00768649020901715,-0.006595117308640073,0.007784684312840063,0.007998966603262391,-0.006597086021605005,-0.01123705955563112,0.001968786461354023,-0.006551190195578449,-0.010590169540494637,0.009992308424044822,-0.00796303854762245,0.015999932849094275,0.013970601644969514,-0.004412762684640733,-0.012451965351801618,0.017218965865320228,-0.00788881836470782,0.011796540239430315,-0.006093157866420788,-0.002716835673544411,-0.0037386374805447598,0.005896848713578208,0.01795030069909983,0.011978559019391308,0.011331525631588556,0.013945472730209709,-0.010115977514871947,1,-0.004721599350389398,0.015975998846466378,-0.004607858719673236,-0.010803903601226813,-0.007575246016400424,0.013094672557012818,0.013290497673574864,-0.012819653723757159,0.0019326482244335038,0.0158200200688837,0.009498423631960977,0.01195291076740495,-0.005689908197474508,-0.013167244015114318,0.019740683718233905,0.01599968840008531,0.009858684577207764,-0.01101161682796333,0.015805788263140788,0.005803344446667585,-0.007912053556882107,0.009978919372489289,-0.00734597451565063,0.01999282584317599,0.00393458597031693,-0.005969197264585966,0.017648835380147783,-0.00845831751908539,-0.010001903339668767,0.013988855272715543,-0.006397055466292725,-0.006071031426474296,0.011769485908493,0.013126926930179533,-0.0058261915988899945,0.011719689466597464,-0.0010536009278155805,0.003971301531009405,0.009889910245025241,0.00583556365391239,0.013995428049868034,0.007847878399368279,-0.004188706725541589,-0.0047893568654346404,-0.0029093094155268383,-0.0066305812654566315,-0.0029114694598149993,-0.003726769182153279,0.00997866422309474,-0.008848198543875219,0.009900148420273504,-0.006298010976308825,0.0019899080650087183,-0.012064796350645418,0.00774484751039598,0.015648833340013664,-0.003775038123339451,-0.006786578019747488,-0.009445129529149152,-0.005964667298397569,0.01177373717261827,0.009993466598077174,0.015782833341154504,0.003986718010264703,0.013699401173729267,-0.004719070016255351,-0.0019051078177103858,agent0,1
-0.8066181195171698,-0.0046318736162381515,-0.004412521374865079,-0.014584405053934057,-0.010474849993170365,-0.004712139967715855,-0.00768649020901715,-0.006595117308640073,0.007784684312840063,0.007998966603262391,-0.006597086021605005,-0.01123705955563112,0.001968786461354023,-0.006551190195578449,-0.010590169540494637,0.009992308424044822,-0.00796303854762245,0.015999932849094275,0.013970601644969514,-0.004412762684640733,-0.012451965351801618,0.017218965865320228,-0.00788881836470782,0.011796540239430315,-0.006093157866420788,-0.002716835673544411,-0.0037386374805447598,0.005896848713578208,0.01795030069909983,0.011978559019391308,0.011331525631588556,0.013945472730209709,-0.010115977514871947,1,-0.004721599350389398,0.015975998846466378,-0.004607858719673236,-0.010803903601226813,-0.007575246016400424,0.013094672557012818,0.013290497673574864,-0.012819653723757159,0.0019326482244335038,0.0158200200688837,0.009498423631960977,0.01195291076740495,-0.005689908197474508,-0.013167244015114318,0.019740683718233905,0.01599968840008531,0.009858684577207764,-0.01101161682796333,0.015805788263140788,0.005803344446667585,-0.007912053556882107,0.009978919372489289,-0.00734597451565063,0.01999282584317599,0.00393458597031693,-0.005969197264585966,0.017648835380147783,-0.00845831751908539,-0.010001903339668767,0.013988855272715543,-0.006397055466292725,-0.006071031426474296,0.011769485908493,0.013126926930179533,-0.0058261915988899945,0.011719689466597464,-0.0010536009278155805,0.003971301531009405,0.009889910245025241,0.00583556365391239,0.013995428049868034,0.007847878399368279,-0.004188706725541589,-0.0047893568654346404,-0.0029093094155268383,-0.0066305812654566315,-0.0029114694598149993,-0.003726769182153279,0.00997866422309474,-0.008848198543875219,0.009900148420273504,-0.006298010976308825,0.0019899080650087183,-0.012064796350645418,0.00774484751039598,0.015648833340013664,-0.003775038123339451,-0.006786578019747488,-0.009445129529149152,-0.005964667298397569,0.013735464542296839,0.009993466598077174,0.015782833341154504,0.003986718010264703,0.013699401173729267,-0.004719070016255351,-0.0019051078177103858,agent93,-0.5289382040598807
-0.8076191731180976,-0.0046318736162381515,-0.004412521374865079,-0.014584405053934057,-0.010474849993170365,-0.004712139967715855,-0.00768649020901715,-0.006595117308640073,0.007784684312840063,0.007998966603262391,-0.006597086021605005,-0.01123705955563112,0.001968786461354023,-0.006551190195578449,-0.010590169540494637,0.009992308424044822,-0.00796303854762245,0.015999932849094275,0.013970601644969514,-0.004412762684640733,-0.012451965351801618,0.017218965865320228,-0.00788881836470782,0.011796540239430315,-0.006093157866420788,-0.002716835673544411,-0.0037386374805447598,0.005896848713578208,0.01795030069909983,0.011978559019391308,0.011331525631588556,0.013945472730209709,-0.010115977514871947,1,-0.004721599350389398,0.015975998846466378,-0.004607858719673236,-0.010803903601226813,-0.007575246016400424,0.013094672557012818,0.013290497673574864,-0.012819653723757159,0.0019326482244335038,0.0158200200688837,0.009498423631960977,0.01195291076740495,-0.005689908197474508,-0.013167244015114318,0.019740683718233905,0.01599968840008531,0.009858684577207764,-0.01101161682796333,0.015805788263140788,0.005803344446667585,-0.007912053556882107,0.009978919372489289,-0.00734597451565063,0.01999282584317599,0.00393458597031693,-0.005969197264585966,0.017648835380147783,-0.00845831751908539,-0.010001903339668767,0.013988855272715543,-0.006397055466292725,-0.006071031426474296,0.011769485908493,0.013126926930179533,-0.0058261915988899945,0.011719689466597464,-0.0014216664129317032,0.003971301531009405,0.009889910245025241,0.00583556365391239,0.013995428049868034,0.007847878399368279,-0.004188706725541589,-0.0047893568654346404,-0.0029093094155268383,-0.0066305812654566315,-0.0029114694598149993,-0.003726769182153279,0.00997866422309474,-0.008848198543875219,0.009900148420273504,-0.006298010976308825,0.0019899080650087183,-0.012064796350645418,0.00774484751039598,0.015648833340013664,-0.003775038123339451,-0.006786578019747488,-0.009445129529149152,-0.005964667298397569,0.013735464542296839,0.009993466598077174,0.015782833341154504,0.003986718010264703,0.013699401173729267,-0.004719070016255351,-0.0019051078177103858,agent69,1
-0.8086271720847009,-0.0046318736162381515,-0.004412521374865079,-0.014584405053934057,-0.010474849993170365,-0.004712139967715855,-0.00768649020901715,-0.006595117308640073,0.007784684312840063,0.009998703211884095,-0.006597086021605005,-0.01123705955563112,0.001968786461354023,-0.006551190195578449,-0.010590169540494637,0.009992308424044822,-0.00796303854762245,0.015999932849094275,0.013970601644969514,-0.004412762684640733,-0.012451965351801618,0.017218965865320228,-0.00788881836470782,0.011796540239430315,-0.006093157866420788,-0.002716835673544411,-0.0037386374805447598,0.005896848713578208,0.01795030069909983,0.011978559019391308,0.011331525631588556,0.013945472730209709,-0.010115977514871947,1,-0.004721599350389398,0.015975998846466378,-0.004607858719673236,-0.010803903601226813,-0.007575246016400424,0.013094672557012818,0.013290497673574864,-0.012819653723757159,0.0019326482244335038,0.0158200200688837,0.009498423631960977,0.01195291076740495,-0.005689908197474508,-0.013167244015114318,0.019740683718233905,0.01599968840008531,0.009858684577207764,-0.01101161682796333,0.015805788263140788,0.005803344446667585,-0.007912053556882107,0.009978919372489289,-0.00734597451565063,0.01999282584317599,0.00393458597031693,-0.005969197264585966,0.017648835380147783,-0.00845831751908539,-0.010001903339668767,0.013988855272715543,-0.006397055466292725,-0.006071031426474296,0.011769485908493,0.013126926930179533,-0.0058261915988899945,0.011719689466597464,-0.0014216664129317032,0.003971301531009405,0.009889910245025241,0.00583556365391239,0.013995428049868034,0.007847878399368279,-0.004188706725541589,-0.0047893568654346404,-0.0029093094155268383,-0.0066305812654566315,-0.0029114694598149993,-0.003726769182153279,0.00997866422309474,-0.008848198543875219,0.009900148420273504,-0.006298010976308825,0.0019899080650087183,-0.012064796350645418,0.00774484751039598,0.015648833340013664,-0.003775038123339451,-0.006786578019747488,-0.009445129529149152,-0.005964667298397569,0.013735464542296839,0.009993466598077174,0.015782833341154504,0.003986718010264703,0.013699401173729267,-0.004719070016255351,-0.0019051078177103858,agent8,-0.830570921561142
-0.8096315848473855,-0.0046318736162381515,-0.004412521374865079,-0.014584405053934057,-0.010474849993170365,-0.004712139967715855,-0.00768649020901715,-0.006595117308640073,0.007784684312840063,0.009998703211884095,-0.006597086021605005,-0.01123705955563112,0.001968786461354023,-0.006551190195578449,-0.010590169540494637,0.009992308424044822,-0.00796303854762245,0.015999932849094275,0.013970601644969514,-0.0047771965608391816,-0.012451965351801618,0.017218965865320228,-0.00788881836470782,0.011796540239430315,-0.006093157866420788,-0.002716835673544411,-0.0037386374805447598,0.005896848713578208,0.01795030069909983,0.011978559019391308,0.011331525631588556,0.013945472730209709,-0.010115977514871947,1,-0.004721599350389398,0.015975998846466378,-0.004607858719673236,-0.010803903601226813,-0.007575246016400424,0.013094672557012818,0.013290497673574864,-0.012819653723757159,0.0019326482244335038,0.0158200200688837,0.009498423631960977,0.01195291076740495,-0.005689908197474508,-0.013167244015114318,0.019740683718233905,0.01599968840008531,0.009858684577207764,-0.01101161682796333,0.015805788263140788,0.005803344446667585,-0.007912053556882107,0.009978919372489289,-0.00734597451565063,0.01999282584317599,0.00393458597031693,-0.005969197264585966,0.017648835380147783,-0.00845831751908539,-0.010001903339668767,0.013988855272715543,-0.006397055466292725,-0.006071031426474296,0.011769485908493,0.013126926930179533,-0.0058261915988899945,0.011719689466597464,-0.0014216664129317032,0.003971301531009405,0.009889910245025241,0.00583556365391239,0.013995428049868034,0.007847878399368279,-0.004188706725541589,-0.0047893568654346404,-0.0029093094155268383,-0.0066305812654566315,-0.0029114694598149993,-0.003726769182153279,0.00997866422309474,-0.008848198543875219,0.009900148420273504,-0.006298010976308825,0.0019899080650087183,-0.012064796350645418,0.00774484751039598,0.015648833340013664,-0.003775038123339451,-0.006786578019747488,-0.009445129529149152,-0.005964667298397569,0.013735464542296839,0.009993466598077174,0.015782833341154504,0.003986718010264703,0.013699401173729267,-0.004719070016255351,-0.0019051078177103858,agent18,1
-0.8106393296948959,-0.0046318736162381515,-0.004412521374865079,-0.014584405053934057,-0.010474849993170365,-0.004712139967715855,-0.00768649020901715,-0.006595117308640073,0.007784684312840063,0.009998703211884095,-0.006597086021605005,-0.01123705955563112,0.001968786461354023,-0.006551190195578449,-0.010590169540494637,0.009992308424044822,-0.00796303854762245,0.015999932849094275,0.013970601644969514,-0.0047771965608391816,-0.012451965351801618,0.017218965865320228,-0.00788881836470782,0.011796540239430315,-0.006093157866420788,-0.002716835673544411,-0.0037386374805447598,0.005896848713578208,0.01795030069909983,0.011978559019391308,0.011331525631588556,0.013945472730209709,-0.010115977514871947,1,-0.004721599350389398,0.015975998846466378,-0.004607858719673236,-0.010803903601226813,-0.007575246016400424,0.013094672557012818,0.013290497673574864,-0.012819653723757159,0.0019326482244335038,0.0158200200688837,0.009498423631960977,0.01195291076740495,-0.005689908197474508,-0.013167244015114318,0.019740683718233905,0.01599968840008531,0.009858684577207764,-0.01101161682796333,0.015805788263140788,0.005803344446667585,-0.007912053556882107,0.009978919372489289,-0.00734597451565063,0.01999282584317599,0.00393458597031693,-0.005969197264585966,0.017648835380147783,-0.00845831751908539,-0.010001903339668767,0.013988855272715543,-0.006397055466292725,-0.006071031426474296,0.011769485908493,0.013126926930179533,-0.0058261915988899945,0.011719689466597464,-0.0014216664129317032,0.003971301531009405,0.009889910245025241,0.00583556365391239,0.013995428049868034,0.007847878399368279,-0.004188706725541589,-0.0047893568654346404,-0.0029093094155268383,-0.0066305812654566315,-0.0029114694598149993,-0.003726769182153279,0.00997866422309474,-0.008848198543875219,0.009900148420273504,-0.006298010976308825,0.0019899080650087183,-0.012064796350645418,0.009681327589711545,0.015648833340013664,-0.003775038123339451,-0.006786578019747488,-0.009445129529149152,-0.005964667298397569,0.013735464542296839,0.009993466598077174,0.015782833341154504,0.003986718010264703,0.013699401173729267,-0.004719070016255351,-0.0019051078177103858,agent87,-0.4532050968181289
-0.8116590703786142,-0.0046318736162381515,-0.004412521374865079,-0.014584405053934057,-0.010474849993170365,-0.004712139967715855,-0.00768649020901715,-0.006595117308640073,0.007784684312840063,0.009998703211884095,-0.006597086021605005,-0.01123705955563112,0.001968786461354023,-0.006551190195578449,-0.010590169540494637,0.009992308424044822,-0.00796303854762245,0.015999932849094275,0.013970601644969514,-0.0047771965608391816,-0.012451965351801618,0.017218965865320228,-0.00788881836470782,0.011796540239430315,-0.006093157866420788,-0.002716835673544411,-0.0037386374805447598,0.005896848713578208,0.01795030069909983,0.011978559019391308,0.011331525631588556,0.013945472730209709,-0.010115977514871947,1,-0.004721599350389398,0.015975998846466378,-0.004607858719673236,-0.010803903601226813,-0.007575246016400424,0.013094672557012818,0.013290497673574864,-0.012819653723757159,0.0019326482244335038,0.0158200200688837,0.009498423631960977,0.01195291076740495,-0.005689908197474508,-0.013167244015114318,0.021714020030762827,0.01599968840008531,0.009858684577207764,-0.01101161682796333,0.015805788263140788,0.005803344446667585,-0.007912053556882107,0.009978919372489289,-0.00734597451565063,0.01999282584317599,0.00393458597031693,-0.005969197264585966,0.017648835380147783,-0.00845831751908539,-0.010001903339668767,0.013988855272715543,-0.006397055466292725,-0.006071031426474296,0.011769485908493,0.013126926930179533,-0.0058261915988899945,0.011719689466597464,-0.0014216664129317032,0.003971301531009405,0.009889910245025241,0.00583556365391239,0.013995428049868034,0.007847878399368279,-0.004188706725541589,-0.0047893568654346404,-0.0029093094155268383,-0.0066305812654566315,-0.0029114694598149993,-0.003726769182153279,0.00997866422309474,-0.008848198543875219,0.009900148420273504,-0.006298010976308825,0.0019899080650087183,-0.012064796350645418,0.009681327589711545,0.015648833340013664,-0.003775038123339451,-0.006786578019747488,-0.009445129529149152,-0.005964667298397569,0.013735464542296839,0.009993466598077174,0.015782833341154504,0.003986718010264703,0.013699401173729267,-0.004719070016255351,-0.0019051078177103858,agent47,-0.5797121226746781
-0.8126656215688097,-0.0046318736162381515,-0.004412521374865079,-0.014584405053934057,-0.010474849993170365,-0.004712139967715855,-0.00768649020901715,-0.006595117308640073,0.007784684312840063,0.009998703211884095,-0.006597086021605005,-0.01123705955563112,0.001968786461354023,-0.006910135901935897,-0.010590169540494637,0.009992308424044822,-0.00796303854762245,0.015999932849094275,0.013970601644969514,-0.0047771965608391816,-0.012451965351801618,0.017218965865320228,-0.00788881836470782,0.011796540239430315,-0.006093157866420788,-0.002716835673544411,-0.0037386374805447598,0.005896848713578208,0.01795030069909983,0.011978559019391308,0.011331525631588556,0.013945472730209709,-0.010115977514871947,1,-0.004721599350389398,0.015975998846466378,-0.004607858719673236,-0.010803903601226813,-0.007575246016400424,0.013094672557012818,0.013290497673574864,-0.012819653723757159,0.0019326482244335038,0.0158200200688837,0.009498423631960977,0.01195291076740495,-0.005689908197474508,-0.013167244015114318,0.021714020030762827,0.01599968840008531,0.009858684577207764,-0.01101161682796333,0.015805788263140788,0.005803344446667585,-0.007912053556882107,0.009978919372489289,-0.00734597451565063,0.01999282584317599,0.00393458597031693,-0.005969197264585966,0.017648835380147783,-0.00845831751908539,-0.010001903339668767,0.013988855272715543,-0.006397055466292725,-0.006071031426474296,0.011769485908493,0.013126926930179533,-0.0058261915988899945,0.011719689466597464,-0.0014216664129317032,0.003971301531009405,0.009889910245025241,0.00583556365391239,0.013995428049868034,0.007847878399368279,-0.004188706725541589,-0.0047893568654346404,-0.0029093094155268383,-0.0066305812654566315,-0.0029114694598149993,-0.003726769182153279,0.00997866422309474,-0.008848198543875219,0.009900148420273504,-0.006298010976308825,0.0019899080650087183,-0.012064796350645418,0.009681327589711545,0.015648833340013664,-0.003775038123339451,-0.006786578019747488,-0.009445129529149152,-0.005964667298397569,0.013735464542296839,0.009993466598077174,0.015782833341154504,0.003986718010264703,0.013699401173729267,-0.004719070016255351,-0.0019051078177103858,agent12,1
-0.813671919579786,-0.0046318736162381515,-0.004412521374865079,-0.014584405053934057,-0.010474849993170365,-0.004712139967715855,-0.00768649020901715,-0.006595117308640073,0.007784684312840063,0.009998703211884095,-0.006597086021605005,-0.01123705955563112,0.001968786461354023,-0.006910135901935897,-0.010590169540494637,0.009992308424044822,-0.00796303854762245,0.015999932849094275,0.013970601644969514,-0.0047771965608391816,-0.012451965351801618,0.017218965865320228,-0.00788881836470782,0.011796540239430315,-0.006093157866420788,-0.002716835673544411,-0.0037386374805447598,0.005896848713578208,0.01795030069909983,0.011978559019391308,0.011331525631588556,0.013945472730209709,-0.010115977514871947,1,-0.004721599350389398,0.015975998846466378,-0.004607858719673236,-0.010803903601226813,-0.007575246016400424,0.013094672557012818,0.013290497673574864,-0.012819653723757159,0.0019326482244335038,0.0158200200688837,0.009498423631960977,0.01195291076740495,-0.005689908197474508,-0.013167244015114318,0.021714020030762827,0.01599968840008531,0.009858684577207764,-0.01101161682796333,0.015805788263140788,0.005803344446667585,-0.007912053556882107,0.009978919372489289,-0.00734597451565063,0.01999282584317599,0.00393458597031693,-0.005969197264585966,0.017648835380147783,-0.00845831751908539,-0.010001903339668767,0.013988855272715543,-0.006397055466292725,-0.006071031426474296,0.011769485908493,0.013126926930179533,-0.0058261915988899945,0.011719689466597464,-0.0014216664129317032,0.003971301531009405,0.009889910245025241,0.00583556365391239,0.013995428049868034,0.007847878399368279,-0.004188706725541589,-0.0047893568654346404,-0.0029093094155268383,-0.0066305812654566315,-0.0029114694598149993,-0.003726769182153279,0.00997866422309474,-0.008848198543875219,0.009900148420273504,-0.007121540859061759,0.0019899080650087183,-0.012064796350645418,0.009681327589711545,0.015648833340013664,-0.003775038123339451,-0.006786578019747488,-0.009445129529149152,-0.005964667298397569,0.013735464542296839,0.009993466598077174,0.015782833341154504,0.003986718010264703,0.013699401173729267,-0.004719070016255351,-0.0019051078177103858,agent84,0.7212640490791413
-0.8146738883662473,-0.0046318736162381515,-0.004412521374865079,-0.014584405053934057,-0.010474849993170365,-0.004712139967715855,-0.00768649020901715,-0.006595117308640073,0.007784684312840063,0.009998703211884095,-0.006597086021605005,-0.01123705955563112,0.003951427384577482,-0.006910135901935897,-0.010590169540494637,0.009992308424044822,-0.00796303854762245,0.015999932849094275,0.013970601644969514,-0.0047771965608391816,-0.012451965351801618,0.017218965865320228,-0.00788881836470782,0.011796540239430315,-0.006093157866420788,-0.002716835673544411,-0.0037386374805447598,0.005896848713578208,0.01795030069909983,0.011978559019391308,0.011331525631588556,0.013945472730209709,-0.010115977514871947,1,-0.004721599350389398,0.015975998846466378,-0.004607858719673236,-0.010803903601226813,-0.007575246016400424,0.013094672557012818,0.013290497673574864,-0.012819653723757159,0.0019326482244335038,0.0158200200688837,0.009498423631960977,0.01195291076740495,-0.005689908197474508,-0.013167244015114318,0.021714020030762827,0.01599968840008531,0.009858684577207764,-0.01101161682796333,0.015805788263140788,0.005803344446667585,-0.007912053556882107,0.009978919372489289,-0.00734597451565063,0.01999282584317599,0.00393458597031693,-0.005969197264585966,0.017648835380147783,-0.00845831751908539,-0.010001903339668767,0.013988855272715543,-0.006397055466292725,-0.006071031426474296,0.011769485908493,0.013126926930179533,-0.0058261915988899945,0.011719689466597464,-0.0014216664129317032,0.003971301531009405,0.009889910245025241,0.00583556365391239,0.013995428049868034,0.007847878399368279,-0.004188706725541589,-0.0047893568654346404,-0.0029093094155268383,-0.0066305812654566315,-0.0029114694598149993,-0.003726769182153279,0.00997866422309474,-0.008848198543875219,0.009900148420273504,-0.007121540859061759,0.0019899080650087183,-0.012064796350645418,0.009681327589711545,0.015648833340013664,-0.003775038123339451,-0.006786578019747488,-0.009445129529149152,-0.005964667298397569,0.013735464542296839,0.009993466598077174,0.015782833341154504,0.003986718010264703,0.013699401173729267,-0.004719070016255351,-0.0019051078177103858,agent11,-1
-0.8156956023862781,-0.0046318736162381515,-0.004412521374865079,-0.014584405053934057,-0.010474849993170365,-0.004712139967715855,-0.00768649020901715,-0.006595117308640073,0.007784684312840063,0.009998703211884095,-0.006597086021605005,-0.01123705955563112,0.003951427384577482,-0.006910135901935897,-0.010590169540494637,0.009992308424044822,-0.00796303854762245,0.015999932849094275,0.013970601644969514,-0.0047771965608391816,-0.012451965351801618,0.017218965865320228,-0.00788881836470782,0.011796540239430315,-0.006093157866420788,-0.002716835673544411,-0.0037386374805447598,0.005896848713578208,0.01795030069909983,0.011978559019391308,0.011331525631588556,0.013945472730209709,-0.010115977514871947,1,-0.004721599350389398,0.015975998846466378,-0.004607858719673236,-0.010803903601226813,-0.007575246016400424,0.013094672557012818,0.013290497673574864,-0.012819653723757159,0.0019326482244335038,0.0158200200688837,0.009498423631960977,0.01195291076740495,-0.005689908197474508,-0.013167244015114318,0.023687120970912662,0.01599968840008531,0.009858684577207764,-0.01101161682796333,0.015805788263140788,0.005803344446667585,-0.007912053556882107,0.009978919372489289,-0.00734597451565063,0.01999282584317599,0.00393458597031693,-0.005969197264585966,0.017648835380147783,-0.00845831751908539,-0.010001903339668767,0.013988855272715543,-0.006397055466292725,-0.006071031426474296,0.011769485908493,0.013126926930179533,-0.0058261915988899945,0.011719689466597464,-0.0014216664129317032,0.003971301531009405,0.009889910245025241,0.00583556365391239,0.013995428049868034,0.007847878399368279,-0.004188706725541589,-0.0047893568654346404,-0.0029093094155268383,-0.0066305812654566315,-0.0029114694598149993,-0.003726769182153279,0.00997866422309474,-0.008848198543875219,0.009900148420273504,-0.007121540859061759,0.0019899080650087183,-0.012064796350645418,0.009681327589711545,0.015648833340013664,-0.003775038123339451,-0.006786578019747488,-0.009445129529149152,-0.005964667298397569,0.013735464542296839,0.009993466598077174,0.015782833341154504,0.003986718010264703,0.013699401173729267,-0.004719070016255351,-0.0019051078177103858,agent47,-0.5827296715805477
-0.8167034502646775,-0.0046318736162381515,-0.004412521374865079,-0.014584405053934057,-0.010474849993170365,-0.004712139967715855,-0.00768649020901715,-0.006595117308640073,0.007784684312840063,0.009998703211884095,-0.006597086021605005,-0.01123705955563112,0.003951427384577482,-0.006910135901935897,-0.010590169540494637,0.009992308424044822,-0.00796303854762245,0.015999932849094275,0.013970601644969514,-0.0047771965608391816,-0.012451965351801618,0.017218965865320228,-0.00788881836470782,0.011796540239430315,-0.006093157866420788,-0.002716835673544411,-0.0037386374805447598,0.005896848713578208,0.01795030069909983,0.011978559019391308,0.011331525631588556,0.013945472730209709,-0.010115977514871947,1,-0.004721599350389398,0.015975998846466378,-0.004607858719673236,-0.010803903601226813,-0.007575246016400424,0.013094672557012818,0.013290497673574864,-0.012819653723757159,0.0019326482244335038,0.0158200200688837,0.009498423631960977,0.01195291076740495,-0.005689908197474508,-0.013167244015114318,0.023687120970912662,0.01599968840008531,0.009858684577207764,-0.01101161682796333,0.015805788263140788,0.005803344446667585,-0.007912053556882107,0.009978919372489289,-0.00734597451565063,0.01999282584317599,0.00393458597031693,-0.005969197264585966,0.017648835380147783,-0.00845831751908539,-0.010001903339668767,0.013988855272715543,-0.006397055466292725,-0.006071031426474296,0.011769485908493,0.013126926930179533,-0.0058261915988899945,0.011719689466597464,-0.0014216664129317032,0.003971301531009405,0.009889910245025241,0.00583556365391239,0.013995428049868034,0.009830894343878401,-0.004188706725541589,-0.0047893568654346404,-0.0029093094155268383,-0.0066305812654566315,-0.0029114694598149993,-0.003726769182153279,0.00997866422309474,-0.008848198543875219,0.009900148420273504,-0.007121540859061759,0.0019899080650087183,-0.012064796350645418,0.009681327589711545,0.015648833340013664,-0.003775038123339451,-0.006786578019747488,-0.009445129529149152,-0.005964667298397569,0.013735464542296839,0.009993466598077174,0.015782833341154504,0.003986718010264703,0.013699401173729267,-0.004719070016255351,-0.0019051078177103858,agent74,-1
-0.8177173957374078,-0.0046318736162381515,-0.004412521374865079,-0.014584405053934057,-0.010474849993170365,-0.004712139967715855,-0.00768649020901715,-0.006595117308640073,0.007784684312840063,0.009998703211884095,-0.006597086021605005,-0.01123705955563112,0.003951427384577482,-0.006910135901935897,-0.010590169540494637,0.009992308424044822,-0.00796303854762245,0.015999932849094275,0.013970601644969514,-0.0047771965608391816,-0.012451965351801618,0.017218965865320228,-0.00788881836470782,0.011796540239430315,-0.006093157866420788,-0.002716835673544411,-0.0037386374805447598,0.005896848713578208,0.01795030069909983,0.011978559019391308,0.011331525631588556,0.015937861687573007,-0.010115977514871947,1,-0.004721599350389398,0.015975998846466378,-0.004607858719673236,-0.010803903601226813,-0.007575246016400424,0.013094672557012818,0.013290497673574864,-0.012819653723757159,0.0019326482244335038,0.0158200200688837,0.009498423631960977,0.01195291076740495,-0.005689908197474508,-0.013167244015114318,0.023687120970912662,0.01599968840008531,0.009858684577207764,-0.01101161682796333,0.015805788263140788,0.005803344446667585,-0.007912053556882107,0.009978919372489289,-0.00734597451565063,0.01999282584317599,0.00393458597031693,-0.005969197264585966,0.017648835380147783,-0.00845831751908539,-0.010001903339668767,0.013988855272715543,-0.006397055466292725,-0.006071031426474296,0.011769485908493,0.013126926930179533,-0.0058261915988899945,0.011719689466597464,-0.0014216664129317032,0.003971301531009405,0.009889910245025241,0.00583556365391239,0.013995428049868034,0.009830894343878401,-0.004188706725541589,-0.0047893568654346404,-0.0029093094155268383,-0.0066305812654566315,-0.0029114694598149993,-0.003726769182153279,0.00997866422309474,-0.008848198543875219,0.009900148420273504,-0.007121540859061759,0.0019899080650087183,-0.012064796350645418,0.009681327589711545,0.015648833340013664,-0.003775038123339451,-0.006786578019747488,-0.009445129529149152,-0.005964667298397569,0.013735464542296839,0.009993466598077174,0.015782833341154504,0.003986718010264703,0.013699401173729267,-0.004719070016255351,-0.0019051078177103858,agent30,-0.9400812654236579
-0.8187284073542357,-0.0046318736162381515,-0.004412521374865079,-0.014584405053934057,-0.010474849993170365,-0.004712139967715855,-0.00768649020901715,-0.006595117308640073,0.007784684312840063,0.009998703211884095,-0.006597086021605005,-0.01123705955563112,0.003951427384577482,-0.006910135901935897,-0.010590169540494637,0.009992308424044822,-0.00796303854762245,0.015999932849094275,0.013970601644969514,-0.0047771965608391816,-0.012451965351801618,0.017218965865320228,-0.00788881836470782,0.011796540239430315,-0.006093157866420788,-0.002716835673544411,-0.0037386374805447598,0.005896848713578208,0.01795030069909983,0.011978559019391308,0.011331525631588556,0.015937861687573007,-0.010115977514871947,1,-0.004721599350389398,0.015975998846466378,-0.004607858719673236,-0.010803903601226813,-0.007575246016400424,0.013094672557012818,0.013290497673574864,-0.012819653723757159,0.0019326482244335038,0.0158200200688837,0.009498423631960977,0.01195291076740495,-0.005689908197474508,-0.013167244015114318,0.023687120970912662,0.01599968840008531,0.009858684577207764,-0.011571542245313675,0.015805788263140788,0.005803344446667585,-0.007912053556882107,0.009978919372489289,-0.00734597451565063,0.01999282584317599,0.00393458597031693,-0.005969197264585966,0.017648835380147783,-0.00845831751908539,-0.010001903339668767,0.013988855272715543,-0.006397055466292725,-0.006071031426474296,0.011769485908493,0.013126926930179533,-0.0058261915988899945,0.011719689466597464,-0.0014216664129317032,0.003971301531009405,0.009889910245025241,0.00583556365391239,0.013995428049868034,0.009830894343878401,-0.004188706725541589,-0.0047893568654346404,-0.0029093094155268383,-0.0066305812654566315,-0.0029114694598149993,-0.003726769182153279,0.00997866422309474,-0.008848198543875219,0.009900148420273504,-0.007121540859061759,0.0019899080650087183,-0.012064796350645418,0.009681327589711545,0.015648833340013664,-0.003775038123339451,-0.006786578019747488,-0.009445129529149152,-0.005964667298397569,0.013735464542296839,0.009993466598077174,0.015782833341154504,0.003986718010264703,0.013699401173729267,-0.004719070016255351,-0.0019051078177103858,agent50,0.8793828267890378
-0.8197441901875768,-0.0046318736162381515,-0.004412521374865079,-0.014584405053934057,-0.010474849993170365,-0.004712139967715855,-0.00768649020901715,-0.006595117308640073,0.007784684312840063,0.009998703211884095,-0.006597086021605005,-0.01123705955563112,0.003951427384577482,-0.006910135901935897,-0.010590169540494637,0.009992308424044822,-0.00796303854762245,0.015999932849094275,0.013970601644969514,-0.0047771965608391816,-0.012451965351801618,0.017218965865320228,-0.00788881836470782,0.011796540239430315,-0.006093157866420788,-0.002716835673544411,-0.0037386374805447598,0.005896848713578208,0.01795030069909983,0.011978559019391308,0.011331525631588556,0.015937861687573007,-0.010115977514871947,1,-0.004721599350389398,0.015975998846466378,-0.004607858719673236,-0.010803903601226813,-0.007575246016400424,0.013094672557012818,0.013290497673574864,-0.012819653723757159,0.0019326482244335038,0.0158200200688837,0.009498423631960977,0.01195291076740495,-0.005689908197474508,-0.013167244015114318,0.023687120970912662,0.01599968840008531,0.009858684577207764,-0.011571542245313675,0.015805788263140788,0.005803344446667585,-0.007912053556882107,0.009978919372489289,-0.00734597451565063,0.01999282584317599,0.00393458597031693,-0.005969197264585966,0.017648835380147783,-0.00845831751908539,-0.010001903339668767,0.013988855272715543,-0.006397055466292725,-0.006071031426474296,0.011769485908493,0.013126926930179533,-0.0058261915988899945,0.011719689466597464,-0.0014216664129317032,0.003971301531009405,0.009889910245025241,0.00583556365391239,0.013995428049868034,0.009830894343878401,-0.004188706725541589,-0.0047893568654346404,-0.0029093094155268383,-0.0066305812654566315,-0.0029114694598149993,-0.003726769182153279,0.00997866422309474,-0.008848198543875219,0.009900148420273504,-0.007121540859061759,0.0019899080650087183,-0.012064796350645418,0.009681327589711545,0.015648833340013664,-0.003775038123339451,-0.006786578019747488,-0.009445129529149152,-0.005964667298397569,0.013735464542296839,0.009993466598077174,0.017766403646004337,0.003986718010264703,0.013699401173729267,-0.004719070016255351,-0.0019051078177103858,agent95,-1
-0.820748822061193,-0.0049761391573774315,-0.004412521374865079,-0.014584405053934057,-0.010474849993170365,-0.004712139967715855,-0.00768649020901715,-0.006595117308640073,0.007784684312840063,0.009998703211884095,-0.006597086021605005,-0.01123705955563112,0.003951427384577482,-0.006910135901935897,-0.010590169540494637,0.009992308424044822,-0.00796303854762245,0.015999932849094275,0.013970601644969514,-0.0047771965608391816,-0.012451965351801618,0.017218965865320228,-0.00788881836470782,0.011796540239430315,-0.006093157866420788,-0.002716835673544411,-0.0037386374805447598,0.005896848713578208,0.01795030069909983,0.011978559019391308,0.011331525631588556,0.015937861687573007,-0.010115977514871947,1,-0.004721599350389398,0.015975998846466378,-0.004607858719673236,-0.010803903601226813,-0.007575246016400424,0.013094672557012818,0.013290497673574864,-0.012819653723757159,0.0019326482244335038,0.0158200200688837,0.009498423631960977,0.01195291076740495,-0.005689908197474508,-0.013167244015114318,0.023687120970912662,0.01599968840008531,0.009858684577207764,-0.011571542245313675,0.015805788263140788,0.005803344446667585,-0.007912053556882107,0.009978919372489289,-0.00734597451565063,0.01999282584317599,0.00393458597031693,-0.005969197264585966,0.017648835380147783,-0.00845831751908539,-0.010001903339668767,0.013988855272715543,-0.006397055466292725,-0.006071031426474296,0.011769485908493,0.013126926930179533,-0.0058261915988899945,0.011719689466597464,-0.0014216664129317032,0.003971301531009405,0.009889910245025241,0.00583556365391239,0.013995428049868034,0.009830894343878401,-0.004188706725541589,-0.0047893568654346404,-0.0029093094155268383,-0.0066305812654566315,-0.0029114694598149993,-0.003726769182153279,0.00997866422309474,-0.008848198543875219,0.009900148420273504,-0.007121540859061759,0.0019899080650087183,-0.012064796350645418,0.009681327589711545,0.015648833340013664,-0.003775038123339451,-0.006786578019747488,-0.009445129529149152,-0.005964667298397569,0.013735464542296839,0.009993466598077174,0.017766403646004337,0.003986718010264703,0.013699401173729267,-0.004719070016255351,-0.0019051078177103858,agent0,1
-0.8217507547094175,-0.0049761391573774315,-0.004412521374865079,-0.014584405053934057,-0.010474849993170365,-0.004712139967715855,-0.00768649020901715,-0.006595117308640073,0.007784684312840063,0.009998703211884095,-0.006597086021605005,-0.01123705955563112,0.003951427384577482,-0.006910135901935897,-0.010590169540494637,0.009992308424044822,-0.00796303854762245,0.015999932849094275,0.013970601644969514,-0.0047771965608391816,-0.012451965351801618,0.017218965865320228,-0.00788881836470782,0.011796540239430315,-0.006093157866420788,-0.002716835673544411,-0.0037386374805447598,0.005896848713578208,0.01795030069909983,0.011978559019391308,0.011331525631588556,0.015937861687573007,-0.010115977514871947,1,-0.004721599350389398,0.015975998846466378,-0.004607858719673236,-0.010803903601226813,-0.007575246016400424,0.013094672557012818,0.013290497673574864,-0.012819653723757159,0.003916582732037279,0.0158200200688837,0.009498423631960977,0.01195291076740495,-0.005689908197474508,-0.013167244015114318,0.023687120970912662,0.01599968840008531,0.009858684577207764,-0.011571542245313675,0.015805788263140788,0.005803344446667585,-0.007912053556882107,0.009978919372489289,-0.00734597451565063,0.01999282584317599,0.00393458597031693,-0.005969197264585966,0.017648835380147783,-0.00845831751908539,-0.010001903339668767,0.013988855272715543,-0.006397055466292725,-0.006071031426474296,0.011769485908493,0.013126926930179533,-0.0058261915988899945,0.011719689466597464,-0.0014216664129317032,0.003971301531009405,0.009889910245025241,0.00583556365391239,0.013995428049868034,0.009830894343878401,-0.004188706725541589,-0.0047893568654346404,-0.0029093094155268383,-0.0066305812654566315,-0.0029114694598149993,-0.003726769182153279,0.00997866422309474,-0.008848198543875219,0.009900148420273504,-0.007121540859061759,0.0019899080650087183,-0.012064796350645418,0.009681327589711545,0.015648833340013664,-0.003775038123339451,-0.006786578019747488,-0.009445129529149152,-0.005964667298397569,0.013735464542296839,0.009993466598077174,0.017766403646004337,0.003986718010264703,0.013699401173729267,-0.004719070016255351,-0.0019051078177103858,agent41,-1
-0.8227620862350491,-0.0049761391573774315,-0.004412521374865079,-0.014584405053934057,-0.010474849993170365,-0.004712139967715855,-0.00768649020901715,-0.006595117308640073,0.007784684312840063,0.009998703211884095,-0.006597086021605005,-0.01123705955563112,0.003951427384577482,-0.006910135901935897,-0.010590169540494637,0.009992308424044822,-0.00796303854762245,0.015999932849094275,0.013970601644969514,-0.0047771965608391816,-0.012451965351801618,0.017218965865320228,-0.00788881836470782,0.011796540239430315,-0.006093157866420788,-0.002716835673544411,-0.0037386374805447598,0.005896848713578208,0.01795030069909983,0.011978559019391308,0.013315639234865225,0.015937861687573007,-0.010115977514871947,1,-0.004721599350389398,0.015975998846466378,-0.004607858719673236,-0.010803903601226813,-0.007575246016400424,0.013094672557012818,0.013290497673574864,-0.012819653723757159,0.003916582732037279,0.0158200200688837,0.009498423631960977,0.01195291076740495,-0.005689908197474508,-0.013167244015114318,0.023687120970912662,0.01599968840008531,0.009858684577207764,-0.011571542245313675,0.015805788263140788,0.005803344446667585,-0.007912053556882107,0.009978919372489289,-0.00734597451565063,0.01999282584317599,0.00393458597031693,-0.005969197264585966,0.017648835380147783,-0.00845831751908539,-0.010001903339668767,0.013988855272715543,-0.006397055466292725,-0.006071031426474296,0.011769485908493,0.013126926930179533,-0.0058261915988899945,0.011719689466597464,-0.0014216664129317032,0.003971301531009405,0.009889910245025241,0.00583556365391239,0.013995428049868034,0.009830894343878401,-0.004188706725541589,-0.0047893568654346404,-0.0029093094155268383,-0.0066305812654566315,-0.0029114694598149993,-0.003726769182153279,0.00997866422309474,-0.008848198543875219,0.009900148420273504,-0.007121540859061759,0.0019899080650087183,-0.012064796350645418,0.009681327589711545,0.015648833340013664,-0.003775038123339451,-0.006786578019747488,-0.009445129529149152,-0.005964667298397569,0.013735464542296839,0.009993466598077174,0.017766403646004337,0.003986718010264703,0.013699401173729267,-0.004719070016255351,-0.0019051078177103858,agent29,-1
-0.8237686813523577,-0.0049761391573774315,-0.004412521374865079,-0.014584405053934057,-0.010474849993170365,-0.004712139967715855,-0.00768649020901715,-0.006933886497132099,0.007784684312840063,0.009998703211884095,-0.006597086021605005,-0.01123705955563112,0.003951427384577482,-0.006910135901935897,-0.010590169540494637,0.009992308424044822,-0.00796303854762245,0.015999932849094275,0.013970601644969514,-0.0047771965608391816,-0.012451965351801618,0.017218965865320228,-0.00788881836470782,0.011796540239430315,-0.006093157866420788,-0.002716835673544411,-0.0037386374805447598,0.005896848713578208,0.01795030069909983,0.011978559019391308,0.013315639234865225,0.015937861687573007,-0.010115977514871947,1,-0.004721599350389398,0.015975998846466378,-0.004607858719673236,-0.010803903601226813,-0.007575246016400424,0.013094672557012818,0.013290497673574864,-0.012819653723757159,0.003916582732037279,0.0158200200688837,0.009498423631960977,0.01195291076740495,-0.005689908197474508,-0.013167244015114318,0.023687120970912662,0.01599968840008531,0.009858684577207764,-0.011571542245313675,0.015805788263140788,0.005803344446667585,-0.007912053556882107,0.009978919372489289,-0.00734597451565063,0.01999282584317599,0.00393458597031693,-0.005969197264585966,0.017648835380147783,-0.00845831751908539,-0.010001903339668767,0.013988855272715543,-0.006397055466292725,-0.006071031426474296,0.011769485908493,0.013126926930179533,-0.0058261915988899945,0.011719689466597464,-0.0014216664129317032,0.003971301531009405,0.009889910245025241,0.00583556365391239,0.013995428049868034,0.009830894343878401,-0.004188706725541589,-0.0047893568654346404,-0.0029093094155268383,-0.0066305812654566315,-0.0029114694598149993,-0.003726769182153279,0.00997866422309474,-0.008848198543875219,0.009900148420273504,-0.007121540859061759,0.0019899080650087183,-0.012064796350645418,0.009681327589711545,0.015648833340013664,-0.003775038123339451,-0.006786578019747488,-0.009445129529149152,-0.005964667298397569,0.013735464542296839,0.009993466598077174,0.017766403646004337,0.003986718010264703,0.013699401173729267,-0.004719070016255351,-0.0019051078177103858,agent6,1
-0.8247747523837842,-0.0049761391573774315,-0.004412521374865079,-0.014584405053934057,-0.010474849993170365,-0.004712139967715855,-0.00768649020901715,-0.006933886497132099,0.007784684312840063,0.009998703211884095,-0.006597086021605005,-0.01123705955563112,0.003951427384577482,-0.006910135901935897,-0.010590169540494637,0.009992308424044822,-0.00796303854762245,0.015999932849094275,0.013970601644969514,-0.0047771965608391816,-0.012451965351801618,0.017218965865320228,-0.00788881836470782,0.011796540239430315,-0.006093157866420788,-0.002716835673544411,-0.0037386374805447598,0.005896848713578208,0.01795030069909983,0.011978559019391308,0.013315639234865225,0.015937861687573007,-0.010115977514871947,1,-0.004721599350389398,0.015975998846466378,-0.004607858719673236,-0.010803903601226813,-0.007575246016400424,0.013094672557012818,0.013290497673574864,-0.012819653723757159,0.003916582732037279,0.0158200200688837,0.009498423631960977,0.01195291076740495,-0.005689908197474508,-0.013167244015114318,0.023687120970912662,0.01599968840008531,0.009858684577207764,-0.011571542245313675,0.015805788263140788,0.005803344446667585,-0.007912053556882107,0.009978919372489289,-0.00734597451565063,0.01999282584317599,0.00393458597031693,-0.005969197264585966,0.017648835380147783,-0.00845831751908539,-0.010001903339668767,0.013988855272715543,-0.006397055466292725,-0.006407965324933438,0.011769485908493,0.013126926930179533,-0.0058261915988899945,0.011719689466597464,-0.0014216664129317032,0.003971301531009405,0.009889910245025241,0.00583556365391239,0.013995428049868034,0.009830894343878401,-0.004188706725541589,-0.0047893568654346404,-0.0029093094155268383,-0.0066305812654566315,-0.0029114694598149993,-0.003726769182153279,0.00997866422309474,-0.008848198543875219,0.009900148420273504,-0.007121540859061759,0.0019899080650087183,-0.012064796350645418,0.009681327589711545,0.015648833340013664,-0.003775038123339451,-0.006786578019747488,-0.009445129529149152,-0.005964667298397569,0.013735464542296839,0.009993466598077174,0.017766403646004337,0.003986718010264703,0.013699401173729267,-0.004719070016255351,-0.0019051078177103858,agent64,1
-0.825780578575383,-0.0049761391573774315,-0.004412521374865079,-0.014584405053934057,-0.010474849993170365,-0.004712139967715855,-0.00768649020901715,-0.006933886497132099,0.007784684312840063,0.009998703211884095,-0.006597086021605005,-0.01123705955563112,0.003951427384577482,-0.006910135901935897,-0.010590169540494637,0.009992308424044822,-0.00796303854762245,0.015999932849094275,0.013970601644969514,-0.0047771965608391816,-0.012451965351801618,0.017218965865320228,-0.00788881836470782,0.011796540239430315,-0.006093157866420788,-0.002716835673544411,-0.0037386374805447598,0.005896848713578208,0.01795030069909983,0.011978559019391308,0.013315639234865225,0.015937861687573007,-0.010115977514871947,1,-0.004721599350389398,0.015975998846466378,-0.004607858719673236,-0.010803903601226813,-0.007575246016400424,0.013094672557012818,0.013290497673574864,-0.012819653723757159,0.003916582732037279,0.0158200200688837,0.009498423631960977,0.01195291076740495,-0.005689908197474508,-0.013167244015114318,0.023687120970912662,0.01599968840008531,0.009858684577207764,-0.011571542245313675,0.015805788263140788,0.005803344446667585,-0.007912053556882107,0.009978919372489289,-0.00734597451565063,0.01999282584317599,0.00393458597031693,-0.005969197264585966,0.017648835380147783,-0.00845831751908539,-0.010001903339668767,0.013988855272715543,-0.006397055466292725,-0.006407965324933438,0.011769485908493,0.013126926930179533,-0.006278745166604054,0.011719689466597464,-0.0014216664129317032,0.003971301531009405,0.009889910245025241,0.00583556365391239,0.013995428049868034,0.009830894343878401,-0.004188706725541589,-0.0047893568654346404,-0.0029093094155268383,-0.0066305812654566315,-0.0029114694598149993,-0.003726769182153279,0.00997866422309474,-0.008848198543875219,0.009900148420273504,-0.007121540859061759,0.0019899080650087183,-0.012064796350645418,0.009681327589711545,0.015648833340013664,-0.003775038123339451,-0.006786578019747488,-0.009445129529149152,-0.005964667298397569,0.013735464542296839,0.009993466598077174,0.017766403646004337,0.003986718010264703,0.013699401173729267,-0.004719070016255351,-0.0019051078177103858,agent67,0.9344560069459524
-0.8267855547145404,-0.005309401796825901,-0.004412521374865079,-0.014584405053934057,-0.010474849993170365,-0.004712139967715855,-0.00768649020901715,-0.006933886497132099,0.007784684312840063,0.009998703211884095,-0.006597086021605005,-0.01123705955563112,0.003951427384577482,-0.006910135901935897,-0.010590169540494637,0.009992308424044822,-0.00796303854762245,0.015999932849094275,0.013970601644969514,-0.0047771965608391816,-0.012451965351801618,0.017218965865320228,-0.00788881836470782,0.011796540239430315,-0.006093157866420788,-0.002716835673544411,-0.0037386374805447598,0.005896848713578208,0.01795030069909983,0.011978559019391308,0.013315639234865225,0.015937861687573007,-0.010115977514871947,1,-0.004721599350389398,0.015975998846466378,-0.004607858719673236,-0.010803903601226813,-0.007575246016400424,0.013094672557012818,0.013290497673574864,-0.012819653723757159,0.003916582732037279,0.0158200200688837,0.009498423631960977,0.01195291076740495,-0.005689908197474508,-0.013167244015114318,0.023687120970912662,0.01599968840008531,0.009858684577207764,-0.011571542245313675,0.015805788263140788,0.005803344446667585,-0.007912053556882107,0.009978919372489289,-0.00734597451565063,0.01999282584317599,0.00393458597031693,-0.005969197264585966,0.017648835380147783,-0.00845831751908539,-0.010001903339668767,0.013988855272715543,-0.006397055466292725,-0.006407965324933438,0.011769485908493,0.013126926930179533,-0.006278745166604054,0.011719689466597464,-0.0014216664129317032,0.003971301531009405,0.009889910245025241,0.00583556365391239,0.013995428049868034,0.009830894343878401,-0.004188706725541589,-0.0047893568654346404,-0.0029093094155268383,-0.0066305812654566315,-0.0029114694598149993,-0.003726769182153279,0.00997866422309474,-0.008848198543875219,0.009900148420273504,-0.007121540859061759,0.0019899080650087183,-0.012064796350645418,0.009681327589711545,0.015648833340013664,-0.003775038123339451,-0.006786578019747488,-0.009445129529149152,-0.005964667298397569,0.013735464542296839,0.009993466598077174,0.017766403646004337,0.003986718010264703,0.013699401173729267,-0.004719070016255351,-0.0019051078177103858,agent0,1
-0.8277902737845566,-0.005309401796825901,-0.004412521374865079,-0.014584405053934057,-0.010474849993170365,-0.004712139967715855,-0.00768649020901715,-0.006933886497132099,0.007784684312840063,0.009998703211884095,-0.006597086021605005,-0.01123705955563112,0.003951427384577482,-0.006910135901935897,-0.010590169540494637,0.009992308424044822,-0.00796303854762245,0.015999932849094275,0.013970601644969514,-0.0047771965608391816,-0.012451965351801618,0.017218965865320228,-0.00788881836470782,0.011796540239430315,-0.006093157866420788,-0.002716835673544411,-0.0037386374805447598,0.005896848713578208,0.01795030069909983,0.011978559019391308,0.013315639234865225,0.015937861687573007,-0.010115977514871947,1,-0.004721599350389398,0.015975998846466378,-0.004607858719673236,-0.010803903601226813,-0.007575246016400424,0.013094672557012818,0.013290497673574864,-0.012819653723757159,0.003916582732037279,0.0158200200688837,0.009498423631960977,0.01195291076740495,-0.005689908197474508,-0.013167244015114318,0.023687120970912662,0.01599968840008531,0.009858684577207764,-0.011571542245313675,0.015805788263140788,0.005803344446667585,-0.007912053556882107,0.009978919372489289,-0.00734597451565063,0.01999282584317599,0.00393458597031693,-0.005969197264585966,0.017648835380147783,-0.00845831751908539,-0.010001903339668767,0.013988855272715543,-0.006397055466292725,-0.006407965324933438,0.011769485908493,0.013126926930179533,-0.006278745166604054,0.011719689466597464,-0.0014216664129317032,0.003971301531009405,0.009889910245025241,0.00583556365391239,0.013995428049868034,0.009830894343878401,-0.004188706725541589,-0.0047893568654346404,-0.0029093094155268383,-0.0066305812654566315,-0.0029114694598149993,-0.003726769182153279,0.00997866422309474,-0.008848198543875219,0.009900148420273504,-0.007121540859061759,0.0019899080650087183,-0.012064796350645418,0.009681327589711545,0.015648833340013664,-0.003775038123339451,-0.006786578019747488,-0.009445129529149152,-0.005964667298397569,0.013735464542296839,0.009993466598077174,0.017766403646004337,0.003986718010264703,0.013699401173729267,-0.005141357012409085,-0.0019051078177103858,agent98,0.9495663270061202
-0.8288048581896106,-0.005309401796825901,-0.004412521374865079,-0.014933935637227905,-0.010474849993170365,-0.004712139967715855,-0.00768649020901715,-0.006933886497132099,0.007784684312840063,0.009998703211884095,-0.006597086021605005,-0.01123705955563112,0.003951427384577482,-0.006910135901935897,-0.010590169540494637,0.009992308424044822,-0.00796303854762245,0.015999932849094275,0.013970601644969514,-0.0047771965608391816,-0.012451965351801618,0.017218965865320228,-0.00788881836470782,0.011796540239430315,-0.006093157866420788,-0.002716835673544411,-0.0037386374805447598,0.005896848713578208,0.01795030069909983,0.011978559019391308,0.013315639234865225,0.015937861687573007,-0.010115977514871947,1,-0.004721599350389398,0.015975998846466378,-0.004607858719673236,-0.010803903601226813,-0.007575246016400424,0.013094672557012818,0.013290497673574864,-0.012819653723757159,0.003916582732037279,0.0158200200688837,0.009498423631960977,0.01195291076740495,-0.005689908197474508,-0.013167244015114318,0.023687120970912662,0.01599968840008531,0.009858684577207764,-0.011571542245313675,0.015805788263140788,0.005803344446667585,-0.007912053556882107,0.009978919372489289,-0.00734597451565063,0.01999282584317599,0.00393458597031693,-0.005969197264585966,0.017648835380147783,-0.00845831751908539,-0.010001903339668767,0.013988855272715543,-0.006397055466292725,-0.006407965324933438,0.011769485908493,0.013126926930179533,-0.006278745166604054,0.011719689466597464,-0.0014216664129317032,0.003971301531009405,0.009889910245025241,0.00583556365391239,0.013995428049868034,0.009830894343878401,-0.004188706725541589,-0.0047893568654346404,-0.0029093094155268383,-0.0066305812654566315,-0.0029114694598149993,-0.003726769182153279,0.00997866422309474,-0.008848198543875219,0.009900148420273504,-0.007121540859061759,0.0019899080650087183,-0.012064796350645418,0.009681327589711545,0.015648833340013664,-0.003775038123339451,-0.006786578019747488,-0.009445129529149152,-0.005964667298397569,0.013735464542296839,0.009993466598077174,0.017766403646004337,0.003986718010264703,0.013699401173729267,-0.005141357012409085,-0.0019051078177103858,agent2,0.9890583256899029
-0.8298111369347771,-0.005309401796825901,-0.004412521374865079,-0.014933935637227905,-0.010474849993170365,-0.004712139967715855,-0.00768649020901715,-0.006933886497132099,0.007784684312840063,0.009998703211884095,-0.006597086021605005,-0.01123705955563112,0.003951427384577482,-0.006910135901935897,-0.010590169540494637,0.009992308424044822,-0.00796303854762245,0.015999932849094275,0.013970601644969514,-0.0047771965608391816,-0.012451965351801618,0.017218965865320228,-0.00788881836470782,0.011796540239430315,-0.006093157866420788,-0.002716835673544411,-0.0037386374805447598,0.005896848713578208,0.01795030069909983,0.011978559019391308,0.013315639234865225,0.015937861687573007,-0.010115977514871947,1,-0.004721599350389398,0.015975998846466378,-0.004607858719673236,-0.010803903601226813,-0.007575246016400424,0.013094672557012818,0.013290497673574864,-0.012819653723757159,0.003916582732037279,0.0158200200688837,0.009498423631960977,0.01195291076740495,-0.005689908197474508,-0.013167244015114318,0.023687120970912662,0.01599968840008531,0.009858684577207764,-0.011571542245313675,0.015805788263140788,0.005803344446667585,-0.007912053556882107,0.009978919372489289,-0.00734597451565063,0.01999282584317599,0.00393458597031693,-0.005969197264585966,0.017648835380147783,-0.00845831751908539,-0.010001903339668767,0.013988855272715543,-0.006397055466292725,-0.006407965324933438,0.011769485908493,0.013126926930179533,-0.006718818761607816,0.011719689466597464,-0.0014216664129317032,0.003971301531009405,0.009889910245025241,0.00583556365391239,0.013995428049868034,0.009830894343878401,-0.004188706725541589,-0.0047893568654346404,-0.0029093094155268383,-0.0066305812654566315,-0.0029114694598149993,-0.003726769182153279,0.00997866422309474,-0.008848198543875219,0.009900148420273504,-0.007121540859061759,0.0019899080650087183,-0.012064796350645418,0.009681327589711545,0.015648833340013664,-0.003775038123339451,-0.006786578019747488,-0.009445129529149152,-0.005964667298397569,0.013735464542296839,0.009993466598077174,0.017766403646004337,0.003986718010264703,0.013699401173729267,-0.005141357012409085,-0.0019051078177103858,agent67,0.9375056496182537
-0.830834824055748,-0.005309401796825901,-0.004412521374865079,-0.014933935637227905,-0.010474849993170365,-0.004712139967715855,-0.00768649020901715,-0.006933886497132099,0.007784684312840063,0.009998703211884095,-0.006597086021605005,-0.01123705955563112,0.003951427384577482,-0.006910135901935897,-0.010590169540494637,0.009992308424044822,-0.00796303854762245,0.015999932849094275,0.013970601644969514,-0.0047771965608391816,-0.012451965351801618,0.017218965865320228,-0.00788881836470782,0.011796540239430315,-0.006093157866420788,-0.002716835673544411,-0.0037386374805447598,0.005896848713578208,0.01795030069909983,0.011978559019391308,0.013315639234865225,0.015937861687573007,-0.010115977514871947,1,-0.004721599350389398,0.015975998846466378,-0.004607858719673236,-0.010803903601226813,-0.007575246016400424,0.013094672557012818,0.013290497673574864,-0.012819653723757159,0.003916582732037279,0.0158200200688837,0.009498423631960977,0.01195291076740495,-0.005689908197474508,-0.013167244015114318,0.02565998871331439,0.01599968840008531,0.009858684577207764,-0.011571542245313675,0.015805788263140788,0.005803344446667585,-0.007912053556882107,0.009978919372489289,-0.00734597451565063,0.01999282584317599,0.00393458597031693,-0.005969197264585966,0.017648835380147783,-0.00845831751908539,-0.010001903339668767,0.013988855272715543,-0.006397055466292725,-0.006407965324933438,0.011769485908493,0.013126926930179533,-0.006718818761607816,0.011719689466597464,-0.0014216664129317032,0.003971301531009405,0.009889910245025241,0.00583556365391239,0.013995428049868034,0.009830894343878401,-0.004188706725541589,-0.0047893568654346404,-0.0029093094155268383,-0.0066305812654566315,-0.0029114694598149993,-0.003726769182153279,0.00997866422309474,-0.008848198543875219,0.009900148420273504,-0.007121540859061759,0.0019899080650087183,-0.012064796350645418,0.009681327589711545,0.015648833340013664,-0.003775038123339451,-0.006786578019747488,-0.009445129529149152,-0.005964667298397569,0.013735464542296839,0.009993466598077174,0.017766403646004337,0.003986718010264703,0.013699401173729267,-0.005141357012409085,-0.0019051078177103858,agent47,-0.596863685357081
-0.8318448029751205,-0.005309401796825901,-0.004412521374865079,-0.014933935637227905,-0.010474849993170365,-0.004712139967715855,-0.00768649020901715,-0.006933886497132099,0.007784684312840063,0.009998703211884095,-0.006597086021605005,-0.01123705955563112,0.003951427384577482,-0.006910135901935897,-0.010590169540494637,0.009992308424044822,-0.00796303854762245,0.015999932849094275,0.013970601644969514,-0.0047771965608391816,-0.012451965351801618,0.017218965865320228,-0.00788881836470782,0.011796540239430315,-0.006093157866420788,-0.002716835673544411,-0.0037386374805447598,0.005896848713578208,0.01795030069909983,0.011978559019391308,0.013315639234865225,0.015937861687573007,-0.010115977514871947,1,-0.004721599350389398,0.015975998846466378,-0.004607858719673236,-0.010803903601226813,-0.007575246016400424,0.013094672557012818,0.013290497673574864,-0.012819653723757159,0.003916582732037279,0.0158200200688837,0.009498423631960977,0.01195291076740495,-0.005689908197474508,-0.013167244015114318,0.02565998871331439,0.01599968840008531,0.009858684577207764,-0.011571542245313675,0.015805788263140788,0.005803344446667585,-0.007912053556882107,0.011974617345132289,-0.00734597451565063,0.01999282584317599,0.00393458597031693,-0.005969197264585966,0.017648835380147783,-0.00845831751908539,-0.010001903339668767,0.013988855272715543,-0.006397055466292725,-0.006407965324933438,0.011769485908493,0.013126926930179533,-0.006718818761607816,0.011719689466597464,-0.0014216664129317032,0.003971301531009405,0.009889910245025241,0.00583556365391239,0.013995428049868034,0.009830894343878401,-0.004188706725541589,-0.0047893568654346404,-0.0029093094155268383,-0.0066305812654566315,-0.0029114694598149993,-0.003726769182153279,0.00997866422309474,-0.008848198543875219,0.009900148420273504,-0.007121540859061759,0.0019899080650087183,-0.012064796350645418,0.009681327589711545,0.015648833340013664,-0.003775038123339451,-0.006786578019747488,-0.009445129529149152,-0.005964667298397569,0.013735464542296839,0.009993466598077174,0.017766403646004337,0.003986718010264703,0.013699401173729267,-0.005141357012409085,-0.0019051078177103858,agent54,-0.7380767801242349
-0.8328494108338402,-0.005309401796825901,-0.004412521374865079,-0.014933935637227905,-0.010474849993170365,-0.004712139967715855,-0.00768649020901715,-0.006933886497132099,0.007784684312840063,0.009998703211884095,-0.006597086021605005,-0.01123705955563112,0.003951427384577482,-0.006910135901935897,-0.010590169540494637,0.009992308424044822,-0.00796303854762245,0.015999932849094275,0.013970601644969514,-0.0047771965608391816,-0.012451965351801618,0.017218965865320228,-0.00788881836470782,0.011796540239430315,-0.006093157866420788,-0.002716835673544411,-0.0037386374805447598,0.005896848713578208,0.01795030069909983,0.011978559019391308,0.013315639234865225,0.015937861687573007,-0.010115977514871947,1,-0.004721599350389398,0.015975998846466378,-0.004930031028579757,-0.010803903601226813,-0.007575246016400424,0.013094672557012818,0.013290497673574864,-0.012819653723757159,0.003916582732037279,0.0158200200688837,0.009498423631960977,0.01195291076740495,-0.005689908197474508,-0.013167244015114318,0.02565998871331439,0.01599968840008531,0.009858684577207764,-0.011571542245313675,0.015805788263140788,0.005803344446667585,-0.007912053556882107,0.011974617345132289,-0.00734597451565063,0.01999282584317599,0.00393458597031693,-0.005969197264585966,0.017648835380147783,-0.00845831751908539,-0.010001903339668767,0.013988855272715543,-0.006397055466292725,-0.006407965324933438,0.011769485908493,0.013126926930179533,-0.006718818761607816,0.011719689466597464,-0.0014216664129317032,0.003971301531009405,0.009889910245025241,0.00583556365391239,0.013995428049868034,0.009830894343878401,-0.004188706725541589,-0.0047893568654346404,-0.0029093094155268383,-0.0066305812654566315,-0.0029114694598149993,-0.003726769182153279,0.00997866422309474,-0.008848198543875219,0.009900148420273504,-0.007121540859061759,0.0019899080650087183,-0.012064796350645418,0.009681327589711545,0.015648833340013664,-0.003775038123339451,-0.006786578019747488,-0.009445129529149152,-0.005964667298397569,0.013735464542296839,0.009993466598077174,0.017766403646004337,0.003986718010264703,0.013699401173729267,-0.005141357012409085,-0.0019051078177103858,agent35,1
-0.8338611305233068,-0.005309401796825901,-0.004412521374865079,-0.014933935637227905,-0.010474849993170365,-0.004712139967715855,-0.00768649020901715,-0.006933886497132099,0.007784684312840063,0.009998703211884095,-0.006597086021605005,-0.01123705955563112,0.003951427384577482,-0.006910135901935897,-0.010590169540494637,0.009992308424044822,-0.00796303854762245,0.015999932849094275,0.013970601644969514,-0.0047771965608391816,-0.012451965351801618,0.017218965865320228,-0.00788881836470782,0.011796540239430315,-0.006093157866420788,-0.002716835673544411,-0.0037386374805447598,0.005896848713578208,0.01795030069909983,0.011978559019391308,0.013315639234865225,0.015937861687573007,-0.010115977514871947,1,-0.004721599350389398,0.015975998846466378,-0.004930031028579757,-0.010803903601226813,-0.007575246016400424,0.013094672557012818,0.013290497673574864,-0.012819653723757159,0.003916582732037279,0.0158200200688837,0.009498423631960977,0.01195291076740495,-0.005689908197474508,-0.013167244015114318,0.02565998871331439,0.01599968840008531,0.009858684577207764,-0.011571542245313675,0.015805788263140788,0.005803344446667585,-0.007912053556882107,0.011974617345132289,-0.00734597451565063,0.01999282584317599,0.00393458597031693,-0.005969197264585966,0.017648835380147783,-0.00845831751908539,-0.010001903339668767,0.013988855272715543,-0.006397055466292725,-0.006407965324933438,0.011769485908493,0.013126926930179533,-0.006718818761607816,0.013705719806868168,-0.0014216664129317032,0.003971301531009405,0.009889910245025241,0.00583556365391239,0.013995428049868034,0.009830894343878401,-0.004188706725541589,-0.0047893568654346404,-0.0029093094155268383,-0.0066305812654566315,-0.0029114694598149993,-0.003726769182153279,0.00997866422309474,-0.008848198543875219,0.009900148420273504,-0.007121540859061759,0.0019899080650087183,-0.012064796350645418,0.009681327589711545,0.015648833340013664,-0.003775038123339451,-0.006786578019747488,-0.009445129529149152,-0.005964667298397569,0.013735464542296839,0.009993466598077174,0.017766403646004337,0.003986718010264703,0.013699401173729267,-0.005141357012409085,-0.0019051078177103858,agent68,-1
-0.8348729270635462,-0.005309401796825901,-0.004412521374865079,-0.014933935637227905,-0.010474849993170365,-0.004712139967715855,-0.00768649020901715,-0.006933886497132099,0.007784684312840063,0.009998703211884095,-0.006597086021605005,-0.01123705955563112,0.003951427384577482,-0.006910135901935897,-0.010590169540494637,0.009992308424044822,-0.00796303854762245,0.015999932849094275,0.013970601644969514,-0.0047771965608391816,-0.012451965351801618,0.017218965865320228,-0.00788881836470782,0.013762375411816519,-0.006093157866420788,-0.002716835673544411,-0.0037386374805447598,0.005896848713578208,0.01795030069909983,0.011978559019391308,0.013315639234865225,0.015937861687573007,-0.010115977514871947,1,-0.004721599350389398,0.015975998846466378,-0.004930031028579757,-0.010803903601226813,-0.007575246016400424,0.013094672557012818,0.013290497673574864,-0.012819653723757159,0.003916582732037279,0.0158200200688837,0.009498423631960977,0.01195291076740495,-0.005689908197474508,-0.013167244015114318,0.02565998871331439,0.01599968840008531,0.009858684577207764,-0.011571542245313675,0.015805788263140788,0.005803344446667585,-0.007912053556882107,0.011974617345132289,-0.00734597451565063,0.01999282584317599,0.00393458597031693,-0.005969197264585966,0.017648835380147783,-0.00845831751908539,-0.010001903339668767,0.013988855272715543,-0.006397055466292725,-0.006407965324933438,0.011769485908493,0.013126926930179533,-0.006718818761607816,0.013705719806868168,-0.0014216664129317032,0.003971301531009405,0.009889910245025241,0.00583556365391239,0.013995428049868034,0.009830894343878401,-0.004188706725541589,-0.0047893568654346404,-0.0029093094155268383,-0.0066305812654566315,-0.0029114694598149993,-0.003726769182153279,0.00997866422309474,-0.008848198543875219,0.009900148420273504,-0.007121540859061759,0.0019899080650087183,-0.012064796350645418,0.009681327589711545,0.015648833340013664,-0.003775038123339451,-0.006786578019747488,-0.009445129529149152,-0.005964667298397569,0.013735464542296839,0.009993466598077174,0.017766403646004337,0.003986718010264703,0.013699401173729267,-0.005141357012409085,-0.0019051078177103858,agent22,-0.5724617134857128
-0.8358868976651912,-0.005309401796825901,-0.004412521374865079,-0.014933935637227905,-0.010474849993170365,-0.004712139967715855,-0.00768649020901715,-0.006933886497132099,0.007784684312840063,0.009998703211884095,-0.006597086021605005,-0.01123705955563112,0.003951427384577482,-0.006910135901935897,-0.010590169540494637,0.009992308424044822,-0.00796303854762245,0.015999932849094275,0.015966680664501808,-0.0047771965608391816,-0.012451965351801618,0.017218965865320228,-0.00788881836470782,0.013762375411816519,-0.006093157866420788,-0.002716835673544411,-0.0037386374805447598,0.005896848713578208,0.01795030069909983,0.011978559019391308,0.013315639234865225,0.015937861687573007,-0.010115977514871947,1,-0.004721599350389398,0.015975998846466378,-0.004930031028579757,-0.010803903601226813,-0.007575246016400424,0.013094672557012818,0.013290497673574864,-0.012819653723757159,0.003916582732037279,0.0158200200688837,0.009498423631960977,0.01195291076740495,-0.005689908197474508,-0.013167244015114318,0.02565998871331439,0.01599968840008531,0.009858684577207764,-0.011571542245313675,0.015805788263140788,0.005803344446667585,-0.007912053556882107,0.011974617345132289,-0.00734597451565063,0.01999282584317599,0.00393458597031693,-0.005969197264585966,0.017648835380147783,-0.00845831751908539,-0.010001903339668767,0.013988855272715543,-0.006397055466292725,-0.006407965324933438,0.011769485908493,0.013126926930179533,-0.006718818761607816,0.013705719806868168,-0.0014216664129317032,0.003971301531009405,0.009889910245025241,0.00583556365391239,0.013995428049868034,0.009830894343878401,-0.004188706725541589,-0.0047893568654346404,-0.0029093094155268383,-0.0066305812654566315,-0.0029114694598149993,-0.003726769182153279,0.00997866422309474,-0.008848198543875219,0.009900148420273504,-0.007121540859061759,0.0019899080650087183,-0.012064796350645418,0.009681327589711545,0.015648833340013664,-0.003775038123339451,-0.006786578019747488,-0.009445129529149152,-0.005964667298397569,0.013735464542296839,0.009993466598077174,0.017766403646004337,0.003986718010264703,0.013699401173729267,-0.005141357012409085,-0.0019051078177103858,agent17,-0.9234277741099627
-0.836893684243211,-0.005309401796825901,-0.004412521374865079,-0.014933935637227905,-0.010474849993170365,-0.004712139967715855,-0.00768649020901715,-0.006933886497132099,0.007784684312840063,0.009998703211884095,-0.006597086021605005,-0.01123705955563112,0.003951427384577482,-0.006910135901935897,-0.010590169540494637,0.009992308424044822,-0.00796303854762245,0.015999932849094275,0.015966680664501808,-0.0047771965608391816,-0.012451965351801618,0.017218965865320228,-0.00788881836470782,0.013762375411816519,-0.006093157866420788,-0.002716835673544411,-0.0037386374805447598,0.005896848713578208,0.01795030069909983,0.011978559019391308,0.013315639234865225,0.015937861687573007,-0.010115977514871947,1,-0.004721599350389398,0.015975998846466378,-0.004930031028579757,-0.010803903601226813,-0.007575246016400424,0.013094672557012818,0.013290497673574864,-0.012819653723757159,0.003916582732037279,0.0158200200688837,0.009498423631960977,0.01195291076740495,-0.005689908197474508,-0.013167244015114318,0.02565998871331439,0.01599968840008531,0.009858684577207764,-0.011571542245313675,0.015805788263140788,0.005803344446667585,-0.007912053556882107,0.011974617345132289,-0.00734597451565063,0.01999282584317599,0.00393458597031693,-0.005969197264585966,0.017648835380147783,-0.00845831751908539,-0.010001903339668767,0.013988855272715543,-0.006397055466292725,-0.006407965324933438,0.011769485908493,0.013126926930179533,-0.006718818761607816,0.013705719806868168,-0.0014216664129317032,0.003971301531009405,0.009889910245025241,0.00583556365391239,0.013995428049868034,0.009830894343878401,-0.004188706725541589,-0.0047893568654346404,-0.0029093094155268383,-0.0066305812654566315,-0.0029114694598149993,-0.003726769182153279,0.00997866422309474,-0.008848198543875219,0.009900148420273504,-0.007121540859061759,0.0019899080650087183,-0.012064796350645418,0.009681327589711545,0.015648833340013664,-0.003775038123339451,-0.007101337669238128,-0.009445129529149152,-0.005964667298397569,0.013735464542296839,0.009993466598077174,0.017766403646004337,0.003986718010264703,0.013699401173729267,-0.005141357012409085,-0.0019051078177103858,agent90,1
-0.8379012594892273,-0.005309401796825901,-0.004412521374865079,-0.014933935637227905,-0.010474849993170365,-0.004712139967715855,-0.00768649020901715,-0.006933886497132099,0.007784684312840063,0.009998703211884095,-0.006597086021605005,-0.01123705955563112,0.003951427384577482,-0.006910135901935897,-0.010590169540494637,0.009992308424044822,-0.00796303854762245,0.015999932849094275,0.015966680664501808,-0.0047771965608391816,-0.012451965351801618,0.017218965865320228,-0.00788881836470782,0.013762375411816519,-0.006093157866420788,-0.002716835673544411,-0.0037386374805447598,0.005896848713578208,0.01795030069909983,0.011978559019391308,0.013315639234865225,0.015937861687573007,-0.010115977514871947,1,-0.004721599350389398,0.015975998846466378,-0.004930031028579757,-0.010803903601226813,-0.007888156812794126,0.013094672557012818,0.013290497673574864,-0.012819653723757159,0.003916582732037279,0.0158200200688837,0.009498423631960977,0.01195291076740495,-0.005689908197474508,-0.013167244015114318,0.02565998871331439,0.01599968840008531,0.009858684577207764,-0.011571542245313675,0.015805788263140788,0.005803344446667585,-0.007912053556882107,0.011974617345132289,-0.00734597451565063,0.01999282584317599,0.00393458597031693,-0.005969197264585966,0.017648835380147783,-0.00845831751908539,-0.010001903339668767,0.013988855272715543,-0.006397055466292725,-0.006407965324933438,0.011769485908493,0.013126926930179533,-0.006718818761607816,0.013705719806868168,-0.0014216664129317032,0.003971301531009405,0.009889910245025241,0.00583556365391239,0.013995428049868034,0.009830894343878401,-0.004188706725541589,-0.0047893568654346404,-0.0029093094155268383,-0.0066305812654566315,-0.0029114694598149993,-0.003726769182153279,0.00997866422309474,-0.008848198543875219,0.009900148420273504,-0.007121540859061759,0.0019899080650087183,-0.012064796350645418,0.009681327589711545,0.015648833340013664,-0.003775038123339451,-0.007101337669238128,-0.009445129529149152,-0.005964667298397569,0.013735464542296839,0.009993466598077174,0.017766403646004337,0.003986718010264703,0.013699401173729267,-0.005141357012409085,-0.0019051078177103858,agent37,1
-0.8389054481959529,-0.005309401796825901,-0.004412521374865079,-0.014933935637227905,-0.010474849993170365,-0.004712139967715855,-0.00768649020901715,-0.006933886497132099,0.007784684312840063,0.009998703211884095,-0.006597086021605005,-0.01123705955563112,0.003951427384577482,-0.006910135901935897,-0.010590169540494637,0.009992308424044822,-0.00796303854762245,0.015999932849094275,0.015966680664501808,-0.0047771965608391816,-0.012451965351801618,0.017218965865320228,-0.00788881836470782,0.013762375411816519,-0.006093157866420788,-0.002716835673544411,-0.0037386374805447598,0.005896848713578208,0.01795030069909983,0.011978559019391308,0.013315639234865225,0.015937861687573007,-0.010115977514871947,1,-0.004721599350389398,0.015975998846466378,-0.004930031028579757,-0.010803903601226813,-0.007888156812794126,0.013094672557012818,0.013290497673574864,-0.012819653723757159,0.003916582732037279,0.0158200200688837,0.009498423631960977,0.01195291076740495,-0.005689908197474508,-0.013167244015114318,0.02565998871331439,0.01599968840008531,0.009858684577207764,-0.011571542245313675,0.015805788263140788,0.005803344446667585,-0.007912053556882107,0.011974617345132289,-0.00734597451565063,0.01999282584317599,0.00393458597031693,-0.005969197264585966,0.017648835380147783,-0.00845831751908539,-0.010001903339668767,0.013988855272715543,-0.006397055466292725,-0.006407965324933438,0.011769485908493,0.013126926930179533,-0.006718818761607816,0.013705719806868168,-0.0014216664129317032,0.003971301531009405,0.009889910245025241,0.00583556365391239,0.013995428049868034,0.009830894343878401,-0.004499766205725545,-0.0047893568654346404,-0.0029093094155268383,-0.0066305812654566315,-0.0029114694598149993,-0.003726769182153279,0.00997866422309474,-0.008848198543875219,0.009900148420273504,-0.007121540859061759,0.0019899080650087183,-0.012064796350645418,0.009681327589711545,0.015648833340013664,-0.003775038123339451,-0.007101337669238128,-0.009445129529149152,-0.005964667298397569,0.013735464542296839,0.009993466598077174,0.017766403646004337,0.003986718010264703,0.013699401173729267,-0.005141357012409085,-0.0019051078177103858,agent75,1
-0.8399094349139632,-0.005309401796825901,-0.004412521374865079,-0.014933935637227905,-0.010474849993170365,-0.004712139967715855,-0.00768649020901715,-0.006933886497132099,0.007784684312840063,0.009998703211884095,-0.006597086021605005,-0.01123705955563112,0.003951427384577482,-0.006910135901935897,-0.010590169540494637,0.009992308424044822,-0.00796303854762245,0.015999932849094275,0.015966680664501808,-0.0047771965608391816,-0.012451965351801618,0.017218965865320228,-0.00788881836470782,0.013762375411816519,-0.006093157866420788,-0.002716835673544411,-0.0037386374805447598,0.005896848713578208,0.01795030069909983,0.011978559019391308,0.013315639234865225,0.015937861687573007,-0.010115977514871947,1,-0.004721599350389398,0.015975998846466378,-0.004930031028579757,-0.010803903601226813,-0.007888156812794126,0.013094672557012818,0.013290497673574864,-0.012819653723757159,0.003916582732037279,0.0158200200688837,0.009498423631960977,0.01195291076740495,-0.005689908197474508,-0.013167244015114318,0.02565998871331439,0.01599968840008531,0.009858684577207764,-0.011571542245313675,0.015805788263140788,0.005803344446667585,-0.007912053556882107,0.011974617345132289,-0.00734597451565063,0.01999282584317599,0.00393458597031693,-0.005969197264585966,0.017648835380147783,-0.00845831751908539,-0.010001903339668767,0.013988855272715543,-0.006397055466292725,-0.006407965324933438,0.011769485908493,0.013126926930179533,-0.006718818761607816,0.013705719806868168,-0.0014216664129317032,0.003971301531009405,0.009889910245025241,0.00583556365391239,0.013995428049868034,0.009830894343878401,-0.004499766205725545,-0.0047893568654346404,-0.0029093094155268383,-0.0066305812654566315,-0.0029114694598149993,-0.003726769182153279,0.00997866422309474,-0.008848198543875219,0.009900148420273504,-0.007121540859061759,0.0019899080650087183,-0.012064796350645418,0.009681327589711545,0.015648833340013664,-0.003775038123339451,-0.007101337669238128,-0.009445129529149152,-0.005964667298397569,0.013735464542296839,0.009993466598077174,0.017766403646004337,0.005979802201642939,0.013699401173729267,-0.005141357012409085,-0.0019051078177103858,agent96,-0.9565133443744362
-0.8409132099520865,-0.005309401796825901,-0.004412521374865079,-0.014933935637227905,-0.010474849993170365,-0.004712139967715855,-0.00768649020901715,-0.006933886497132099,0.007784684312840063,0.009998703211884095,-0.006597086021605005,-0.01123705955563112,0.003951427384577482,-0.006910135901935897,-0.010590169540494637,0.009992308424044822,-0.00796303854762245,0.015999932849094275,0.015966680664501808,-0.0047771965608391816,-0.012451965351801618,0.017218965865320228,-0.00788881836470782,0.013762375411816519,-0.006093157866420788,-0.002716835673544411,-0.0037386374805447598,0.005896848713578208,0.01795030069909983,0.011978559019391308,0.013315639234865225,0.015937861687573007,-0.010115977514871947,1,-0.004721599350389398,0.015975998846466378,-0.004930031028579757,-0.010803903601226813,-0.007888156812794126,0.013094672557012818,0.013290497673574864,-0.012819653723757159,0.003916582732037279,0.0158200200688837,0.009498423631960977,0.01195291076740495,-0.005689908197474508,-0.013167244015114318,0.02565998871331439,0.01599968840008531,0.009858684577207764,-0.011571542245313675,0.015805788263140788,0.005803344446667585,-0.007912053556882107,0.011974617345132289,-0.00734597451565063,0.01999282584317599,0.00393458597031693,-0.005969197264585966,0.017648835380147783,-0.00845831751908539,-0.010001903339668767,0.013988855272715543,-0.006397055466292725,-0.006407965324933438,0.011769485908493,0.013126926930179533,-0.006718818761607816,0.013705719806868168,-0.0014216664129317032,0.003971301531009405,0.009889910245025241,0.00583556365391239,0.013995428049868034,0.009830894343878401,-0.004499766205725545,-0.0047893568654346404,-0.0029093094155268383,-0.0066305812654566315,-0.0029114694598149993,-0.003726769182153279,0.00997866422309474,-0.008848198543875219,0.009900148420273504,-0.007121540859061759,0.0019899080650087183,-0.012064796350645418,0.009681327589711545,0.015648833340013664,-0.004082404758996742,-0.007101337669238128,-0.009445129529149152,-0.005964667298397569,0.013735464542296839,0.009993466598077174,0.017766403646004337,0.005979802201642939,0.013699401173729267,-0.005141357012409085,-0.0019051078177103858,agent89,1
-0.8419220581506304,-0.005309401796825901,-0.004412521374865079,-0.014933935637227905,-0.010474849993170365,-0.004712139967715855,-0.00768649020901715,-0.006933886497132099,0.007784684312840063,0.009998703211884095,-0.006597086021605005,-0.01123705955563112,0.003951427384577482,-0.006910135901935897,-0.010590169540494637,0.009992308424044822,-0.00796303854762245,0.015999932849094275,0.015966680664501808,-0.0047771965608391816,-0.012451965351801618,0.017218965865320228,-0.00788881836470782,0.013762375411816519,-0.006093157866420788,-0.002716835673544411,-0.0037386374805447598,0.005896848713578208,0.01795030069909983,0.011978559019391308,0.013315639234865225,0.015937861687573007,-0.010115977514871947,1,-0.004721599350389398,0.015975998846466378,-0.004930031028579757,-0.010803903601226813,-0.007888156812794126,0.013094672557012818,0.013290497673574864,-0.012819653723757159,0.003916582732037279,0.0158200200688837,0.009498423631960977,0.01195291076740495,-0.005689908197474508,-0.013167244015114318,0.02565998871331439,0.01599968840008531,0.009858684577207764,-0.011571542245313675,0.015805788263140788,0.005803344446667585,-0.007912053556882107,0.011974617345132289,-0.00734597451565063,0.01999282584317599,0.00393458597031693,-0.005969197264585966,0.017648835380147783,-0.00845831751908539,-0.010001903339668767,0.013988855272715543,-0.006397055466292725,-0.006407965324933438,0.011769485908493,0.013126926930179533,-0.006718818761607816,0.013705719806868168,-0.0014216664129317032,0.003971301531009405,0.009889910245025241,0.00583556365391239,0.013995428049868034,0.009830894343878401,-0.004499766205725545,-0.0047893568654346404,-0.0029093094155268383,-0.0066305812654566315,-0.0029114694598149993,-0.003726769182153279,0.00997866422309474,-0.009153717820587172,0.009900148420273504,-0.007121540859061759,0.0019899080650087183,-0.012064796350645418,0.009681327589711545,0.015648833340013664,-0.004082404758996742,-0.007101337669238128,-0.009445129529149152,-0.005964667298397569,0.013735464542296839,0.009993466598077174,0.017766403646004337,0.005979802201642939,0.013699401173729267,-0.005141357012409085,-0.0019051078177103858,agent82,1
-0.8429261405553894,-0.005309401796825901,-0.004412521374865079,-0.014933935637227905,-0.010474849993170365,-0.004712139967715855,-0.00768649020901715,-0.006933886497132099,0.007784684312840063,0.009998703211884095,-0.006597086021605005,-0.01123705955563112,0.003951427384577482,-0.006910135901935897,-0.010590169540494637,0.009992308424044822,-0.00796303854762245,0.015999932849094275,0.015966680664501808,-0.0047771965608391816,-0.012451965351801618,0.017218965865320228,-0.00788881836470782,0.013762375411816519,-0.006093157866420788,-0.002716835673544411,-0.0037386374805447598,0.005896848713578208,0.01795030069909983,0.011978559019391308,0.013315639234865225,0.015937861687573007,-0.010115977514871947,1,-0.004721599350389398,0.015975998846466378,-0.004930031028579757,-0.010803903601226813,-0.007888156812794126,0.013094672557012818,0.013290497673574864,-0.012819653723757159,0.003916582732037279,0.0158200200688837,0.009498423631960977,0.01195291076740495,-0.005689908197474508,-0.013167244015114318,0.02565998871331439,0.01599968840008531,0.009858684577207764,-0.011571542245313675,0.015805788263140788,0.005803344446667585,-0.007912053556882107,0.011974617345132289,-0.00734597451565063,0.01999282584317599,0.00393458597031693,-0.005969197264585966,0.017648835380147783,-0.00845831751908539,-0.010001903339668767,0.013988855272715543,-0.006397055466292725,-0.006407965324933438,0.011769485908493,0.013126926930179533,-0.006718818761607816,0.013705719806868168,-0.0014216664129317032,0.003971301531009405,0.009889910245025241,0.00583556365391239,0.013995428049868034,0.009830894343878401,-0.004499766205725545,-0.0047893568654346404,-0.0029093094155268383,-0.0066305812654566315,-0.0029114694598149993,-0.003726769182153279,0.00997866422309474,-0.009153717820587172,0.009900148420273504,-0.007121540859061759,0.0019899080650087183,-0.012064796350645418,0.009681327589711545,0.015648833340013664,-0.004386066324845814,-0.007101337669238128,-0.009445129529149152,-0.005964667298397569,0.013735464542296839,0.009993466598077174,0.017766403646004337,0.005979802201642939,0.013699401173729267,-0.005141357012409085,-0.0019051078177103858,agent89,1
-0.8439362565329043,-0.005309401796825901,-0.004412521374865079,-0.014933935637227905,-0.010474849993170365,-0.004712139967715855,-0.00768649020901715,-0.006933886497132099,0.007784684312840063,0.009998703211884095,-0.006597086021605005,-0.01123705955563112,0.003951427384577482,-0.006910135901935897,-0.010590169540494637,0.009992308424044822,-0.00796303854762245,0.015999932849094275,0.015966680664501808,-0.0047771965608391816,-0.012451965351801618,0.017218965865320228,-0.00788881836470782,0.013762375411816519,-0.006093157866420788,-0.002716835673544411,-0.0037386374805447598,0.005896848713578208,0.01795030069909983,0.011978559019391308,0.013315639234865225,0.015937861687573007,-0.010417789135100755,1,-0.004721599350389398,0.015975998846466378,-0.004930031028579757,-0.010803903601226813,-0.007888156812794126,0.013094672557012818,0.013290497673574864,-0.012819653723757159,0.003916582732037279,0.0158200200688837,0.009498423631960977,0.01195291076740495,-0.005689908197474508,-0.013167244015114318,0.02565998871331439,0.01599968840008531,0.009858684577207764,-0.011571542245313675,0.015805788263140788,0.005803344446667585,-0.007912053556882107,0.011974617345132289,-0.00734597451565063,0.01999282584317599,0.00393458597031693,-0.005969197264585966,0.017648835380147783,-0.00845831751908539,-0.010001903339668767,0.013988855272715543,-0.006397055466292725,-0.006407965324933438,0.011769485908493,0.013126926930179533,-0.006718818761607816,0.013705719806868168,-0.0014216664129317032,0.003971301531009405,0.009889910245025241,0.00583556365391239,0.013995428049868034,0.009830894343878401,-0.004499766205725545,-0.0047893568654346404,-0.0029093094155268383,-0.0066305812654566315,-0.0029114694598149993,-0.003726769182153279,0.00997866422309474,-0.009153717820587172,0.009900148420273504,-0.007121540859061759,0.0019899080650087183,-0.012064796350645418,0.009681327589711545,0.015648833340013664,-0.004386066324845814,-0.007101337669238128,-0.009445129529149152,-0.005964667298397569,0.013735464542296839,0.009993466598077174,0.017766403646004337,0.005979802201642939,0.013699401173729267,-0.005141357012409085,-0.0019051078177103858,agent31,1
-0.8449422363351059,-0.005309401796825901,-0.004412521374865079,-0.014933935637227905,-0.010474849993170365,-0.004712139967715855,-0.00768649020901715,-0.006933886497132099,0.007784684312840063,0.009998703211884095,-0.006597086021605005,-0.01123705955563112,0.003951427384577482,-0.006910135901935897,-0.010590169540494637,0.009992308424044822,-0.00796303854762245,0.015999932849094275,0.015966680664501808,-0.0047771965608391816,-0.012451965351801618,0.017218965865320228,-0.00788881836470782,0.013762375411816519,-0.006093157866420788,-0.002716835673544411,-0.0037386374805447598,0.005896848713578208,0.01795030069909983,0.011978559019391308,0.013315639234865225,0.015937861687573007,-0.010417789135100755,1,-0.004721599350389398,0.015975998846466378,-0.004930031028579757,-0.010803903601226813,-0.007888156812794126,0.013094672557012818,0.013290497673574864,-0.012819653723757159,0.003916582732037279,0.0158200200688837,0.009498423631960977,0.01195291076740495,-0.005689908197474508,-0.013167244015114318,0.02565998871331439,0.01599968840008531,0.009858684577207764,-0.011571542245313675,0.015805788263140788,0.005803344446667585,-0.007912053556882107,0.011974617345132289,-0.00734597451565063,0.01999282584317599,0.00393458597031693,-0.005969197264585966,0.017648835380147783,-0.00845831751908539,-0.010001903339668767,0.013988855272715543,-0.006397055466292725,-0.006407965324933438,0.011769485908493,0.013126926930179533,-0.006718818761607816,0.013705719806868168,-0.0014216664129317032,0.003971301531009405,0.009889910245025241,0.00583556365391239,0.013995428049868034,0.009830894343878401,-0.004499766205725545,-0.0047893568654346404,-0.0029093094155268383,-0.0066305812654566315,-0.0029114694598149993,-0.003726769182153279,0.00997866422309474,-0.009153717820587172,0.009900148420273504,-0.007121540859061759,0.0019899080650087183,-0.012064796350645418,0.009681327589711545,0.015648833340013664,-0.004386066324845814,-0.007101337669238128,-0.009445129529149152,-0.005964667298397569,0.013735464542296839,0.009993466598077174,0.017766403646004337,0.007973004584007844,0.013699401173729267,-0.005141357012409085,-0.0019051078177103858,agent96,-0.9605348640296949
-0.8459622291609491,-0.005309401796825901,-0.004412521374865079,-0.014933935637227905,-0.010474849993170365,-0.004712139967715855,-0.00768649020901715,-0.006933886497132099,0.007784684312840063,0.009998703211884095,-0.006597086021605005,-0.01123705955563112,0.003951427384577482,-0.006910135901935897,-0.010590169540494637,0.009992308424044822,-0.00796303854762245,0.015999932849094275,0.015966680664501808,-0.0047771965608391816,-0.012451965351801618,0.017218965865320228,-0.00788881836470782,0.013762375411816519,-0.006093157866420788,-0.002716835673544411,-0.0037386374805447598,0.005896848713578208,0.01795030069909983,0.011978559019391308,0.013315639234865225,0.015937861687573007,-0.010417789135100755,1,-0.004721599350389398,0.015975998846466378,-0.004930031028579757,-0.010803903601226813,-0.007888156812794126,0.013094672557012818,0.013290497673574864,-0.012819653723757159,0.003916582732037279,0.0158200200688837,0.009498423631960977,0.01195291076740495,-0.005689908197474508,-0.013167244015114318,0.02565998871331439,0.01599968840008531,0.009858684577207764,-0.011571542245313675,0.015805788263140788,0.005803344446667585,-0.007912053556882107,0.011974617345132289,-0.00734597451565063,0.021991970129088156,0.00393458597031693,-0.005969197264585966,0.017648835380147783,-0.00845831751908539,-0.010001903339668767,0.013988855272715543,-0.006397055466292725,-0.006407965324933438,0.011769485908493,0.013126926930179533,-0.006718818761607816,0.013705719806868168,-0.0014216664129317032,0.003971301531009405,0.009889910245025241,0.00583556365391239,0.013995428049868034,0.009830894343878401,-0.004499766205725545,-0.0047893568654346404,-0.0029093094155268383,-0.0066305812654566315,-0.0029114694598149993,-0.003726769182153279,0.00997866422309474,-0.009153717820587172,0.009900148420273504,-0.007121540859061759,0.0019899080650087183,-0.012064796350645418,0.009681327589711545,0.015648833340013664,-0.004386066324845814,-0.007101337669238128,-0.009445129529149152,-0.005964667298397569,0.013735464542296839,0.009993466598077174,0.017766403646004337,0.007973004584007844,0.013699401173729267,-0.005141357012409085,-0.0019051078177103858,agent56,-0.8035728252242008
-0.8469675385627459,-0.005605613521081471,-0.004412521374865079,-0.014933935637227905,-0.010474849993170365,-0.004712139967715855,-0.00768649020901715,-0.006933886497132099,0.007784684312840063,0.009998703211884095,-0.006597086021605005,-0.01123705955563112,0.003951427384577482,-0.006910135901935897,-0.010590169540494637,0.009992308424044822,-0.00796303854762245,0.015999932849094275,0.015966680664501808,-0.0047771965608391816,-0.012451965351801618,0.017218965865320228,-0.00788881836470782,0.013762375411816519,-0.006093157866420788,-0.002716835673544411,-0.0037386374805447598,0.005896848713578208,0.01795030069909983,0.011978559019391308,0.013315639234865225,0.015937861687573007,-0.010417789135100755,1,-0.004721599350389398,0.015975998846466378,-0.004930031028579757,-0.010803903601226813,-0.007888156812794126,0.013094672557012818,0.013290497673574864,-0.012819653723757159,0.003916582732037279,0.0158200200688837,0.009498423631960977,0.01195291076740495,-0.005689908197474508,-0.013167244015114318,0.02565998871331439,0.01599968840008531,0.009858684577207764,-0.011571542245313675,0.015805788263140788,0.005803344446667585,-0.007912053556882107,0.011974617345132289,-0.00734597451565063,0.021991970129088156,0.00393458597031693,-0.005969197264585966,0.017648835380147783,-0.00845831751908539,-0.010001903339668767,0.013988855272715543,-0.006397055466292725,-0.006407965324933438,0.011769485908493,0.013126926930179533,-0.006718818761607816,0.013705719806868168,-0.0014216664129317032,0.003971301531009405,0.009889910245025241,0.00583556365391239,0.013995428049868034,0.009830894343878401,-0.004499766205725545,-0.0047893568654346404,-0.0029093094155268383,-0.0066305812654566315,-0.0029114694598149993,-0.003726769182153279,0.00997866422309474,-0.009153717820587172,0.009900148420273504,-0.007121540859061759,0.0019899080650087183,-0.012064796350645418,0.009681327589711545,0.015648833340013664,-0.004386066324845814,-0.007101337669238128,-0.009445129529149152,-0.005964667298397569,0.013735464542296839,0.009993466598077174,0.017766403646004337,0.007973004584007844,0.013699401173729267,-0.005141357012409085,-0.0019051078177103858,agent0,1
-0.8479734354114594,-0.005605613521081471,-0.004412521374865079,-0.014933935637227905,-0.010474849993170365,-0.004712139967715855,-0.00768649020901715,-0.006933886497132099,0.007784684312840063,0.009998703211884095,-0.006597086021605005,-0.01123705955563112,0.003951427384577482,-0.006910135901935897,-0.010590169540494637,0.009992308424044822,-0.00796303854762245,0.015999932849094275,0.015966680664501808,-0.0047771965608391816,-0.012451965351801618,0.017218965865320228,-0.00788881836470782,0.013762375411816519,-0.006093157866420788,-0.002716835673544411,-0.0037386374805447598,0.007862605492164358,0.01795030069909983,0.011978559019391308,0.013315639234865225,0.015937861687573007,-0.010417789135100755,1,-0.004721599350389398,0.015975998846466378,-0.004930031028579757,-0.010803903601226813,-0.007888156812794126,0.013094672557012818,0.013290497673574864,-0.012819653723757159,0.003916582732037279,0.0158200200688837,0.009498423631960977,0.01195291076740495,-0.005689908197474508,-0.013167244015114318,0.02565998871331439,0.01599968840008531,0.009858684577207764,-0.011571542245313675,0.015805788263140788,0.005803344446667585,-0.007912053556882107,0.011974617345132289,-0.00734597451565063,0.021991970129088156,0.00393458597031693,-0.005969197264585966,0.017648835380147783,-0.00845831751908539,-0.010001903339668767,0.013988855272715543,-0.006397055466292725,-0.006407965324933438,0.011769485908493,0.013126926930179533,-0.006718818761607816,0.013705719806868168,-0.0014216664129317032,0.003971301531009405,0.009889910245025241,0.00583556365391239,0.013995428049868034,0.009830894343878401,-0.004499766205725545,-0.0047893568654346404,-0.0029093094155268383,-0.0066305812654566315,-0.0029114694598149993,-0.003726769182153279,0.00997866422309474,-0.009153717820587172,0.009900148420273504,-0.007121540859061759,0.0019899080650087183,-0.012064796350645418,0.009681327589711545,0.015648833340013664,-0.004386066324845814,-0.007101337669238128,-0.009445129529149152,-0.005964667298397569,0.013735464542296839,0.009993466598077174,0.017766403646004337,0.007973004584007844,0.013699401173729267,-0.005141357012409085,-0.0019051078177103858,agent26,-0.5852683929246675
-0.84897717404894,-0.005605613521081471,-0.004412521374865079,-0.014933935637227905,-0.010474849993170365,-0.004712139967715855,-0.00768649020901715,-0.006933886497132099,0.007784684312840063,0.009998703211884095,-0.006597086021605005,-0.01123705955563112,0.003951427384577482,-0.006910135901935897,-0.010590169540494637,0.009992308424044822,-0.00796303854762245,0.015999932849094275,0.015966680664501808,-0.0047771965608391816,-0.012451965351801618,0.017218965865320228,-0.00788881836470782,0.013762375411816519,-0.006093157866420788,-0.002716835673544411,-0.004031134571551544,0.007862605492164358,0.01795030069909983,0.011978559019391308,0.013315639234865225,0.015937861687573007,-0.010417789135100755,1,-0.004721599350389398,0.015975998846466378,-0.004930031028579757,-0.010803903601226813,-0.007888156812794126,0.013094672557012818,0.013290497673574864,-0.012819653723757159,0.003916582732037279,0.0158200200688837,0.009498423631960977,0.01195291076740495,-0.005689908197474508,-0.013167244015114318,0.02565998871331439,0.01599968840008531,0.009858684577207764,-0.011571542245313675,0.015805788263140788,0.005803344446667585,-0.007912053556882107,0.011974617345132289,-0.00734597451565063,0.021991970129088156,0.00393458597031693,-0.005969197264585966,0.017648835380147783,-0.00845831751908539,-0.010001903339668767,0.013988855272715543,-0.006397055466292725,-0.006407965324933438,0.011769485908493,0.013126926930179533,-0.006718818761607816,0.013705719806868168,-0.0014216664129317032,0.003971301531009405,0.009889910245025241,0.00583556365391239,0.013995428049868034,0.009830894343878401,-0.004499766205725545,-0.0047893568654346404,-0.0029093094155268383,-0.0066305812654566315,-0.0029114694598149993,-0.003726769182153279,0.00997866422309474,-0.009153717820587172,0.009900148420273504,-0.007121540859061759,0.0019899080650087183,-0.012064796350645418,0.009681327589711545,0.015648833340013664,-0.004386066324845814,-0.007101337669238128,-0.009445129529149152,-0.005964667298397569,0.013735464542296839,0.009993466598077174,0.017766403646004337,0.007973004584007844,0.013699401173729267,-0.005141357012409085,-0.0019051078177103858,agent25,1
-0.849987167515538,-0.005605613521081471,-0.004412521374865079,-0.014933935637227905,-0.010474849993170365,-0.004712139967715855,-0.00768649020901715,-0.006933886497132099,0.007784684312840063,0.009998703211884095,-0.006597086021605005,-0.01123705955563112,0.003951427384577482,-0.006910135901935897,-0.010590169540494637,0.009992308424044822,-0.00796303854762245,0.015999932849094275,0.015966680664501808,-0.0047771965608391816,-0.012451965351801618,0.017218965865320228,-0.00788881836470782,0.013762375411816519,-0.006093157866420788,-0.002716835673544411,-0.004031134571551544,0.007862605492164358,0.01795030069909983,0.011978559019391308,0.013315639234865225,0.015937861687573007,-0.010417789135100755,1,-0.004721599350389398,0.015975998846466378,-0.004930031028579757,-0.010803903601226813,-0.007888156812794126,0.013094672557012818,0.013290497673574864,-0.012819653723757159,0.003916582732037279,0.0158200200688837,0.009498423631960977,0.01195291076740495,-0.005689908197474508,-0.013167244015114318,0.02565998871331439,0.01599968840008531,0.009858684577207764,-0.011571542245313675,0.015805788263140788,0.005803344446667585,-0.007912053556882107,0.011974617345132289,-0.00734597451565063,0.021991970129088156,0.00393458597031693,-0.005969197264585966,0.017648835380147783,-0.00845831751908539,-0.010001903339668767,0.013988855272715543,-0.006397055466292725,-0.006407965324933438,0.011769485908493,0.013126926930179533,-0.006718818761607816,0.013705719806868168,-0.0014216664129317032,0.003971301531009405,0.009889910245025241,0.00583556365391239,0.013995428049868034,0.009830894343878401,-0.004499766205725545,-0.0047893568654346404,-0.0029093094155268383,-0.0066305812654566315,-0.0029114694598149993,-0.003726769182153279,0.00997866422309474,-0.009153717820587172,0.009900148420273504,-0.007121540859061759,0.0019899080650087183,-0.012064796350645418,0.009681327589711545,0.015648833340013664,-0.004386066324845814,-0.007101337669238128,-0.009445129529149152,-0.005964667298397569,0.013735464542296839,0.011992110850463896,0.017766403646004337,0.007973004584007844,0.013699401173729267,-0.005141357012409085,-0.0019051078177103858,agent94,-0.7969051544361315
-0.8510009298909499,-0.005605613521081471,-0.004412521374865079,-0.014933935637227905,-0.010474849993170365,-0.004712139967715855,-0.00768649020901715,-0.006933886497132099,0.007784684312840063,0.009998703211884095,-0.006597086021605005,-0.01123705955563112,0.003951427384577482,-0.006910135901935897,-0.010590169540494637,0.009992308424044822,-0.00796303854762245,0.015999932849094275,0.015966680664501808,-0.0047771965608391816,-0.012451965351801618,0.017218965865320228,-0.00788881836470782,0.015727951064185293,-0.006093157866420788,-0.002716835673544411,-0.004031134571551544,0.007862605492164358,0.01795030069909983,0.011978559019391308,0.013315639234865225,0.015937861687573007,-0.010417789135100755,1,-0.004721599350389398,0.015975998846466378,-0.004930031028579757,-0.010803903601226813,-0.007888156812794126,0.013094672557012818,0.013290497673574864,-0.012819653723757159,0.003916582732037279,0.0158200200688837,0.009498423631960977,0.01195291076740495,-0.005689908197474508,-0.013167244015114318,0.02565998871331439,0.01599968840008531,0.009858684577207764,-0.011571542245313675,0.015805788263140788,0.005803344446667585,-0.007912053556882107,0.011974617345132289,-0.00734597451565063,0.021991970129088156,0.00393458597031693,-0.005969197264585966,0.017648835380147783,-0.00845831751908539,-0.010001903339668767,0.013988855272715543,-0.006397055466292725,-0.006407965324933438,0.011769485908493,0.013126926930179533,-0.006718818761607816,0.013705719806868168,-0.0014216664129317032,0.003971301531009405,0.009889910245025241,0.00583556365391239,0.013995428049868034,0.009830894343878401,-0.004499766205725545,-0.0047893568654346404,-0.0029093094155268383,-0.0066305812654566315,-0.0029114694598149993,-0.003726769182153279,0.00997866422309474,-0.009153717820587172,0.009900148420273504,-0.007121540859061759,0.0019899080650087183,-0.012064796350645418,0.009681327589711545,0.015648833340013664,-0.004386066324845814,-0.007101337669238128,-0.009445129529149152,-0.005964667298397569,0.013735464542296839,0.011992110850463896,0.017766403646004337,0.007973004584007844,0.013699401173729267,-0.005141357012409085,-0.0019051078177103858,agent22,-0.5875968184886528
-0.8520049011924808,-0.005605613521081471,-0.004412521374865079,-0.014933935637227905,-0.010474849993170365,-0.004712139967715855,-0.00768649020901715,-0.006933886497132099,0.007784684312840063,0.009998703211884095,-0.006597086021605005,-0.01123705955563112,0.003951427384577482,-0.006910135901935897,-0.010590169540494637,0.009992308424044822,-0.00796303854762245,0.015999932849094275,0.015966680664501808,-0.0047771965608391816,-0.012451965351801618,0.017218965865320228,-0.00788881836470782,0.015727951064185293,-0.006093157866420788,-0.002716835673544411,-0.004031134571551544,0.007862605492164358,0.01795030069909983,0.011978559019391308,0.013315639234865225,0.015937861687573007,-0.010417789135100755,1,-0.004721599350389398,0.015975998846466378,-0.004930031028579757,-0.010803903601226813,-0.007888156812794126,0.013094672557012818,0.013290497673574864,-0.012819653723757159,0.003916582732037279,0.0158200200688837,0.009498423631960977,0.01195291076740495,-0.005689908197474508,-0.013167244015114318,0.02565998871331439,0.01599968840008531,0.009858684577207764,-0.011571542245313675,0.015805788263140788,0.005803344446667585,-0.007912053556882107,0.011974617345132289,-0.00734597451565063,0.021991970129088156,0.00393458597031693,-0.005969197264585966,0.017648835380147783,-0.00845831751908539,-0.010001903339668767,0.013988855272715543,-0.006397055466292725,-0.006407965324933438,0.011769485908493,0.013126926930179533,-0.006718818761607816,0.013705719806868168,-0.0014216664129317032,0.005960201169562724,0.009889910245025241,0.00583556365391239,0.013995428049868034,0.009830894343878401,-0.004499766205725545,-0.0047893568654346404,-0.0029093094155268383,-0.0066305812654566315,-0.0029114694598149993,-0.003726769182153279,0.00997866422309474,-0.009153717820587172,0.009900148420273504,-0.007121540859061759,0.0019899080650087183,-0.012064796350645418,0.009681327589711545,0.015648833340013664,-0.004386066324845814,-0.007101337669238128,-0.009445129529149152,-0.005964667298397569,0.013735464542296839,0.011992110850463896,0.017766403646004337,0.007973004584007844,0.013699401173729267,-0.005141357012409085,-0.0019051078177103858,agent70,-1
-0.8530068911005458,-0.005605613521081471,-0.004412521374865079,-0.014933935637227905,-0.010474849993170365,-0.004712139967715855,-0.00768649020901715,-0.006933886497132099,0.007784684312840063,0.009998703211884095,-0.006597086021605005,-0.01123705955563112,0.003951427384577482,-0.006910135901935897,-0.010590169540494637,0.009992308424044822,-0.00796303854762245,0.015999932849094275,0.015966680664501808,-0.0047771965608391816,-0.012451965351801618,0.017218965865320228,-0.00788881836470782,0.015727951064185293,-0.006093157866420788,-0.002716835673544411,-0.004031134571551544,0.007862605492164358,0.01795030069909983,0.011978559019391308,0.013315639234865225,0.015937861687573007,-0.010417789135100755,1,-0.004721599350389398,0.015975998846466378,-0.004930031028579757,-0.010803903601226813,-0.007888156812794126,0.013094672557012818,0.013290497673574864,-0.012819653723757159,0.003916582732037279,0.0158200200688837,0.009498423631960977,0.01195291076740495,-0.005689908197474508,-0.013167244015114318,0.02565998871331439,0.01599968840008531,0.009858684577207764,-0.011571542245313675,0.015805788263140788,0.005803344446667585,-0.007912053556882107,0.011974617345132289,-0.00734597451565063,0.021991970129088156,0.00393458597031693,-0.005969197264585966,0.017648835380147783,-0.00845831751908539,-0.010001903339668767,0.013988855272715543,-0.006397055466292725,-0.006407965324933438,0.011769485908493,0.013126926930179533,-0.006718818761607816,0.013705719806868168,-0.0014216664129317032,0.005960201169562724,0.009889910245025241,0.00583556365391239,0.013995428049868034,0.009830894343878401,-0.004499766205725545,-0.0047893568654346404,-0.0029093094155268383,-0.0066305812654566315,-0.0029114694598149993,-0.003726769182153279,0.00997866422309474,-0.009153717820587172,0.009900148420273504,-0.007121540859061759,0.003979970017138654,-0.012064796350645418,0.009681327589711545,0.015648833340013664,-0.004386066324845814,-0.007101337669238128,-0.009445129529149152,-0.005964667298397569,0.013735464542296839,0.011992110850463896,0.017766403646004337,0.007973004584007844,0.013699401173729267,-0.005141357012409085,-0.0019051078177103858,agent85,-0.7110222932575702
-0.8540098004099613,-0.005605613521081471,-0.004412521374865079,-0.014933935637227905,-0.010474849993170365,-0.004712139967715855,-0.00768649020901715,-0.006933886497132099,0.007784684312840063,0.009998703211884095,-0.006597086021605005,-0.01123705955563112,0.003951427384577482,-0.006910135901935897,-0.010590169540494637,0.009992308424044822,-0.00796303854762245,0.015999932849094275,0.015966680664501808,-0.0047771965608391816,-0.012451965351801618,0.017218965865320228,-0.00788881836470782,0.015727951064185293,-0.006093157866420788,-0.002716835673544411,-0.004031134571551544,0.007862605492164358,0.01795030069909983,0.011978559019391308,0.013315639234865225,0.015937861687573007,-0.010417789135100755,1,-0.004721599350389398,0.015975998846466378,-0.004930031028579757,-0.010803903601226813,-0.007888156812794126,0.013094672557012818,0.013290497673574864,-0.012819653723757159,0.003916582732037279,0.0158200200688837,0.009498423631960977,0.01195291076740495,-0.005689908197474508,-0.013167244015114318,0.02565998871331439,0.01599968840008531,0.009858684577207764,-0.011571542245313675,0.015805788263140788,0.005803344446667585,-0.007912053556882107,0.011974617345132289,-0.00734597451565063,0.021991970129088156,0.00393458597031693,-0.005969197264585966,0.017648835380147783,-0.00845831751908539,-0.010001903339668767,0.013988855272715543,-0.006397055466292725,-0.006407965324933438,0.011769485908493,0.013126926930179533,-0.006718818761607816,0.013705719806868168,-0.0014216664129317032,0.005960201169562724,0.009889910245025241,0.00583556365391239,0.013995428049868034,0.009830894343878401,-0.004499766205725545,-0.0047893568654346404,-0.003192492146293783,-0.0066305812654566315,-0.0029114694598149993,-0.003726769182153279,0.00997866422309474,-0.009153717820587172,0.009900148420273504,-0.007121540859061759,0.003979970017138654,-0.012064796350645418,0.009681327589711545,0.015648833340013664,-0.004386066324845814,-0.007101337669238128,-0.009445129529149152,-0.005964667298397569,0.013735464542296839,0.011992110850463896,0.017766403646004337,0.007973004584007844,0.013699401173729267,-0.005141357012409085,-0.0019051078177103858,agent77,1
-0.8550256061982244,-0.005605613521081471,-0.004412521374865079,-0.014933935637227905,-0.010474849993170365,-0.004712139967715855,-0.00768649020901715,-0.006933886497132099,0.007784684312840063,0.009998703211884095,-0.006597086021605005,-0.01123705955563112,0.003951427384577482,-0.006910135901935897,-0.010590169540494637,0.009992308424044822,-0.00796303854762245,0.015999932849094275,0.015966680664501808,-0.0047771965608391816,-0.012451965351801618,0.017218965865320228,-0.00788881836470782,0.015727951064185293,-0.006093157866420788,-0.002716835673544411,-0.004031134571551544,0.007862605492164358,0.01795030069909983,0.011978559019391308,0.013315639234865225,0.015937861687573007,-0.010417789135100755,1,-0.004721599350389398,0.015975998846466378,-0.004930031028579757,-0.010803903601226813,-0.007888156812794126,0.013094672557012818,0.013290497673574864,-0.012819653723757159,0.003916582732037279,0.0158200200688837,0.009498423631960977,0.01195291076740495,-0.005689908197474508,-0.013167244015114318,0.02565998871331439,0.01599968840008531,0.009858684577207764,-0.011571542245313675,0.017781197912471805,0.005803344446667585,-0.007912053556882107,0.011974617345132289,-0.00734597451565063,0.021991970129088156,0.00393458597031693,-0.005969197264585966,0.017648835380147783,-0.00845831751908539,-0.010001903339668767,0.013988855272715543,-0.006397055466292725,-0.006407965324933438,0.011769485908493,0.013126926930179533,-0.006718818761607816,0.013705719806868168,-0.0014216664129317032,0.005960201169562724,0.009889910245025241,0.00583556365391239,0.013995428049868034,0.009830894343878401,-0.004499766205725545,-0.0047893568654346404,-0.003192492146293783,-0.0066305812654566315,-0.0029114694598149993,-0.003726769182153279,0.00997866422309474,-0.009153717820587172,0.009900148420273504,-0.007121540859061759,0.003979970017138654,-0.012064796350645418,0.009681327589711545,0.015648833340013664,-0.004386066324845814,-0.007101337669238128,-0.009445129529149152,-0.005964667298397569,0.013735464542296839,0.011992110850463896,0.017766403646004337,0.007973004584007844,0.013699401173729267,-0.005141357012409085,-0.0019051078177103858,agent51,-0.6322425770924399
-0.8560295576256091,-0.005605613521081471,-0.004412521374865079,-0.014933935637227905,-0.010474849993170365,-0.004712139967715855,-0.00768649020901715,-0.006933886497132099,0.007784684312840063,0.009998703211884095,-0.006597086021605005,-0.01123705955563112,0.005940918597148386,-0.006910135901935897,-0.010590169540494637,0.009992308424044822,-0.00796303854762245,0.015999932849094275,0.015966680664501808,-0.0047771965608391816,-0.012451965351801618,0.017218965865320228,-0.00788881836470782,0.015727951064185293,-0.006093157866420788,-0.002716835673544411,-0.004031134571551544,0.007862605492164358,0.01795030069909983,0.011978559019391308,0.013315639234865225,0.015937861687573007,-0.010417789135100755,1,-0.004721599350389398,0.015975998846466378,-0.004930031028579757,-0.010803903601226813,-0.007888156812794126,0.013094672557012818,0.013290497673574864,-0.012819653723757159,0.003916582732037279,0.0158200200688837,0.009498423631960977,0.01195291076740495,-0.005689908197474508,-0.013167244015114318,0.02565998871331439,0.01599968840008531,0.009858684577207764,-0.011571542245313675,0.017781197912471805,0.005803344446667585,-0.007912053556882107,0.011974617345132289,-0.00734597451565063,0.021991970129088156,0.00393458597031693,-0.005969197264585966,0.017648835380147783,-0.00845831751908539,-0.010001903339668767,0.013988855272715543,-0.006397055466292725,-0.006407965324933438,0.011769485908493,0.013126926930179533,-0.006718818761607816,0.013705719806868168,-0.0014216664129317032,0.005960201169562724,0.009889910245025241,0.00583556365391239,0.013995428049868034,0.009830894343878401,-0.004499766205725545,-0.0047893568654346404,-0.003192492146293783,-0.0066305812654566315,-0.0029114694598149993,-0.003726769182153279,0.00997866422309474,-0.009153717820587172,0.009900148420273504,-0.007121540859061759,0.003979970017138654,-0.012064796350645418,0.009681327589711545,0.015648833340013664,-0.004386066324845814,-0.007101337669238128,-0.009445129529149152,-0.005964667298397569,0.013735464542296839,0.011992110850463896,0.017766403646004337,0.007973004584007844,0.013699401173729267,-0.005141357012409085,-0.0019051078177103858,agent11,-1
-0.8570361547116306,-0.005605613521081471,-0.004412521374865079,-0.014933935637227905,-0.010474849993170365,-0.004712139967715855,-0.00768649020901715,-0.006933886497132099,0.007784684312840063,0.009998703211884095,-0.006874663162215048,-0.01123705955563112,0.005940918597148386,-0.006910135901935897,-0.010590169540494637,0.009992308424044822,-0.00796303854762245,0.015999932849094275,0.015966680664501808,-0.0047771965608391816,-0.012451965351801618,0.017218965865320228,-0.00788881836470782,0.015727951064185293,-0.006093157866420788,-0.002716835673544411,-0.004031134571551544,0.007862605492164358,0.01795030069909983,0.011978559019391308,0.013315639234865225,0.015937861687573007,-0.010417789135100755,1,-0.004721599350389398,0.015975998846466378,-0.004930031028579757,-0.010803903601226813,-0.007888156812794126,0.013094672557012818,0.013290497673574864,-0.012819653723757159,0.003916582732037279,0.0158200200688837,0.009498423631960977,0.01195291076740495,-0.005689908197474508,-0.013167244015114318,0.02565998871331439,0.01599968840008531,0.009858684577207764,-0.011571542245313675,0.017781197912471805,0.005803344446667585,-0.007912053556882107,0.011974617345132289,-0.00734597451565063,0.021991970129088156,0.00393458597031693,-0.005969197264585966,0.017648835380147783,-0.00845831751908539,-0.010001903339668767,0.013988855272715543,-0.006397055466292725,-0.006407965324933438,0.011769485908493,0.013126926930179533,-0.006718818761607816,0.013705719806868168,-0.0014216664129317032,0.005960201169562724,0.009889910245025241,0.00583556365391239,0.013995428049868034,0.009830894343878401,-0.004499766205725545,-0.0047893568654346404,-0.003192492146293783,-0.0066305812654566315,-0.0029114694598149993,-0.003726769182153279,0.00997866422309474,-0.009153717820587172,0.009900148420273504,-0.007121540859061759,0.003979970017138654,-0.012064796350645418,0.009681327589711545,0.015648833340013664,-0.004386066324845814,-0.007101337669238128,-0.009445129529149152,-0.005964667298397569,0.013735464542296839,0.011992110850463896,0.017766403646004337,0.007973004584007844,0.013699401173729267,-0.005141357012409085,-0.0019051078177103858,agent9,1
-0.8580461534148425,-0.005605613521081471,-0.004412521374865079,-0.014933935637227905,-0.010474849993170365,-0.004712139967715855,-0.00768649020901715,-0.006933886497132099,0.007784684312840063,0.011998462568957959,-0.006874663162215048,-0.01123705955563112,0.005940918597148386,-0.006910135901935897,-0.010590169540494637,0.009992308424044822,-0.00796303854762245,0.015999932849094275,0.015966680664501808,-0.0047771965608391816,-0.012451965351801618,0.017218965865320228,-0.00788881836470782,0.015727951064185293,-0.006093157866420788,-0.002716835673544411,-0.004031134571551544,0.007862605492164358,0.01795030069909983,0.011978559019391308,0.013315639234865225,0.015937861687573007,-0.010417789135100755,1,-0.004721599350389398,0.015975998846466378,-0.004930031028579757,-0.010803903601226813,-0.007888156812794126,0.013094672557012818,0.013290497673574864,-0.012819653723757159,0.003916582732037279,0.0158200200688837,0.009498423631960977,0.01195291076740495,-0.005689908197474508,-0.013167244015114318,0.02565998871331439,0.01599968840008531,0.009858684577207764,-0.011571542245313675,0.017781197912471805,0.005803344446667585,-0.007912053556882107,0.011974617345132289,-0.00734597451565063,0.021991970129088156,0.00393458597031693,-0.005969197264585966,0.017648835380147783,-0.00845831751908539,-0.010001903339668767,0.013988855272715543,-0.006397055466292725,-0.006407965324933438,0.011769485908493,0.013126926930179533,-0.006718818761607816,0.013705719806868168,-0.0014216664129317032,0.005960201169562724,0.009889910245025241,0.00583556365391239,0.013995428049868034,0.009830894343878401,-0.004499766205725545,-0.0047893568654346404,-0.003192492146293783,-0.0066305812654566315,-0.0029114694598149993,-0.003726769182153279,0.00997866422309474,-0.009153717820587172,0.009900148420273504,-0.007121540859061759,0.003979970017138654,-0.012064796350645418,0.009681327589711545,0.015648833340013664,-0.004386066324845814,-0.007101337669238128,-0.009445129529149152,-0.005964667298397569,0.013735464542296839,0.011992110850463896,0.017766403646004337,0.007973004584007844,0.013699401173729267,-0.005141357012409085,-0.0019051078177103858,agent8,-0.8789743828140436
-0.8590508750141929,-0.005605613521081471,-0.004412521374865079,-0.014933935637227905,-0.010474849993170365,-0.004712139967715855,-0.00768649020901715,-0.006933886497132099,0.007784684312840063,0.011998462568957959,-0.006874663162215048,-0.01123705955563112,0.005940918597148386,-0.006910135901935897,-0.010590169540494637,0.009992308424044822,-0.00796303854762245,0.015999932849094275,0.015966680664501808,-0.0047771965608391816,-0.012451965351801618,0.017218965865320228,-0.00788881836470782,0.015727951064185293,-0.006093157866420788,-0.002716835673544411,-0.004031134571551544,0.007862605492164358,0.01795030069909983,0.011978559019391308,0.013315639234865225,0.015937861687573007,-0.010417789135100755,1,-0.004995431596279552,0.015975998846466378,-0.004930031028579757,-0.010803903601226813,-0.007888156812794126,0.013094672557012818,0.013290497673574864,-0.012819653723757159,0.003916582732037279,0.0158200200688837,0.009498423631960977,0.01195291076740495,-0.005689908197474508,-0.013167244015114318,0.02565998871331439,0.01599968840008531,0.009858684577207764,-0.011571542245313675,0.017781197912471805,0.005803344446667585,-0.007912053556882107,0.011974617345132289,-0.00734597451565063,0.021991970129088156,0.00393458597031693,-0.005969197264585966,0.017648835380147783,-0.00845831751908539,-0.010001903339668767,0.013988855272715543,-0.006397055466292725,-0.006407965324933438,0.011769485908493,0.013126926930179533,-0.006718818761607816,0.013705719806868168,-0.0014216664129317032,0.005960201169562724,0.009889910245025241,0.00583556365391239,0.013995428049868034,0.009830894343878401,-0.004499766205725545,-0.0047893568654346404,-0.003192492146293783,-0.0066305812654566315,-0.0029114694598149993,-0.003726769182153279,0.00997866422309474,-0.009153717820587172,0.009900148420273504,-0.007121540859061759,0.003979970017138654,-0.012064796350645418,0.009681327589711545,0.015648833340013664,-0.004386066324845814,-0.007101337669238128,-0.009445129529149152,-0.005964667298397569,0.013735464542296839,0.011992110850463896,0.017766403646004337,0.007973004584007844,0.013699401173729267,-0.005141357012409085,-0.0019051078177103858,agent33,1
-0.8600575938329544,-0.005605613521081471,-0.004412521374865079,-0.014933935637227905,-0.010474849993170365,-0.004712139967715855,-0.00768649020901715,-0.006933886497132099,0.007784684312840063,0.011998462568957959,-0.006874663162215048,-0.01123705955563112,0.005940918597148386,-0.006910135901935897,-0.010590169540494637,0.009992308424044822,-0.00796303854762245,0.015999932849094275,0.015966680664501808,-0.0047771965608391816,-0.012451965351801618,0.017218965865320228,-0.00788881836470782,0.015727951064185293,-0.006093157866420788,-0.002716835673544411,-0.004031134571551544,0.007862605492164358,0.01795030069909983,0.011978559019391308,0.013315639234865225,0.015937861687573007,-0.010417789135100755,1,-0.004995431596279552,0.015975998846466378,-0.004930031028579757,-0.010803903601226813,-0.007888156812794126,0.013094672557012818,0.013290497673574864,-0.012819653723757159,0.003916582732037279,0.0158200200688837,0.009498423631960977,0.01195291076740495,-0.005689908197474508,-0.013167244015114318,0.02565998871331439,0.01599968840008531,0.009858684577207764,-0.011571542245313675,0.017781197912471805,0.005803344446667585,-0.007912053556882107,0.011974617345132289,-0.00734597451565063,0.021991970129088156,0.00393458597031693,-0.005969197264585966,0.017648835380147783,-0.00845831751908539,-0.010001903339668767,0.013988855272715543,-0.006397055466292725,-0.006407965324933438,0.011769485908493,0.013126926930179533,-0.007051999611242763,0.013705719806868168,-0.0014216664129317032,0.005960201169562724,0.009889910245025241,0.00583556365391239,0.013995428049868034,0.009830894343878401,-0.004499766205725545,-0.0047893568654346404,-0.003192492146293783,-0.0066305812654566315,-0.0029114694598149993,-0.003726769182153279,0.00997866422309474,-0.009153717820587172,0.009900148420273504,-0.007121540859061759,0.003979970017138654,-0.012064796350645418,0.009681327589711545,0.015648833340013664,-0.004386066324845814,-0.007101337669238128,-0.009445129529149152,-0.005964667298397569,0.013735464542296839,0.011992110850463896,0.017766403646004337,0.007973004584007844,0.013699401173729267,-0.005141357012409085,-0.0019051078177103858,agent67,0.966774500187419
-0.8610654564384466,-0.005605613521081471,-0.004412521374865079,-0.014933935637227905,-0.010474849993170365,-0.004712139967715855,-0.00768649020901715,-0.006933886497132099,0.007784684312840063,0.011998462568957959,-0.006874663162215048,-0.01123705955563112,0.005940918597148386,-0.006910135901935897,-0.010590169540494637,0.009992308424044822,-0.00796303854762245,0.015999932849094275,0.015966680664501808,-0.0047771965608391816,-0.012451965351801618,0.017218965865320228,-0.00788881836470782,0.015727951064185293,-0.006093157866420788,-0.002716835673544411,-0.004031134571551544,0.009828101050318314,0.01795030069909983,0.011978559019391308,0.013315639234865225,0.015937861687573007,-0.010417789135100755,1,-0.004995431596279552,0.015975998846466378,-0.004930031028579757,-0.010803903601226813,-0.007888156812794126,0.013094672557012818,0.013290497673574864,-0.012819653723757159,0.003916582732037279,0.0158200200688837,0.009498423631960977,0.01195291076740495,-0.005689908197474508,-0.013167244015114318,0.02565998871331439,0.01599968840008531,0.009858684577207764,-0.011571542245313675,0.017781197912471805,0.005803344446667585,-0.007912053556882107,0.011974617345132289,-0.00734597451565063,0.021991970129088156,0.00393458597031693,-0.005969197264585966,0.017648835380147783,-0.00845831751908539,-0.010001903339668767,0.013988855272715543,-0.006397055466292725,-0.006407965324933438,0.011769485908493,0.013126926930179533,-0.007051999611242763,0.013705719806868168,-0.0014216664129317032,0.005960201169562724,0.009889910245025241,0.00583556365391239,0.013995428049868034,0.009830894343878401,-0.004499766205725545,-0.0047893568654346404,-0.003192492146293783,-0.0066305812654566315,-0.0029114694598149993,-0.003726769182153279,0.00997866422309474,-0.009153717820587172,0.009900148420273504,-0.007121540859061759,0.003979970017138654,-0.012064796350645418,0.009681327589711545,0.015648833340013664,-0.004386066324845814,-0.007101337669238128,-0.009445129529149152,-0.005964667298397569,0.013735464542296839,0.011992110850463896,0.017766403646004337,0.007973004584007844,0.013699401173729267,-0.005141357012409085,-0.0019051078177103858,agent26,-0.5973621738270303
-0.8620713973570437,-0.005605613521081471,-0.004412521374865079,-0.014933935637227905,-0.010474849993170365,-0.004712139967715855,-0.00768649020901715,-0.006933886497132099,0.007784684312840063,0.011998462568957959,-0.006874663162215048,-0.01123705955563112,0.007931267193451058,-0.006910135901935897,-0.010590169540494637,0.009992308424044822,-0.00796303854762245,0.015999932849094275,0.015966680664501808,-0.0047771965608391816,-0.012451965351801618,0.017218965865320228,-0.00788881836470782,0.015727951064185293,-0.006093157866420788,-0.002716835673544411,-0.004031134571551544,0.009828101050318314,0.01795030069909983,0.011978559019391308,0.013315639234865225,0.015937861687573007,-0.010417789135100755,1,-0.004995431596279552,0.015975998846466378,-0.004930031028579757,-0.010803903601226813,-0.007888156812794126,0.013094672557012818,0.013290497673574864,-0.012819653723757159,0.003916582732037279,0.0158200200688837,0.009498423631960977,0.01195291076740495,-0.005689908197474508,-0.013167244015114318,0.02565998871331439,0.01599968840008531,0.009858684577207764,-0.011571542245313675,0.017781197912471805,0.005803344446667585,-0.007912053556882107,0.011974617345132289,-0.00734597451565063,0.021991970129088156,0.00393458597031693,-0.005969197264585966,0.017648835380147783,-0.00845831751908539,-0.010001903339668767,0.013988855272715543,-0.006397055466292725,-0.006407965324933438,0.011769485908493,0.013126926930179533,-0.007051999611242763,0.013705719806868168,-0.0014216664129317032,0.005960201169562724,0.009889910245025241,0.00583556365391239,0.013995428049868034,0.009830894343878401,-0.004499766205725545,-0.0047893568654346404,-0.003192492146293783,-0.0066305812654566315,-0.0029114694598149993,-0.003726769182153279,0.00997866422309474,-0.009153717820587172,0.009900148420273504,-0.007121540859061759,0.003979970017138654,-0.012064796350645418,0.009681327589711545,0.015648833340013664,-0.004386066324845814,-0.007101337669238128,-0.009445129529149152,-0.005964667298397569,0.013735464542296839,0.011992110850463896,0.017766403646004337,0.007973004584007844,0.013699401173729267,-0.005141357012409085,-0.0019051078177103858,agent11,-1
-0.8630873970454438,-0.005605613521081471,-0.004412521374865079,-0.014933935637227905,-0.010474849993170365,-0.004712139967715855,-0.00768649020901715,-0.006933886497132099,0.007784684312840063,0.011998462568957959,-0.006874663162215048,-0.01123705955563112,0.007931267193451058,-0.006910135901935897,-0.010590169540494637,0.009992308424044822,-0.00796303854762245,0.015999932849094275,0.015966680664501808,-0.0047771965608391816,-0.012451965351801618,0.017218965865320228,-0.00788881836470782,0.015727951064185293,-0.006093157866420788,-0.002716835673544411,-0.004031134571551544,0.009828101050318314,0.01795030069909983,0.011978559019391308,0.013315639234865225,0.015937861687573007,-0.010417789135100755,1,-0.004995431596279552,0.015975998846466378,-0.004930031028579757,-0.010803903601226813,-0.007888156812794126,0.013094672557012818,0.013290497673574864,-0.012819653723757159,0.003916582732037279,0.0158200200688837,0.009498423631960977,0.01195291076740495,-0.005689908197474508,-0.013167244015114318,0.02565998871331439,0.017999628943575277,0.009858684577207764,-0.011571542245313675,0.017781197912471805,0.005803344446667585,-0.007912053556882107,0.011974617345132289,-0.00734597451565063,0.021991970129088156,0.00393458597031693,-0.005969197264585966,0.017648835380147783,-0.00845831751908539,-0.010001903339668767,0.013988855272715543,-0.006397055466292725,-0.006407965324933438,0.011769485908493,0.013126926930179533,-0.007051999611242763,0.013705719806868168,-0.0014216664129317032,0.005960201169562724,0.009889910245025241,0.00583556365391239,0.013995428049868034,0.009830894343878401,-0.004499766205725545,-0.0047893568654346404,-0.003192492146293783,-0.0066305812654566315,-0.0029114694598149993,-0.003726769182153279,0.00997866422309474,-0.009153717820587172,0.009900148420273504,-0.007121540859061759,0.003979970017138654,-0.012064796350645418,0.009681327589711545,0.015648833340013664,-0.004386066324845814,-0.007101337669238128,-0.009445129529149152,-0.005964667298397569,0.013735464542296839,0.011992110850463896,0.017766403646004337,0.007973004584007844,0.013699401173729267,-0.005141357012409085,-0.0019051078177103858,agent48,-0.8511666726899367
-0.8641033969782929,-0.005605613521081471,-0.004412521374865079,-0.014933935637227905,-0.010474849993170365,-0.004712139967715855,-0.00768649020901715,-0.006933886497132099,0.007784684312840063,0.011998462568957959,-0.006874663162215048,-0.01123705955563112,0.007931267193451058,-0.006910135901935897,-0.010590169540494637,0.009992308424044822,-0.00796303854762245,0.01799991068725586,0.015966680664501808,-0.0047771965608391816,-0.012451965351801618,0.017218965865320228,-0.00788881836470782,0.015727951064185293,-0.006093157866420788,-0.002716835673544411,-0.004031134571551544,0.009828101050318314,0.01795030069909983,0.011978559019391308,0.013315639234865225,0.015937861687573007,-0.010417789135100755,1,-0.004995431596279552,0.015975998846466378,-0.004930031028579757,-0.010803903601226813,-0.007888156812794126,0.013094672557012818,0.013290497673574864,-0.012819653723757159,0.003916582732037279,0.0158200200688837,0.009498423631960977,0.01195291076740495,-0.005689908197474508,-0.013167244015114318,0.02565998871331439,0.017999628943575277,0.009858684577207764,-0.011571542245313675,0.017781197912471805,0.005803344446667585,-0.007912053556882107,0.011974617345132289,-0.00734597451565063,0.021991970129088156,0.00393458597031693,-0.005969197264585966,0.017648835380147783,-0.00845831751908539,-0.010001903339668767,0.013988855272715543,-0.006397055466292725,-0.006407965324933438,0.011769485908493,0.013126926930179533,-0.007051999611242763,0.013705719806868168,-0.0014216664129317032,0.005960201169562724,0.009889910245025241,0.00583556365391239,0.013995428049868034,0.009830894343878401,-0.004499766205725545,-0.0047893568654346404,-0.003192492146293783,-0.0066305812654566315,-0.0029114694598149993,-0.003726769182153279,0.00997866422309474,-0.009153717820587172,0.009900148420273504,-0.007121540859061759,0.003979970017138654,-0.012064796350645418,0.009681327589711545,0.015648833340013664,-0.004386066324845814,-0.007101337669238128,-0.009445129529149152,-0.005964667298397569,0.013735464542296839,0.011992110850463896,0.017766403646004337,0.007973004584007844,0.013699401173729267,-0.005141357012409085,-0.0019051078177103858,agent16,-0.8564297941110905
-0.8651213472789919,-0.005605613521081471,-0.004412521374865079,-0.014933935637227905,-0.010474849993170365,-0.004712139967715855,-0.00768649020901715,-0.006933886497132099,0.007784684312840063,0.011998462568957959,-0.006874663162215048,-0.01123705955563112,0.007931267193451058,-0.006910135901935897,-0.010590169540494637,0.009992308424044822,-0.00796303854762245,0.01799991068725586,0.015966680664501808,-0.0047771965608391816,-0.012451965351801618,0.017218965865320228,-0.00788881836470782,0.015727951064185293,-0.006093157866420788,-0.002716835673544411,-0.004031134571551544,0.009828101050318314,0.01994447847968167,0.011978559019391308,0.013315639234865225,0.015937861687573007,-0.010417789135100755,1,-0.004995431596279552,0.015975998846466378,-0.004930031028579757,-0.010803903601226813,-0.007888156812794126,0.013094672557012818,0.013290497673574864,-0.012819653723757159,0.003916582732037279,0.0158200200688837,0.009498423631960977,0.01195291076740495,-0.005689908197474508,-0.013167244015114318,0.02565998871331439,0.017999628943575277,0.009858684577207764,-0.011571542245313675,0.017781197912471805,0.005803344446667585,-0.007912053556882107,0.011974617345132289,-0.00734597451565063,0.021991970129088156,0.00393458597031693,-0.005969197264585966,0.017648835380147783,-0.00845831751908539,-0.010001903339668767,0.013988855272715543,-0.006397055466292725,-0.006407965324933438,0.011769485908493,0.013126926930179533,-0.007051999611242763,0.013705719806868168,-0.0014216664129317032,0.005960201169562724,0.009889910245025241,0.00583556365391239,0.013995428049868034,0.009830894343878401,-0.004499766205725545,-0.0047893568654346404,-0.003192492146293783,-0.0066305812654566315,-0.0029114694598149993,-0.003726769182153279,0.00997866422309474,-0.009153717820587172,0.009900148420273504,-0.007121540859061759,0.003979970017138654,-0.012064796350645418,0.009681327589711545,0.015648833340013664,-0.004386066324845814,-0.007101337669238128,-0.009445129529149152,-0.005964667298397569,0.013735464542296839,0.011992110850463896,0.017766403646004337,0.007973004584007844,0.013699401173729267,-0.005141357012409085,-0.0019051078177103858,agent27,-0.756193995922064
-0.8661470072677052,-0.005605613521081471,-0.004412521374865079,-0.014933935637227905,-0.010474849993170365,-0.004712139967715855,-0.00768649020901715,-0.006933886497132099,0.007784684312840063,0.011998462568957959,-0.006874663162215048,-0.01123705955563112,0.007931267193451058,-0.006910135901935897,-0.010590169540494637,0.009992308424044822,-0.00796303854762245,0.01799991068725586,0.015966680664501808,-0.0047771965608391816,-0.012451965351801618,0.017218965865320228,-0.00788881836470782,0.015727951064185293,-0.006093157866420788,-0.002716835673544411,-0.004031134571551544,0.009828101050318314,0.01994447847968167,0.011978559019391308,0.013315639234865225,0.015937861687573007,-0.010417789135100755,1,-0.004995431596279552,0.015975998846466378,-0.004930031028579757,-0.010803903601226813,-0.007888156812794126,0.013094672557012818,0.013290497673574864,-0.012819653723757159,0.003916582732037279,0.0158200200688837,0.009498423631960977,0.01195291076740495,-0.005689908197474508,-0.013167244015114318,0.027632623828803247,0.017999628943575277,0.009858684577207764,-0.011571542245313675,0.017781197912471805,0.005803344446667585,-0.007912053556882107,0.011974617345132289,-0.00734597451565063,0.021991970129088156,0.00393458597031693,-0.005969197264585966,0.017648835380147783,-0.00845831751908539,-0.010001903339668767,0.013988855272715543,-0.006397055466292725,-0.006407965324933438,0.011769485908493,0.013126926930179533,-0.007051999611242763,0.013705719806868168,-0.0014216664129317032,0.005960201169562724,0.009889910245025241,0.00583556365391239,0.013995428049868034,0.009830894343878401,-0.004499766205725545,-0.0047893568654346404,-0.003192492146293783,-0.0066305812654566315,-0.0029114694598149993,-0.003726769182153279,0.00997866422309474,-0.009153717820587172,0.009900148420273504,-0.007121540859061759,0.003979970017138654,-0.012064796350645418,0.009681327589711545,0.015648833340013664,-0.004386066324845814,-0.007101337669238128,-0.009445129529149152,-0.005964667298397569,0.013735464542296839,0.011992110850463896,0.017766403646004337,0.007973004584007844,0.013699401173729267,-0.005141357012409085,-0.0019051078177103858,agent47,-0.6311774030908923
-0.8671529764649698,-0.005605613521081471,-0.004412521374865079,-0.014933935637227905,-0.010474849993170365,-0.004712139967715855,-0.00768649020901715,-0.006933886497132099,0.007784684312840063,0.011998462568957959,-0.006874663162215048,-0.01123705955563112,0.007931267193451058,-0.006910135901935897,-0.010590169540494637,0.009992308424044822,-0.00796303854762245,0.01799991068725586,0.015966680664501808,-0.0047771965608391816,-0.012451965351801618,0.017218965865320228,-0.00788881836470782,0.015727951064185293,-0.006093157866420788,-0.002716835673544411,-0.004031134571551544,0.009828101050318314,0.01994447847968167,0.011978559019391308,0.013315639234865225,0.015937861687573007,-0.010417789135100755,1,-0.004995431596279552,0.015975998846466378,-0.004930031028579757,-0.010803903601226813,-0.007888156812794126,0.013094672557012818,0.013290497673574864,-0.012819653723757159,0.003916582732037279,0.0158200200688837,0.009498423631960977,0.01195291076740495,-0.005689908197474508,-0.013167244015114318,0.027632623828803247,0.017999628943575277,0.009858684577207764,-0.011571542245313675,0.017781197912471805,0.005803344446667585,-0.007912053556882107,0.011974617345132289,-0.00734597451565063,0.021991970129088156,0.00393458597031693,-0.006227944938218859,0.017648835380147783,-0.00845831751908539,-0.010001903339668767,0.013988855272715543,-0.006397055466292725,-0.006407965324933438,0.011769485908493,0.013126926930179533,-0.007051999611242763,0.013705719806868168,-0.0014216664129317032,0.005960201169562724,0.009889910245025241,0.00583556365391239,0.013995428049868034,0.009830894343878401,-0.004499766205725545,-0.0047893568654346404,-0.003192492146293783,-0.0066305812654566315,-0.0029114694598149993,-0.003726769182153279,0.00997866422309474,-0.009153717820587172,0.009900148420273504,-0.007121540859061759,0.003979970017138654,-0.012064796350645418,0.009681327589711545,0.015648833340013664,-0.004386066324845814,-0.007101337669238128,-0.009445129529149152,-0.005964667298397569,0.013735464542296839,0.011992110850463896,0.017766403646004337,0.007973004584007844,0.013699401173729267,-0.005141357012409085,-0.0019051078177103858,agent58,1
-0.8681624748886018,-0.005605613521081471,-0.004412521374865079,-0.014933935637227905,-0.010474849993170365,-0.004712139967715855,-0.00768649020901715,-0.006933886497132099,0.007784684312840063,0.011998462568957959,-0.006874663162215048,-0.01123705955563112,0.007931267193451058,-0.006910135901935897,-0.010590169540494637,0.009992308424044822,-0.00796303854762245,0.01799991068725586,0.015966680664501808,-0.0047771965608391816,-0.012451965351801618,0.017218965865320228,-0.00788881836470782,0.015727951064185293,-0.006093157866420788,-0.002716835673544411,-0.004031134571551544,0.009828101050318314,0.01994447847968167,0.011978559019391308,0.013315639234865225,0.015937861687573007,-0.010417789135100755,1,-0.004995431596279552,0.015975998846466378,-0.004930031028579757,-0.010803903601226813,-0.007888156812794126,0.013094672557012818,0.013290497673574864,-0.012819653723757159,0.003916582732037279,0.0158200200688837,0.011489599466129919,0.01195291076740495,-0.005689908197474508,-0.013167244015114318,0.027632623828803247,0.017999628943575277,0.009858684577207764,-0.011571542245313675,0.017781197912471805,0.005803344446667585,-0.007912053556882107,0.011974617345132289,-0.00734597451565063,0.021991970129088156,0.00393458597031693,-0.006227944938218859,0.017648835380147783,-0.00845831751908539,-0.010001903339668767,0.013988855272715543,-0.006397055466292725,-0.006407965324933438,0.011769485908493,0.013126926930179533,-0.007051999611242763,0.013705719806868168,-0.0014216664129317032,0.005960201169562724,0.009889910245025241,0.00583556365391239,0.013995428049868034,0.009830894343878401,-0.004499766205725545,-0.0047893568654346404,-0.003192492146293783,-0.0066305812654566315,-0.0029114694598149993,-0.003726769182153279,0.00997866422309474,-0.009153717820587172,0.009900148420273504,-0.007121540859061759,0.003979970017138654,-0.012064796350645418,0.009681327589711545,0.015648833340013664,-0.004386066324845814,-0.007101337669238128,-0.009445129529149152,-0.005964667298397569,0.013735464542296839,0.011992110850463896,0.017766403646004337,0.007973004584007844,0.013699401173729267,-0.005141357012409085,-0.0019051078177103858,agent43,-1
-0.8691691054698673,-0.005605613521081471,-0.004412521374865079,-0.014933935637227905,-0.010474849993170365,-0.004712139967715855,-0.00768649020901715,-0.006933886497132099,0.007784684312840063,0.011998462568957959,-0.006874663162215048,-0.01123705955563112,0.007931267193451058,-0.006910135901935897,-0.010590169540494637,0.009992308424044822,-0.00796303854762245,0.01799991068725586,0.015966680664501808,-0.0047771965608391816,-0.012451965351801618,0.017218965865320228,-0.00788881836470782,0.015727951064185293,-0.006093157866420788,-0.002716835673544411,-0.004031134571551544,0.009828101050318314,0.01994447847968167,0.011978559019391308,0.013315639234865225,0.015937861687573007,-0.010417789135100755,1,-0.004995431596279552,0.015975998846466378,-0.004930031028579757,-0.010803903601226813,-0.007888156812794126,0.013094672557012818,0.013290497673574864,-0.012819653723757159,0.003916582732037279,0.0158200200688837,0.011489599466129919,0.01195291076740495,-0.005689908197474508,-0.013167244015114318,0.027632623828803247,0.017999628943575277,0.009858684577207764,-0.011571542245313675,0.017781197912471805,0.005803344446667585,-0.007912053556882107,0.011974617345132289,-0.00734597451565063,0.021991970129088156,0.00393458597031693,-0.006227944938218859,0.017648835380147783,-0.00845831751908539,-0.010001903339668767,0.013988855272715543,-0.006397055466292725,-0.006407965324933438,0.011769485908493,0.013126926930179533,-0.007051999611242763,0.013705719806868168,-0.0014216664129317032,0.005960201169562724,0.009889910245025241,0.00583556365391239,0.013995428049868034,0.009830894343878401,-0.004499766205725545,-0.0047893568654346404,-0.003192492146293783,-0.006885565749165679,-0.0029114694598149993,-0.003726769182153279,0.00997866422309474,-0.009153717820587172,0.009900148420273504,-0.007121540859061759,0.003979970017138654,-0.012064796350645418,0.009681327589711545,0.015648833340013664,-0.004386066324845814,-0.007101337669238128,-0.009445129529149152,-0.005964667298397569,0.013735464542296839,0.011992110850463896,0.017766403646004337,0.007973004584007844,0.013699401173729267,-0.005141357012409085,-0.0019051078177103858,agent78,1
-0.8701770784744512,-0.005605613521081471,-0.004412521374865079,-0.014933935637227905,-0.010474849993170365,-0.004712139967715855,-0.00768649020901715,-0.006933886497132099,0.007784684312840063,0.011998462568957959,-0.006874663162215048,-0.01123705955563112,0.007931267193451058,-0.006910135901935897,-0.010590169540494637,0.009992308424044822,-0.00796303854762245,0.01799991068725586,0.015966680664501808,-0.0047771965608391816,-0.012451965351801618,0.017218965865320228,-0.00788881836470782,0.015727951064185293,-0.006093157866420788,-0.002716835673544411,-0.004031134571551544,0.009828101050318314,0.01994447847968167,0.011978559019391308,0.013315639234865225,0.015937861687573007,-0.010417789135100755,1,-0.004995431596279552,0.015975998846466378,-0.004930031028579757,-0.010803903601226813,-0.007888156812794126,0.013094672557012818,0.013290497673574864,-0.012819653723757159,0.003916582732037279,0.0158200200688837,0.011489599466129919,0.01195291076740495,-0.005689908197474508,-0.013167244015114318,0.027632623828803247,0.017999628943575277,0.009858684577207764,-0.011571542245313675,0.017781197912471805,0.005803344446667585,-0.007912053556882107,0.011974617345132289,-0.00734597451565063,0.021991970129088156,0.00393458597031693,-0.006227944938218859,0.017648835380147783,-0.00845831751908539,-0.010001903339668767,0.013988855272715543,-0.006397055466292725,-0.006407965324933438,0.011769485908493,0.013126926930179533,-0.007051999611242763,0.013705719806868168,-0.0014216664129317032,0.005960201169562724,0.009889910245025241,0.00583556365391239,0.013995428049868034,0.009830894343878401,-0.004499766205725545,-0.0047893568654346404,-0.003192492146293783,-0.006885565749165679,-0.0029114694598149993,-0.003726769182153279,0.00997866422309474,-0.009153717820587172,0.009900148420273504,-0.007121540859061759,0.003979970017138654,-0.012064796350645418,0.009681327589711545,0.015648833340013664,-0.004386066324845814,-0.007101337669238128,-0.009445129529149152,-0.005964667298397569,0.013735464542296839,0.011992110850463896,0.017766403646004337,0.00996632498829498,0.013699401173729267,-0.005141357012409085,-0.0019051078177103858,agent96,-0.9847510738980435
-0.8711797953101248,-0.005605613521081471,-0.004412521374865079,-0.014933935637227905,-0.010474849993170365,-0.004712139967715855,-0.00768649020901715,-0.006933886497132099,0.007784684312840063,0.011998462568957959,-0.006874663162215048,-0.01123705955563112,0.007931267193451058,-0.006910135901935897,-0.010590169540494637,0.009992308424044822,-0.00796303854762245,0.01799991068725586,0.015966680664501808,-0.0047771965608391816,-0.012451965351801618,0.017218965865320228,-0.00788881836470782,0.015727951064185293,-0.006093157866420788,-0.002968054521118794,-0.004031134571551544,0.009828101050318314,0.01994447847968167,0.011978559019391308,0.013315639234865225,0.015937861687573007,-0.010417789135100755,1,-0.004995431596279552,0.015975998846466378,-0.004930031028579757,-0.010803903601226813,-0.007888156812794126,0.013094672557012818,0.013290497673574864,-0.012819653723757159,0.003916582732037279,0.0158200200688837,0.011489599466129919,0.01195291076740495,-0.005689908197474508,-0.013167244015114318,0.027632623828803247,0.017999628943575277,0.009858684577207764,-0.011571542245313675,0.017781197912471805,0.005803344446667585,-0.007912053556882107,0.011974617345132289,-0.00734597451565063,0.021991970129088156,0.00393458597031693,-0.006227944938218859,0.017648835380147783,-0.00845831751908539,-0.010001903339668767,0.013988855272715543,-0.006397055466292725,-0.006407965324933438,0.011769485908493,0.013126926930179533,-0.007051999611242763,0.013705719806868168,-0.0014216664129317032,0.005960201169562724,0.009889910245025241,0.00583556365391239,0.013995428049868034,0.009830894343878401,-0.004499766205725545,-0.0047893568654346404,-0.003192492146293783,-0.006885565749165679,-0.0029114694598149993,-0.003726769182153279,0.00997866422309474,-0.009153717820587172,0.009900148420273504,-0.007121540859061759,0.003979970017138654,-0.012064796350645418,0.009681327589711545,0.015648833340013664,-0.004386066324845814,-0.007101337669238128,-0.009445129529149152,-0.005964667298397569,0.013735464542296839,0.011992110850463896,0.017766403646004337,0.00996632498829498,0.013699401173729267,-0.005141357012409085,-0.0019051078177103858,agent24,1
-0.8721917699274699,-0.005605613521081471,-0.004412521374865079,-0.014933935637227905,-0.010474849993170365,-0.004712139967715855,-0.00768649020901715,-0.006933886497132099,0.007784684312840063,0.011998462568957959,-0.006874663162215048,-0.01123705955563112,0.007931267193451058,-0.006910135901935897,-0.010590169540494637,0.009992308424044822,-0.00796303854762245,0.01799991068725586,0.015966680664501808,-0.0047771965608391816,-0.012451965351801618,0.017218965865320228,-0.00788881836470782,0.015727951064185293,-0.006093157866420788,-0.002968054521118794,-0.004031134571551544,0.009828101050318314,0.01994447847968167,0.011978559019391308,0.013315639234865225,0.015937861687573007,-0.010417789135100755,1,-0.004995431596279552,0.015975998846466378,-0.004930031028579757,-0.010803903601226813,-0.007888156812794126,0.013094672557012818,0.013290497673574864,-0.012819653723757159,0.003916582732037279,0.0158200200688837,0.011489599466129919,0.01195291076740495,-0.005689908197474508,-0.013167244015114318,0.027632623828803247,0.017999628943575277,0.009858684577207764,-0.011571542245313675,0.017781197912471805,0.005803344446667585,-0.007912053556882107,0.013970222467715326,-0.00734597451565063,0.021991970129088156,0.00393458597031693,-0.006227944938218859,0.017648835380147783,-0.00845831751908539,-0.010001903339668767,0.013988855272715543,-0.006397055466292725,-0.006407965324933438,0.011769485908493,0.013126926930179533,-0.007051999611242763,0.013705719806868168,-0.0014216664129317032,0.005960201169562724,0.009889910245025241,0.00583556365391239,0.013995428049868034,0.009830894343878401,-0.004499766205725545,-0.0047893568654346404,-0.003192492146293783,-0.006885565749165679,-0.0029114694598149993,-0.003726769182153279,0.00997866422309474,-0.009153717820587172,0.009900148420273504,-0.007121540859061759,0.003979970017138654,-0.012064796350645418,0.009681327589711545,0.015648833340013664,-0.004386066324845814,-0.007101337669238128,-0.009445129529149152,-0.005964667298397569,0.013735464542296839,0.011992110850463896,0.017766403646004337,0.00996632498829498,0.013699401173729267,-0.005141357012409085,-0.0019051078177103858,agent54,-0.7774261029352241
-0.8732021877166051,-0.005605613521081471,-0.004412521374865079,-0.014933935637227905,-0.010474849993170365,-0.004712139967715855,-0.00768649020901715,-0.006933886497132099,0.007784684312840063,0.011998462568957959,-0.006874663162215048,-0.01123705955563112,0.007931267193451058,-0.006910135901935897,-0.010590169540494637,0.009992308424044822,-0.00796303854762245,0.01799991068725586,0.015966680664501808,-0.0047771965608391816,-0.012451965351801618,0.017218965865320228,-0.00788881836470782,0.015727951064185293,-0.006093157866420788,-0.002968054521118794,-0.004031134571551544,0.009828101050318314,0.01994447847968167,0.011978559019391308,0.013315639234865225,0.015937861687573007,-0.01066523812340868,1,-0.004995431596279552,0.015975998846466378,-0.004930031028579757,-0.010803903601226813,-0.007888156812794126,0.013094672557012818,0.013290497673574864,-0.012819653723757159,0.003916582732037279,0.0158200200688837,0.011489599466129919,0.01195291076740495,-0.005689908197474508,-0.013167244015114318,0.027632623828803247,0.017999628943575277,0.009858684577207764,-0.011571542245313675,0.017781197912471805,0.005803344446667585,-0.007912053556882107,0.013970222467715326,-0.00734597451565063,0.021991970129088156,0.00393458597031693,-0.006227944938218859,0.017648835380147783,-0.00845831751908539,-0.010001903339668767,0.013988855272715543,-0.006397055466292725,-0.006407965324933438,0.011769485908493,0.013126926930179533,-0.007051999611242763,0.013705719806868168,-0.0014216664129317032,0.005960201169562724,0.009889910245025241,0.00583556365391239,0.013995428049868034,0.009830894343878401,-0.004499766205725545,-0.0047893568654346404,-0.003192492146293783,-0.006885565749165679,-0.0029114694598149993,-0.003726769182153279,0.00997866422309474,-0.009153717820587172,0.009900148420273504,-0.007121540859061759,0.003979970017138654,-0.012064796350645418,0.009681327589711545,0.015648833340013664,-0.004386066324845814,-0.007101337669238128,-0.009445129529149152,-0.005964667298397569,0.013735464542296839,0.011992110850463896,0.017766403646004337,0.00996632498829498,0.013699401173729267,-0.005141357012409085,-0.0019051078177103858,agent31,1
-0.8742101507551527,-0.005605613521081471,-0.004412521374865079,-0.014933935637227905,-0.010474849993170365,-0.004712139967715855,-0.00768649020901715,-0.006933886497132099,0.007784684312840063,0.011998462568957959,-0.006874663162215048,-0.01123705955563112,0.007931267193451058,-0.006910135901935897,-0.010590169540494637,0.009992308424044822,-0.008208595329589312,0.01799991068725586,0.015966680664501808,-0.0047771965608391816,-0.012451965351801618,0.017218965865320228,-0.00788881836470782,0.015727951064185293,-0.006093157866420788,-0.002968054521118794,-0.004031134571551544,0.009828101050318314,0.01994447847968167,0.011978559019391308,0.013315639234865225,0.015937861687573007,-0.01066523812340868,1,-0.004995431596279552,0.015975998846466378,-0.004930031028579757,-0.010803903601226813,-0.007888156812794126,0.013094672557012818,0.013290497673574864,-0.012819653723757159,0.003916582732037279,0.0158200200688837,0.011489599466129919,0.01195291076740495,-0.005689908197474508,-0.013167244015114318,0.027632623828803247,0.017999628943575277,0.009858684577207764,-0.011571542245313675,0.017781197912471805,0.005803344446667585,-0.007912053556882107,0.013970222467715326,-0.00734597451565063,0.021991970129088156,0.00393458597031693,-0.006227944938218859,0.017648835380147783,-0.00845831751908539,-0.010001903339668767,0.013988855272715543,-0.006397055466292725,-0.006407965324933438,0.011769485908493,0.013126926930179533,-0.007051999611242763,0.013705719806868168,-0.0014216664129317032,0.005960201169562724,0.009889910245025241,0.00583556365391239,0.013995428049868034,0.009830894343878401,-0.004499766205725545,-0.0047893568654346404,-0.003192492146293783,-0.006885565749165679,-0.0029114694598149993,-0.003726769182153279,0.00997866422309474,-0.009153717820587172,0.009900148420273504,-0.007121540859061759,0.003979970017138654,-0.012064796350645418,0.009681327589711545,0.015648833340013664,-0.004386066324845814,-0.007101337669238128,-0.009445129529149152,-0.005964667298397569,0.013735464542296839,0.011992110850463896,0.017766403646004337,0.00996632498829498,0.013699401173729267,-0.005141357012409085,-0.0019051078177103858,agent15,1
-0.8752277995905329,-0.005605613521081471,-0.004412521374865079,-0.014933935637227905,-0.010474849993170365,-0.004712139967715855,-0.00768649020901715,-0.006933886497132099,0.007784684312840063,0.011998462568957959,-0.006874663162215048,-0.01123705955563112,0.007931267193451058,-0.006910135901935897,-0.010590169540494637,0.009992308424044822,-0.008208595329589312,0.01799991068725586,0.015966680664501808,-0.0047771965608391816,-0.012451965351801618,0.017218965865320228,-0.00788881836470782,0.015727951064185293,-0.006093157866420788,-0.002968054521118794,-0.004031134571551544,0.009828101050318314,0.01994447847968167,0.011978559019391308,0.013315639234865225,0.015937861687573007,-0.01066523812340868,1,-0.004995431596279552,0.015975998846466378,-0.004930031028579757,-0.010803903601226813,-0.007888156812794126,0.013094672557012818,0.013290497673574864,-0.012819653723757159,0.003916582732037279,0.0158200200688837,0.011489599466129919,0.01195291076740495,-0.005689908197474508,-0.013167244015114318,0.027632623828803247,0.017999628943575277,0.009858684577207764,-0.011571542245313675,0.017781197912471805,0.005803344446667585,-0.007912053556882107,0.013970222467715326,-0.00734597451565063,0.021991970129088156,0.00393458597031693,-0.006227944938218859,0.019609166262463902,-0.00845831751908539,-0.010001903339668767,0.013988855272715543,-0.006397055466292725,-0.006407965324933438,0.011769485908493,0.013126926930179533,-0.007051999611242763,0.013705719806868168,-0.0014216664129317032,0.005960201169562724,0.009889910245025241,0.00583556365391239,0.013995428049868034,0.009830894343878401,-0.004499766205725545,-0.0047893568654346404,-0.003192492146293783,-0.006885565749165679,-0.0029114694598149993,-0.003726769182153279,0.00997866422309474,-0.009153717820587172,0.009900148420273504,-0.007121540859061759,0.003979970017138654,-0.012064796350645418,0.009681327589711545,0.015648833340013664,-0.004386066324845814,-0.007101337669238128,-0.009445129529149152,-0.005964667298397569,0.013735464542296839,0.011992110850463896,0.017766403646004337,0.00996632498829498,0.013699401173729267,-0.005141357012409085,-0.0019051078177103858,agent59,-0.5925397132439317
-0.8762377659155212,-0.005605613521081471,-0.004412521374865079,-0.014933935637227905,-0.010474849993170365,-0.004712139967715855,-0.00768649020901715,-0.006933886497132099,0.007784684312840063,0.011998462568957959,-0.006874663162215048,-0.01123705955563112,0.007931267193451058,-0.006910135901935897,-0.010590169540494637,0.009992308424044822,-0.008208595329589312,0.01799991068725586,0.015966680664501808,-0.0047771965608391816,-0.012451965351801618,0.017218965865320228,-0.00788881836470782,0.015727951064185293,-0.006093157866420788,-0.002968054521118794,-0.004031134571551544,0.009828101050318314,0.01994447847968167,0.011978559019391308,0.013315639234865225,0.015937861687573007,-0.01066523812340868,1,-0.004995431596279552,0.015975998846466378,-0.004930031028579757,-0.010803903601226813,-0.007888156812794126,0.013094672557012818,0.013290497673574864,-0.012819653723757159,0.003916582732037279,0.0158200200688837,0.011489599466129919,0.01195291076740495,-0.005689908197474508,-0.013167244015114318,0.027632623828803247,0.017999628943575277,0.009858684577207764,-0.011571542245313675,0.017781197912471805,0.005803344446667585,-0.007912053556882107,0.013970222467715326,-0.00734597451565063,0.021991970129088156,0.00393458597031693,-0.006227944938218859,0.019609166262463902,-0.00845831751908539,-0.010001903339668767,0.013988855272715543,-0.006397055466292725,-0.006407965324933438,0.011769485908493,0.013126926930179533,-0.007051999611242763,0.013705719806868168,-0.0014216664129317032,0.005960201169562724,0.009889910245025241,0.00583556365391239,0.013995428049868034,0.009830894343878401,-0.004499766205725545,-0.0047893568654346404,-0.003192492146293783,-0.006885565749165679,-0.0029114694598149993,-0.003726769182153279,0.00997866422309474,-0.009153717820587172,0.009900148420273504,-0.007121540859061759,0.003979970017138654,-0.012064796350645418,0.009681327589711545,0.015648833340013664,-0.004386066324845814,-0.007101337669238128,-0.009445129529149152,-0.005964667298397569,0.013735464542296839,0.011992110850463896,0.017766403646004337,0.011959761842588694,0.013699401173729267,-0.005141357012409085,-0.0019051078177103858,agent96,-0.9897978280123229
-0.8772417970500928,-0.005605613521081471,-0.004412521374865079,-0.014933935637227905,-0.010474849993170365,-0.004712139967715855,-0.00768649020901715,-0.006933886497132099,0.007784684312840063,0.011998462568957959,-0.006874663162215048,-0.01123705955563112,0.007931267193451058,-0.006910135901935897,-0.010590169540494637,0.009992308424044822,-0.008208595329589312,0.01799991068725586,0.015966680664501808,-0.0047771965608391816,-0.012451965351801618,0.017218965865320228,-0.00788881836470782,0.015727951064185293,-0.006093157866420788,-0.002968054521118794,-0.004271000494427711,0.009828101050318314,0.01994447847968167,0.011978559019391308,0.013315639234865225,0.015937861687573007,-0.01066523812340868,1,-0.004995431596279552,0.015975998846466378,-0.004930031028579757,-0.010803903601226813,-0.007888156812794126,0.013094672557012818,0.013290497673574864,-0.012819653723757159,0.003916582732037279,0.0158200200688837,0.011489599466129919,0.01195291076740495,-0.005689908197474508,-0.013167244015114318,0.027632623828803247,0.017999628943575277,0.009858684577207764,-0.011571542245313675,0.017781197912471805,0.005803344446667585,-0.007912053556882107,0.013970222467715326,-0.00734597451565063,0.021991970129088156,0.00393458597031693,-0.006227944938218859,0.019609166262463902,-0.00845831751908539,-0.010001903339668767,0.013988855272715543,-0.006397055466292725,-0.006407965324933438,0.011769485908493,0.013126926930179533,-0.007051999611242763,0.013705719806868168,-0.0014216664129317032,0.005960201169562724,0.009889910245025241,0.00583556365391239,0.013995428049868034,0.009830894343878401,-0.004499766205725545,-0.0047893568654346404,-0.003192492146293783,-0.006885565749165679,-0.0029114694598149993,-0.003726769182153279,0.00997866422309474,-0.009153717820587172,0.009900148420273504,-0.007121540859061759,0.003979970017138654,-0.012064796350645418,0.009681327589711545,0.015648833340013664,-0.004386066324845814,-0.007101337669238128,-0.009445129529149152,-0.005964667298397569,0.013735464542296839,0.011992110850463896,0.017766403646004337,0.011959761842588694,0.013699401173729267,-0.005141357012409085,-0.0019051078177103858,agent25,1
-0.87825673098573,-0.005605613521081471,-0.004412521374865079,-0.015171917254931975,-0.010474849993170365,-0.004712139967715855,-0.00768649020901715,-0.006933886497132099,0.007784684312840063,0.011998462568957959,-0.006874663162215048,-0.01123705955563112,0.007931267193451058,-0.006910135901935897,-0.010590169540494637,0.009992308424044822,-0.008208595329589312,0.01799991068725586,0.015966680664501808,-0.0047771965608391816,-0.012451965351801618,0.017218965865320228,-0.00788881836470782,0.015727951064185293,-0.006093157866420788,-0.002968054521118794,-0.004271000494427711,0.009828101050318314,0.01994447847968167,0.011978559019391308,0.013315639234865225,0.015937861687573007,-0.01066523812340868,1,-0.004995431596279552,0.015975998846466378,-0.004930031028579757,-0.010803903601226813,-0.007888156812794126,0.013094672557012818,0.013290497673574864,-0.012819653723757159,0.003916582732037279,0.0158200200688837,0.011489599466129919,0.01195291076740495,-0.005689908197474508,-0.013167244015114318,0.027632623828803247,0.017999628943575277,0.009858684577207764,-0.011571542245313675,0.017781197912471805,0.005803344446667585,-0.007912053556882107,0.013970222467715326,-0.00734597451565063,0.021991970129088156,0.00393458597031693,-0.006227944938218859,0.019609166262463902,-0.00845831751908539,-0.010001903339668767,0.013988855272715543,-0.006397055466292725,-0.006407965324933438,0.011769485908493,0.013126926930179533,-0.007051999611242763,0.013705719806868168,-0.0014216664129317032,0.005960201169562724,0.009889910245025241,0.00583556365391239,0.013995428049868034,0.009830894343878401,-0.004499766205725545,-0.0047893568654346404,-0.003192492146293783,-0.006885565749165679,-0.0029114694598149993,-0.003726769182153279,0.00997866422309474,-0.009153717820587172,0.009900148420273504,-0.007121540859061759,0.003979970017138654,-0.012064796350645418,0.009681327589711545,0.015648833340013664,-0.004386066324845814,-0.007101337669238128,-0.009445129529149152,-0.005964667298397569,0.013735464542296839,0.011992110850463896,0.017766403646004337,0.011959761842588694,0.013699401173729267,-0.005141357012409085,-0.0019051078177103858,agent2,1
-0.879262566549384,-0.005605613521081471,-0.004412521374865079,-0.015171917254931975,-0.010474849993170365,-0.004712139967715855,-0.00768649020901715,-0.006933886497132099,0.007784684312840063,0.011998462568957959,-0.006874663162215048,-0.01123705955563112,0.007931267193451058,-0.006910135901935897,-0.010590169540494637,0.009992308424044822,-0.008208595329589312,0.01799991068725586,0.015966680664501808,-0.0047771965608391816,-0.012451965351801618,0.017218965865320228,-0.00788881836470782,0.015727951064185293,-0.006093157866420788,-0.002968054521118794,-0.004271000494427711,0.009828101050318314,0.01994447847968167,0.011978559019391308,0.013315639234865225,0.015937861687573007,-0.01066523812340868,1,-0.004995431596279552,0.015975998846466378,-0.004930031028579757,-0.010803903601226813,-0.007888156812794126,0.013094672557012818,0.013290497673574864,-0.012819653723757159,0.003916582732037279,0.0158200200688837,0.011489599466129919,0.01195291076740495,-0.005689908197474508,-0.013167244015114318,0.027632623828803247,0.017999628943575277,0.009858684577207764,-0.011571542245313675,0.017781197912471805,0.005803344446667585,-0.007912053556882107,0.013970222467715326,-0.00734597451565063,0.021991970129088156,0.00393458597031693,-0.006227944938218859,0.019609166262463902,-0.00845831751908539,-0.010001903339668767,0.013988855272715543,-0.006397055466292725,-0.006407965324933438,0.011769485908493,0.013126926930179533,-0.007051999611242763,0.013705719806868168,-0.0014216664129317032,0.005960201169562724,0.009889910245025241,0.007781190457500217,0.013995428049868034,0.009830894343878401,-0.004499766205725545,-0.0047893568654346404,-0.003192492146293783,-0.006885565749165679,-0.0029114694598149993,-0.003726769182153279,0.00997866422309474,-0.009153717820587172,0.009900148420273504,-0.007121540859061759,0.003979970017138654,-0.012064796350645418,0.009681327589711545,0.015648833340013664,-0.004386066324845814,-0.007101337669238128,-0.009445129529149152,-0.005964667298397569,0.013735464542296839,0.011992110850463896,0.017766403646004337,0.011959761842588694,0.013699401173729267,-0.005141357012409085,-0.0019051078177103858,agent72,-0.5484895512598731
-0.8802738036089396,-0.005605613521081471,-0.004412521374865079,-0.015171917254931975,-0.010474849993170365,-0.004712139967715855,-0.00768649020901715,-0.006933886497132099,0.007784684312840063,0.011998462568957959,-0.006874663162215048,-0.01147124565861423,0.007931267193451058,-0.006910135901935897,-0.010590169540494637,0.009992308424044822,-0.008208595329589312,0.01799991068725586,0.015966680664501808,-0.0047771965608391816,-0.012451965351801618,0.017218965865320228,-0.00788881836470782,0.015727951064185293,-0.006093157866420788,-0.002968054521118794,-0.004271000494427711,0.009828101050318314,0.01994447847968167,0.011978559019391308,0.013315639234865225,0.015937861687573007,-0.01066523812340868,1,-0.004995431596279552,0.015975998846466378,-0.004930031028579757,-0.010803903601226813,-0.007888156812794126,0.013094672557012818,0.013290497673574864,-0.012819653723757159,0.003916582732037279,0.0158200200688837,0.011489599466129919,0.01195291076740495,-0.005689908197474508,-0.013167244015114318,0.027632623828803247,0.017999628943575277,0.009858684577207764,-0.011571542245313675,0.017781197912471805,0.005803344446667585,-0.007912053556882107,0.013970222467715326,-0.00734597451565063,0.021991970129088156,0.00393458597031693,-0.006227944938218859,0.019609166262463902,-0.00845831751908539,-0.010001903339668767,0.013988855272715543,-0.006397055466292725,-0.006407965324933438,0.011769485908493,0.013126926930179533,-0.007051999611242763,0.013705719806868168,-0.0014216664129317032,0.005960201169562724,0.009889910245025241,0.007781190457500217,0.013995428049868034,0.009830894343878401,-0.004499766205725545,-0.0047893568654346404,-0.003192492146293783,-0.006885565749165679,-0.0029114694598149993,-0.003726769182153279,0.00997866422309474,-0.009153717820587172,0.009900148420273504,-0.007121540859061759,0.003979970017138654,-0.012064796350645418,0.009681327589711545,0.015648833340013664,-0.004386066324845814,-0.007101337669238128,-0.009445129529149152,-0.005964667298397569,0.013735464542296839,0.011992110850463896,0.017766403646004337,0.011959761842588694,0.013699401173729267,-0.005141357012409085,-0.0019051078177103858,agent10,1
-0.881279896766806,-0.005605613521081471,-0.004412521374865079,-0.015171917254931975,-0.010474849993170365,-0.004712139967715855,-0.00768649020901715,-0.006933886497132099,0.007784684312840063,0.011998462568957959,-0.006874663162215048,-0.01147124565861423,0.007931267193451058,-0.006910135901935897,-0.010590169540494637,0.009992308424044822,-0.008208595329589312,0.01799991068725586,0.015966680664501808,-0.0047771965608391816,-0.012451965351801618,0.017218965865320228,-0.00788881836470782,0.015727951064185293,-0.006325443078151773,-0.002968054521118794,-0.004271000494427711,0.009828101050318314,0.01994447847968167,0.011978559019391308,0.013315639234865225,0.015937861687573007,-0.01066523812340868,1,-0.004995431596279552,0.015975998846466378,-0.004930031028579757,-0.010803903601226813,-0.007888156812794126,0.013094672557012818,0.013290497673574864,-0.012819653723757159,0.003916582732037279,0.0158200200688837,0.011489599466129919,0.01195291076740495,-0.005689908197474508,-0.013167244015114318,0.027632623828803247,0.017999628943575277,0.009858684577207764,-0.011571542245313675,0.017781197912471805,0.005803344446667585,-0.007912053556882107,0.013970222467715326,-0.00734597451565063,0.021991970129088156,0.00393458597031693,-0.006227944938218859,0.019609166262463902,-0.00845831751908539,-0.010001903339668767,0.013988855272715543,-0.006397055466292725,-0.006407965324933438,0.011769485908493,0.013126926930179533,-0.007051999611242763,0.013705719806868168,-0.0014216664129317032,0.005960201169562724,0.009889910245025241,0.007781190457500217,0.013995428049868034,0.009830894343878401,-0.004499766205725545,-0.0047893568654346404,-0.003192492146293783,-0.006885565749165679,-0.0029114694598149993,-0.003726769182153279,0.00997866422309474,-0.009153717820587172,0.009900148420273504,-0.007121540859061759,0.003979970017138654,-0.012064796350645418,0.009681327589711545,0.015648833340013664,-0.004386066324845814,-0.007101337669238128,-0.009445129529149152,-0.005964667298397569,0.013735464542296839,0.011992110850463896,0.017766403646004337,0.011959761842588694,0.013699401173729267,-0.005141357012409085,-0.0019051078177103858,agent23,1
-0.881279896766806,-0.005605613521081471,-0.004412521374865079,-0.015171917254931975,-0.010474849993170365,-0.004712139967715855,-0.00768649020901715,-0.006933886497132099,0.007784684312840063,0.011998462568957959,-0.006874663162215048,-0.01147124565861423,0.007931267193451058,-0.006910135901935897,-0.010590169540494637,0.009992308424044822,-0.008208595329589312,0.01799991068725586,0.015966680664501808,-0.0047771965608391816,-0.012451965351801618,0.017218965865320228,-0.00788881836470782,0.015727951064185293,-0.006325443078151773,-0.002968054521118794,-0.004271000494427711,0.009828101050318314,0.01994447847968167,0.011978559019391308,0.013315639234865225,0.015937861687573007,-0.01066523812340868,1,-0.004995431596279552,0.015975998846466378,-0.004930031028579757,-0.010803903601226813,-0.007888156812794126,0.013094672557012818,0.013290497673574864,-0.012819653723757159,0.003916582732037279,0.0158200200688837,0.011489599466129919,0.01195291076740495,-0.005689908197474508,-0.013167244015114318,0.027632623828803247,0.017999628943575277,0.009858684577207764,-0.011571542245313675,0.017781197912471805,0.005803344446667585,-0.007912053556882107,0.013970222467715326,-0.00734597451565063,0.021991970129088156,0.00393458597031693,-0.006227944938218859,0.019609166262463902,-0.00845831751908539,-0.010001903339668767,0.013988855272715543,-0.006397055466292725,-0.006407965324933438,0.011769485908493,0.013126926930179533,-0.007051999611242763,0.013705719806868168,-0.0014216664129317032,0.005960201169562724,0.009889910245025241,0.007781190457500217,0.013995428049868034,0.009830894343878401,-0.004499766205725545,-0.0047893568654346404,-0.003192492146293783,-0.006885565749165679,-0.0029114694598149993,-0.003726769182153279,0.00997866422309474,-0.009153717820587172,0.009900148420273504,-0.007121540859061759,0.003979970017138654,-0.012064796350645418,0.009681327589711545,0.015648833340013664,-0.004386066324845814,-0.007101337669238128,-0.009445129529149152,-0.005964667298397569,0.013735464542296839,0.011992110850463896,0.017766403646004337,0.011959761842588694,0.013699401173729267,-0.005141357012409085,-0.0019051078177103858,agent32,-0.881279896766806
-0.8822867823325551,-0.005605613521081471,-0.004412521374865079,-0.015171917254931975,-0.010474849993170365,-0.004712139967715855,-0.00768649020901715,-0.006933886497132099,0.007784684312840063,0.011998462568957959,-0.006874663162215048,-0.01147124565861423,0.007931267193451058,-0.006910135901935897,-0.010590169540494637,0.009992308424044822,-0.008208595329589312,0.01799991068725586,0.015966680664501808,-0.0047771965608391816,-0.012451965351801618,0.017218965865320228,-0.00788881836470782,0.015727951064185293,-0.006325443078151773,-0.002968054521118794,-0.004271000494427711,0.009828101050318314,0.01994447847968167,0.011978559019391308,0.013315639234865225,0.015937861687573007,-0.01066523812340868,1,-0.004995431596279552,0.015975998846466378,-0.004930031028579757,-0.010803903601226813,-0.007888156812794126,0.013094672557012818,0.013290497673574864,-0.012819653723757159,0.003916582732037279,0.0158200200688837,0.011489599466129919,0.01195291076740495,-0.005689908197474508,-0.013167244015114318,0.027632623828803247,0.017999628943575277,0.009858684577207764,-0.011571542245313675,0.017781197912471805,0.005803344446667585,-0.007912053556882107,0.013970222467715326,-0.00734597451565063,0.021991970129088156,0.00393458597031693,-0.006227944938218859,0.019609166262463902,-0.00845831751908539,-0.010001903339668767,0.013988855272715543,-0.006397055466292725,-0.006407965324933438,0.011769485908493,0.013126926930179533,-0.007051999611242763,0.013705719806868168,-0.0014216664129317032,0.005960201169562724,0.009889910245025241,0.007781190457500217,0.013995428049868034,0.009830894343878401,-0.004499766205725545,-0.0047893568654346404,-0.003192492146293783,-0.007115958724176218,-0.0029114694598149993,-0.003726769182153279,0.00997866422309474,-0.009153717820587172,0.009900148420273504,-0.007121540859061759,0.003979970017138654,-0.012064796350645418,0.009681327589711545,0.015648833340013664,-0.004386066324845814,-0.007101337669238128,-0.009445129529149152,-0.005964667298397569,0.013735464542296839,0.011992110850463896,0.017766403646004337,0.011959761842588694,0.013699401173729267,-0.005141357012409085,-0.0019051078177103858,agent78,1
-0.8833047819614986,-0.005605613521081471,-0.004412521374865079,-0.015171917254931975,-0.010474849993170365,-0.004712139967715855,-0.00768649020901715,-0.006933886497132099,0.007784684312840063,0.011998462568957959,-0.006874663162215048,-0.01147124565861423,0.007931267193451058,-0.006910135901935897,-0.010590169540494637,0.009992308424044822,-0.008208595329589312,0.01799991068725586,0.015966680664501808,-0.0047771965608391816,-0.012451965351801618,0.017218965865320228,-0.00788881836470782,0.015727951064185293,-0.006325443078151773,-0.002968054521118794,-0.004271000494427711,0.009828101050318314,0.01994447847968167,0.011978559019391308,0.013315639234865225,0.015937861687573007,-0.01066523812340868,1,-0.004995431596279552,0.015975998846466378,-0.004930031028579757,-0.010803903601226813,-0.007888156812794126,0.013094672557012818,0.013290497673574864,-0.012819653723757159,0.003916582732037279,0.0158200200688837,0.011489599466129919,0.01195291076740495,-0.005689908197474508,-0.013167244015114318,0.027632623828803247,0.019999569433579095,0.009858684577207764,-0.011571542245313675,0.017781197912471805,0.005803344446667585,-0.007912053556882107,0.013970222467715326,-0.00734597451565063,0.021991970129088156,0.00393458597031693,-0.006227944938218859,0.019609166262463902,-0.00845831751908539,-0.010001903339668767,0.013988855272715543,-0.006397055466292725,-0.006407965324933438,0.011769485908493,0.013126926930179533,-0.007051999611242763,0.013705719806868168,-0.0014216664129317032,0.005960201169562724,0.009889910245025241,0.007781190457500217,0.013995428049868034,0.009830894343878401,-0.004499766205725545,-0.0047893568654346404,-0.003192492146293783,-0.007115958724176218,-0.0029114694598149993,-0.003726769182153279,0.00997866422309474,-0.009153717820587172,0.009900148420273504,-0.007121540859061759,0.003979970017138654,-0.012064796350645418,0.009681327589711545,0.015648833340013664,-0.004386066324845814,-0.007101337669238128,-0.009445129529149152,-0.005964667298397569,0.013735464542296839,0.011992110850463896,0.017766403646004337,0.011959761842588694,0.013699401173729267,-0.005141357012409085,-0.0019051078177103858,agent48,-0.8713771539078761
-0.8843207579603451,-0.005605613521081471,-0.004412521374865079,-0.015171917254931975,-0.010474849993170365,-0.004712139967715855,-0.00768649020901715,-0.006933886497132099,0.007784684312840063,0.011998462568957959,-0.006874663162215048,-0.01147124565861423,0.007931267193451058,-0.006910135901935897,-0.010590169540494637,0.009992308424044822,-0.008208595329589312,0.01799991068725586,0.015966680664501808,-0.0047771965608391816,-0.012451965351801618,0.017218965865320228,-0.00788881836470782,0.015727951064185293,-0.006325443078151773,-0.002968054521118794,-0.004271000494427711,0.009828101050318314,0.01994447847968167,0.011978559019391308,0.013315639234865225,0.015937861687573007,-0.01066523812340868,1,-0.004995431596279552,0.017973141754772697,-0.004930031028579757,-0.010803903601226813,-0.007888156812794126,0.013094672557012818,0.013290497673574864,-0.012819653723757159,0.003916582732037279,0.0158200200688837,0.011489599466129919,0.01195291076740495,-0.005689908197474508,-0.013167244015114318,0.027632623828803247,0.019999569433579095,0.009858684577207764,-0.011571542245313675,0.017781197912471805,0.005803344446667585,-0.007912053556882107,0.013970222467715326,-0.00734597451565063,0.021991970129088156,0.00393458597031693,-0.006227944938218859,0.019609166262463902,-0.00845831751908539,-0.010001903339668767,0.013988855272715543,-0.006397055466292725,-0.006407965324933438,0.011769485908493,0.013126926930179533,-0.007051999611242763,0.013705719806868168,-0.0014216664129317032,0.005960201169562724,0.009889910245025241,0.007781190457500217,0.013995428049868034,0.009830894343878401,-0.004499766205725545,-0.0047893568654346404,-0.003192492146293783,-0.007115958724176218,-0.0029114694598149993,-0.003726769182153279,0.00997866422309474,-0.009153717820587172,0.009900148420273504,-0.007121540859061759,0.003979970017138654,-0.012064796350645418,0.009681327589711545,0.015648833340013664,-0.004386066324845814,-0.007101337669238128,-0.009445129529149152,-0.005964667298397569,0.013735464542296839,0.011992110850463896,0.017766403646004337,0.011959761842588694,0.013699401173729267,-0.005141357012409085,-0.0019051078177103858,agent34,-0.958896999731333
-0.8853302030898743,-0.005605613521081471,-0.004412521374865079,-0.015171917254931975,-0.010474849993170365,-0.004712139967715855,-0.00768649020901715,-0.006933886497132099,0.007784684312840063,0.011998462568957959,-0.006874663162215048,-0.01147124565861423,0.007931267193451058,-0.006910135901935897,-0.010590169540494637,0.009992308424044822,-0.008208595329589312,0.01799991068725586,0.015966680664501808,-0.0047771965608391816,-0.012451965351801618,0.017218965865320228,-0.00788881836470782,0.015727951064185293,-0.006325443078151773,-0.002968054521118794,-0.004271000494427711,0.009828101050318314,0.01994447847968167,0.011978559019391308,0.013315639234865225,0.015937861687573007,-0.01066523812340868,1,-0.004995431596279552,0.017973141754772697,-0.004930031028579757,-0.010803903601226813,-0.007888156812794126,0.013094672557012818,0.013290497673574864,-0.012819653723757159,0.003916582732037279,0.0158200200688837,0.011489599466129919,0.01195291076740495,-0.005689908197474508,-0.013167244015114318,0.027632623828803247,0.019999569433579095,0.009858684577207764,-0.011571542245313675,0.017781197912471805,0.005803344446667585,-0.007912053556882107,0.013970222467715326,-0.00734597451565063,0.021991970129088156,0.00393458597031693,-0.006227944938218859,0.019609166262463902,-0.00845831751908539,-0.010001903339668767,0.013988855272715543,-0.006397055466292725,-0.006407965324933438,0.011769485908493,0.013126926930179533,-0.007051999611242763,0.013705719806868168,-0.0014216664129317032,0.005960201169562724,0.009889910245025241,0.007781190457500217,0.013995428049868034,0.009830894343878401,-0.004499766205725545,-0.0047893568654346404,-0.003192492146293783,-0.007115958724176218,-0.0029114694598149993,-0.003726769182153279,0.00997866422309474,-0.009153717820587172,0.009900148420273504,-0.007121540859061759,0.003979970017138654,-0.012064796350645418,0.009681327589711545,0.015648833340013664,-0.004386066324845814,-0.007101337669238128,-0.010027507644426337,-0.005964667298397569,0.013735464542296839,0.011992110850463896,0.017766403646004337,0.011959761842588694,0.013699401173729267,-0.005141357012409085,-0.0019051078177103858,agent91,0.7994974535594233
-0.8863434935875479,-0.005605613521081471,-0.004412521374865079,-0.015171917254931975,-0.010474849993170365,-0.004712139967715855,-0.00768649020901715,-0.006933886497132099,0.007784684312840063,0.011998462568957959,-0.006874663162215048,-0.01147124565861423,0.007931267193451058,-0.006910135901935897,-0.010590169540494637,0.009992308424044822,-0.008208595329589312,0.01799991068725586,0.015966680664501808,-0.0047771965608391816,-0.012451965351801618,0.017218965865320228,-0.00788881836470782,0.015727951064185293,-0.006325443078151773,-0.002968054521118794,-0.004271000494427711,0.009828101050318314,0.01994447847968167,0.011978559019391308,0.013315639234865225,0.015937861687573007,-0.01066523812340868,1,-0.004995431596279552,0.017973141754772697,-0.004930031028579757,-0.010803903601226813,-0.007888156812794126,0.013094672557012818,0.01528392309241316,-0.012819653723757159,0.003916582732037279,0.0158200200688837,0.011489599466129919,0.01195291076740495,-0.005689908197474508,-0.013167244015114318,0.027632623828803247,0.019999569433579095,0.009858684577207764,-0.011571542245313675,0.017781197912471805,0.005803344446667585,-0.007912053556882107,0.013970222467715326,-0.00734597451565063,0.021991970129088156,0.00393458597031693,-0.006227944938218859,0.019609166262463902,-0.00845831751908539,-0.010001903339668767,0.013988855272715543,-0.006397055466292725,-0.006407965324933438,0.011769485908493,0.013126926930179533,-0.007051999611242763,0.013705719806868168,-0.0014216664129317032,0.005960201169562724,0.009889910245025241,0.007781190457500217,0.013995428049868034,0.009830894343878401,-0.004499766205725545,-0.0047893568654346404,-0.003192492146293783,-0.007115958724176218,-0.0029114694598149993,-0.003726769182153279,0.00997866422309474,-0.009153717820587172,0.009900148420273504,-0.007121540859061759,0.003979970017138654,-0.012064796350645418,0.009681327589711545,0.015648833340013664,-0.004386066324845814,-0.007101337669238128,-0.010027507644426337,-0.005964667298397569,0.013735464542296839,0.011992110850463896,0.017766403646004337,0.011959761842588694,0.013699401173729267,-0.005141357012409085,-0.0019051078177103858,agent39,-1
-0.8873554856983984,-0.005605613521081471,-0.004412521374865079,-0.015171917254931975,-0.010474849993170365,-0.004712139967715855,-0.00768649020901715,-0.006933886497132099,0.007784684312840063,0.011998462568957959,-0.006874663162215048,-0.01147124565861423,0.007931267193451058,-0.006910135901935897,-0.010590169540494637,0.009992308424044822,-0.008208595329589312,0.01799991068725586,0.015966680664501808,-0.0047771965608391816,-0.012451965351801618,0.017218965865320228,-0.00788881836470782,0.015727951064185293,-0.006325443078151773,-0.002968054521118794,-0.004271000494427711,0.009828101050318314,0.01994447847968167,0.011978559019391308,0.013315639234865225,0.015937861687573007,-0.01066523812340868,1,-0.004995431596279552,0.017973141754772697,-0.004930031028579757,-0.010803903601226813,-0.007888156812794126,0.013094672557012818,0.01528392309241316,-0.012819653723757159,0.003916582732037279,0.0158200200688837,0.011489599466129919,0.01195291076740495,-0.005689908197474508,-0.013167244015114318,0.027632623828803247,0.019999569433579095,0.009858684577207764,-0.011571542245313675,0.017781197912471805,0.005803344446667585,-0.007912053556882107,0.013970222467715326,-0.00734597451565063,0.021991970129088156,0.00393458597031693,-0.006227944938218859,0.019609166262463902,-0.00845831751908539,-0.010001903339668767,0.013988855272715543,-0.006397055466292725,-0.006407965324933438,0.011769485908493,0.013126926930179533,-0.007051999611242763,0.013705719806868168,-0.0014216664129317032,0.005960201169562724,0.009889910245025241,0.007781190457500217,0.013995428049868034,0.009830894343878401,-0.004499766205725545,-0.0047893568654346404,-0.003192492146293783,-0.007115958724176218,-0.0029114694598149993,-0.003726769182153279,0.00997866422309474,-0.009153717820587172,0.009900148420273504,-0.007121540859061759,0.003979970017138654,-0.012064796350645418,0.009681327589711545,0.015648833340013664,-0.004386066324845814,-0.007101337669238128,-0.010027507644426337,-0.005964667298397569,0.013735464542296839,0.013990755507582046,0.017766403646004337,0.011959761842588694,0.013699401173729267,-0.005141357012409085,-0.0019051078177103858,agent94,-0.8342792470867237
-0.8883618111414765,-0.005605613521081471,-0.004412521374865079,-0.015171917254931975,-0.010474849993170365,-0.004712139967715855,-0.00768649020901715,-0.006933886497132099,0.007784684312840063,0.011998462568957959,-0.006874663162215048,-0.01147124565861423,0.007931267193451058,-0.006910135901935897,-0.010590169540494637,0.009992308424044822,-0.008208595329589312,0.01799991068725586,0.015966680664501808,-0.0047771965608391816,-0.012451965351801618,0.017218965865320228,-0.00788881836470782,0.015727951064185293,-0.006544387713453855,-0.002968054521118794,-0.004271000494427711,0.009828101050318314,0.01994447847968167,0.011978559019391308,0.013315639234865225,0.015937861687573007,-0.01066523812340868,1,-0.004995431596279552,0.017973141754772697,-0.004930031028579757,-0.010803903601226813,-0.007888156812794126,0.013094672557012818,0.01528392309241316,-0.012819653723757159,0.003916582732037279,0.0158200200688837,0.011489599466129919,0.01195291076740495,-0.005689908197474508,-0.013167244015114318,0.027632623828803247,0.019999569433579095,0.009858684577207764,-0.011571542245313675,0.017781197912471805,0.005803344446667585,-0.007912053556882107,0.013970222467715326,-0.00734597451565063,0.021991970129088156,0.00393458597031693,-0.006227944938218859,0.019609166262463902,-0.00845831751908539,-0.010001903339668767,0.013988855272715543,-0.006397055466292725,-0.006407965324933438,0.011769485908493,0.013126926930179533,-0.007051999611242763,0.013705719806868168,-0.0014216664129317032,0.005960201169562724,0.009889910245025241,0.007781190457500217,0.013995428049868034,0.009830894343878401,-0.004499766205725545,-0.0047893568654346404,-0.003192492146293783,-0.007115958724176218,-0.0029114694598149993,-0.003726769182153279,0.00997866422309474,-0.009153717820587172,0.009900148420273504,-0.007121540859061759,0.003979970017138654,-0.012064796350645418,0.009681327589711545,0.015648833340013664,-0.004386066324845814,-0.007101337669238128,-0.010027507644426337,-0.005964667298397569,0.013735464542296839,0.013990755507582046,0.017766403646004337,0.011959761842588694,0.013699401173729267,-0.005141357012409085,-0.0019051078177103858,agent23,1
-0.8893657457274469,-0.005605613521081471,-0.004412521374865079,-0.015171917254931975,-0.010474849993170365,-0.004712139967715855,-0.00768649020901715,-0.006933886497132099,0.007784684312840063,0.011998462568957959,-0.006874663162215048,-0.01147124565861423,0.007931267193451058,-0.006910135901935897,-0.010590169540494637,0.009992308424044822,-0.008208595329589312,0.01799991068725586,0.015966680664501808,-0.0047771965608391816,-0.012451965351801618,0.017218965865320228,-0.00788881836470782,0.015727951064185293,-0.006544387713453855,-0.002968054521118794,-0.004271000494427711,0.009828101050318314,0.01994447847968167,0.011978559019391308,0.013315639234865225,0.015937861687573007,-0.01066523812340868,1,-0.004995431596279552,0.017973141754772697,-0.004930031028579757,-0.010803903601226813,-0.007888156812794126,0.013094672557012818,0.01528392309241316,-0.012819653723757159,0.003916582732037279,0.0158200200688837,0.011489599466129919,0.01195291076740495,-0.005689908197474508,-0.013167244015114318,0.027632623828803247,0.019999569433579095,0.009858684577207764,-0.011571542245313675,0.017781197912471805,0.005803344446667585,-0.007912053556882107,0.013970222467715326,-0.00734597451565063,0.021991970129088156,0.005928354427711125,-0.006227944938218859,0.019609166262463902,-0.00845831751908539,-0.010001903339668767,0.013988855272715543,-0.006397055466292725,-0.006407965324933438,0.011769485908493,0.013126926930179533,-0.007051999611242763,0.013705719806868168,-0.0014216664129317032,0.005960201169562724,0.009889910245025241,0.007781190457500217,0.013995428049868034,0.009830894343878401,-0.004499766205725545,-0.0047893568654346404,-0.003192492146293783,-0.007115958724176218,-0.0029114694598149993,-0.003726769182153279,0.00997866422309474,-0.009153717820587172,0.009900148420273504,-0.007121540859061759,0.003979970017138654,-0.012064796350645418,0.009681327589711545,0.015648833340013664,-0.004386066324845814,-0.007101337669238128,-0.010027507644426337,-0.005964667298397569,0.013735464542296839,0.013990755507582046,0.017766403646004337,0.011959761842588694,0.013699401173729267,-0.005141357012409085,-0.0019051078177103858,agent57,-1
-0.8903794451286206,-0.005605613521081471,-0.004412521374865079,-0.015171917254931975,-0.010474849993170365,-0.004712139967715855,-0.00768649020901715,-0.006933886497132099,0.007784684312840063,0.011998462568957959,-0.006874663162215048,-0.01147124565861423,0.007931267193451058,-0.006910135901935897,-0.010590169540494637,0.009992308424044822,-0.008208595329589312,0.01799991068725586,0.015966680664501808,-0.0047771965608391816,-0.012451965351801618,0.017218965865320228,-0.00788881836470782,0.015727951064185293,-0.006544387713453855,-0.002968054521118794,-0.004271000494427711,0.009828101050318314,0.01994447847968167,0.011978559019391308,0.013315639234865225,0.015937861687573007,-0.01066523812340868,1,-0.004995431596279552,0.017973141754772697,-0.004930031028579757,-0.010803903601226813,-0.007888156812794126,0.013094672557012818,0.01528392309241316,-0.012819653723757159,0.003916582732037279,0.0158200200688837,0.011489599466129919,0.01195291076740495,-0.005689908197474508,-0.013167244015114318,0.027632623828803247,0.019999569433579095,0.009858684577207764,-0.011571542245313675,0.017781197912471805,0.005803344446667585,-0.007912053556882107,0.013970222467715326,-0.00734597451565063,0.021991970129088156,0.005928354427711125,-0.006227944938218859,0.019609166262463902,-0.00845831751908539,-0.010001903339668767,0.013988855272715543,-0.006397055466292725,-0.006407965324933438,0.011769485908493,0.013126926930179533,-0.007051999611242763,0.013705719806868168,-0.0014216664129317032,0.005960201169562724,0.009889910245025241,0.007781190457500217,0.013995428049868034,0.009830894343878401,-0.004499766205725545,-0.0047893568654346404,-0.003192492146293783,-0.007115958724176218,-0.0029114694598149993,-0.003726769182153279,0.00997866422309474,-0.009153717820587172,0.009900148420273504,-0.007121540859061759,0.003979970017138654,-0.012064796350645418,0.009681327589711545,0.015648833340013664,-0.004386066324845814,-0.007101337669238128,-0.010027507644426337,-0.005964667298397569,0.013735464542296839,0.013990755507582046,0.017766403646004337,0.011959761842588694,0.015693281204620046,-0.005141357012409085,-0.0019051078177103858,agent97,-1
-0.8913858421840869,-0.005605613521081471,-0.004412521374865079,-0.015171917254931975,-0.010474849993170365,-0.004712139967715855,-0.00768649020901715,-0.006933886497132099,0.007784684312840063,0.011998462568957959,-0.006874663162215048,-0.01147124565861423,0.007931267193451058,-0.006910135901935897,-0.010590169540494637,0.009992308424044822,-0.008208595329589312,0.01799991068725586,0.015966680664501808,-0.0047771965608391816,-0.012451965351801618,0.017218965865320228,-0.00788881836470782,0.015727951064185293,-0.006544387713453855,-0.002968054521118794,-0.004271000494427711,0.009828101050318314,0.01994447847968167,0.011978559019391308,0.013315639234865225,0.015937861687573007,-0.01066523812340868,1,-0.004995431596279552,0.017973141754772697,-0.004930031028579757,-0.010803903601226813,-0.007888156812794126,0.013094672557012818,0.01528392309241316,-0.012819653723757159,0.003916582732037279,0.0158200200688837,0.011489599466129919,0.01195291076740495,-0.005689908197474508,-0.013167244015114318,0.027632623828803247,0.019999569433579095,0.009858684577207764,-0.011571542245313675,0.017781197912471805,0.005803344446667585,-0.007912053556882107,0.013970222467715326,-0.00734597451565063,0.021991970129088156,0.005928354427711125,-0.006227944938218859,0.019609166262463902,-0.00845831751908539,-0.010001903339668767,0.013988855272715543,-0.006864140547804592,-0.006407965324933438,0.011769485908493,0.013126926930179533,-0.007051999611242763,0.013705719806868168,-0.0014216664129317032,0.005960201169562724,0.009889910245025241,0.007781190457500217,0.013995428049868034,0.009830894343878401,-0.004499766205725545,-0.0047893568654346404,-0.003192492146293783,-0.007115958724176218,-0.0029114694598149993,-0.003726769182153279,0.00997866422309474,-0.009153717820587172,0.009900148420273504,-0.007121540859061759,0.003979970017138654,-0.012064796350645418,0.009681327589711545,0.015648833340013664,-0.004386066324845814,-0.007101337669238128,-0.010027507644426337,-0.005964667298397569,0.013735464542296839,0.013990755507582046,0.017766403646004337,0.011959761842588694,0.015693281204620046,-0.005141357012409085,-0.0019051078177103858,agent63,0.8605716783971812
-0.8923986618378107,-0.005605613521081471,-0.004412521374865079,-0.015171917254931975,-0.010474849993170365,-0.004712139967715855,-0.00768649020901715,-0.006933886497132099,0.007784684312840063,0.011998462568957959,-0.006874663162215048,-0.01147124565861423,0.007931267193451058,-0.006910135901935897,-0.010590169540494637,0.009992308424044822,-0.008208595329589312,0.01799991068725586,0.015966680664501808,-0.0047771965608391816,-0.012451965351801618,0.017218965865320228,-0.00788881836470782,0.015727951064185293,-0.006544387713453855,-0.002968054521118794,-0.004271000494427711,0.009828101050318314,0.01994447847968167,0.011978559019391308,0.013315639234865225,0.015937861687573007,-0.01066523812340868,1,-0.004995431596279552,0.017973141754772697,-0.004930031028579757,-0.010803903601226813,-0.007888156812794126,0.013094672557012818,0.01528392309241316,-0.013220217606997937,0.003916582732037279,0.0158200200688837,0.011489599466129919,0.01195291076740495,-0.005689908197474508,-0.013167244015114318,0.027632623828803247,0.019999569433579095,0.009858684577207764,-0.011571542245313675,0.017781197912471805,0.005803344446667585,-0.007912053556882107,0.013970222467715326,-0.00734597451565063,0.021991970129088156,0.005928354427711125,-0.006227944938218859,0.019609166262463902,-0.00845831751908539,-0.010001903339668767,0.013988855272715543,-0.006864140547804592,-0.006407965324933438,0.011769485908493,0.013126926930179533,-0.007051999611242763,0.013705719806868168,-0.0014216664129317032,0.005960201169562724,0.009889910245025241,0.007781190457500217,0.013995428049868034,0.009830894343878401,-0.004499766205725545,-0.0047893568654346404,-0.003192492146293783,-0.007115958724176218,-0.0029114694598149993,-0.003726769182153279,0.00997866422309474,-0.009153717820587172,0.009900148420273504,-0.007121540859061759,0.003979970017138654,-0.012064796350645418,0.009681327589711545,0.015648833340013664,-0.004386066324845814,-0.007101337669238128,-0.010027507644426337,-0.005964667298397569,0.013735464542296839,0.013990755507582046,0.017766403646004337,0.011959761842588694,0.015693281204620046,-0.005141357012409085,-0.0019051078177103858,agent40,0.8971532917233718
-0.8934042674513317,-0.0058150271734187025,-0.004412521374865079,-0.015171917254931975,-0.010474849993170365,-0.004712139967715855,-0.00768649020901715,-0.006933886497132099,0.007784684312840063,0.011998462568957959,-0.006874663162215048,-0.01147124565861423,0.007931267193451058,-0.006910135901935897,-0.010590169540494637,0.009992308424044822,-0.008208595329589312,0.01799991068725586,0.015966680664501808,-0.0047771965608391816,-0.012451965351801618,0.017218965865320228,-0.00788881836470782,0.015727951064185293,-0.006544387713453855,-0.002968054521118794,-0.004271000494427711,0.009828101050318314,0.01994447847968167,0.011978559019391308,0.013315639234865225,0.015937861687573007,-0.01066523812340868,1,-0.004995431596279552,0.017973141754772697,-0.004930031028579757,-0.010803903601226813,-0.007888156812794126,0.013094672557012818,0.01528392309241316,-0.013220217606997937,0.003916582732037279,0.0158200200688837,0.011489599466129919,0.01195291076740495,-0.005689908197474508,-0.013167244015114318,0.027632623828803247,0.019999569433579095,0.009858684577207764,-0.011571542245313675,0.017781197912471805,0.005803344446667585,-0.007912053556882107,0.013970222467715326,-0.00734597451565063,0.021991970129088156,0.005928354427711125,-0.006227944938218859,0.019609166262463902,-0.00845831751908539,-0.010001903339668767,0.013988855272715543,-0.006864140547804592,-0.006407965324933438,0.011769485908493,0.013126926930179533,-0.007051999611242763,0.013705719806868168,-0.0014216664129317032,0.005960201169562724,0.009889910245025241,0.007781190457500217,0.013995428049868034,0.009830894343878401,-0.004499766205725545,-0.0047893568654346404,-0.003192492146293783,-0.007115958724176218,-0.0029114694598149993,-0.003726769182153279,0.00997866422309474,-0.009153717820587172,0.009900148420273504,-0.007121540859061759,0.003979970017138654,-0.012064796350645418,0.009681327589711545,0.015648833340013664,-0.004386066324845814,-0.007101337669238128,-0.010027507644426337,-0.005964667298397569,0.013735464542296839,0.013990755507582046,0.017766403646004337,0.011959761842588694,0.015693281204620046,-0.005141357012409085,-0.0019051078177103858,agent0,1
-0.8944242119298114,-0.0058150271734187025,-0.004412521374865079,-0.015171917254931975,-0.010474849993170365,-0.004712139967715855,-0.00768649020901715,-0.006933886497132099,0.007784684312840063,0.011998462568957959,-0.006874663162215048,-0.01147124565861423,0.007931267193451058,-0.006910135901935897,-0.010590169540494637,0.009992308424044822,-0.008208595329589312,0.01799991068725586,0.015966680664501808,-0.0047771965608391816,-0.012451965351801618,0.017218965865320228,-0.00788881836470782,0.015727951064185293,-0.006544387713453855,-0.002968054521118794,-0.004271000494427711,0.009828101050318314,0.021938657070598923,0.011978559019391308,0.013315639234865225,0.015937861687573007,-0.01066523812340868,1,-0.004995431596279552,0.017973141754772697,-0.004930031028579757,-0.010803903601226813,-0.007888156812794126,0.013094672557012818,0.01528392309241316,-0.013220217606997937,0.003916582732037279,0.0158200200688837,0.011489599466129919,0.01195291076740495,-0.005689908197474508,-0.013167244015114318,0.027632623828803247,0.019999569433579095,0.009858684577207764,-0.011571542245313675,0.017781197912471805,0.005803344446667585,-0.007912053556882107,0.013970222467715326,-0.00734597451565063,0.021991970129088156,0.005928354427711125,-0.006227944938218859,0.019609166262463902,-0.00845831751908539,-0.010001903339668767,0.013988855272715543,-0.006864140547804592,-0.006407965324933438,0.011769485908493,0.013126926930179533,-0.007051999611242763,0.013705719806868168,-0.0014216664129317032,0.005960201169562724,0.009889910245025241,0.007781190457500217,0.013995428049868034,0.009830894343878401,-0.004499766205725545,-0.0047893568654346404,-0.003192492146293783,-0.007115958724176218,-0.0029114694598149993,-0.003726769182153279,0.00997866422309474,-0.009153717820587172,0.009900148420273504,-0.007121540859061759,0.003979970017138654,-0.012064796350645418,0.009681327589711545,0.015648833340013664,-0.004386066324845814,-0.007101337669238128,-0.010027507644426337,-0.005964667298397569,0.013735464542296839,0.013990755507582046,0.017766403646004337,0.011959761842588694,0.015693281204620046,-0.005141357012409085,-0.0019051078177103858,agent27,-0.7855023760615207
-0.8954382073578613,-0.0058150271734187025,-0.004412521374865079,-0.015171917254931975,-0.010474849993170365,-0.004712139967715855,-0.00768649020901715,-0.006933886497132099,0.007784684312840063,0.011998462568957959,-0.006874663162215048,-0.01147124565861423,0.007931267193451058,-0.006910135901935897,-0.010590169540494637,0.009992308424044822,-0.008208595329589312,0.01799991068725586,0.015966680664501808,-0.0047771965608391816,-0.012451965351801618,0.017218965865320228,-0.00788881836470782,0.015727951064185293,-0.006544387713453855,-0.002968054521118794,-0.004271000494427711,0.009828101050318314,0.021938657070598923,0.011978559019391308,0.013315639234865225,0.015937861687573007,-0.01066523812340868,1,-0.004995431596279552,0.017973141754772697,-0.004930031028579757,-0.010803903601226813,-0.007888156812794126,0.013094672557012818,0.01528392309241316,-0.013220217606997937,0.003916582732037279,0.0158200200688837,0.011489599466129919,0.01195291076740495,-0.005689908197474508,-0.013167244015114318,0.027632623828803247,0.019999569433579095,0.009858684577207764,-0.011571542245313675,0.017781197912471805,0.005803344446667585,-0.007912053556882107,0.013970222467715326,-0.00734597451565063,0.021991970129088156,0.005928354427711125,-0.006227944938218859,0.019609166262463902,-0.00845831751908539,-0.010001903339668767,0.013988855272715543,-0.006864140547804592,-0.006407965324933438,0.011769485908493,0.013126926930179533,-0.007051999611242763,0.013705719806868168,-0.0014216664129317032,0.005960201169562724,0.009889910245025241,0.007781190457500217,0.01599480266686062,0.009830894343878401,-0.004499766205725545,-0.0047893568654346404,-0.003192492146293783,-0.007115958724176218,-0.0029114694598149993,-0.003726769182153279,0.00997866422309474,-0.009153717820587172,0.009900148420273504,-0.007121540859061759,0.003979970017138654,-0.012064796350645418,0.009681327589711545,0.015648833340013664,-0.004386066324845814,-0.007101337669238128,-0.010027507644426337,-0.005964667298397569,0.013735464542296839,0.013990755507582046,0.017766403646004337,0.011959761842588694,0.015693281204620046,-0.005141357012409085,-0.0019051078177103858,agent73,-0.9297903824155617
-0.896444135712289,-0.0058150271734187025,-0.004412521374865079,-0.015171917254931975,-0.010474849993170365,-0.004712139967715855,-0.00768649020901715,-0.006933886497132099,0.007784684312840063,0.011998462568957959,-0.006874663162215048,-0.01147124565861423,0.007931267193451058,-0.006910135901935897,-0.010590169540494637,0.009992308424044822,-0.008208595329589312,0.01799991068725586,0.015966680664501808,-0.0047771965608391816,-0.012451965351801618,0.017218965865320228,-0.00788881836470782,0.015727951064185293,-0.006544387713453855,-0.002968054521118794,-0.004271000494427711,0.009828101050318314,0.021938657070598923,0.011978559019391308,0.013315639234865225,0.015937861687573007,-0.01066523812340868,1,-0.004995431596279552,0.017973141754772697,-0.004930031028579757,-0.010803903601226813,-0.007888156812794126,0.013094672557012818,0.01528392309241316,-0.013220217606997937,0.003916582732037279,0.0158200200688837,0.011489599466129919,0.01195291076740495,-0.005689908197474508,-0.013167244015114318,0.027632623828803247,0.019999569433579095,0.009858684577207764,-0.011571542245313675,0.017781197912471805,0.005803344446667585,-0.007912053556882107,0.013970222467715326,-0.00734597451565063,0.021991970129088156,0.007922887843470856,-0.006227944938218859,0.019609166262463902,-0.00845831751908539,-0.010001903339668767,0.013988855272715543,-0.006864140547804592,-0.006407965324933438,0.011769485908493,0.013126926930179533,-0.007051999611242763,0.013705719806868168,-0.0014216664129317032,0.005960201169562724,0.009889910245025241,0.007781190457500217,0.01599480266686062,0.009830894343878401,-0.004499766205725545,-0.0047893568654346404,-0.003192492146293783,-0.007115958724176218,-0.0029114694598149993,-0.003726769182153279,0.00997866422309474,-0.009153717820587172,0.009900148420273504,-0.007121540859061759,0.003979970017138654,-0.012064796350645418,0.009681327589711545,0.015648833340013664,-0.004386066324845814,-0.007101337669238128,-0.010027507644426337,-0.005964667298397569,0.013735464542296839,0.013990755507582046,0.017766403646004337,0.011959761842588694,0.015693281204620046,-0.005141357012409085,-0.0019051078177103858,agent57,-1
-0.8974520586001324,-0.0058150271734187025,-0.004412521374865079,-0.015171917254931975,-0.010474849993170365,-0.004712139967715855,-0.00768649020901715,-0.006933886497132099,0.007784684312840063,0.011998462568957959,-0.006874663162215048,-0.01147124565861423,0.007931267193451058,-0.006910135901935897,-0.010590169540494637,0.009992308424044822,-0.008208595329589312,0.01799991068725586,0.015966680664501808,-0.0047771965608391816,-0.012451965351801618,0.017218965865320228,-0.00788881836470782,0.015727951064185293,-0.006544387713453855,-0.002968054521118794,-0.004271000494427711,0.009828101050318314,0.021938657070598923,0.011978559019391308,0.013315639234865225,0.015937861687573007,-0.01066523812340868,1,-0.004995431596279552,0.017973141754772697,-0.004930031028579757,-0.010803903601226813,-0.007888156812794126,0.013094672557012818,0.01528392309241316,-0.013220217606997937,0.003916582732037279,0.0158200200688837,0.011489599466129919,0.01195291076740495,-0.005689908197474508,-0.013167244015114318,0.027632623828803247,0.019999569433579095,0.009858684577207764,-0.011571542245313675,0.017781197912471805,0.005803344446667585,-0.007912053556882107,0.013970222467715326,-0.00734597451565063,0.021991970129088156,0.009917525934956668,-0.006227944938218859,0.019609166262463902,-0.00845831751908539,-0.010001903339668767,0.013988855272715543,-0.006864140547804592,-0.006407965324933438,0.011769485908493,0.013126926930179533,-0.007051999611242763,0.013705719806868168,-0.0014216664129317032,0.005960201169562724,0.009889910245025241,0.007781190457500217,0.01599480266686062,0.009830894343878401,-0.004499766205725545,-0.0047893568654346404,-0.003192492146293783,-0.007115958724176218,-0.0029114694598149993,-0.003726769182153279,0.00997866422309474,-0.009153717820587172,0.009900148420273504,-0.007121540859061759,0.003979970017138654,-0.012064796350645418,0.009681327589711545,0.015648833340013664,-0.004386066324845814,-0.007101337669238128,-0.010027507644426337,-0.005964667298397569,0.013735464542296839,0.013990755507582046,0.017766403646004337,0.011959761842588694,0.015693281204620046,-0.005141357012409085,-0.0019051078177103858,agent57,-1
-0.898463529845791,-0.0058150271734187025,-0.004412521374865079,-0.015171917254931975,-0.010474849993170365,-0.004712139967715855,-0.00768649020901715,-0.006933886497132099,0.007784684312840063,0.011998462568957959,-0.006874663162215048,-0.01167108350127129,0.007931267193451058,-0.006910135901935897,-0.010590169540494637,0.009992308424044822,-0.008208595329589312,0.01799991068725586,0.015966680664501808,-0.0047771965608391816,-0.012451965351801618,0.017218965865320228,-0.00788881836470782,0.015727951064185293,-0.006544387713453855,-0.002968054521118794,-0.004271000494427711,0.009828101050318314,0.021938657070598923,0.011978559019391308,0.013315639234865225,0.015937861687573007,-0.01066523812340868,1,-0.004995431596279552,0.017973141754772697,-0.004930031028579757,-0.010803903601226813,-0.007888156812794126,0.013094672557012818,0.01528392309241316,-0.013220217606997937,0.003916582732037279,0.0158200200688837,0.011489599466129919,0.01195291076740495,-0.005689908197474508,-0.013167244015114318,0.027632623828803247,0.019999569433579095,0.009858684577207764,-0.011571542245313675,0.017781197912471805,0.005803344446667585,-0.007912053556882107,0.013970222467715326,-0.00734597451565063,0.021991970129088156,0.009917525934956668,-0.006227944938218859,0.019609166262463902,-0.00845831751908539,-0.010001903339668767,0.013988855272715543,-0.006864140547804592,-0.006407965324933438,0.011769485908493,0.013126926930179533,-0.007051999611242763,0.013705719806868168,-0.0014216664129317032,0.005960201169562724,0.009889910245025241,0.007781190457500217,0.01599480266686062,0.009830894343878401,-0.004499766205725545,-0.0047893568654346404,-0.003192492146293783,-0.007115958724176218,-0.0029114694598149993,-0.003726769182153279,0.00997866422309474,-0.009153717820587172,0.009900148420273504,-0.007121540859061759,0.003979970017138654,-0.012064796350645418,0.009681327589711545,0.015648833340013664,-0.004386066324845814,-0.007101337669238128,-0.010027507644426337,-0.005964667298397569,0.013735464542296839,0.013990755507582046,0.017766403646004337,0.011959761842588694,0.015693281204620046,-0.005141357012409085,-0.0019051078177103858,agent10,1
-0.8994755946421417,-0.0058150271734187025,-0.004412521374865079,-0.015171917254931975,-0.010474849993170365,-0.004712139967715855,-0.00768649020901715,-0.006933886497132099,0.007784684312840063,0.011998462568957959,-0.006874663162215048,-0.01167108350127129,0.007931267193451058,-0.006910135901935897,-0.010590169540494637,0.009992308424044822,-0.008208595329589312,0.01799991068725586,0.015966680664501808,-0.0047771965608391816,-0.012451965351801618,0.017218965865320228,-0.00788881836470782,0.015727951064185293,-0.006544387713453855,-0.002968054521118794,-0.004271000494427711,0.009828101050318314,0.021938657070598923,0.011978559019391308,0.013315639234865225,0.015937861687573007,-0.01066523812340868,1,-0.004995431596279552,0.017973141754772697,-0.004930031028579757,-0.010803903601226813,-0.007888156812794126,0.013094672557012818,0.01528392309241316,-0.013220217606997937,0.003916582732037279,0.0158200200688837,0.011489599466129919,0.01195291076740495,-0.005689908197474508,-0.013167244015114318,0.027632623828803247,0.019999569433579095,0.009858684577207764,-0.011571542245313675,0.017781197912471805,0.005803344446667585,-0.007912053556882107,0.013970222467715326,-0.00734597451565063,0.021991970129088156,0.009917525934956668,-0.006227944938218859,0.019609166262463902,-0.00845831751908539,-0.010001903339668767,0.013988855272715543,-0.006864140547804592,-0.006407965324933438,0.011769485908493,0.013126926930179533,-0.007051999611242763,0.013705719806868168,-0.0014216664129317032,0.005960201169562724,0.009889910245025241,0.007781190457500217,0.01599480266686062,0.009830894343878401,-0.004499766205725545,-0.0047893568654346404,-0.003192492146293783,-0.007115958724176218,-0.0029114694598149993,-0.003726769182153279,0.00997866422309474,-0.009153717820587172,0.009900148420273504,-0.007121540859061759,0.003979970017138654,-0.012480669542324683,0.009681327589711545,0.015648833340013664,-0.004386066324845814,-0.007101337669238128,-0.010027507644426337,-0.005964667298397569,0.013735464542296839,0.013990755507582046,0.017766403646004337,0.011959761842588694,0.015693281204620046,-0.005141357012409085,-0.0019051078177103858,agent86,0.8814953507583283
-0.9004835259093351,-0.0058150271734187025,-0.004412521374865079,-0.015171917254931975,-0.010474849993170365,-0.004712139967715855,-0.00768649020901715,-0.006933886497132099,0.007784684312840063,0.011998462568957959,-0.006874663162215048,-0.01167108350127129,0.009926214615414783,-0.006910135901935897,-0.010590169540494637,0.009992308424044822,-0.008208595329589312,0.01799991068725586,0.015966680664501808,-0.0047771965608391816,-0.012451965351801618,0.017218965865320228,-0.00788881836470782,0.015727951064185293,-0.006544387713453855,-0.002968054521118794,-0.004271000494427711,0.009828101050318314,0.021938657070598923,0.011978559019391308,0.013315639234865225,0.015937861687573007,-0.01066523812340868,1,-0.004995431596279552,0.017973141754772697,-0.004930031028579757,-0.010803903601226813,-0.007888156812794126,0.013094672557012818,0.01528392309241316,-0.013220217606997937,0.003916582732037279,0.0158200200688837,0.011489599466129919,0.01195291076740495,-0.005689908197474508,-0.013167244015114318,0.027632623828803247,0.019999569433579095,0.009858684577207764,-0.011571542245313675,0.017781197912471805,0.005803344446667585,-0.007912053556882107,0.013970222467715326,-0.00734597451565063,0.021991970129088156,0.009917525934956668,-0.006227944938218859,0.019609166262463902,-0.00845831751908539,-0.010001903339668767,0.013988855272715543,-0.006864140547804592,-0.006407965324933438,0.011769485908493,0.013126926930179533,-0.007051999611242763,0.013705719806868168,-0.0014216664129317032,0.005960201169562724,0.009889910245025241,0.007781190457500217,0.01599480266686062,0.009830894343878401,-0.004499766205725545,-0.0047893568654346404,-0.003192492146293783,-0.007115958724176218,-0.0029114694598149993,-0.003726769182153279,0.00997866422309474,-0.009153717820587172,0.009900148420273504,-0.007121540859061759,0.003979970017138654,-0.012480669542324683,0.009681327589711545,0.015648833340013664,-0.004386066324845814,-0.007101337669238128,-0.010027507644426337,-0.005964667298397569,0.013735464542296839,0.013990755507582046,0.017766403646004337,0.011959761842588694,0.015693281204620046,-0.005141357012409085,-0.0019051078177103858,agent11,-1
-0.9014893292537818,-0.0058150271734187025,-0.004412521374865079,-0.015171917254931975,-0.010474849993170365,-0.004712139967715855,-0.00768649020901715,-0.006933886497132099,0.007784684312840063,0.011998462568957959,-0.006874663162215048,-0.01167108350127129,0.009926214615414783,-0.006910135901935897,-0.010590169540494637,0.009992308424044822,-0.008208595329589312,0.01799991068725586,0.015966680664501808,-0.0047771965608391816,-0.012451965351801618,0.017218965865320228,-0.00788881836470782,0.015727951064185293,-0.006544387713453855,-0.002968054521118794,-0.004271000494427711,0.009828101050318314,0.021938657070598923,0.011978559019391308,0.013315639234865225,0.015937861687573007,-0.01066523812340868,1,-0.004995431596279552,0.017973141754772697,-0.004930031028579757,-0.010803903601226813,-0.007888156812794126,0.013094672557012818,0.01528392309241316,-0.013220217606997937,0.003916582732037279,0.0158200200688837,0.011489599466129919,0.01195291076740495,-0.005689908197474508,-0.013167244015114318,0.027632623828803247,0.019999569433579095,0.009858684577207764,-0.011571542245313675,0.017781197912471805,0.0077385244433711906,-0.007912053556882107,0.013970222467715326,-0.00734597451565063,0.021991970129088156,0.009917525934956668,-0.006227944938218859,0.019609166262463902,-0.00845831751908539,-0.010001903339668767,0.013988855272715543,-0.006864140547804592,-0.006407965324933438,0.011769485908493,0.013126926930179533,-0.007051999611242763,0.013705719806868168,-0.0014216664129317032,0.005960201169562724,0.009889910245025241,0.007781190457500217,0.01599480266686062,0.009830894343878401,-0.004499766205725545,-0.0047893568654346404,-0.003192492146293783,-0.007115958724176218,-0.0029114694598149993,-0.003726769182153279,0.00997866422309474,-0.009153717820587172,0.009900148420273504,-0.007121540859061759,0.003979970017138654,-0.012480669542324683,0.009681327589711545,0.015648833340013664,-0.004386066324845814,-0.007101337669238128,-0.010027507644426337,-0.005964667298397569,0.013735464542296839,0.013990755507582046,0.017766403646004337,0.011959761842588694,0.015693281204620046,-0.005141357012409085,-0.0019051078177103858,agent52,-0.5404279654845748
-0.9014893292537818,-0.0058150271734187025,-0.004412521374865079,-0.015171917254931975,-0.010474849993170365,-0.004712139967715855,-0.00768649020901715,-0.006933886497132099,0.007784684312840063,0.011998462568957959,-0.006874663162215048,-0.01167108350127129,0.009926214615414783,-0.006910135901935897,-0.010590169540494637,0.009992308424044822,-0.008208595329589312,0.01799991068725586,0.015966680664501808,-0.0047771965608391816,-0.012451965351801618,0.017218965865320228,-0.00788881836470782,0.015727951064185293,-0.006544387713453855,-0.002968054521118794,-0.004271000494427711,0.009828101050318314,0.021938657070598923,0.011978559019391308,0.013315639234865225,0.015937861687573007,-0.01066523812340868,1,-0.004995431596279552,0.017973141754772697,-0.004930031028579757,-0.010803903601226813,-0.007888156812794126,0.013094672557012818,0.01528392309241316,-0.013220217606997937,0.003916582732037279,0.0158200200688837,0.011489599466129919,0.01195291076740495,-0.005689908197474508,-0.013167244015114318,0.027632623828803247,0.019999569433579095,0.009858684577207764,-0.011571542245313675,0.017781197912471805,0.0077385244433711906,-0.007912053556882107,0.013970222467715326,-0.00734597451565063,0.021991970129088156,0.009917525934956668,-0.006227944938218859,0.019609166262463902,-0.00845831751908539,-0.010001903339668767,0.013988855272715543,-0.006864140547804592,-0.006407965324933438,0.011769485908493,0.013126926930179533,-0.007051999611242763,0.013705719806868168,-0.0014216664129317032,0.005960201169562724,0.009889910245025241,0.007781190457500217,0.01599480266686062,0.009830894343878401,-0.004499766205725545,-0.0047893568654346404,-0.003192492146293783,-0.007115958724176218,-0.0029114694598149993,-0.003726769182153279,0.00997866422309474,-0.009153717820587172,0.009900148420273504,-0.007121540859061759,0.003979970017138654,-0.012480669542324683,0.009681327589711545,0.015648833340013664,-0.004386066324845814,-0.007101337669238128,-0.010027507644426337,-0.005964667298397569,0.013735464542296839,0.013990755507582046,0.017766403646004337,0.011959761842588694,0.015693281204620046,-0.005141357012409085,-0.0019051078177103858,agent32,-0.9014893292537818
-0.9024952894549514,-0.0058150271734187025,-0.004412521374865079,-0.015171917254931975,-0.010474849993170365,-0.004712139967715855,-0.00768649020901715,-0.006933886497132099,0.007784684312840063,0.011998462568957959,-0.006874663162215048,-0.01167108350127129,0.009926214615414783,-0.006910135901935897,-0.010590169540494637,0.009992308424044822,-0.008208595329589312,0.01799991068725586,0.015966680664501808,-0.0047771965608391816,-0.012451965351801618,0.017218965865320228,-0.00788881836470782,0.015727951064185293,-0.006544387713453855,-0.002968054521118794,-0.004271000494427711,0.009828101050318314,0.021938657070598923,0.011978559019391308,0.013315639234865225,0.015937861687573007,-0.01066523812340868,1,-0.004995431596279552,0.017973141754772697,-0.004930031028579757,-0.010803903601226813,-0.007888156812794126,0.013094672557012818,0.01528392309241316,-0.013220217606997937,0.003916582732037279,0.0158200200688837,0.011489599466129919,0.01195291076740495,-0.005689908197474508,-0.013167244015114318,0.027632623828803247,0.019999569433579095,0.009858684577207764,-0.011571542245313675,0.017781197912471805,0.0077385244433711906,-0.007912053556882107,0.013970222467715326,-0.00734597451565063,0.021991970129088156,0.009917525934956668,-0.006227944938218859,0.019609166262463902,-0.00845831751908539,-0.010001903339668767,0.013988855272715543,-0.006864140547804592,-0.006407965324933438,0.011769485908493,0.013126926930179533,-0.007051999611242763,0.013705719806868168,-0.0014216664129317032,0.007955348993437288,0.009889910245025241,0.007781190457500217,0.01599480266686062,0.009830894343878401,-0.004499766205725545,-0.0047893568654346404,-0.003192492146293783,-0.007115958724176218,-0.0029114694598149993,-0.003726769182153279,0.00997866422309474,-0.009153717820587172,0.009900148420273504,-0.007121540859061759,0.003979970017138654,-0.012480669542324683,0.009681327589711545,0.015648833340013664,-0.004386066324845814,-0.007101337669238128,-0.010027507644426337,-0.005964667298397569,0.013735464542296839,0.013990755507582046,0.017766403646004337,0.011959761842588694,0.015693281204620046,-0.005141357012409085,-0.0019051078177103858,agent70,-1
-0.9035085096725584,-0.0058150271734187025,-0.004412521374865079,-0.015171917254931975,-0.010474849993170365,-0.004712139967715855,-0.00768649020901715,-0.006933886497132099,0.007784684312840063,0.011998462568957959,-0.006874663162215048,-0.01167108350127129,0.009926214615414783,-0.006910135901935897,-0.010590169540494637,0.009992308424044822,-0.008208595329589312,0.01799991068725586,0.015966680664501808,-0.0047771965608391816,-0.012451965351801618,0.017218965865320228,-0.00788881836470782,0.015727951064185293,-0.006544387713453855,-0.002968054521118794,-0.004271000494427711,0.009828101050318314,0.021938657070598923,0.011978559019391308,0.013315639234865225,0.015937861687573007,-0.01066523812340868,1,-0.004995431596279552,0.017973141754772697,-0.004930031028579757,-0.010803903601226813,-0.007888156812794126,0.013094672557012818,0.01528392309241316,-0.013580802839393074,0.003916582732037279,0.0158200200688837,0.011489599466129919,0.01195291076740495,-0.005689908197474508,-0.013167244015114318,0.027632623828803247,0.019999569433579095,0.009858684577207764,-0.011571542245313675,0.017781197912471805,0.0077385244433711906,-0.007912053556882107,0.013970222467715326,-0.00734597451565063,0.021991970129088156,0.009917525934956668,-0.006227944938218859,0.019609166262463902,-0.00845831751908539,-0.010001903339668767,0.013988855272715543,-0.006864140547804592,-0.006407965324933438,0.011769485908493,0.013126926930179533,-0.007051999611242763,0.013705719806868168,-0.0014216664129317032,0.007955348993437288,0.009889910245025241,0.007781190457500217,0.01599480266686062,0.009830894343878401,-0.004499766205725545,-0.0047893568654346404,-0.003192492146293783,-0.007115958724176218,-0.0029114694598149993,-0.003726769182153279,0.00997866422309474,-0.009153717820587172,0.009900148420273504,-0.007121540859061759,0.003979970017138654,-0.012480669542324683,0.009681327589711545,0.015648833340013664,-0.004386066324845814,-0.007101337669238128,-0.010027507644426337,-0.005964667298397569,0.013735464542296839,0.013990755507582046,0.017766403646004337,0.011959761842588694,0.015693281204620046,-0.005141357012409085,-0.0019051078177103858,agent40,0.9082585688067747
-0.9045285092419919,-0.0058150271734187025,-0.004412521374865079,-0.015171917254931975,-0.010474849993170365,-0.004712139967715855,-0.00768649020901715,-0.006933886497132099,0.007784684312840063,0.011998462568957959,-0.006874663162215048,-0.01167108350127129,0.009926214615414783,-0.006910135901935897,-0.010590169540494637,0.009992308424044822,-0.008208595329589312,0.01799991068725586,0.015966680664501808,-0.0047771965608391816,-0.012451965351801618,0.017218965865320228,-0.00788881836470782,0.015727951064185293,-0.006544387713453855,-0.002968054521118794,-0.004271000494427711,0.009828101050318314,0.021938657070598923,0.011978559019391308,0.013315639234865225,0.015937861687573007,-0.01066523812340868,1,-0.004995431596279552,0.017973141754772697,-0.004930031028579757,-0.010803903601226813,-0.007888156812794126,0.013094672557012818,0.01528392309241316,-0.013580802839393074,0.003916582732037279,0.0158200200688837,0.011489599466129919,0.01195291076740495,-0.005689908197474508,-0.013167244015114318,0.027632623828803247,0.02199950986711025,0.009858684577207764,-0.011571542245313675,0.017781197912471805,0.0077385244433711906,-0.007912053556882107,0.013970222467715326,-0.00734597451565063,0.021991970129088156,0.009917525934956668,-0.006227944938218859,0.019609166262463902,-0.00845831751908539,-0.010001903339668767,0.013988855272715543,-0.006864140547804592,-0.006407965324933438,0.011769485908493,0.013126926930179533,-0.007051999611242763,0.013705719806868168,-0.0014216664129317032,0.007955348993437288,0.009889910245025241,0.007781190457500217,0.01599480266686062,0.009830894343878401,-0.004499766205725545,-0.0047893568654346404,-0.003192492146293783,-0.007115958724176218,-0.0029114694598149993,-0.003726769182153279,0.00997866422309474,-0.009153717820587172,0.009900148420273504,-0.007121540859061759,0.003979970017138654,-0.012480669542324683,0.009681327589711545,0.015648833340013664,-0.004386066324845814,-0.007101337669238128,-0.010027507644426337,-0.005964667298397569,0.013735464542296839,0.013990755507582046,0.017766403646004337,0.011959761842588694,0.015693281204620046,-0.005141357012409085,-0.0019051078177103858,agent48,-0.8925937060696651
-0.9055330090081977,-0.0058150271734187025,-0.004412521374865079,-0.015171917254931975,-0.010474849993170365,-0.004712139967715855,-0.00768649020901715,-0.006933886497132099,0.007784684312840063,0.011998462568957959,-0.006874663162215048,-0.01167108350127129,0.009926214615414783,-0.006910135901935897,-0.010590169540494637,0.009992308424044822,-0.008208595329589312,0.01799991068725586,0.015966680664501808,-0.0047771965608391816,-0.012451965351801618,0.017218965865320228,-0.00788881836470782,0.015727951064185293,-0.006544387713453855,-0.002968054521118794,-0.004271000494427711,0.009828101050318314,0.021938657070598923,0.011978559019391308,0.013315639234865225,0.015937861687573007,-0.01066523812340868,1,-0.004995431596279552,0.017973141754772697,-0.004930031028579757,-0.010803903601226813,-0.007888156812794126,0.013094672557012818,0.01528392309241316,-0.013580802839393074,0.003916582732037279,0.0158200200688837,0.011489599466129919,0.01195291076740495,-0.005689908197474508,-0.013167244015114318,0.027632623828803247,0.02199950986711025,0.009858684577207764,-0.011571542245313675,0.017781197912471805,0.0077385244433711906,-0.007912053556882107,0.013970222467715326,-0.00734597451565063,0.021991970129088156,0.009917525934956668,-0.006227944938218859,0.019609166262463902,-0.00845831751908539,-0.010001903339668767,0.013988855272715543,-0.006864140547804592,-0.006407965324933438,0.011769485908493,0.013126926930179533,-0.007051999611242763,0.013705719806868168,-0.0014216664129317032,0.007955348993437288,0.009889910245025241,0.007781190457500217,0.01599480266686062,0.009830894343878401,-0.004686151784467783,-0.0047893568654346404,-0.003192492146293783,-0.007115958724176218,-0.0029114694598149993,-0.003726769182153279,0.00997866422309474,-0.009153717820587172,0.009900148420273504,-0.007121540859061759,0.003979970017138654,-0.012480669542324683,0.009681327589711545,0.015648833340013664,-0.004386066324845814,-0.007101337669238128,-0.010027507644426337,-0.005964667298397569,0.013735464542296839,0.013990755507582046,0.017766403646004337,0.011959761842588694,0.015693281204620046,-0.005141357012409085,-0.0019051078177103858,agent75,1
-0.9065435991777382,-0.0058150271734187025,-0.004412521374865079,-0.015171917254931975,-0.010474849993170365,-0.004712139967715855,-0.00768649020901715,-0.006933886497132099,0.007784684312840063,0.011998462568957959,-0.006874663162215048,-0.01167108350127129,0.009926214615414783,-0.006910135901935897,-0.01111034012734691,0.009992308424044822,-0.008208595329589312,0.01799991068725586,0.015966680664501808,-0.0047771965608391816,-0.012451965351801618,0.017218965865320228,-0.00788881836470782,0.015727951064185293,-0.006544387713453855,-0.002968054521118794,-0.004271000494427711,0.009828101050318314,0.021938657070598923,0.011978559019391308,0.013315639234865225,0.015937861687573007,-0.01066523812340868,1,-0.004995431596279552,0.017973141754772697,-0.004930031028579757,-0.010803903601226813,-0.007888156812794126,0.013094672557012818,0.01528392309241316,-0.013580802839393074,0.003916582732037279,0.0158200200688837,0.011489599466129919,0.01195291076740495,-0.005689908197474508,-0.013167244015114318,0.027632623828803247,0.02199950986711025,0.009858684577207764,-0.011571542245313675,0.017781197912471805,0.0077385244433711906,-0.007912053556882107,0.013970222467715326,-0.00734597451565063,0.021991970129088156,0.009917525934956668,-0.006227944938218859,0.019609166262463902,-0.00845831751908539,-0.010001903339668767,0.013988855272715543,-0.006864140547804592,-0.006407965324933438,0.011769485908493,0.013126926930179533,-0.007051999611242763,0.013705719806868168,-0.0014216664129317032,0.007955348993437288,0.009889910245025241,0.007781190457500217,0.01599480266686062,0.009830894343878401,-0.004686151784467783,-0.0047893568654346404,-0.003192492146293783,-0.007115958724176218,-0.0029114694598149993,-0.003726769182153279,0.00997866422309474,-0.009153717820587172,0.009900148420273504,-0.007121540859061759,0.003979970017138654,-0.012480669542324683,0.009681327589711545,0.015648833340013664,-0.004386066324845814,-0.007101337669238128,-0.010027507644426337,-0.005964667298397569,0.013735464542296839,0.013990755507582046,0.017766403646004337,0.011959761842588694,0.015693281204620046,-0.005141357012409085,-0.0019051078177103858,agent13,0.8148328899491873
-0.9075534300720821,-0.0058150271734187025,-0.004412521374865079,-0.015171917254931975,-0.010474849993170365,-0.004712139967715855,-0.00768649020901715,-0.006933886497132099,0.007784684312840063,0.011998462568957959,-0.006874663162215048,-0.01167108350127129,0.009926214615414783,-0.006910135901935897,-0.01111034012734691,0.009992308424044822,-0.008208595329589312,0.01799991068725586,0.015966680664501808,-0.0047771965608391816,-0.012451965351801618,0.017218965865320228,-0.00788881836470782,0.015727951064185293,-0.006544387713453855,-0.002968054521118794,-0.004271000494427711,0.009828101050318314,0.021938657070598923,0.011978559019391308,0.013315639234865225,0.015937861687573007,-0.01066523812340868,1,-0.004995431596279552,0.017973141754772697,-0.004930031028579757,-0.010803903601226813,-0.007888156812794126,0.013094672557012818,0.01528392309241316,-0.013580802839393074,0.003916582732037279,0.0158200200688837,0.011489599466129919,0.01195291076740495,-0.005689908197474508,-0.013167244015114318,0.027632623828803247,0.02199950986711025,0.009858684577207764,-0.011571542245313675,0.017781197912471805,0.0077385244433711906,-0.007912053556882107,0.013970222467715326,-0.00734597451565063,0.021991970129088156,0.009917525934956668,-0.006227944938218859,0.019609166262463902,-0.00845831751908539,-0.010001903339668767,0.013988855272715543,-0.006864140547804592,-0.006407965324933438,0.011769485908493,0.013126926930179533,-0.007051999611242763,0.013705719806868168,-0.0014216664129317032,0.007955348993437288,0.009889910245025241,0.007781190457500217,0.01599480266686062,0.011826527294451075,-0.004686151784467783,-0.0047893568654346404,-0.003192492146293783,-0.007115958724176218,-0.0029114694598149993,-0.003726769182153279,0.00997866422309474,-0.009153717820587172,0.009900148420273504,-0.007121540859061759,0.003979970017138654,-0.012480669542324683,0.009681327589711545,0.015648833340013664,-0.004386066324845814,-0.007101337669238128,-0.010027507644426337,-0.005964667298397569,0.013735464542296839,0.013990755507582046,0.017766403646004337,0.011959761842588694,0.015693281204620046,-0.005141357012409085,-0.0019051078177103858,agent74,-1
-0.908561342125639,-0.0058150271734187025,-0.004412521374865079,-0.015171917254931975,-0.010474849993170365,-0.004712139967715855,-0.00768649020901715,-0.006933886497132099,0.007784684312840063,0.011998462568957959,-0.006874663162215048,-0.01167108350127129,0.009926214615414783,-0.006910135901935897,-0.01111034012734691,0.009992308424044822,-0.008208595329589312,0.01799991068725586,0.015966680664501808,-0.0047771965608391816,-0.012451965351801618,0.017218965865320228,-0.00788881836470782,0.015727951064185293,-0.006544387713453855,-0.002968054521118794,-0.004271000494427711,0.009828101050318314,0.021938657070598923,0.011978559019391308,0.013315639234865225,0.015937861687573007,-0.01066523812340868,1,-0.004995431596279552,0.017973141754772697,-0.004930031028579757,-0.010803903601226813,-0.007888156812794126,0.013094672557012818,0.01528392309241316,-0.013580802839393074,0.003916582732037279,0.0158200200688837,0.011489599466129919,0.01195291076740495,-0.005689908197474508,-0.013167244015114318,0.027632623828803247,0.02199950986711025,0.009858684577207764,-0.011571542245313675,0.017781197912471805,0.0077385244433711906,-0.008092673512592224,0.013970222467715326,-0.00734597451565063,0.021991970129088156,0.009917525934956668,-0.006227944938218859,0.019609166262463902,-0.00845831751908539,-0.010001903339668767,0.013988855272715543,-0.006864140547804592,-0.006407965324933438,0.011769485908493,0.013126926930179533,-0.007051999611242763,0.013705719806868168,-0.0014216664129317032,0.007955348993437288,0.009889910245025241,0.007781190457500217,0.01599480266686062,0.011826527294451075,-0.004686151784467783,-0.0047893568654346404,-0.003192492146293783,-0.007115958724176218,-0.0029114694598149993,-0.003726769182153279,0.00997866422309474,-0.009153717820587172,0.009900148420273504,-0.007121540859061759,0.003979970017138654,-0.012480669542324683,0.009681327589711545,0.015648833340013664,-0.004386066324845814,-0.007101337669238128,-0.010027507644426337,-0.005964667298397569,0.013735464542296839,0.013990755507582046,0.017766403646004337,0.011959761842588694,0.015693281204620046,-0.005141357012409085,-0.0019051078177103858,agent53,1
-0.9095785610915044,-0.0058150271734187025,-0.004412521374865079,-0.015171917254931975,-0.010474849993170365,-0.004712139967715855,-0.00768649020901715,-0.006933886497132099,0.007784684312840063,0.011998462568957959,-0.006874663162215048,-0.01167108350127129,0.009926214615414783,-0.006910135901935897,-0.01111034012734691,0.009992308424044822,-0.008208595329589312,0.01799991068725586,0.015966680664501808,-0.0047771965608391816,-0.012451965351801618,0.019214785351243296,-0.00788881836470782,0.015727951064185293,-0.006544387713453855,-0.002968054521118794,-0.004271000494427711,0.009828101050318314,0.021938657070598923,0.011978559019391308,0.013315639234865225,0.015937861687573007,-0.01066523812340868,1,-0.004995431596279552,0.017973141754772697,-0.004930031028579757,-0.010803903601226813,-0.007888156812794126,0.013094672557012818,0.01528392309241316,-0.013580802839393074,0.003916582732037279,0.0158200200688837,0.011489599466129919,0.01195291076740495,-0.005689908197474508,-0.013167244015114318,0.027632623828803247,0.02199950986711025,0.009858684577207764,-0.011571542245313675,0.017781197912471805,0.0077385244433711906,-0.008092673512592224,0.013970222467715326,-0.00734597451565063,0.021991970129088156,0.009917525934956668,-0.006227944938218859,0.019609166262463902,-0.00845831751908539,-0.010001903339668767,0.013988855272715543,-0.006864140547804592,-0.006407965324933438,0.011769485908493,0.013126926930179533,-0.007051999611242763,0.013705719806868168,-0.0014216664129317032,0.007955348993437288,0.009889910245025241,0.007781190457500217,0.01599480266686062,0.011826527294451075,-0.004686151784467783,-0.0047893568654346404,-0.003192492146293783,-0.007115958724176218,-0.0029114694598149993,-0.003726769182153279,0.00997866422309474,-0.009153717820587172,0.009900148420273504,-0.007121540859061759,0.003979970017138654,-0.012480669542324683,0.009681327589711545,0.015648833340013664,-0.004386066324845814,-0.007101337669238128,-0.010027507644426337,-0.005964667298397569,0.013735464542296839,0.013990755507582046,0.017766403646004337,0.011959761842588694,0.015693281204620046,-0.005141357012409085,-0.0019051078177103858,agent20,-1
-0.9105865164404978,-0.0058150271734187025,-0.004412521374865079,-0.015171917254931975,-0.010474849993170365,-0.004712139967715855,-0.00768649020901715,-0.006933886497132099,0.007784684312840063,0.011998462568957959,-0.006874663162215048,-0.01167108350127129,0.009926214615414783,-0.006910135901935897,-0.01111034012734691,0.009992308424044822,-0.008208595329589312,0.01799991068725586,0.015966680664501808,-0.0047771965608391816,-0.012451965351801618,0.019214785351243296,-0.00788881836470782,0.015727951064185293,-0.006544387713453855,-0.002968054521118794,-0.004271000494427711,0.009828101050318314,0.021938657070598923,0.011978559019391308,0.013315639234865225,0.015937861687573007,-0.01066523812340868,1,-0.004995431596279552,0.017973141754772697,-0.004930031028579757,-0.010803903601226813,-0.007888156812794126,0.013094672557012818,0.01528392309241316,-0.013580802839393074,0.003916582732037279,0.0158200200688837,0.011489599466129919,0.01195291076740495,-0.005689908197474508,-0.013167244015114318,0.027632623828803247,0.02199950986711025,0.009858684577207764,-0.011571542245313675,0.017781197912471805,0.0077385244433711906,-0.008092673512592224,0.013970222467715326,-0.00734597451565063,0.021991970129088156,0.009917525934956668,-0.006227944938218859,0.019609166262463902,-0.00845831751908539,-0.010001903339668767,0.013988855272715543,-0.006864140547804592,-0.006407965324933438,0.011769485908493,0.013126926930179533,-0.007051999611242763,0.013705719806868168,-0.0014216664129317032,0.009951260975130147,0.009889910245025241,0.007781190457500217,0.01599480266686062,0.011826527294451075,-0.004686151784467783,-0.0047893568654346404,-0.003192492146293783,-0.007115958724176218,-0.0029114694598149993,-0.003726769182153279,0.00997866422309474,-0.009153717820587172,0.009900148420273504,-0.007121540859061759,0.003979970017138654,-0.012480669542324683,0.009681327589711545,0.015648833340013664,-0.004386066324845814,-0.007101337669238128,-0.010027507644426337,-0.005964667298397569,0.013735464542296839,0.013990755507582046,0.017766403646004337,0.011959761842588694,0.015693281204620046,-0.005141357012409085,-0.0019051078177103858,agent70,-1
-0.9115943011248107,-0.0058150271734187025,-0.004412521374865079,-0.015171917254931975,-0.010474849993170365,-0.004712139967715855,-0.00768649020901715,-0.006933886497132099,0.00978068692731894,0.011998462568957959,-0.006874663162215048,-0.01167108350127129,0.009926214615414783,-0.006910135901935897,-0.01111034012734691,0.009992308424044822,-0.008208595329589312,0.01799991068725586,0.015966680664501808,-0.0047771965608391816,-0.012451965351801618,0.019214785351243296,-0.00788881836470782,0.015727951064185293,-0.006544387713453855,-0.002968054521118794,-0.004271000494427711,0.009828101050318314,0.021938657070598923,0.011978559019391308,0.013315639234865225,0.015937861687573007,-0.01066523812340868,1,-0.004995431596279552,0.017973141754772697,-0.004930031028579757,-0.010803903601226813,-0.007888156812794126,0.013094672557012818,0.01528392309241316,-0.013580802839393074,0.003916582732037279,0.0158200200688837,0.011489599466129919,0.01195291076740495,-0.005689908197474508,-0.013167244015114318,0.027632623828803247,0.02199950986711025,0.009858684577207764,-0.011571542245313675,0.017781197912471805,0.0077385244433711906,-0.008092673512592224,0.013970222467715326,-0.00734597451565063,0.021991970129088156,0.009917525934956668,-0.006227944938218859,0.019609166262463902,-0.00845831751908539,-0.010001903339668767,0.013988855272715543,-0.006864140547804592,-0.006407965324933438,0.011769485908493,0.013126926930179533,-0.007051999611242763,0.013705719806868168,-0.0014216664129317032,0.009951260975130147,0.009889910245025241,0.007781190457500217,0.01599480266686062,0.011826527294451075,-0.004686151784467783,-0.0047893568654346404,-0.003192492146293783,-0.007115958724176218,-0.0029114694598149993,-0.003726769182153279,0.00997866422309474,-0.009153717820587172,0.009900148420273504,-0.007121540859061759,0.003979970017138654,-0.012480669542324683,0.009681327589711545,0.015648833340013664,-0.004386066324845814,-0.007101337669238128,-0.010027507644426337,-0.005964667298397569,0.013735464542296839,0.013990755507582046,0.017766403646004337,0.011959761842588694,0.015693281204620046,-0.005141357012409085,-0.0019051078177103858,agent7,-1
-0.9126074280517409,-0.0058150271734187025,-0.004412521374865079,-0.015171917254931975,-0.010474849993170365,-0.004712139967715855,-0.00768649020901715,-0.006933886497132099,0.00978068692731894,0.011998462568957959,-0.006874663162215048,-0.01167108350127129,0.009926214615414783,-0.006910135901935897,-0.01111034012734691,0.009992308424044822,-0.008208595329589312,0.01799991068725586,0.015966680664501808,-0.0047771965608391816,-0.012451965351801618,0.019214785351243296,-0.00788881836470782,0.015727951064185293,-0.006544387713453855,-0.002968054521118794,-0.004271000494427711,0.009828101050318314,0.021938657070598923,0.011978559019391308,0.013315639234865225,0.015937861687573007,-0.01066523812340868,1,-0.004995431596279552,0.017973141754772697,-0.004930031028579757,-0.010803903601226813,-0.007888156812794126,0.013094672557012818,0.01528392309241316,-0.013580802839393074,0.003916582732037279,0.0158200200688837,0.011489599466129919,0.01195291076740495,-0.005689908197474508,-0.013167244015114318,0.027632623828803247,0.02199950986711025,0.009858684577207764,-0.011571542245313675,0.017781197912471805,0.0077385244433711906,-0.008092673512592224,0.013970222467715326,-0.00734597451565063,0.021991970129088156,0.009917525934956668,-0.006227944938218859,0.019609166262463902,-0.00845831751908539,-0.010001903339668767,0.013988855272715543,-0.006864140547804592,-0.006407965324933438,0.011769485908493,0.015123019146382727,-0.007051999611242763,0.013705719806868168,-0.0014216664129317032,0.009951260975130147,0.009889910245025241,0.007781190457500217,0.01599480266686062,0.011826527294451075,-0.004686151784467783,-0.0047893568654346404,-0.003192492146293783,-0.007115958724176218,-0.0029114694598149993,-0.003726769182153279,0.00997866422309474,-0.009153717820587172,0.009900148420273504,-0.007121540859061759,0.003979970017138654,-0.012480669542324683,0.009681327589711545,0.015648833340013664,-0.004386066324845814,-0.007101337669238128,-0.010027507644426337,-0.005964667298397569,0.013735464542296839,0.013990755507582046,0.017766403646004337,0.011959761842588694,0.015693281204620046,-0.005141357012409085,-0.0019051078177103858,agent66,-1
-0.9136173282001612,-0.0058150271734187025,-0.004412521374865079,-0.015171917254931975,-0.010474849993170365,-0.004712139967715855,-0.00768649020901715,-0.006933886497132099,0.00978068692731894,0.011998462568957959,-0.006874663162215048,-0.01167108350127129,0.009926214615414783,-0.006910135901935897,-0.01111034012734691,0.009992308424044822,-0.008208595329589312,0.01799991068725586,0.015966680664501808,-0.0047771965608391816,-0.012451965351801618,0.019214785351243296,-0.00788881836470782,0.015727951064185293,-0.006544387713453855,-0.002968054521118794,-0.004271000494427711,0.009828101050318314,0.021938657070598923,0.011978559019391308,0.013315639234865225,0.015937861687573007,-0.01066523812340868,1,-0.004995431596279552,0.017973141754772697,-0.004930031028579757,-0.010803903601226813,-0.007888156812794126,0.013094672557012818,0.01528392309241316,-0.013580802839393074,0.003916582732037279,0.0158200200688837,0.011489599466129919,0.01195291076740495,-0.005689908197474508,-0.013167244015114318,0.027632623828803247,0.02199950986711025,0.009858684577207764,-0.011571542245313675,0.017781197912471805,0.0077385244433711906,-0.008092673512592224,0.013970222467715326,-0.00734597451565063,0.021991970129088156,0.009917525934956668,-0.006227944938218859,0.019609166262463902,-0.00845831751908539,-0.010001903339668767,0.013988855272715543,-0.006864140547804592,-0.006407965324933438,0.011769485908493,0.015123019146382727,-0.007051999611242763,0.013705719806868168,-0.0014216664129317032,0.009951260975130147,0.009889910245025241,0.007781190457500217,0.01599480266686062,0.011826527294451075,-0.004686151784467783,-0.0047893568654346404,-0.003192492146293783,-0.007115958724176218,-0.0029114694598149993,-0.003726769182153279,0.00997866422309474,-0.009153717820587172,0.01189632968945764,-0.007121540859061759,0.003979970017138654,-0.012480669542324683,0.009681327589711545,0.015648833340013664,-0.004386066324845814,-0.007101337669238128,-0.010027507644426337,-0.005964667298397569,0.013735464542296839,0.013990755507582046,0.017766403646004337,0.011959761842588694,0.015693281204620046,-0.005141357012409085,-0.0019051078177103858,agent83,-1
-0.9146252163569739,-0.0058150271734187025,-0.004412521374865079,-0.015171917254931975,-0.010474849993170365,-0.004712139967715855,-0.00768649020901715,-0.006933886497132099,0.00978068692731894,0.011998462568957959,-0.006874663162215048,-0.01167108350127129,0.009926214615414783,-0.006910135901935897,-0.01111034012734691,0.009992308424044822,-0.008208595329589312,0.01799991068725586,0.015966680664501808,-0.0047771965608391816,-0.012451965351801618,0.019214785351243296,-0.00788881836470782,0.015727951064185293,-0.006544387713453855,-0.002968054521118794,-0.004271000494427711,0.009828101050318314,0.021938657070598923,0.011978559019391308,0.013315639234865225,0.015937861687573007,-0.01066523812340868,1,-0.004995431596279552,0.017973141754772697,-0.004930031028579757,-0.010803903601226813,-0.008057191173400164,0.013094672557012818,0.01528392309241316,-0.013580802839393074,0.003916582732037279,0.0158200200688837,0.011489599466129919,0.01195291076740495,-0.005689908197474508,-0.013167244015114318,0.027632623828803247,0.02199950986711025,0.009858684577207764,-0.011571542245313675,0.017781197912471805,0.0077385244433711906,-0.008092673512592224,0.013970222467715326,-0.00734597451565063,0.021991970129088156,0.009917525934956668,-0.006227944938218859,0.019609166262463902,-0.00845831751908539,-0.010001903339668767,0.013988855272715543,-0.006864140547804592,-0.006407965324933438,0.011769485908493,0.015123019146382727,-0.007051999611242763,0.013705719806868168,-0.0014216664129317032,0.009951260975130147,0.009889910245025241,0.007781190457500217,0.01599480266686062,0.011826527294451075,-0.004686151784467783,-0.0047893568654346404,-0.003192492146293783,-0.007115958724176218,-0.0029114694598149993,-0.003726769182153279,0.00997866422309474,-0.009153717820587172,0.01189632968945764,-0.007121540859061759,0.003979970017138654,-0.012480669542324683,0.009681327589711545,0.015648833340013664,-0.004386066324845814,-0.007101337669238128,-0.010027507644426337,-0.005964667298397569,0.013735464542296839,0.013990755507582046,0.017766403646004337,0.011959761842588694,0.015693281204620046,-0.005141357012409085,-0.0019051078177103858,agent37,1
-0.9156281278264338,-0.0058150271734187025,-0.004412521374865079,-0.015171917254931975,-0.010474849993170365,-0.004712139967715855,-0.00768649020901715,-0.006933886497132099,0.00978068692731894,0.011998462568957959,-0.006874663162215048,-0.01167108350127129,0.009926214615414783,-0.006910135901935897,-0.01111034012734691,0.009992308424044822,-0.008208595329589312,0.01799991068725586,0.015966680664501808,-0.0047771965608391816,-0.012451965351801618,0.019214785351243296,-0.00788881836470782,0.015727951064185293,-0.006544387713453855,-0.002968054521118794,-0.004271000494427711,0.009828101050318314,0.021938657070598923,0.011978559019391308,0.013315639234865225,0.015937861687573007,-0.01066523812340868,1,-0.004995431596279552,0.017973141754772697,-0.004930031028579757,-0.010803903601226813,-0.008057191173400164,0.013094672557012818,0.01528392309241316,-0.013580802839393074,0.003916582732037279,0.0158200200688837,0.011489599466129919,0.01195291076740495,-0.005689908197474508,-0.013167244015114318,0.027632623828803247,0.02199950986711025,0.009858684577207764,-0.011571542245313675,0.017781197912471805,0.0077385244433711906,-0.008092673512592224,0.013970222467715326,-0.00734597451565063,0.021991970129088156,0.009917525934956668,-0.006227944938218859,0.019609166262463902,-0.00845831751908539,-0.010001903339668767,0.013988855272715543,-0.006864140547804592,-0.006407965324933438,0.011769485908493,0.015123019146382727,-0.007051999611242763,0.013705719806868168,-0.0014216664129317032,0.009951260975130147,0.009889910245025241,0.007781190457500217,0.01599480266686062,0.011826527294451075,-0.004686151784467783,-0.0047893568654346404,-0.003192492146293783,-0.007115958724176218,-0.0030785746002600046,-0.003726769182153279,0.00997866422309474,-0.009153717820587172,0.01189632968945764,-0.007121540859061759,0.003979970017138654,-0.012480669542324683,0.009681327589711545,0.015648833340013664,-0.004386066324845814,-0.007101337669238128,-0.010027507644426337,-0.005964667298397569,0.013735464542296839,0.013990755507582046,0.017766403646004337,0.011959761842588694,0.015693281204620046,-0.005141357012409085,-0.0019051078177103858,agent79,1
-0.9166328399664014,-0.0058150271734187025,-0.004412521374865079,-0.015171917254931975,-0.010474849993170365,-0.004877324405655951,-0.00768649020901715,-0.006933886497132099,0.00978068692731894,0.011998462568957959,-0.006874663162215048,-0.01167108350127129,0.009926214615414783,-0.006910135901935897,-0.01111034012734691,0.009992308424044822,-0.008208595329589312,0.01799991068725586,0.015966680664501808,-0.0047771965608391816,-0.012451965351801618,0.019214785351243296,-0.00788881836470782,0.015727951064185293,-0.006544387713453855,-0.002968054521118794,-0.004271000494427711,0.009828101050318314,0.021938657070598923,0.011978559019391308,0.013315639234865225,0.015937861687573007,-0.01066523812340868,1,-0.004995431596279552,0.017973141754772697,-0.004930031028579757,-0.010803903601226813,-0.008057191173400164,0.013094672557012818,0.01528392309241316,-0.013580802839393074,0.003916582732037279,0.0158200200688837,0.011489599466129919,0.01195291076740495,-0.005689908197474508,-0.013167244015114318,0.027632623828803247,0.02199950986711025,0.009858684577207764,-0.011571542245313675,0.017781197912471805,0.0077385244433711906,-0.008092673512592224,0.013970222467715326,-0.00734597451565063,0.021991970129088156,0.009917525934956668,-0.006227944938218859,0.019609166262463902,-0.00845831751908539,-0.010001903339668767,0.013988855272715543,-0.006864140547804592,-0.006407965324933438,0.011769485908493,0.015123019146382727,-0.007051999611242763,0.013705719806868168,-0.0014216664129317032,0.009951260975130147,0.009889910245025241,0.007781190457500217,0.01599480266686062,0.011826527294451075,-0.004686151784467783,-0.0047893568654346404,-0.003192492146293783,-0.007115958724176218,-0.0030785746002600046,-0.003726769182153279,0.00997866422309474,-0.009153717820587172,0.01189632968945764,-0.007121540859061759,0.003979970017138654,-0.012480669542324683,0.009681327589711545,0.015648833340013664,-0.004386066324845814,-0.007101337669238128,-0.010027507644426337,-0.005964667298397569,0.013735464542296839,0.013990755507582046,0.017766403646004337,0.011959761842588694,0.015693281204620046,-0.005141357012409085,-0.0019051078177103858,agent4,1
-0.9176465456862083,-0.0058150271734187025,-0.004412521374865079,-0.015171917254931975,-0.010474849993170365,-0.004877324405655951,-0.00768649020901715,-0.006933886497132099,0.00978068692731894,0.011998462568957959,-0.006874663162215048,-0.01167108350127129,0.009926214615414783,-0.006910135901935897,-0.01111034012734691,0.009992308424044822,-0.008208595329589312,0.01799991068725586,0.015966680664501808,-0.0047771965608391816,-0.012451965351801618,0.019214785351243296,-0.00788881836470782,0.015727951064185293,-0.006544387713453855,-0.002968054521118794,-0.004271000494427711,0.009828101050318314,0.021938657070598923,0.011978559019391308,0.013315639234865225,0.015937861687573007,-0.01066523812340868,1,-0.004995431596279552,0.017973141754772697,-0.004930031028579757,-0.010803903601226813,-0.008057191173400164,0.013094672557012818,0.01528392309241316,-0.013580802839393074,0.003916582732037279,0.0158200200688837,0.011489599466129919,0.01195291076740495,-0.005689908197474508,-0.013167244015114318,0.027632623828803247,0.02199950986711025,0.009858684577207764,-0.011571542245313675,0.017781197912471805,0.0077385244433711906,-0.008092673512592224,0.013970222467715326,-0.00734597451565063,0.021991970129088156,0.009917525934956668,-0.006227944938218859,0.019609166262463902,-0.00845831751908539,-0.010001903339668767,0.013988855272715543,-0.006864140547804592,-0.006407965324933438,0.011769485908493,0.015123019146382727,-0.007051999611242763,0.015702244765182134,-0.0014216664129317032,0.009951260975130147,0.009889910245025241,0.007781190457500217,0.01599480266686062,0.011826527294451075,-0.004686151784467783,-0.0047893568654346404,-0.003192492146293783,-0.007115958724176218,-0.0030785746002600046,-0.003726769182153279,0.00997866422309474,-0.009153717820587172,0.01189632968945764,-0.007121540859061759,0.003979970017138654,-0.012480669542324683,0.009681327589711545,0.015648833340013664,-0.004386066324845814,-0.007101337669238128,-0.010027507644426337,-0.005964667298397569,0.013735464542296839,0.013990755507582046,0.017766403646004337,0.011959761842588694,0.015693281204620046,-0.005141357012409085,-0.0019051078177103858,agent68,-1
-0.9186589976515601,-0.0058150271734187025,-0.004412521374865079,-0.015171917254931975,-0.010474849993170365,-0.004877324405655951,-0.00768649020901715,-0.006933886497132099,0.00978068692731894,0.011998462568957959,-0.006874663162215048,-0.01167108350127129,0.009926214615414783,-0.006910135901935897,-0.01111034012734691,0.009992308424044822,-0.008208595329589312,0.01799991068725586,0.015966680664501808,-0.0047771965608391816,-0.012613281214710495,0.019214785351243296,-0.00788881836470782,0.015727951064185293,-0.006544387713453855,-0.002968054521118794,-0.004271000494427711,0.009828101050318314,0.021938657070598923,0.011978559019391308,0.013315639234865225,0.015937861687573007,-0.01066523812340868,1,-0.004995431596279552,0.017973141754772697,-0.004930031028579757,-0.010803903601226813,-0.008057191173400164,0.013094672557012818,0.01528392309241316,-0.013580802839393074,0.003916582732037279,0.0158200200688837,0.011489599466129919,0.01195291076740495,-0.005689908197474508,-0.013167244015114318,0.027632623828803247,0.02199950986711025,0.009858684577207764,-0.011571542245313675,0.017781197912471805,0.0077385244433711906,-0.008092673512592224,0.013970222467715326,-0.00734597451565063,0.021991970129088156,0.009917525934956668,-0.006227944938218859,0.019609166262463902,-0.00845831751908539,-0.010001903339668767,0.013988855272715543,-0.006864140547804592,-0.006407965324933438,0.011769485908493,0.015123019146382727,-0.007051999611242763,0.015702244765182134,-0.0014216664129317032,0.009951260975130147,0.009889910245025241,0.007781190457500217,0.01599480266686062,0.011826527294451075,-0.004686151784467783,-0.0047893568654346404,-0.003192492146293783,-0.007115958724176218,-0.0030785746002600046,-0.003726769182153279,0.00997866422309474,-0.009153717820587172,0.01189632968945764,-0.007121540859061759,0.003979970017138654,-0.012480669542324683,0.009681327589711545,0.015648833340013664,-0.004386066324845814,-0.007101337669238128,-0.010027507644426337,-0.005964667298397569,0.013735464542296839,0.013990755507582046,0.017766403646004337,0.011959761842588694,0.015693281204620046,-0.005141357012409085,-0.0019051078177103858,agent19,1
-0.919672313290795,-0.0058150271734187025,-0.004412521374865079,-0.015171917254931975,-0.010474849993170365,-0.004877324405655951,-0.00768649020901715,-0.006933886497132099,0.00978068692731894,0.011998462568957959,-0.006874663162215048,-0.01167108350127129,0.009926214615414783,-0.006910135901935897,-0.01111034012734691,0.009992308424044822,-0.008208595329589312,0.01799991068725586,0.015966680664501808,-0.0047771965608391816,-0.012613281214710495,0.019214785351243296,-0.00788881836470782,0.015727951064185293,-0.006544387713453855,-0.002968054521118794,-0.004271000494427711,0.009828101050318314,0.021938657070598923,0.011978559019391308,0.015312331055533701,0.015937861687573007,-0.01066523812340868,1,-0.004995431596279552,0.017973141754772697,-0.004930031028579757,-0.010803903601226813,-0.008057191173400164,0.013094672557012818,0.01528392309241316,-0.013580802839393074,0.003916582732037279,0.0158200200688837,0.011489599466129919,0.01195291076740495,-0.005689908197474508,-0.013167244015114318,0.027632623828803247,0.02199950986711025,0.009858684577207764,-0.011571542245313675,0.017781197912471805,0.0077385244433711906,-0.008092673512592224,0.013970222467715326,-0.00734597451565063,0.021991970129088156,0.009917525934956668,-0.006227944938218859,0.019609166262463902,-0.00845831751908539,-0.010001903339668767,0.013988855272715543,-0.006864140547804592,-0.006407965324933438,0.011769485908493,0.015123019146382727,-0.007051999611242763,0.015702244765182134,-0.0014216664129317032,0.009951260975130147,0.009889910245025241,0.007781190457500217,0.01599480266686062,0.011826527294451075,-0.004686151784467783,-0.0047893568654346404,-0.003192492146293783,-0.007115958724176218,-0.0030785746002600046,-0.003726769182153279,0.00997866422309474,-0.009153717820587172,0.01189632968945764,-0.007121540859061759,0.003979970017138654,-0.012480669542324683,0.009681327589711545,0.015648833340013664,-0.004386066324845814,-0.007101337669238128,-0.010027507644426337,-0.005964667298397569,0.013735464542296839,0.013990755507582046,0.017766403646004337,0.011959761842588694,0.015693281204620046,-0.005141357012409085,-0.0019051078177103858,agent29,-1
-0.9206915280761463,-0.0058150271734187025,-0.004412521374865079,-0.015171917254931975,-0.010474849993170365,-0.004877324405655951,-0.00768649020901715,-0.006933886497132099,0.00978068692731894,0.011998462568957959,-0.006874663162215048,-0.01167108350127129,0.009926214615414783,-0.006910135901935897,-0.01111034012734691,0.009992308424044822,-0.008208595329589312,0.01799991068725586,0.015966680664501808,-0.0047771965608391816,-0.012613281214710495,0.021211559082617272,-0.00788881836470782,0.015727951064185293,-0.006544387713453855,-0.002968054521118794,-0.004271000494427711,0.009828101050318314,0.021938657070598923,0.011978559019391308,0.015312331055533701,0.015937861687573007,-0.01066523812340868,1,-0.004995431596279552,0.017973141754772697,-0.004930031028579757,-0.010803903601226813,-0.008057191173400164,0.013094672557012818,0.01528392309241316,-0.013580802839393074,0.003916582732037279,0.0158200200688837,0.011489599466129919,0.01195291076740495,-0.005689908197474508,-0.013167244015114318,0.027632623828803247,0.02199950986711025,0.009858684577207764,-0.011571542245313675,0.017781197912471805,0.0077385244433711906,-0.008092673512592224,0.013970222467715326,-0.00734597451565063,0.021991970129088156,0.009917525934956668,-0.006227944938218859,0.019609166262463902,-0.00845831751908539,-0.010001903339668767,0.013988855272715543,-0.006864140547804592,-0.006407965324933438,0.011769485908493,0.015123019146382727,-0.007051999611242763,0.015702244765182134,-0.0014216664129317032,0.009951260975130147,0.009889910245025241,0.007781190457500217,0.01599480266686062,0.011826527294451075,-0.004686151784467783,-0.0047893568654346404,-0.003192492146293783,-0.007115958724176218,-0.0030785746002600046,-0.003726769182153279,0.00997866422309474,-0.009153717820587172,0.01189632968945764,-0.007121540859061759,0.003979970017138654,-0.012480669542324683,0.009681327589711545,0.015648833340013664,-0.004386066324845814,-0.007101337669238128,-0.010027507644426337,-0.005964667298397569,0.013735464542296839,0.013990755507582046,0.017766403646004337,0.011959761842588694,0.015693281204620046,-0.005141357012409085,-0.0019051078177103858,agent20,-1
-0.9216986496170053,-0.0058150271734187025,-0.004412521374865079,-0.015171917254931975,-0.010474849993170365,-0.004877324405655951,-0.00768649020901715,-0.006933886497132099,0.00978068692731894,0.011998462568957959,-0.006874663162215048,-0.01167108350127129,0.009926214615414783,-0.006910135901935897,-0.01111034012734691,0.009992308424044822,-0.008208595329589312,0.01799991068725586,0.015966680664501808,-0.0047771965608391816,-0.012613281214710495,0.021211559082617272,-0.00788881836470782,0.015727951064185293,-0.006544387713453855,-0.002968054521118794,-0.004271000494427711,0.009828101050318314,0.021938657070598923,0.011978559019391308,0.015312331055533701,0.015937861687573007,-0.01066523812340868,1,-0.004995431596279552,0.017973141754772697,-0.004930031028579757,-0.010803903601226813,-0.008057191173400164,0.013094672557012818,0.01528392309241316,-0.013580802839393074,0.003916582732037279,0.0158200200688837,0.011489599466129919,0.01195291076740495,-0.005689908197474508,-0.013167244015114318,0.027632623828803247,0.02199950986711025,0.009858684577207764,-0.011571542245313675,0.017781197912471805,0.0077385244433711906,-0.008092673512592224,0.013970222467715326,-0.00734597451565063,0.021991970129088156,0.009917525934956668,-0.006227944938218859,0.019609166262463902,-0.00845831751908539,-0.010001903339668767,0.013988855272715543,-0.006864140547804592,-0.006407965324933438,0.011769485908493,0.015123019146382727,-0.007051999611242763,0.015702244765182134,-0.0014216664129317032,0.009951260975130147,0.009889910245025241,0.007781190457500217,0.01599480266686062,0.011826527294451075,-0.004686151784467783,-0.0047893568654346404,-0.003192492146293783,-0.007115958724176218,-0.0030785746002600046,-0.003726769182153279,0.00997866422309474,-0.009153717820587172,0.01189632968945764,-0.007588336843280126,0.003979970017138654,-0.012480669542324683,0.009681327589711545,0.015648833340013664,-0.004386066324845814,-0.007101337669238128,-0.010027507644426337,-0.005964667298397569,0.013735464542296839,0.013990755507582046,0.017766403646004337,0.011959761842588694,0.015693281204620046,-0.005141357012409085,-0.0019051078177103858,agent84,0.8304246963827752
-0.92271434289821,-0.0058150271734187025,-0.004412521374865079,-0.015171917254931975,-0.010474849993170365,-0.004877324405655951,-0.00768649020901715,-0.006933886497132099,0.00978068692731894,0.011998462568957959,-0.006874663162215048,-0.01167108350127129,0.009926214615414783,-0.006910135901935897,-0.01111034012734691,0.009992308424044822,-0.008208595329589312,0.01799991068725586,0.015966680664501808,-0.0047771965608391816,-0.012613281214710495,0.021211559082617272,-0.00788881836470782,0.015727951064185293,-0.006544387713453855,-0.002968054521118794,-0.004271000494427711,0.009828101050318314,0.021938657070598923,0.011978559019391308,0.015312331055533701,0.015937861687573007,-0.01066523812340868,1,-0.004995431596279552,0.017973141754772697,-0.004930031028579757,-0.010803903601226813,-0.008057191173400164,0.013094672557012818,0.01528392309241316,-0.013580802839393074,0.003916582732037279,0.0158200200688837,0.011489599466129919,0.01195291076740495,-0.005689908197474508,-0.013167244015114318,0.027632623828803247,0.02199950986711025,0.009858684577207764,-0.011571542245313675,0.017781197912471805,0.0077385244433711906,-0.008092673512592224,0.013970222467715326,-0.00734597451565063,0.021991970129088156,0.009917525934956668,-0.006227944938218859,0.019609166262463902,-0.00845831751908539,-0.010001903339668767,0.013988855272715543,-0.006864140547804592,-0.006407965324933438,0.011769485908493,0.015123019146382727,-0.007051999611242763,0.015702244765182134,-0.0014216664129317032,0.009951260975130147,0.009889910245025241,0.007781190457500217,0.01599480266686062,0.011826527294451075,-0.004686151784467783,-0.0047893568654346404,-0.003192492146293783,-0.007115958724176218,-0.0030785746002600046,-0.003726769182153279,0.00997866422309474,-0.009153717820587172,0.01189632968945764,-0.007588336843280126,0.003979970017138654,-0.012480669542324683,0.009681327589711545,0.015648833340013664,-0.004386066324845814,-0.007101337669238128,-0.010027507644426337,-0.005964667298397569,0.013735464542296839,0.013990755507582046,0.017766403646004337,0.011959761842588694,0.017690215653884147,-0.005141357012409085,-0.0019051078177103858,agent97,-1
-0.9237280783627523,-0.0058150271734187025,-0.004412521374865079,-0.015171917254931975,-0.010474849993170365,-0.004877324405655951,-0.00768649020901715,-0.006933886497132099,0.00978068692731894,0.011998462568957959,-0.006874663162215048,-0.01167108350127129,0.009926214615414783,-0.006910135901935897,-0.01111034012734691,0.009992308424044822,-0.008208595329589312,0.01799991068725586,0.015966680664501808,-0.0047771965608391816,-0.012613281214710495,0.021211559082617272,-0.00788881836470782,0.015727951064185293,-0.006544387713453855,-0.002968054521118794,-0.004271000494427711,0.009828101050318314,0.021938657070598923,0.011978559019391308,0.015312331055533701,0.015937861687573007,-0.01066523812340868,1,-0.004995431596279552,0.017973141754772697,-0.004930031028579757,-0.010803903601226813,-0.008057191173400164,0.013094672557012818,0.01528392309241316,-0.013580802839393074,0.003916582732037279,0.0158200200688837,0.011489599466129919,0.01195291076740495,-0.005689908197474508,-0.013167244015114318,0.027632623828803247,0.02199950986711025,0.009858684577207764,-0.011571542245313675,0.017781197912471805,0.0077385244433711906,-0.008092673512592224,0.013970222467715326,-0.00734597451565063,0.021991970129088156,0.009917525934956668,-0.006227944938218859,0.019609166262463902,-0.00845831751908539,-0.010001903339668767,0.013988855272715543,-0.006864140547804592,-0.006407965324933438,0.011769485908493,0.015123019146382727,-0.007051999611242763,0.015702244765182134,-0.0014216664129317032,0.009951260975130147,0.009889910245025241,0.007781190457500217,0.01599480266686062,0.011826527294451075,-0.004686151784467783,-0.0047893568654346404,-0.003192492146293783,-0.007115958724176218,-0.0030785746002600046,-0.003726769182153279,0.00997866422309474,-0.009153717820587172,0.01189632968945764,-0.007588336843280126,0.003979970017138654,-0.012480669542324683,0.009681327589711545,0.015648833340013664,-0.004386066324845814,-0.007101337669238128,-0.010027507644426337,-0.005964667298397569,0.015697502101218466,0.013990755507582046,0.017766403646004337,0.011959761842588694,0.017690215653884147,-0.005141357012409085,-0.0019051078177103858,agent93,-0.6471696420659416
-0.9247399048900468,-0.0058150271734187025,-0.004412521374865079,-0.015171917254931975,-0.010474849993170365,-0.004877324405655951,-0.00768649020901715,-0.006933886497132099,0.00978068692731894,0.011998462568957959,-0.006874663162215048,-0.01167108350127129,0.009926214615414783,-0.006910135901935897,-0.01111034012734691,0.009992308424044822,-0.008208595329589312,0.01799991068725586,0.015966680664501808,-0.0047771965608391816,-0.012613281214710495,0.021211559082617272,-0.00788881836470782,0.015727951064185293,-0.006544387713453855,-0.002968054521118794,-0.004271000494427711,0.009828101050318314,0.021938657070598923,0.011978559019391308,0.015312331055533701,0.015937861687573007,-0.01066523812340868,1,-0.004995431596279552,0.017973141754772697,-0.004930031028579757,-0.010803903601226813,-0.008057191173400164,0.013094672557012818,0.01528392309241316,-0.013580802839393074,0.003916582732037279,0.0158200200688837,0.011489599466129919,0.01195291076740495,-0.005689908197474508,-0.013167244015114318,0.027632623828803247,0.02199950986711025,0.009858684577207764,-0.011571542245313675,0.017781197912471805,0.0077385244433711906,-0.008092673512592224,0.013970222467715326,-0.00734597451565063,0.021991970129088156,0.009917525934956668,-0.006227944938218859,0.019609166262463902,-0.00845831751908539,-0.010001903339668767,0.013988855272715543,-0.006864140547804592,-0.006407965324933438,0.011769485908493,0.015123019146382727,-0.007051999611242763,0.015702244765182134,-0.0014216664129317032,0.009951260975130147,0.009889910245025241,0.007781190457500217,0.01599480266686062,0.013823618591435955,-0.004686151784467783,-0.0047893568654346404,-0.003192492146293783,-0.007115958724176218,-0.0030785746002600046,-0.003726769182153279,0.00997866422309474,-0.009153717820587172,0.01189632968945764,-0.007588336843280126,0.003979970017138654,-0.012480669542324683,0.009681327589711545,0.015648833340013664,-0.004386066324845814,-0.007101337669238128,-0.010027507644426337,-0.005964667298397569,0.015697502101218466,0.013990755507582046,0.017766403646004337,0.011959761842588694,0.017690215653884147,-0.005141357012409085,-0.0019051078177103858,agent74,-1
-0.9257430973821931,-0.0058150271734187025,-0.004412521374865079,-0.015171917254931975,-0.010474849993170365,-0.004877324405655951,-0.00768649020901715,-0.006933886497132099,0.00978068692731894,0.011998462568957959,-0.006874663162215048,-0.01167108350127129,0.009926214615414783,-0.006910135901935897,-0.01111034012734691,0.009992308424044822,-0.008208595329589312,0.01799991068725586,0.015966680664501808,-0.0047771965608391816,-0.012613281214710495,0.021211559082617272,-0.00788881836470782,0.015727951064185293,-0.006544387713453855,-0.002968054521118794,-0.004271000494427711,0.009828101050318314,0.021938657070598923,0.011978559019391308,0.015312331055533701,0.015937861687573007,-0.01066523812340868,1,-0.004995431596279552,0.017973141754772697,-0.004930031028579757,-0.010803903601226813,-0.008057191173400164,0.013094672557012818,0.01528392309241316,-0.013580802839393074,0.003916582732037279,0.0158200200688837,0.011489599466129919,0.01195291076740495,-0.005689908197474508,-0.013167244015114318,0.027632623828803247,0.02199950986711025,0.009858684577207764,-0.011571542245313675,0.017781197912471805,0.0077385244433711906,-0.008092673512592224,0.013970222467715326,-0.00734597451565063,0.021991970129088156,0.009917525934956668,-0.006227944938218859,0.019609166262463902,-0.00845831751908539,-0.010001903339668767,0.013988855272715543,-0.006864140547804592,-0.006407965324933438,0.011769485908493,0.015123019146382727,-0.007051999611242763,0.015702244765182134,-0.0014216664129317032,0.009951260975130147,0.009889910245025241,0.007781190457500217,0.01599480266686062,0.013823618591435955,-0.004686151784467783,-0.0047893568654346404,-0.00334018029555571,-0.007115958724176218,-0.0030785746002600046,-0.003726769182153279,0.00997866422309474,-0.009153717820587172,0.01189632968945764,-0.007588336843280126,0.003979970017138654,-0.012480669542324683,0.009681327589711545,0.015648833340013664,-0.004386066324845814,-0.007101337669238128,-0.010027507644426337,-0.005964667298397569,0.015697502101218466,0.013990755507582046,0.017766403646004337,0.011959761842588694,0.017690215653884147,-0.005141357012409085,-0.0019051078177103858,agent77,1
-0.9267570862374658,-0.0058150271734187025,-0.004412521374865079,-0.015171917254931975,-0.010474849993170365,-0.004877324405655951,-0.00768649020901715,-0.006933886497132099,0.00978068692731894,0.011998462568957959,-0.006874663162215048,-0.01167108350127129,0.009926214615414783,-0.006910135901935897,-0.01111034012734691,0.009992308424044822,-0.008208595329589312,0.01799991068725586,0.015966680664501808,-0.0047771965608391816,-0.012613281214710495,0.021211559082617272,-0.00788881836470782,0.015727951064185293,-0.006544387713453855,-0.002968054521118794,-0.004271000494427711,0.009828101050318314,0.021938657070598923,0.011978559019391308,0.015312331055533701,0.015937861687573007,-0.01066523812340868,1,-0.004995431596279552,0.017973141754772697,-0.004930031028579757,-0.010803903601226813,-0.008057191173400164,0.013094672557012818,0.01528392309241316,-0.013580802839393074,0.003916582732037279,0.0158200200688837,0.011489599466129919,0.01195291076740495,-0.005689908197474508,-0.013167244015114318,0.027632623828803247,0.02199950986711025,0.009858684577207764,-0.011571542245313675,0.017781197912471805,0.0077385244433711906,-0.008092673512592224,0.013970222467715326,-0.00734597451565063,0.021991970129088156,0.009917525934956668,-0.006227944938218859,0.019609166262463902,-0.00845831751908539,-0.010001903339668767,0.015987341652114264,-0.006864140547804592,-0.006407965324933438,0.011769485908493,0.015123019146382727,-0.007051999611242763,0.015702244765182134,-0.0014216664129317032,0.009951260975130147,0.009889910245025241,0.007781190457500217,0.01599480266686062,0.013823618591435955,-0.004686151784467783,-0.0047893568654346404,-0.00334018029555571,-0.007115958724176218,-0.0030785746002600046,-0.003726769182153279,0.00997866422309474,-0.009153717820587172,0.01189632968945764,-0.007588336843280126,0.003979970017138654,-0.012480669542324683,0.009681327589711545,0.015648833340013664,-0.004386066324845814,-0.007101337669238128,-0.010027507644426337,-0.005964667298397569,0.015697502101218466,0.013990755507582046,0.017766403646004337,0.011959761842588694,0.017690215653884147,-0.005141357012409085,-0.0019051078177103858,agent62,-0.8707227265859327
-0.9277636306251792,-0.0058150271734187025,-0.004412521374865079,-0.015171917254931975,-0.010474849993170365,-0.004877324405655951,-0.00768649020901715,-0.006933886497132099,0.00978068692731894,0.011998462568957959,-0.006874663162215048,-0.01167108350127129,0.009926214615414783,-0.006910135901935897,-0.01111034012734691,0.009992308424044822,-0.008208595329589312,0.01799991068725586,0.015966680664501808,-0.0047771965608391816,-0.012613281214710495,0.021211559082617272,-0.00788881836470782,0.015727951064185293,-0.00668819127877071,-0.002968054521118794,-0.004271000494427711,0.009828101050318314,0.021938657070598923,0.011978559019391308,0.015312331055533701,0.015937861687573007,-0.01066523812340868,1,-0.004995431596279552,0.017973141754772697,-0.004930031028579757,-0.010803903601226813,-0.008057191173400164,0.013094672557012818,0.01528392309241316,-0.013580802839393074,0.003916582732037279,0.0158200200688837,0.011489599466129919,0.01195291076740495,-0.005689908197474508,-0.013167244015114318,0.027632623828803247,0.02199950986711025,0.009858684577207764,-0.011571542245313675,0.017781197912471805,0.0077385244433711906,-0.008092673512592224,0.013970222467715326,-0.00734597451565063,0.021991970129088156,0.009917525934956668,-0.006227944938218859,0.019609166262463902,-0.00845831751908539,-0.010001903339668767,0.015987341652114264,-0.006864140547804592,-0.006407965324933438,0.011769485908493,0.015123019146382727,-0.007051999611242763,0.015702244765182134,-0.0014216664129317032,0.009951260975130147,0.009889910245025241,0.007781190457500217,0.01599480266686062,0.013823618591435955,-0.004686151784467783,-0.0047893568654346404,-0.00334018029555571,-0.007115958724176218,-0.0030785746002600046,-0.003726769182153279,0.00997866422309474,-0.009153717820587172,0.01189632968945764,-0.007588336843280126,0.003979970017138654,-0.012480669542324683,0.009681327589711545,0.015648833340013664,-0.004386066324845814,-0.007101337669238128,-0.010027507644426337,-0.005964667298397569,0.015697502101218466,0.013990755507582046,0.017766403646004337,0.011959761842588694,0.017690215653884147,-0.005141357012409085,-0.0019051078177103858,agent23,1
-0.9287675472079112,-0.0058150271734187025,-0.004412521374865079,-0.015171917254931975,-0.010474849993170365,-0.004877324405655951,-0.00768649020901715,-0.006933886497132099,0.00978068692731894,0.011998462568957959,-0.006874663162215048,-0.01167108350127129,0.009926214615414783,-0.006910135901935897,-0.01111034012734691,0.009992308424044822,-0.008208595329589312,0.01799991068725586,0.015966680664501808,-0.0047771965608391816,-0.012613281214710495,0.021211559082617272,-0.00788881836470782,0.015727951064185293,-0.00668819127877071,-0.002968054521118794,-0.004271000494427711,0.009828101050318314,0.021938657070598923,0.011978559019391308,0.015312331055533701,0.015937861687573007,-0.01066523812340868,1,-0.004995431596279552,0.017973141754772697,-0.004930031028579757,-0.010803903601226813,-0.008057191173400164,0.013094672557012818,0.01528392309241316,-0.013580802839393074,0.005913973685507052,0.0158200200688837,0.011489599466129919,0.01195291076740495,-0.005689908197474508,-0.013167244015114318,0.027632623828803247,0.02199950986711025,0.009858684577207764,-0.011571542245313675,0.017781197912471805,0.0077385244433711906,-0.008092673512592224,0.013970222467715326,-0.00734597451565063,0.021991970129088156,0.009917525934956668,-0.006227944938218859,0.019609166262463902,-0.00845831751908539,-0.010001903339668767,0.015987341652114264,-0.006864140547804592,-0.006407965324933438,0.011769485908493,0.015123019146382727,-0.007051999611242763,0.015702244765182134,-0.0014216664129317032,0.009951260975130147,0.009889910245025241,0.007781190457500217,0.01599480266686062,0.013823618591435955,-0.004686151784467783,-0.0047893568654346404,-0.00334018029555571,-0.007115958724176218,-0.0030785746002600046,-0.003726769182153279,0.00997866422309474,-0.009153717820587172,0.01189632968945764,-0.007588336843280126,0.003979970017138654,-0.012480669542324683,0.009681327589711545,0.015648833340013664,-0.004386066324845814,-0.007101337669238128,-0.010027507644426337,-0.005964667298397569,0.015697502101218466,0.013990755507582046,0.017766403646004337,0.011959761842588694,0.017690215653884147,-0.005141357012409085,-0.0019051078177103858,agent41,-1
-0.9297887587669939,-0.0058150271734187025,-0.004412521374865079,-0.015171917254931975,-0.010474849993170365,-0.004877324405655951,-0.00768649020901715,-0.006933886497132099,0.00978068692731894,0.011998462568957959,-0.006874663162215048,-0.01167108350127129,0.009926214615414783,-0.006910135901935897,-0.01111034012734691,0.009992308424044822,-0.008208595329589312,0.01799991068725586,0.015966680664501808,-0.0047771965608391816,-0.012613281214710495,0.023209022051451884,-0.00788881836470782,0.015727951064185293,-0.00668819127877071,-0.002968054521118794,-0.004271000494427711,0.009828101050318314,0.021938657070598923,0.011978559019391308,0.015312331055533701,0.015937861687573007,-0.01066523812340868,1,-0.004995431596279552,0.017973141754772697,-0.004930031028579757,-0.010803903601226813,-0.008057191173400164,0.013094672557012818,0.01528392309241316,-0.013580802839393074,0.005913973685507052,0.0158200200688837,0.011489599466129919,0.01195291076740495,-0.005689908197474508,-0.013167244015114318,0.027632623828803247,0.02199950986711025,0.009858684577207764,-0.011571542245313675,0.017781197912471805,0.0077385244433711906,-0.008092673512592224,0.013970222467715326,-0.00734597451565063,0.021991970129088156,0.009917525934956668,-0.006227944938218859,0.019609166262463902,-0.00845831751908539,-0.010001903339668767,0.015987341652114264,-0.006864140547804592,-0.006407965324933438,0.011769485908493,0.015123019146382727,-0.007051999611242763,0.015702244765182134,-0.0014216664129317032,0.009951260975130147,0.009889910245025241,0.007781190457500217,0.01599480266686062,0.013823618591435955,-0.004686151784467783,-0.0047893568654346404,-0.00334018029555571,-0.007115958724176218,-0.0030785746002600046,-0.003726769182153279,0.00997866422309474,-0.009153717820587172,0.01189632968945764,-0.007588336843280126,0.003979970017138654,-0.012480669542324683,0.009681327589711545,0.015648833340013664,-0.004386066324845814,-0.007101337669238128,-0.010027507644426337,-0.005964667298397569,0.015697502101218466,0.013990755507582046,0.017766403646004337,0.011959761842588694,0.017690215653884147,-0.005141357012409085,-0.0019051078177103858,agent20,-1
-0.9307964452572028,-0.0058150271734187025,-0.004412521374865079,-0.015171917254931975,-0.010474849993170365,-0.004877324405655951,-0.007824447882285422,-0.006933886497132099,0.00978068692731894,0.011998462568957959,-0.006874663162215048,-0.01167108350127129,0.009926214615414783,-0.006910135901935897,-0.01111034012734691,0.009992308424044822,-0.008208595329589312,0.01799991068725586,0.015966680664501808,-0.0047771965608391816,-0.012613281214710495,0.023209022051451884,-0.00788881836470782,0.015727951064185293,-0.00668819127877071,-0.002968054521118794,-0.004271000494427711,0.009828101050318314,0.021938657070598923,0.011978559019391308,0.015312331055533701,0.015937861687573007,-0.01066523812340868,1,-0.004995431596279552,0.017973141754772697,-0.004930031028579757,-0.010803903601226813,-0.008057191173400164,0.013094672557012818,0.01528392309241316,-0.013580802839393074,0.005913973685507052,0.0158200200688837,0.011489599466129919,0.01195291076740495,-0.005689908197474508,-0.013167244015114318,0.027632623828803247,0.02199950986711025,0.009858684577207764,-0.011571542245313675,0.017781197912471805,0.0077385244433711906,-0.008092673512592224,0.013970222467715326,-0.00734597451565063,0.021991970129088156,0.009917525934956668,-0.006227944938218859,0.019609166262463902,-0.00845831751908539,-0.010001903339668767,0.015987341652114264,-0.006864140547804592,-0.006407965324933438,0.011769485908493,0.015123019146382727,-0.007051999611242763,0.015702244765182134,-0.0014216664129317032,0.009951260975130147,0.009889910245025241,0.007781190457500217,0.01599480266686062,0.013823618591435955,-0.004686151784467783,-0.0047893568654346404,-0.00334018029555571,-0.007115958724176218,-0.0030785746002600046,-0.003726769182153279,0.00997866422309474,-0.009153717820587172,0.01189632968945764,-0.007588336843280126,0.003979970017138654,-0.012480669542324683,0.009681327589711545,0.015648833340013664,-0.004386066324845814,-0.007101337669238128,-0.010027507644426337,-0.005964667298397569,0.015697502101218466,0.013990755507582046,0.017766403646004337,0.011959761842588694,0.017690215653884147,-0.005141357012409085,-0.0019051078177103858,agent5,1
-0.9318007162576972,-0.0058150271734187025,-0.004412521374865079,-0.015171917254931975,-0.010474849993170365,-0.004877324405655951,-0.007824447882285422,-0.006933886497132099,0.00978068692731894,0.011998462568957959,-0.006874663162215048,-0.01167108350127129,0.009926214615414783,-0.006910135901935897,-0.01111034012734691,0.009992308424044822,-0.008208595329589312,0.01799991068725586,0.015966680664501808,-0.0047771965608391816,-0.012613281214710495,0.023209022051451884,-0.00788881836470782,0.015727951064185293,-0.00668819127877071,-0.002968054521118794,-0.004407013037918786,0.009828101050318314,0.021938657070598923,0.011978559019391308,0.015312331055533701,0.015937861687573007,-0.01066523812340868,1,-0.004995431596279552,0.017973141754772697,-0.004930031028579757,-0.010803903601226813,-0.008057191173400164,0.013094672557012818,0.01528392309241316,-0.013580802839393074,0.005913973685507052,0.0158200200688837,0.011489599466129919,0.01195291076740495,-0.005689908197474508,-0.013167244015114318,0.027632623828803247,0.02199950986711025,0.009858684577207764,-0.011571542245313675,0.017781197912471805,0.0077385244433711906,-0.008092673512592224,0.013970222467715326,-0.00734597451565063,0.021991970129088156,0.009917525934956668,-0.006227944938218859,0.019609166262463902,-0.00845831751908539,-0.010001903339668767,0.015987341652114264,-0.006864140547804592,-0.006407965324933438,0.011769485908493,0.015123019146382727,-0.007051999611242763,0.015702244765182134,-0.0014216664129317032,0.009951260975130147,0.009889910245025241,0.007781190457500217,0.01599480266686062,0.013823618591435955,-0.004686151784467783,-0.0047893568654346404,-0.00334018029555571,-0.007115958724176218,-0.0030785746002600046,-0.003726769182153279,0.00997866422309474,-0.009153717820587172,0.01189632968945764,-0.007588336843280126,0.003979970017138654,-0.012480669542324683,0.009681327589711545,0.015648833340013664,-0.004386066324845814,-0.007101337669238128,-0.010027507644426337,-0.005964667298397569,0.015697502101218466,0.013990755507582046,0.017766403646004337,0.011959761842588694,0.017690215653884147,-0.005141357012409085,-0.0019051078177103858,agent25,1
-0.9328145398762887,-0.0058150271734187025,-0.004412521374865079,-0.015171917254931975,-0.010474849993170365,-0.004877324405655951,-0.007824447882285422,-0.006933886497132099,0.00978068692731894,0.011998462568957959,-0.006874663162215048,-0.01167108350127129,0.009926214615414783,-0.006910135901935897,-0.01111034012734691,0.009992308424044822,-0.008208595329589312,0.01799991068725586,0.015966680664501808,-0.0047771965608391816,-0.012613281214710495,0.023209022051451884,-0.00788881836470782,0.015727951064185293,-0.00668819127877071,-0.002968054521118794,-0.004407013037918786,0.009828101050318314,0.021938657070598923,0.011978559019391308,0.015312331055533701,0.015937861687573007,-0.01066523812340868,1,-0.004995431596279552,0.017973141754772697,-0.004930031028579757,-0.010803903601226813,-0.008057191173400164,0.013094672557012818,0.01528392309241316,-0.013580802839393074,0.005913973685507052,0.0158200200688837,0.011489599466129919,0.01195291076740495,-0.005689908197474508,-0.013167244015114318,0.027632623828803247,0.02199950986711025,0.009858684577207764,-0.011571542245313675,0.017781197912471805,0.0077385244433711906,-0.008092673512592224,0.013970222467715326,-0.00734597451565063,0.021991970129088156,0.009917525934956668,-0.006227944938218859,0.019609166262463902,-0.00845831751908539,-0.010001903339668767,0.015987341652114264,-0.006864140547804592,-0.006407965324933438,0.011769485908493,0.015123019146382727,-0.007051999611242763,0.015702244765182134,-0.0014216664129317032,0.009951260975130147,0.009889910245025241,0.007781190457500217,0.01599480266686062,0.015821293020284472,-0.004686151784467783,-0.0047893568654346404,-0.00334018029555571,-0.007115958724176218,-0.0030785746002600046,-0.003726769182153279,0.00997866422309474,-0.009153717820587172,0.01189632968945764,-0.007588336843280126,0.003979970017138654,-0.012480669542324683,0.009681327589711545,0.015648833340013664,-0.004386066324845814,-0.007101337669238128,-0.010027507644426337,-0.005964667298397569,0.015697502101218466,0.013990755507582046,0.017766403646004337,0.011959761842588694,0.017690215653884147,-0.005141357012409085,-0.0019051078177103858,agent74,-1
-0.9338302678273529,-0.0058150271734187025,-0.004412521374865079,-0.015171917254931975,-0.010474849993170365,-0.004877324405655951,-0.007824447882285422,-0.006933886497132099,0.00978068692731894,0.011998462568957959,-0.006874663162215048,-0.01167108350127129,0.009926214615414783,-0.006910135901935897,-0.01111034012734691,0.009992308424044822,-0.008208595329589312,0.01799991068725586,0.015966680664501808,-0.0047771965608391816,-0.012613281214710495,0.023209022051451884,-0.00788881836470782,0.017693807702837672,-0.00668819127877071,-0.002968054521118794,-0.004407013037918786,0.009828101050318314,0.021938657070598923,0.011978559019391308,0.015312331055533701,0.015937861687573007,-0.01066523812340868,1,-0.004995431596279552,0.017973141754772697,-0.004930031028579757,-0.010803903601226813,-0.008057191173400164,0.013094672557012818,0.01528392309241316,-0.013580802839393074,0.005913973685507052,0.0158200200688837,0.011489599466129919,0.01195291076740495,-0.005689908197474508,-0.013167244015114318,0.027632623828803247,0.02199950986711025,0.009858684577207764,-0.011571542245313675,0.017781197912471805,0.0077385244433711906,-0.008092673512592224,0.013970222467715326,-0.00734597451565063,0.021991970129088156,0.009917525934956668,-0.006227944938218859,0.019609166262463902,-0.00845831751908539,-0.010001903339668767,0.015987341652114264,-0.006864140547804592,-0.006407965324933438,0.011769485908493,0.015123019146382727,-0.007051999611242763,0.015702244765182134,-0.0014216664129317032,0.009951260975130147,0.009889910245025241,0.007781190457500217,0.01599480266686062,0.015821293020284472,-0.004686151784467783,-0.0047893568654346404,-0.00334018029555571,-0.007115958724176218,-0.0030785746002600046,-0.003726769182153279,0.00997866422309474,-0.009153717820587172,0.01189632968945764,-0.007588336843280126,0.003979970017138654,-0.012480669542324683,0.009681327589711545,0.015648833340013664,-0.004386066324845814,-0.007101337669238128,-0.010027507644426337,-0.005964667298397569,0.015697502101218466,0.013990755507582046,0.017766403646004337,0.011959761842588694,0.017690215653884147,-0.005141357012409085,-0.0019051078177103858,agent22,-0.6714972563008567
-0.9348460891203731,-0.0058150271734187025,-0.004412521374865079,-0.015171917254931975,-0.010474849993170365,-0.004877324405655951,-0.007824447882285422,-0.006933886497132099,0.00978068692731894,0.011998462568957959,-0.006874663162215048,-0.01167108350127129,0.009926214615414783,-0.006910135901935897,-0.01111034012734691,0.009992308424044822,-0.008208595329589312,0.01799991068725586,0.015966680664501808,-0.0047771965608391816,-0.012613281214710495,0.023209022051451884,-0.00788881836470782,0.017693807702837672,-0.00668819127877071,-0.002968054521118794,-0.004407013037918786,0.009828101050318314,0.021938657070598923,0.011978559019391308,0.015312331055533701,0.015937861687573007,-0.01066523812340868,1,-0.004995431596279552,0.017973141754772697,-0.004930031028579757,-0.010803903601226813,-0.008057191173400164,0.013094672557012818,0.01528392309241316,-0.013580802839393074,0.005913973685507052,0.0158200200688837,0.011489599466129919,0.01195291076740495,-0.005689908197474508,-0.013167244015114318,0.027632623828803247,0.02199950986711025,0.009858684577207764,-0.011571542245313675,0.017781197912471805,0.0077385244433711906,-0.008092673512592224,0.013970222467715326,-0.00734597451565063,0.021991970129088156,0.009917525934956668,-0.006227944938218859,0.019609166262463902,-0.00845831751908539,-0.010001903339668767,0.015987341652114264,-0.006864140547804592,-0.006407965324933438,0.011769485908493,0.015123019146382727,-0.007051999611242763,0.015702244765182134,-0.0014216664129317032,0.009951260975130147,0.009889910245025241,0.007781190457500217,0.01599480266686062,0.01781910380355657,-0.004686151784467783,-0.0047893568654346404,-0.00334018029555571,-0.007115958724176218,-0.0030785746002600046,-0.003726769182153279,0.00997866422309474,-0.009153717820587172,0.01189632968945764,-0.007588336843280126,0.003979970017138654,-0.012480669542324683,0.009681327589711545,0.015648833340013664,-0.004386066324845814,-0.007101337669238128,-0.010027507644426337,-0.005964667298397569,0.015697502101218466,0.013990755507582046,0.017766403646004337,0.011959761842588694,0.017690215653884147,-0.005141357012409085,-0.0019051078177103858,agent74,-1
-0.9358568930239743,-0.0058150271734187025,-0.004412521374865079,-0.015171917254931975,-0.010474849993170365,-0.004877324405655951,-0.007824447882285422,-0.006933886497132099,0.00978068692731894,0.011998462568957959,-0.006874663162215048,-0.01167108350127129,0.009926214615414783,-0.006910135901935897,-0.01111034012734691,0.009992308424044822,-0.008208595329589312,0.01799991068725586,0.015966680664501808,-0.0047771965608391816,-0.012613281214710495,0.023209022051451884,-0.00788881836470782,0.017693807702837672,-0.00668819127877071,-0.002968054521118794,-0.004407013037918786,0.009828101050318314,0.021938657070598923,0.011978559019391308,0.015312331055533701,0.015937861687573007,-0.01066523812340868,1,-0.004995431596279552,0.017973141754772697,-0.004930031028579757,-0.01130959537295511,-0.008057191173400164,0.013094672557012818,0.01528392309241316,-0.013580802839393074,0.005913973685507052,0.0158200200688837,0.011489599466129919,0.01195291076740495,-0.005689908197474508,-0.013167244015114318,0.027632623828803247,0.02199950986711025,0.009858684577207764,-0.011571542245313675,0.017781197912471805,0.0077385244433711906,-0.008092673512592224,0.013970222467715326,-0.00734597451565063,0.021991970129088156,0.009917525934956668,-0.006227944938218859,0.019609166262463902,-0.00845831751908539,-0.010001903339668767,0.015987341652114264,-0.006864140547804592,-0.006407965324933438,0.011769485908493,0.015123019146382727,-0.007051999611242763,0.015702244765182134,-0.0014216664129317032,0.009951260975130147,0.009889910245025241,0.007781190457500217,0.01599480266686062,0.01781910380355657,-0.004686151784467783,-0.0047893568654346404,-0.00334018029555571,-0.007115958724176218,-0.0030785746002600046,-0.003726769182153279,0.00997866422309474,-0.009153717820587172,0.01189632968945764,-0.007588336843280126,0.003979970017138654,-0.012480669542324683,0.009681327589711545,0.015648833340013664,-0.004386066324845814,-0.007101337669238128,-0.010027507644426337,-0.005964667298397569,0.015697502101218466,0.013990755507582046,0.017766403646004337,0.011959761842588694,0.017690215653884147,-0.005141357012409085,-0.0019051078177103858,agent36,0.7939154492484695
-0.936864781842339,-0.0058150271734187025,-0.004412521374865079,-0.015171917254931975,-0.010474849993170365,-0.004877324405655951,-0.007824447882285422,-0.006933886497132099,0.00978068692731894,0.011998462568957959,-0.006874663162215048,-0.01167108350127129,0.009926214615414783,-0.006910135901935897,-0.01111034012734691,0.009992308424044822,-0.008208595329589312,0.01799991068725586,0.015966680664501808,-0.0047771965608391816,-0.012613281214710495,0.023209022051451884,-0.008015047409573602,0.017693807702837672,-0.00668819127877071,-0.002968054521118794,-0.004407013037918786,0.009828101050318314,0.021938657070598923,0.011978559019391308,0.015312331055533701,0.015937861687573007,-0.01066523812340868,1,-0.004995431596279552,0.017973141754772697,-0.004930031028579757,-0.01130959537295511,-0.008057191173400164,0.013094672557012818,0.01528392309241316,-0.013580802839393074,0.005913973685507052,0.0158200200688837,0.011489599466129919,0.01195291076740495,-0.005689908197474508,-0.013167244015114318,0.027632623828803247,0.02199950986711025,0.009858684577207764,-0.011571542245313675,0.017781197912471805,0.0077385244433711906,-0.008092673512592224,0.013970222467715326,-0.00734597451565063,0.021991970129088156,0.009917525934956668,-0.006227944938218859,0.019609166262463902,-0.00845831751908539,-0.010001903339668767,0.015987341652114264,-0.006864140547804592,-0.006407965324933438,0.011769485908493,0.015123019146382727,-0.007051999611242763,0.015702244765182134,-0.0014216664129317032,0.009951260975130147,0.009889910245025241,0.007781190457500217,0.01599480266686062,0.01781910380355657,-0.004686151784467783,-0.0047893568654346404,-0.00334018029555571,-0.007115958724176218,-0.0030785746002600046,-0.003726769182153279,0.00997866422309474,-0.009153717820587172,0.01189632968945764,-0.007588336843280126,0.003979970017138654,-0.012480669542324683,0.009681327589711545,0.015648833340013664,-0.004386066324845814,-0.007101337669238128,-0.010027507644426337,-0.005964667298397569,0.015697502101218466,0.013990755507582046,0.017766403646004337,0.011959761842588694,0.017690215653884147,-0.005141357012409085,-0.0019051078177103858,agent21,1
-0.9378778765148961,-0.0058150271734187025,-0.004412521374865079,-0.015171917254931975,-0.010474849993170365,-0.004877324405655951,-0.007824447882285422,-0.006933886497132099,0.00978068692731894,0.011998462568957959,-0.006874663162215048,-0.01167108350127129,0.009926214615414783,-0.006910135901935897,-0.01111034012734691,0.009992308424044822,-0.008208595329589312,0.01799991068725586,0.015966680664501808,-0.0047771965608391816,-0.012613281214710495,0.023209022051451884,-0.008015047409573602,0.017693807702837672,-0.00668819127877071,-0.002968054521118794,-0.004407013037918786,0.009828101050318314,0.021938657070598923,0.011978559019391308,0.015312331055533701,0.015937861687573007,-0.01066523812340868,1,-0.004995431596279552,0.017973141754772697,-0.004930031028579757,-0.01130959537295511,-0.008057191173400164,0.01509267952912691,0.01528392309241316,-0.013580802839393074,0.005913973685507052,0.0158200200688837,0.011489599466129919,0.01195291076740495,-0.005689908197474508,-0.013167244015114318,0.027632623828803247,0.02199950986711025,0.009858684577207764,-0.011571542245313675,0.017781197912471805,0.0077385244433711906,-0.008092673512592224,0.013970222467715326,-0.00734597451565063,0.021991970129088156,0.009917525934956668,-0.006227944938218859,0.019609166262463902,-0.00845831751908539,-0.010001903339668767,0.015987341652114264,-0.006864140547804592,-0.006407965324933438,0.011769485908493,0.015123019146382727,-0.007051999611242763,0.015702244765182134,-0.0014216664129317032,0.009951260975130147,0.009889910245025241,0.007781190457500217,0.01599480266686062,0.01781910380355657,-0.004686151784467783,-0.0047893568654346404,-0.00334018029555571,-0.007115958724176218,-0.0030785746002600046,-0.003726769182153279,0.00997866422309474,-0.009153717820587172,0.01189632968945764,-0.007588336843280126,0.003979970017138654,-0.012480669542324683,0.009681327589711545,0.015648833340013664,-0.004386066324845814,-0.007101337669238128,-0.010027507644426337,-0.005964667298397569,0.015697502101218466,0.013990755507582046,0.017766403646004337,0.011959761842588694,0.017690215653884147,-0.005141357012409085,-0.0019051078177103858,agent38,-1
-0.9388835664230936,-0.0058150271734187025,-0.004412521374865079,-0.015171917254931975,-0.010474849993170365,-0.004877324405655951,-0.007824447882285422,-0.006933886497132099,0.00978068692731894,0.011998462568957959,-0.006874663162215048,-0.01167108350127129,0.009926214615414783,-0.006910135901935897,-0.01111034012734691,0.009992308424044822,-0.008208595329589312,0.01799991068725586,0.015966680664501808,-0.0047771965608391816,-0.012613281214710495,0.023209022051451884,-0.008015047409573602,0.017693807702837672,-0.00668819127877071,-0.002968054521118794,-0.004407013037918786,0.009828101050318314,0.021938657070598923,0.011978559019391308,0.015312331055533701,0.015937861687573007,-0.01066523812340868,1,-0.004995431596279552,0.017973141754772697,-0.004930031028579757,-0.01130959537295511,-0.008057191173400164,0.01509267952912691,0.01528392309241316,-0.013580802839393074,0.005913973685507052,0.0158200200688837,0.011489599466129919,0.01195291076740495,-0.0058122228653315665,-0.013167244015114318,0.027632623828803247,0.02199950986711025,0.009858684577207764,-0.011571542245313675,0.017781197912471805,0.0077385244433711906,-0.008092673512592224,0.013970222467715326,-0.00734597451565063,0.021991970129088156,0.009917525934956668,-0.006227944938218859,0.019609166262463902,-0.00845831751908539,-0.010001903339668767,0.015987341652114264,-0.006864140547804592,-0.006407965324933438,0.011769485908493,0.015123019146382727,-0.007051999611242763,0.015702244765182134,-0.0014216664129317032,0.009951260975130147,0.009889910245025241,0.007781190457500217,0.01599480266686062,0.01781910380355657,-0.004686151784467783,-0.0047893568654346404,-0.00334018029555571,-0.007115958724176218,-0.0030785746002600046,-0.003726769182153279,0.00997866422309474,-0.009153717820587172,0.01189632968945764,-0.007588336843280126,0.003979970017138654,-0.012480669542324683,0.009681327589711545,0.015648833340013664,-0.004386066324845814,-0.007101337669238128,-0.010027507644426337,-0.005964667298397569,0.015697502101218466,0.013990755507582046,0.017766403646004337,0.011959761842588694,0.017690215653884147,-0.005141357012409085,-0.0019051078177103858,agent45,1
-0.9398879734361315,-0.0058150271734187025,-0.004412521374865079,-0.015171917254931975,-0.010474849993170365,-0.004877324405655951,-0.007824447882285422,-0.006933886497132099,0.00978068692731894,0.011998462568957959,-0.006874663162215048,-0.01167108350127129,0.009926214615414783,-0.006910135901935897,-0.01111034012734691,0.009992308424044822,-0.008208595329589312,0.01799991068725586,0.015966680664501808,-0.0047771965608391816,-0.012613281214710495,0.023209022051451884,-0.008015047409573602,0.017693807702837672,-0.00668819127877071,-0.002968054521118794,-0.004527378295846019,0.009828101050318314,0.021938657070598923,0.011978559019391308,0.015312331055533701,0.015937861687573007,-0.01066523812340868,1,-0.004995431596279552,0.017973141754772697,-0.004930031028579757,-0.01130959537295511,-0.008057191173400164,0.01509267952912691,0.01528392309241316,-0.013580802839393074,0.005913973685507052,0.0158200200688837,0.011489599466129919,0.01195291076740495,-0.0058122228653315665,-0.013167244015114318,0.027632623828803247,0.02199950986711025,0.009858684577207764,-0.011571542245313675,0.017781197912471805,0.0077385244433711906,-0.008092673512592224,0.013970222467715326,-0.00734597451565063,0.021991970129088156,0.009917525934956668,-0.006227944938218859,0.019609166262463902,-0.00845831751908539,-0.010001903339668767,0.015987341652114264,-0.006864140547804592,-0.006407965324933438,0.011769485908493,0.015123019146382727,-0.007051999611242763,0.015702244765182134,-0.0014216664129317032,0.009951260975130147,0.009889910245025241,0.007781190457500217,0.01599480266686062,0.01781910380355657,-0.004686151784467783,-0.0047893568654346404,-0.00334018029555571,-0.007115958724176218,-0.0030785746002600046,-0.003726769182153279,0.00997866422309474,-0.009153717820587172,0.01189632968945764,-0.007588336843280126,0.003979970017138654,-0.012480669542324683,0.009681327589711545,0.015648833340013664,-0.004386066324845814,-0.007101337669238128,-0.010027507644426337,-0.005964667298397569,0.015697502101218466,0.013990755507582046,0.017766403646004337,0.011959761842588694,0.017690215653884147,-0.005141357012409085,-0.0019051078177103858,agent25,1
-0.940903911297819,-0.0058150271734187025,-0.004412521374865079,-0.015171917254931975,-0.010474849993170365,-0.004877324405655951,-0.007824447882285422,-0.006933886497132099,0.00978068692731894,0.011998462568957959,-0.006874663162215048,-0.01167108350127129,0.009926214615414783,-0.006910135901935897,-0.01111034012734691,0.009992308424044822,-0.008208595329589312,0.01799991068725586,0.015966680664501808,-0.0047771965608391816,-0.012613281214710495,0.023209022051451884,-0.008015047409573602,0.017693807702837672,-0.00668819127877071,-0.002968054521118794,-0.004527378295846019,0.009828101050318314,0.021938657070598923,0.011978559019391308,0.015312331055533701,0.017936054959704198,-0.01066523812340868,1,-0.004995431596279552,0.017973141754772697,-0.004930031028579757,-0.01130959537295511,-0.008057191173400164,0.01509267952912691,0.01528392309241316,-0.013580802839393074,0.005913973685507052,0.0158200200688837,0.011489599466129919,0.01195291076740495,-0.0058122228653315665,-0.013167244015114318,0.027632623828803247,0.02199950986711025,0.009858684577207764,-0.011571542245313675,0.017781197912471805,0.0077385244433711906,-0.008092673512592224,0.013970222467715326,-0.00734597451565063,0.021991970129088156,0.009917525934956668,-0.006227944938218859,0.019609166262463902,-0.00845831751908539,-0.010001903339668767,0.015987341652114264,-0.006864140547804592,-0.006407965324933438,0.011769485908493,0.015123019146382727,-0.007051999611242763,0.015702244765182134,-0.0014216664129317032,0.009951260975130147,0.009889910245025241,0.007781190457500217,0.01599480266686062,0.01781910380355657,-0.004686151784467783,-0.0047893568654346404,-0.00334018029555571,-0.007115958724176218,-0.0030785746002600046,-0.003726769182153279,0.00997866422309474,-0.009153717820587172,0.01189632968945764,-0.007588336843280126,0.003979970017138654,-0.012480669542324683,0.009681327589711545,0.015648833340013664,-0.004386066324845814,-0.007101337669238128,-0.010027507644426337,-0.005964667298397569,0.015697502101218466,0.013990755507582046,0.017766403646004337,0.011959761842588694,0.017690215653884147,-0.005141357012409085,-0.0019051078177103858,agent30,-1
-0.9419178815202868,-0.0058150271734187025,-0.004412521374865079,-0.015171917254931975,-0.010474849993170365,-0.004877324405655951,-0.007824447882285422,-0.006933886497132099,0.00978068692731894,0.011998462568957959,-0.006874663162215048,-0.01167108350127129,0.009926214615414783,-0.006910135901935897,-0.01111034012734691,0.009992308424044822,-0.008208595329589312,0.01799991068725586,0.015966680664501808,-0.0047771965608391816,-0.012613281214710495,0.023209022051451884,-0.008015047409573602,0.017693807702837672,-0.00668819127877071,-0.002968054521118794,-0.004527378295846019,0.009828101050318314,0.021938657070598923,0.011978559019391308,0.015312331055533701,0.017936054959704198,-0.01066523812340868,1,-0.004995431596279552,0.017973141754772697,-0.004930031028579757,-0.01130959537295511,-0.008057191173400164,0.01509267952912691,0.01528392309241316,-0.013580802839393074,0.005913973685507052,0.0158200200688837,0.011489599466129919,0.01195291076740495,-0.0058122228653315665,-0.013167244015114318,0.027632623828803247,0.02199950986711025,0.009858684577207764,-0.011571542245313675,0.017781197912471805,0.0077385244433711906,-0.008092673512592224,0.015965924048975857,-0.00734597451565063,0.021991970129088156,0.009917525934956668,-0.006227944938218859,0.019609166262463902,-0.00845831751908539,-0.010001903339668767,0.015987341652114264,-0.006864140547804592,-0.006407965324933438,0.011769485908493,0.015123019146382727,-0.007051999611242763,0.015702244765182134,-0.0014216664129317032,0.009951260975130147,0.009889910245025241,0.007781190457500217,0.01599480266686062,0.01781910380355657,-0.004686151784467783,-0.0047893568654346404,-0.00334018029555571,-0.007115958724176218,-0.0030785746002600046,-0.003726769182153279,0.00997866422309474,-0.009153717820587172,0.01189632968945764,-0.007588336843280126,0.003979970017138654,-0.012480669542324683,0.009681327589711545,0.015648833340013664,-0.004386066324845814,-0.007101337669238128,-0.010027507644426337,-0.005964667298397569,0.015697502101218466,0.013990755507582046,0.017766403646004337,0.011959761842588694,0.017690215653884147,-0.005141357012409085,-0.0019051078177103858,agent54,-0.8481847790815398
-0.9429224088985826,-0.0058150271734187025,-0.004412521374865079,-0.015171917254931975,-0.010474849993170365,-0.004877324405655951,-0.007824447882285422,-0.006933886497132099,0.00978068692731894,0.011998462568957959,-0.006874663162215048,-0.01167108350127129,0.009926214615414783,-0.006910135901935897,-0.01111034012734691,0.009992308424044822,-0.008208595329589312,0.01799991068725586,0.015966680664501808,-0.0047771965608391816,-0.012613281214710495,0.023209022051451884,-0.008015047409573602,0.017693807702837672,-0.00668819127877071,-0.002968054521118794,-0.0046418557665619,0.009828101050318314,0.021938657070598923,0.011978559019391308,0.015312331055533701,0.017936054959704198,-0.01066523812340868,1,-0.004995431596279552,0.017973141754772697,-0.004930031028579757,-0.01130959537295511,-0.008057191173400164,0.01509267952912691,0.01528392309241316,-0.013580802839393074,0.005913973685507052,0.0158200200688837,0.011489599466129919,0.01195291076740495,-0.0058122228653315665,-0.013167244015114318,0.027632623828803247,0.02199950986711025,0.009858684577207764,-0.011571542245313675,0.017781197912471805,0.0077385244433711906,-0.008092673512592224,0.015965924048975857,-0.00734597451565063,0.021991970129088156,0.009917525934956668,-0.006227944938218859,0.019609166262463902,-0.00845831751908539,-0.010001903339668767,0.015987341652114264,-0.006864140547804592,-0.006407965324933438,0.011769485908493,0.015123019146382727,-0.007051999611242763,0.015702244765182134,-0.0014216664129317032,0.009951260975130147,0.009889910245025241,0.007781190457500217,0.01599480266686062,0.01781910380355657,-0.004686151784467783,-0.0047893568654346404,-0.00334018029555571,-0.007115958724176218,-0.0030785746002600046,-0.003726769182153279,0.00997866422309474,-0.009153717820587172,0.01189632968945764,-0.007588336843280126,0.003979970017138654,-0.012480669542324683,0.009681327589711545,0.015648833340013664,-0.004386066324845814,-0.007101337669238128,-0.010027507644426337,-0.005964667298397569,0.015697502101218466,0.013990755507582046,0.017766403646004337,0.011959761842588694,0.017690215653884147,-0.005141357012409085,-0.0019051078177103858,agent25,1
-0.9439401753022286,-0.0058150271734187025,-0.004412521374865079,-0.015171917254931975,-0.010474849993170365,-0.004877324405655951,-0.007824447882285422,-0.006933886497132099,0.00978068692731894,0.011998462568957959,-0.006874663162215048,-0.01167108350127129,0.009926214615414783,-0.006910135901935897,-0.01111034012734691,0.009992308424044822,-0.008208595329589312,0.01799991068725586,0.015966680664501808,-0.0047771965608391816,-0.012613281214710495,0.023209022051451884,-0.008015047409573602,0.017693807702837672,-0.00668819127877071,-0.002968054521118794,-0.0046418557665619,0.009828101050318314,0.021938657070598923,0.011978559019391308,0.015312331055533701,0.017936054959704198,-0.01066523812340868,1,-0.004995431596279552,0.017973141754772697,-0.004930031028579757,-0.01130959537295511,-0.008057191173400164,0.01509267952912691,0.01528392309241316,-0.013580802839393074,0.005913973685507052,0.0158200200688837,0.011489599466129919,0.01195291076740495,-0.0058122228653315665,-0.013167244015114318,0.027632623828803247,0.02199950986711025,0.009858684577207764,-0.011571542245313675,0.017781197912471805,0.0077385244433711906,-0.008092673512592224,0.015965924048975857,-0.00734597451565063,0.021991970129088156,0.009917525934956668,-0.006227944938218859,0.019609166262463902,-0.00845831751908539,-0.010001903339668767,0.015987341652114264,-0.006864140547804592,-0.006407965324933438,0.011769485908493,0.015123019146382727,-0.007051999611242763,0.015702244765182134,-0.0014216664129317032,0.009951260975130147,0.009889910245025241,0.007781190457500217,0.01599480266686062,0.01781910380355657,-0.004686151784467783,-0.0047893568654346404,-0.00334018029555571,-0.007115958724176218,-0.0030785746002600046,-0.003726769182153279,0.00997866422309474,-0.009153717820587172,0.01189632968945764,-0.007588336843280126,0.003979970017138654,-0.012480669542324683,0.009681327589711545,0.015648833340013664,-0.004386066324845814,-0.007101337669238128,-0.010027507644426337,-0.005964667298397569,0.015697502101218466,0.013990755507582046,0.019764774720301366,0.011959761842588694,0.017690215653884147,-0.005141357012409085,-0.0019051078177103858,agent95,-1
-0.9449470499653908,-0.0058150271734187025,-0.004412521374865079,-0.015171917254931975,-0.010474849993170365,-0.004877324405655951,-0.007824447882285422,-0.006933886497132099,0.00978068692731894,0.011998462568957959,-0.0069852114596380185,-0.01167108350127129,0.009926214615414783,-0.006910135901935897,-0.01111034012734691,0.009992308424044822,-0.008208595329589312,0.01799991068725586,0.015966680664501808,-0.0047771965608391816,-0.012613281214710495,0.023209022051451884,-0.008015047409573602,0.017693807702837672,-0.00668819127877071,-0.002968054521118794,-0.0046418557665619,0.009828101050318314,0.021938657070598923,0.011978559019391308,0.015312331055533701,0.017936054959704198,-0.01066523812340868,1,-0.004995431596279552,0.017973141754772697,-0.004930031028579757,-0.01130959537295511,-0.008057191173400164,0.01509267952912691,0.01528392309241316,-0.013580802839393074,0.005913973685507052,0.0158200200688837,0.011489599466129919,0.01195291076740495,-0.0058122228653315665,-0.013167244015114318,0.027632623828803247,0.02199950986711025,0.009858684577207764,-0.011571542245313675,0.017781197912471805,0.0077385244433711906,-0.008092673512592224,0.015965924048975857,-0.00734597451565063,0.021991970129088156,0.009917525934956668,-0.006227944938218859,0.019609166262463902,-0.00845831751908539,-0.010001903339668767,0.015987341652114264,-0.006864140547804592,-0.006407965324933438,0.011769485908493,0.015123019146382727,-0.007051999611242763,0.015702244765182134,-0.0014216664129317032,0.009951260975130147,0.009889910245025241,0.007781190457500217,0.01599480266686062,0.01781910380355657,-0.004686151784467783,-0.0047893568654346404,-0.00334018029555571,-0.007115958724176218,-0.0030785746002600046,-0.003726769182153279,0.00997866422309474,-0.009153717820587172,0.01189632968945764,-0.007588336843280126,0.003979970017138654,-0.012480669542324683,0.009681327589711545,0.015648833340013664,-0.004386066324845814,-0.007101337669238128,-0.010027507644426337,-0.005964667298397569,0.015697502101218466,0.013990755507582046,0.019764774720301366,0.011959761842588694,0.017690215653884147,-0.005141357012409085,-0.0019051078177103858,agent9,1
-0.9459567312929805,-0.0058150271734187025,-0.004412521374865079,-0.015171917254931975,-0.010474849993170365,-0.004877324405655951,-0.007824447882285422,-0.006933886497132099,0.00978068692731894,0.011998462568957959,-0.0069852114596380185,-0.01167108350127129,0.009926214615414783,-0.006910135901935897,-0.01111034012734691,0.009992308424044822,-0.008208595329589312,0.01799991068725586,0.015966680664501808,-0.0047771965608391816,-0.012613281214710495,0.023209022051451884,-0.008015047409573602,0.017693807702837672,-0.00668819127877071,-0.002968054521118794,-0.0046418557665619,0.009828101050318314,0.021938657070598923,0.011978559019391308,0.015312331055533701,0.017936054959704198,-0.01066523812340868,1,-0.004995431596279552,0.017973141754772697,-0.004930031028579757,-0.01130959537295511,-0.008057191173400164,0.01509267952912691,0.01528392309241316,-0.013580802839393074,0.005913973685507052,0.0158200200688837,0.011489599466129919,0.01195291076740495,-0.0058122228653315665,-0.013167244015114318,0.027632623828803247,0.02199950986711025,0.009858684577207764,-0.011571542245313675,0.017781197912471805,0.0077385244433711906,-0.008092673512592224,0.015965924048975857,-0.00734597451565063,0.021991970129088156,0.009917525934956668,-0.006227944938218859,0.019609166262463902,-0.00845831751908539,-0.010001903339668767,0.015987341652114264,-0.006864140547804592,-0.006407965324933438,0.011769485908493,0.015123019146382727,-0.007051999611242763,0.015702244765182134,-0.0014216664129317032,0.009951260975130147,0.009889910245025241,0.007781190457500217,0.01599480266686062,0.01781910380355657,-0.004686151784467783,-0.0047893568654346404,-0.00334018029555571,-0.007115958724176218,-0.0030785746002600046,-0.003726769182153279,0.00997866422309474,-0.009153717820587172,0.01189632968945764,-0.007588336843280126,0.003979970017138654,-0.012480669542324683,0.011618222978189905,0.015648833340013664,-0.004386066324845814,-0.007101337669238128,-0.010027507644426337,-0.005964667298397569,0.015697502101218466,0.013990755507582046,0.019764774720301366,0.011959761842588694,0.017690215653884147,-0.005141357012409085,-0.0019051078177103858,agent87,-0.5896876756439227
-0.946968500778889,-0.0058150271734187025,-0.004412521374865079,-0.015171917254931975,-0.010474849993170365,-0.004877324405655951,-0.007824447882285422,-0.006933886497132099,0.00978068692731894,0.011998462568957959,-0.0069852114596380185,-0.01167108350127129,0.009926214615414783,-0.006910135901935897,-0.01111034012734691,0.009992308424044822,-0.008208595329589312,0.01799991068725586,0.015966680664501808,-0.0047771965608391816,-0.012613281214710495,0.023209022051451884,-0.008015047409573602,0.017693807702837672,-0.00668819127877071,-0.002968054521118794,-0.0046418557665619,0.009828101050318314,0.021938657070598923,0.011978559019391308,0.015312331055533701,0.017936054959704198,-0.01066523812340868,1,-0.004995431596279552,0.017973141754772697,-0.004930031028579757,-0.01130959537295511,-0.008057191173400164,0.01509267952912691,0.01528392309241316,-0.013580802839393074,0.005913973685507052,0.0158200200688837,0.011489599466129919,0.01195291076740495,-0.0058122228653315665,-0.013167244015114318,0.027632623828803247,0.02199950986711025,0.009858684577207764,-0.011571542245313675,0.017781197912471805,0.0077385244433711906,-0.008092673512592224,0.015965924048975857,-0.00734597451565063,0.021991970129088156,0.009917525934956668,-0.006227944938218859,0.019609166262463902,-0.00845831751908539,-0.010001903339668767,0.015987341652114264,-0.006864140547804592,-0.006407965324933438,0.01376802557104673,0.015123019146382727,-0.007051999611242763,0.015702244765182134,-0.0014216664129317032,0.009951260975130147,0.009889910245025241,0.007781190457500217,0.01599480266686062,0.01781910380355657,-0.004686151784467783,-0.0047893568654346404,-0.00334018029555571,-0.007115958724176218,-0.0030785746002600046,-0.003726769182153279,0.00997866422309474,-0.009153717820587172,0.01189632968945764,-0.007588336843280126,0.003979970017138654,-0.012480669542324683,0.011618222978189905,0.015648833340013664,-0.004386066324845814,-0.007101337669238128,-0.010027507644426337,-0.005964667298397569,0.015697502101218466,0.013990755507582046,0.019764774720301366,0.011959761842588694,0.017690215653884147,-0.005141357012409085,-0.0019051078177103858,agent65,-1
-0.9479904394359596,-0.0058150271734187025,-0.004412521374865079,-0.015171917254931975,-0.010474849993170365,-0.004877324405655951,-0.007824447882285422,-0.006933886497132099,0.00978068692731894,0.011998462568957959,-0.0069852114596380185,-0.01167108350127129,0.009926214615414783,-0.006910135901935897,-0.01111034012734691,0.009992308424044822,-0.008208595329589312,0.01799991068725586,0.015966680664501808,-0.0047771965608391816,-0.012613281214710495,0.023209022051451884,-0.008015047409573602,0.017693807702837672,-0.00668819127877071,-0.002968054521118794,-0.0046418557665619,0.009828101050318314,0.023932836624513384,0.011978559019391308,0.015312331055533701,0.017936054959704198,-0.01066523812340868,1,-0.004995431596279552,0.017973141754772697,-0.004930031028579757,-0.01130959537295511,-0.008057191173400164,0.01509267952912691,0.01528392309241316,-0.013580802839393074,0.005913973685507052,0.0158200200688837,0.011489599466129919,0.01195291076740495,-0.0058122228653315665,-0.013167244015114318,0.027632623828803247,0.02199950986711025,0.009858684577207764,-0.011571542245313675,0.017781197912471805,0.0077385244433711906,-0.008092673512592224,0.015965924048975857,-0.00734597451565063,0.021991970129088156,0.009917525934956668,-0.006227944938218859,0.019609166262463902,-0.00845831751908539,-0.010001903339668767,0.015987341652114264,-0.006864140547804592,-0.006407965324933438,0.01376802557104673,0.015123019146382727,-0.007051999611242763,0.015702244765182134,-0.0014216664129317032,0.009951260975130147,0.009889910245025241,0.007781190457500217,0.01599480266686062,0.01781910380355657,-0.004686151784467783,-0.0047893568654346404,-0.00334018029555571,-0.007115958724176218,-0.0030785746002600046,-0.003726769182153279,0.00997866422309474,-0.009153717820587172,0.01189632968945764,-0.007588336843280126,0.003979970017138654,-0.012480669542324683,0.011618222978189905,0.015648833340013664,-0.004386066324845814,-0.007101337669238128,-0.010027507644426337,-0.005964667298397569,0.015697502101218466,0.013990755507582046,0.019764774720301366,0.011959761842588694,0.017690215653884147,-0.005141357012409085,-0.0019051078177103858,agent27,-0.839075534506406
-0.948996404103258,-0.0058150271734187025,-0.004412521374865079,-0.015171917254931975,-0.010474849993170365,-0.004877324405655951,-0.007824447882285422,-0.006933886497132099,0.00978068692731894,0.011998462568957959,-0.0069852114596380185,-0.01167108350127129,0.009926214615414783,-0.006910135901935897,-0.01111034012734691,0.009992308424044822,-0.008208595329589312,0.01799991068725586,0.015966680664501808,-0.0047771965608391816,-0.012613281214710495,0.023209022051451884,-0.008015047409573602,0.017693807702837672,-0.00668819127877071,-0.002968054521118794,-0.0046418557665619,0.009828101050318314,0.023932836624513384,0.011978559019391308,0.015312331055533701,0.017936054959704198,-0.01066523812340868,1,-0.004995431596279552,0.017973141754772697,-0.004930031028579757,-0.01130959537295511,-0.008057191173400164,0.01509267952912691,0.01528392309241316,-0.013580802839393074,0.005913973685507052,0.0158200200688837,0.011489599466129919,0.01195291076740495,-0.0058122228653315665,-0.013167244015114318,0.027632623828803247,0.02199950986711025,0.009858684577207764,-0.011571542245313675,0.017781197912471805,0.0077385244433711906,-0.008092673512592224,0.015965924048975857,-0.00734597451565063,0.021991970129088156,0.009917525934956668,-0.006227944938218859,0.019609166262463902,-0.00845831751908539,-0.010001903339668767,0.015987341652114264,-0.006864140547804592,-0.006407965324933438,0.01376802557104673,0.015123019146382727,-0.007051999611242763,0.015702244765182134,-0.0014216664129317032,0.009951260975130147,0.009889910245025241,0.007781190457500217,0.01599480266686062,0.01781910380355657,-0.004686151784467783,-0.0047893568654346404,-0.00334018029555571,-0.007115958724176218,-0.0030785746002600046,-0.003726769182153279,0.00997866422309474,-0.009153717820587172,0.01189632968945764,-0.007588336843280126,0.003979970017138654,-0.012480669542324683,0.011618222978189905,0.015648833340013664,-0.004386066324845814,-0.007101337669238128,-0.010027507644426337,-0.0060673339223306175,0.015697502101218466,0.013990755507582046,0.019764774720301366,0.011959761842588694,0.017690215653884147,-0.005141357012409085,-0.0019051078177103858,agent92,1
-0.949997825769671,-0.0058150271734187025,-0.004412521374865079,-0.015171917254931975,-0.010474849993170365,-0.004877324405655951,-0.007824447882285422,-0.006933886497132099,0.00978068692731894,0.011998462568957959,-0.0069852114596380185,-0.01167108350127129,0.009926214615414783,-0.006910135901935897,-0.01111034012734691,0.009992308424044822,-0.008208595329589312,0.01799991068725586,0.015966680664501808,-0.0047771965608391816,-0.012613281214710495,0.023209022051451884,-0.008015047409573602,0.017693807702837672,-0.00668819127877071,-0.002968054521118794,-0.0046418557665619,0.009828101050318314,0.023932836624513384,0.011978559019391308,0.015312331055533701,0.017936054959704198,-0.01066523812340868,1,-0.004995431596279552,0.017973141754772697,-0.004930031028579757,-0.01130959537295511,-0.008057191173400164,0.01509267952912691,0.01528392309241316,-0.013580802839393074,0.005913973685507052,0.0158200200688837,0.011489599466129919,0.01195291076740495,-0.0058122228653315665,-0.013167244015114318,0.027632623828803247,0.02199950986711025,0.009858684577207764,-0.011571542245313675,0.017781197912471805,0.0077385244433711906,-0.008092673512592224,0.015965924048975857,-0.00734597451565063,0.021991970129088156,0.009917525934956668,-0.006227944938218859,0.019609166262463902,-0.00845831751908539,-0.010001903339668767,0.015987341652114264,-0.006864140547804592,-0.006407965324933438,0.01376802557104673,0.015123019146382727,-0.007051999611242763,0.015702244765182134,-0.0015223729213279878,0.009951260975130147,0.009889910245025241,0.007781190457500217,0.01599480266686062,0.01781910380355657,-0.004686151784467783,-0.0047893568654346404,-0.00334018029555571,-0.007115958724176218,-0.0030785746002600046,-0.003726769182153279,0.00997866422309474,-0.009153717820587172,0.01189632968945764,-0.007588336843280126,0.003979970017138654,-0.012480669542324683,0.011618222978189905,0.015648833340013664,-0.004386066324845814,-0.007101337669238128,-0.010027507644426337,-0.0060673339223306175,0.015697502101218466,0.013990755507582046,0.019764774720301366,0.011959761842588694,0.017690215653884147,-0.005141357012409085,-0.0019051078177103858,agent69,1
-0.9510129976869259,-0.0058150271734187025,-0.004412521374865079,-0.015270671494678752,-0.010474849993170365,-0.004877324405655951,-0.007824447882285422,-0.006933886497132099,0.00978068692731894,0.011998462568957959,-0.0069852114596380185,-0.01167108350127129,0.009926214615414783,-0.006910135901935897,-0.01111034012734691,0.009992308424044822,-0.008208595329589312,0.01799991068725586,0.015966680664501808,-0.0047771965608391816,-0.012613281214710495,0.023209022051451884,-0.008015047409573602,0.017693807702837672,-0.00668819127877071,-0.002968054521118794,-0.0046418557665619,0.009828101050318314,0.023932836624513384,0.011978559019391308,0.015312331055533701,0.017936054959704198,-0.01066523812340868,1,-0.004995431596279552,0.017973141754772697,-0.004930031028579757,-0.01130959537295511,-0.008057191173400164,0.01509267952912691,0.01528392309241316,-0.013580802839393074,0.005913973685507052,0.0158200200688837,0.011489599466129919,0.01195291076740495,-0.0058122228653315665,-0.013167244015114318,0.027632623828803247,0.02199950986711025,0.009858684577207764,-0.011571542245313675,0.017781197912471805,0.0077385244433711906,-0.008092673512592224,0.015965924048975857,-0.00734597451565063,0.021991970129088156,0.009917525934956668,-0.006227944938218859,0.019609166262463902,-0.00845831751908539,-0.010001903339668767,0.015987341652114264,-0.006864140547804592,-0.006407965324933438,0.01376802557104673,0.015123019146382727,-0.007051999611242763,0.015702244765182134,-0.0015223729213279878,0.009951260975130147,0.009889910245025241,0.007781190457500217,0.01599480266686062,0.01781910380355657,-0.004686151784467783,-0.0047893568654346404,-0.00334018029555571,-0.007115958724176218,-0.0030785746002600046,-0.003726769182153279,0.00997866422309474,-0.009153717820587172,0.01189632968945764,-0.007588336843280126,0.003979970017138654,-0.012480669542324683,0.011618222978189905,0.015648833340013664,-0.004386066324845814,-0.007101337669238128,-0.010027507644426337,-0.0060673339223306175,0.015697502101218466,0.013990755507582046,0.019764774720301366,0.011959761842588694,0.017690215653884147,-0.005141357012409085,-0.0019051078177103858,agent2,1
-0.9520289924895928,-0.0058150271734187025,-0.004412521374865079,-0.015270671494678752,-0.010474849993170365,-0.004877324405655951,-0.007824447882285422,-0.006933886497132099,0.00978068692731894,0.011998462568957959,-0.0069852114596380185,-0.01167108350127129,0.009926214615414783,-0.006910135901935897,-0.01111034012734691,0.009992308424044822,-0.008208595329589312,0.01799991068725586,0.015966680664501808,-0.0047771965608391816,-0.012613281214710495,0.023209022051451884,-0.008015047409573602,0.017693807702837672,-0.00668819127877071,-0.002968054521118794,-0.0046418557665619,0.009828101050318314,0.023932836624513384,0.011978559019391308,0.015312331055533701,0.017936054959704198,-0.01066523812340868,1,-0.004995431596279552,0.017973141754772697,-0.004930031028579757,-0.01130959537295511,-0.008057191173400164,0.01509267952912691,0.01528392309241316,-0.013580802839393074,0.005913973685507052,0.0158200200688837,0.011489599466129919,0.01195291076740495,-0.0058122228653315665,-0.013167244015114318,0.027632623828803247,0.02199950986711025,0.009858684577207764,-0.011571542245313675,0.017781197912471805,0.0077385244433711906,-0.008092673512592224,0.015965924048975857,-0.00734597451565063,0.021991970129088156,0.009917525934956668,-0.006227944938218859,0.019609166262463902,-0.00845831751908539,-0.010001903339668767,0.015987341652114264,-0.006864140547804592,-0.006407965324933438,0.01376802557104673,0.015123019146382727,-0.007051999611242763,0.015702244765182134,-0.0015223729213279878,0.009951260975130147,0.009889910245025241,0.007781190457500217,0.017994177620966084,0.01781910380355657,-0.004686151784467783,-0.0047893568654346404,-0.00334018029555571,-0.007115958724176218,-0.0030785746002600046,-0.003726769182153279,0.00997866422309474,-0.009153717820587172,0.01189632968945764,-0.007588336843280126,0.003979970017138654,-0.012480669542324683,0.011618222978189905,0.015648833340013664,-0.004386066324845814,-0.007101337669238128,-0.010027507644426337,-0.0060673339223306175,0.015697502101218466,0.013990755507582046,0.019764774720301366,0.011959761842588694,0.017690215653884147,-0.005141357012409085,-0.0019051078177103858,agent73,-0.9863696348159539
-0.9530339879211891,-0.0058150271734187025,-0.004412521374865079,-0.015270671494678752,-0.010474849993170365,-0.004877324405655951,-0.007824447882285422,-0.006933886497132099,0.00978068692731894,0.011998462568957959,-0.0069852114596380185,-0.01167108350127129,0.009926214615414783,-0.006910135901935897,-0.01111034012734691,0.009992308424044822,-0.008208595329589312,0.01799991068725586,0.015966680664501808,-0.0047771965608391816,-0.012613281214710495,0.023209022051451884,-0.008015047409573602,0.017693807702837672,-0.00668819127877071,-0.002968054521118794,-0.0046418557665619,0.009828101050318314,0.023932836624513384,0.011978559019391308,0.015312331055533701,0.017936054959704198,-0.01066523812340868,1,-0.005090223002519584,0.017973141754772697,-0.004930031028579757,-0.01130959537295511,-0.008057191173400164,0.01509267952912691,0.01528392309241316,-0.013580802839393074,0.005913973685507052,0.0158200200688837,0.011489599466129919,0.01195291076740495,-0.0058122228653315665,-0.013167244015114318,0.027632623828803247,0.02199950986711025,0.009858684577207764,-0.011571542245313675,0.017781197912471805,0.0077385244433711906,-0.008092673512592224,0.015965924048975857,-0.00734597451565063,0.021991970129088156,0.009917525934956668,-0.006227944938218859,0.019609166262463902,-0.00845831751908539,-0.010001903339668767,0.015987341652114264,-0.006864140547804592,-0.006407965324933438,0.01376802557104673,0.015123019146382727,-0.007051999611242763,0.015702244765182134,-0.0015223729213279878,0.009951260975130147,0.009889910245025241,0.007781190457500217,0.017994177620966084,0.01781910380355657,-0.004686151784467783,-0.0047893568654346404,-0.00334018029555571,-0.007115958724176218,-0.0030785746002600046,-0.003726769182153279,0.00997866422309474,-0.009153717820587172,0.01189632968945764,-0.007588336843280126,0.003979970017138654,-0.012480669542324683,0.011618222978189905,0.015648833340013664,-0.004386066324845814,-0.007101337669238128,-0.010027507644426337,-0.0060673339223306175,0.015697502101218466,0.013990755507582046,0.019764774720301366,0.011959761842588694,0.017690215653884147,-0.005141357012409085,-0.0019051078177103858,agent33,1
-0.95405198209881,-0.0058150271734187025,-0.004412521374865079,-0.015270671494678752,-0.010474849993170365,-0.004877324405655951,-0.007824447882285422,-0.006933886497132099,0.00978068692731894,0.011998462568957959,-0.0069852114596380185,-0.01167108350127129,0.009926214615414783,-0.006910135901935897,-0.01111034012734691,0.009992308424044822,-0.008208595329589312,0.01799991068725586,0.015966680664501808,-0.0047771965608391816,-0.012613281214710495,0.023209022051451884,-0.008015047409573602,0.017693807702837672,-0.00668819127877071,-0.002968054521118794,-0.0046418557665619,0.009828101050318314,0.023932836624513384,0.011978559019391308,0.015312331055533701,0.017936054959704198,-0.01066523812340868,1,-0.005090223002519584,0.017973141754772697,-0.004930031028579757,-0.01130959537295511,-0.008057191173400164,0.01509267952912691,0.01528392309241316,-0.013580802839393074,0.005913973685507052,0.0158200200688837,0.011489599466129919,0.01195291076740495,-0.0058122228653315665,-0.013167244015114318,0.027632623828803247,0.02199950986711025,0.009858684577207764,-0.011571542245313675,0.017781197912471805,0.0077385244433711906,-0.008092673512592224,0.015965924048975857,-0.00734597451565063,0.021991970129088156,0.009917525934956668,-0.006227944938218859,0.019609166262463902,-0.00845831751908539,-0.010001903339668767,0.015987341652114264,-0.006864140547804592,-0.006407965324933438,0.01376802557104673,0.015123019146382727,-0.007051999611242763,0.015702244765182134,-0.0015223729213279878,0.009951260975130147,0.009889910245025241,0.007781190457500217,0.019993587992231422,0.01781910380355657,-0.004686151784467783,-0.0047893568654346404,-0.00334018029555571,-0.007115958724176218,-0.0030785746002600046,-0.003726769182153279,0.00997866422309474,-0.009153717820587172,0.01189632968945764,-0.007588336843280126,0.003979970017138654,-0.012480669542324683,0.011618222978189905,0.015648833340013664,-0.004386066324845814,-0.007101337669238128,-0.010027507644426337,-0.0060673339223306175,0.015697502101218466,0.013990755507582046,0.019764774720301366,0.011959761842588694,0.017690215653884147,-0.005141357012409085,-0.0019051078177103858,agent73,-0.9873743063432385
-0.9550796147226388,-0.0058150271734187025,-0.004412521374865079,-0.015270671494678752,-0.010474849993170365,-0.004877324405655951,-0.007824447882285422,-0.006933886497132099,0.00978068692731894,0.011998462568957959,-0.0069852114596380185,-0.01167108350127129,0.009926214615414783,-0.006910135901935897,-0.01111034012734691,0.009992308424044822,-0.008208595329589312,0.01799991068725586,0.015966680664501808,-0.0047771965608391816,-0.012613281214710495,0.023209022051451884,-0.008015047409573602,0.017693807702837672,-0.00668819127877071,-0.002968054521118794,-0.0046418557665619,0.009828101050318314,0.023932836624513384,0.011978559019391308,0.015312331055533701,0.017936054959704198,-0.01066523812340868,1,-0.005090223002519584,0.017973141754772697,-0.004930031028579757,-0.01130959537295511,-0.008057191173400164,0.01509267952912691,0.01528392309241316,-0.013580802839393074,0.005913973685507052,0.0158200200688837,0.011489599466129919,0.01195291076740495,-0.0058122228653315665,-0.013167244015114318,0.029605507517834934,0.02199950986711025,0.009858684577207764,-0.011571542245313675,0.017781197912471805,0.0077385244433711906,-0.008092673512592224,0.015965924048975857,-0.00734597451565063,0.021991970129088156,0.009917525934956668,-0.006227944938218859,0.019609166262463902,-0.00845831751908539,-0.010001903339668767,0.015987341652114264,-0.006864140547804592,-0.006407965324933438,0.01376802557104673,0.015123019146382727,-0.007051999611242763,0.015702244765182134,-0.0015223729213279878,0.009951260975130147,0.009889910245025241,0.007781190457500217,0.019993587992231422,0.01781910380355657,-0.004686151784467783,-0.0047893568654346404,-0.00334018029555571,-0.007115958724176218,-0.0030785746002600046,-0.003726769182153279,0.00997866422309474,-0.009153717820587172,0.01189632968945764,-0.007588336843280126,0.003979970017138654,-0.012480669542324683,0.011618222978189905,0.015648833340013664,-0.004386066324845814,-0.007101337669238128,-0.010027507644426337,-0.0060673339223306175,0.015697502101218466,0.013990755507582046,0.019764774720301366,0.011959761842588694,0.017690215653884147,-0.005141357012409085,-0.0019051078177103858,agent47,-0.72117299649336
-0.9560873532470822,-0.0058150271734187025,-0.004412521374865079,-0.015270671494678752,-0.010474849993170365,-0.004877324405655951,-0.007824447882285422,-0.006933886497132099,0.00978068692731894,0.011998462568957959,-0.0069852114596380185,-0.01167108350127129,0.009926214615414783,-0.006910135901935897,-0.01111034012734691,0.009992308424044822,-0.008208595329589312,0.01799991068725586,0.015966680664501808,-0.0047771965608391816,-0.012613281214710495,0.023209022051451884,-0.008015047409573602,0.017693807702837672,-0.00668819127877071,-0.002968054521118794,-0.0046418557665619,0.009828101050318314,0.023932836624513384,0.011978559019391308,0.015312331055533701,0.017936054959704198,-0.01066523812340868,1,-0.005090223002519584,0.017973141754772697,-0.004930031028579757,-0.01130959537295511,-0.008057191173400164,0.01509267952912691,0.01528392309241316,-0.013580802839393074,0.005913973685507052,0.0158200200688837,0.011489599466129919,0.01195291076740495,-0.0058122228653315665,-0.013167244015114318,0.029605507517834934,0.02199950986711025,0.009858684577207764,-0.011571542245313675,0.017781197912471805,0.009673722654744428,-0.008092673512592224,0.015965924048975857,-0.00734597451565063,0.021991970129088156,0.009917525934956668,-0.006227944938218859,0.019609166262463902,-0.00845831751908539,-0.010001903339668767,0.015987341652114264,-0.006864140547804592,-0.006407965324933438,0.01376802557104673,0.015123019146382727,-0.007051999611242763,0.015702244765182134,-0.0015223729213279878,0.009951260975130147,0.009889910245025241,0.007781190457500217,0.019993587992231422,0.01781910380355657,-0.004686151784467783,-0.0047893568654346404,-0.00334018029555571,-0.007115958724176218,-0.0030785746002600046,-0.003726769182153279,0.00997866422309474,-0.009153717820587172,0.01189632968945764,-0.007588336843280126,0.003979970017138654,-0.012480669542324683,0.011618222978189905,0.015648833340013664,-0.004386066324845814,-0.007101337669238128,-0.010027507644426337,-0.0060673339223306175,0.015697502101218466,0.013990755507582046,0.019764774720301366,0.011959761842588694,0.017690215653884147,-0.005141357012409085,-0.0019051078177103858,agent52,-0.5950746463492478
-0.9570951776949644,-0.0058150271734187025,-0.004412521374865079,-0.015270671494678752,-0.010474849993170365,-0.004877324405655951,-0.007911309015518835,-0.006933886497132099,0.00978068692731894,0.011998462568957959,-0.0069852114596380185,-0.01167108350127129,0.009926214615414783,-0.006910135901935897,-0.01111034012734691,0.009992308424044822,-0.008208595329589312,0.01799991068725586,0.015966680664501808,-0.0047771965608391816,-0.012613281214710495,0.023209022051451884,-0.008015047409573602,0.017693807702837672,-0.00668819127877071,-0.002968054521118794,-0.0046418557665619,0.009828101050318314,0.023932836624513384,0.011978559019391308,0.015312331055533701,0.017936054959704198,-0.01066523812340868,1,-0.005090223002519584,0.017973141754772697,-0.004930031028579757,-0.01130959537295511,-0.008057191173400164,0.01509267952912691,0.01528392309241316,-0.013580802839393074,0.005913973685507052,0.0158200200688837,0.011489599466129919,0.01195291076740495,-0.0058122228653315665,-0.013167244015114318,0.029605507517834934,0.02199950986711025,0.009858684577207764,-0.011571542245313675,0.017781197912471805,0.009673722654744428,-0.008092673512592224,0.015965924048975857,-0.00734597451565063,0.021991970129088156,0.009917525934956668,-0.006227944938218859,0.019609166262463902,-0.00845831751908539,-0.010001903339668767,0.015987341652114264,-0.006864140547804592,-0.006407965324933438,0.01376802557104673,0.015123019146382727,-0.007051999611242763,0.015702244765182134,-0.0015223729213279878,0.009951260975130147,0.009889910245025241,0.007781190457500217,0.019993587992231422,0.01781910380355657,-0.004686151784467783,-0.0047893568654346404,-0.00334018029555571,-0.007115958724176218,-0.0030785746002600046,-0.003726769182153279,0.00997866422309474,-0.009153717820587172,0.01189632968945764,-0.007588336843280126,0.003979970017138654,-0.012480669542324683,0.011618222978189905,0.015648833340013664,-0.004386066324845814,-0.007101337669238128,-0.010027507644426337,-0.0060673339223306175,0.015697502101218466,0.013990755507582046,0.019764774720301366,0.011959761842588694,0.017690215653884147,-0.005141357012409085,-0.0019051078177103858,agent5,1
-0.9581131508367192,-0.0058150271734187025,-0.004412521374865079,-0.015270671494678752,-0.010474849993170365,-0.004877324405655951,-0.007911309015518835,-0.006933886497132099,0.00978068692731894,0.011998462568957959,-0.0069852114596380185,-0.01167108350127129,0.009926214615414783,-0.006910135901935897,-0.01111034012734691,0.009992308424044822,-0.008208595329589312,0.01799991068725586,0.015966680664501808,-0.0047771965608391816,-0.012613281214710495,0.023209022051451884,-0.008015047409573602,0.017693807702837672,-0.00668819127877071,-0.002968054521118794,-0.0046418557665619,0.009828101050318314,0.023932836624513384,0.011978559019391308,0.015312331055533701,0.017936054959704198,-0.01066523812340868,1,-0.005090223002519584,0.019972221342884185,-0.004930031028579757,-0.01130959537295511,-0.008057191173400164,0.01509267952912691,0.01528392309241316,-0.013580802839393074,0.005913973685507052,0.0158200200688837,0.011489599466129919,0.01195291076740495,-0.0058122228653315665,-0.013167244015114318,0.029605507517834934,0.02199950986711025,0.009858684577207764,-0.011571542245313675,0.017781197912471805,0.009673722654744428,-0.008092673512592224,0.015965924048975857,-0.00734597451565063,0.021991970129088156,0.009917525934956668,-0.006227944938218859,0.019609166262463902,-0.00845831751908539,-0.010001903339668767,0.015987341652114264,-0.006864140547804592,-0.006407965324933438,0.01376802557104673,0.015123019146382727,-0.007051999611242763,0.015702244765182134,-0.0015223729213279878,0.009951260975130147,0.009889910245025241,0.007781190457500217,0.019993587992231422,0.01781910380355657,-0.004686151784467783,-0.0047893568654346404,-0.00334018029555571,-0.007115958724176218,-0.0030785746002600046,-0.003726769182153279,0.00997866422309474,-0.009153717820587172,0.01189632968945764,-0.007588336843280126,0.003979970017138654,-0.012480669542324683,0.011618222978189905,0.015648833340013664,-0.004386066324845814,-0.007101337669238128,-0.010027507644426337,-0.0060673339223306175,0.015697502101218466,0.013990755507582046,0.019764774720301366,0.011959761842588694,0.017690215653884147,-0.005141357012409085,-0.0019051078177103858,agent34,-1
-0.9591327600029816,-0.0058150271734187025,-0.004412521374865079,-0.015270671494678752,-0.010474849993170365,-0.004877324405655951,-0.007911309015518835,-0.006933886497132099,0.00978068692731894,0.011998462568957959,-0.0069852114596380185,-0.01167108350127129,0.009926214615414783,-0.006910135901935897,-0.01111034012734691,0.009992308424044822,-0.008208595329589312,0.01799991068725586,0.015966680664501808,-0.0047771965608391816,-0.012613281214710495,0.023209022051451884,-0.008015047409573602,0.017693807702837672,-0.00668819127877071,-0.002968054521118794,-0.0046418557665619,0.009828101050318314,0.023932836624513384,0.011978559019391308,0.015312331055533701,0.017936054959704198,-0.01066523812340868,1,-0.005090223002519584,0.019972221342884185,-0.004930031028579757,-0.01130959537295511,-0.008057191173400164,0.01509267952912691,0.01528392309241316,-0.013580802839393074,0.005913973685507052,0.0158200200688837,0.011489599466129919,0.01195291076740495,-0.0058122228653315665,-0.013167244015114318,0.029605507517834934,0.02199950986711025,0.009858684577207764,-0.011571542245313675,0.017781197912471805,0.009673722654744428,-0.008092673512592224,0.015965924048975857,-0.00734597451565063,0.021991970129088156,0.009917525934956668,-0.006227944938218859,0.021569799210861128,-0.00845831751908539,-0.010001903339668767,0.015987341652114264,-0.006864140547804592,-0.006407965324933438,0.01376802557104673,0.015123019146382727,-0.007051999611242763,0.015702244765182134,-0.0015223729213279878,0.009951260975130147,0.009889910245025241,0.007781190457500217,0.019993587992231422,0.01781910380355657,-0.004686151784467783,-0.0047893568654346404,-0.00334018029555571,-0.007115958724176218,-0.0030785746002600046,-0.003726769182153279,0.00997866422309474,-0.009153717820587172,0.01189632968945764,-0.007588336843280126,0.003979970017138654,-0.012480669542324683,0.011618222978189905,0.015648833340013664,-0.004386066324845814,-0.007101337669238128,-0.010027507644426337,-0.0060673339223306175,0.015697502101218466,0.013990755507582046,0.019764774720301366,0.011959761842588694,0.017690215653884147,-0.005141357012409085,-0.0019051078177103858,agent59,-0.677517172238403
-0.9601446563326711,-0.0058150271734187025,-0.004412521374865079,-0.015270671494678752,-0.010474849993170365,-0.004877324405655951,-0.007911309015518835,-0.006933886497132099,0.00978068692731894,0.011998462568957959,-0.0069852114596380185,-0.01167108350127129,0.009926214615414783,-0.006910135901935897,-0.01111034012734691,0.009992308424044822,-0.008208595329589312,0.01799991068725586,0.015966680664501808,-0.0047771965608391816,-0.012613281214710495,0.023209022051451884,-0.008015047409573602,0.017693807702837672,-0.00668819127877071,-0.002968054521118794,-0.0046418557665619,0.009828101050318314,0.023932836624513384,0.011978559019391308,0.015312331055533701,0.017936054959704198,-0.01066523812340868,1,-0.005090223002519584,0.019972221342884185,-0.004930031028579757,-0.01130959537295511,-0.008057191173400164,0.01509267952912691,0.01528392309241316,-0.013580802839393074,0.005913973685507052,0.0158200200688837,0.011489599466129919,0.01195291076740495,-0.0058122228653315665,-0.013167244015114318,0.029605507517834934,0.02199950986711025,0.009858684577207764,-0.011571542245313675,0.017781197912471805,0.009673722654744428,-0.008092673512592224,0.015965924048975857,-0.00734597451565063,0.021991970129088156,0.009917525934956668,-0.006227944938218859,0.021569799210861128,-0.00845831751908539,-0.010001903339668767,0.015987341652114264,-0.006864140547804592,-0.006407965324933438,0.01376802557104673,0.015123019146382727,-0.007051999611242763,0.015702244765182134,-0.0015223729213279878,0.009951260975130147,0.009889910245025241,0.007781190457500217,0.019993587992231422,0.01781910380355657,-0.004686151784467783,-0.0047893568654346404,-0.00334018029555571,-0.007115958724176218,-0.0030785746002600046,-0.003726769182153279,0.00997866422309474,-0.009153717820587172,0.013895494623805151,-0.007588336843280126,0.003979970017138654,-0.012480669542324683,0.011618222978189905,0.015648833340013664,-0.004386066324845814,-0.007101337669238128,-0.010027507644426337,-0.0060673339223306175,0.015697502101218466,0.013990755507582046,0.019764774720301366,0.011959761842588694,0.017690215653884147,-0.005141357012409085,-0.0019051078177103858,agent83,-1
-0.9611508842776093,-0.0058150271734187025,-0.004412521374865079,-0.015270671494678752,-0.010474849993170365,-0.004877324405655951,-0.007911309015518835,-0.006933886497132099,0.00978068692731894,0.011998462568957959,-0.0069852114596380185,-0.01167108350127129,0.009926214615414783,-0.006910135901935897,-0.01111034012734691,0.009992308424044822,-0.008208595329589312,0.01799991068725586,0.015966680664501808,-0.0047771965608391816,-0.012613281214710495,0.023209022051451884,-0.008015047409573602,0.017693807702837672,-0.00668819127877071,-0.002968054521118794,-0.0046418557665619,0.009828101050318314,0.023932836624513384,0.011978559019391308,0.015312331055533701,0.017936054959704198,-0.01066523812340868,1,-0.005090223002519584,0.019972221342884185,-0.004930031028579757,-0.01130959537295511,-0.008057191173400164,0.01509267952912691,0.01528392309241316,-0.013580802839393074,0.005913973685507052,0.0158200200688837,0.011489599466129919,0.01195291076740495,-0.0058122228653315665,-0.013167244015114318,0.029605507517834934,0.02199950986711025,0.009858684577207764,-0.011571542245313675,0.017781197912471805,0.009673722654744428,-0.008092673512592224,0.015965924048975857,-0.00734597451565063,0.021991970129088156,0.009917525934956668,-0.006306861401344097,0.021569799210861128,-0.00845831751908539,-0.010001903339668767,0.015987341652114264,-0.006864140547804592,-0.006407965324933438,0.01376802557104673,0.015123019146382727,-0.007051999611242763,0.015702244765182134,-0.0015223729213279878,0.009951260975130147,0.009889910245025241,0.007781190457500217,0.019993587992231422,0.01781910380355657,-0.004686151784467783,-0.0047893568654346404,-0.00334018029555571,-0.007115958724176218,-0.0030785746002600046,-0.003726769182153279,0.00997866422309474,-0.009153717820587172,0.013895494623805151,-0.007588336843280126,0.003979970017138654,-0.012480669542324683,0.011618222978189905,0.015648833340013664,-0.004386066324845814,-0.007101337669238128,-0.010027507644426337,-0.0060673339223306175,0.015697502101218466,0.013990755507582046,0.019764774720301366,0.011959761842588694,0.017690215653884147,-0.005141357012409085,-0.0019051078177103858,agent58,1
-0.9621558143086378,-0.0058150271734187025,-0.004412521374865079,-0.015270671494678752,-0.010474849993170365,-0.004877324405655951,-0.007911309015518835,-0.006933886497132099,0.00978068692731894,0.011998462568957959,-0.0069852114596380185,-0.01167108350127129,0.009926214615414783,-0.006910135901935897,-0.01111034012734691,0.009992308424044822,-0.008208595329589312,0.01799991068725586,0.015966680664501808,-0.0047771965608391816,-0.012613281214710495,0.023209022051451884,-0.008015047409573602,0.017693807702837672,-0.00668819127877071,-0.002968054521118794,-0.0046418557665619,0.009828101050318314,0.023932836624513384,0.011978559019391308,0.015312331055533701,0.017936054959704198,-0.01066523812340868,1,-0.005090223002519584,0.019972221342884185,-0.005006974633128333,-0.01130959537295511,-0.008057191173400164,0.01509267952912691,0.01528392309241316,-0.013580802839393074,0.005913973685507052,0.0158200200688837,0.011489599466129919,0.01195291076740495,-0.0058122228653315665,-0.013167244015114318,0.029605507517834934,0.02199950986711025,0.009858684577207764,-0.011571542245313675,0.017781197912471805,0.009673722654744428,-0.008092673512592224,0.015965924048975857,-0.00734597451565063,0.021991970129088156,0.009917525934956668,-0.006306861401344097,0.021569799210861128,-0.00845831751908539,-0.010001903339668767,0.015987341652114264,-0.006864140547804592,-0.006407965324933438,0.01376802557104673,0.015123019146382727,-0.007051999611242763,0.015702244765182134,-0.0015223729213279878,0.009951260975130147,0.009889910245025241,0.007781190457500217,0.019993587992231422,0.01781910380355657,-0.004686151784467783,-0.0047893568654346404,-0.00334018029555571,-0.007115958724176218,-0.0030785746002600046,-0.003726769182153279,0.00997866422309474,-0.009153717820587172,0.013895494623805151,-0.007588336843280126,0.003979970017138654,-0.012480669542324683,0.011618222978189905,0.015648833340013664,-0.004386066324845814,-0.007101337669238128,-0.010027507644426337,-0.0060673339223306175,0.015697502101218466,0.013990755507582046,0.019764774720301366,0.011959761842588694,0.017690215653884147,-0.005141357012409085,-0.0019051078177103858,agent35,1
-0.963159794278655,-0.0058150271734187025,-0.004412521374865079,-0.015270671494678752,-0.010474849993170365,-0.004877324405655951,-0.007911309015518835,-0.006933886497132099,0.00978068692731894,0.011998462568957959,-0.0069852114596380185,-0.01167108350127129,0.009926214615414783,-0.006910135901935897,-0.01111034012734691,0.009992308424044822,-0.008208595329589312,0.01799991068725586,0.015966680664501808,-0.0047771965608391816,-0.012613281214710495,0.023209022051451884,-0.008015047409573602,0.017693807702837672,-0.00668819127877071,-0.002968054521118794,-0.0046418557665619,0.009828101050318314,0.023932836624513384,0.011978559019391308,0.015312331055533701,0.017936054959704198,-0.01066523812340868,1,-0.005090223002519584,0.019972221342884185,-0.005006974633128333,-0.01130959537295511,-0.008057191173400164,0.01509267952912691,0.01528392309241316,-0.013580802839393074,0.005913973685507052,0.0158200200688837,0.011489599466129919,0.01195291076740495,-0.0058122228653315665,-0.013167244015114318,0.029605507517834934,0.02199950986711025,0.009858684577207764,-0.011571542245313675,0.017781197912471805,0.009673722654744428,-0.008092673512592224,0.015965924048975857,-0.00734597451565063,0.021991970129088156,0.009917525934956668,-0.006306861401344097,0.021569799210861128,-0.00845831751908539,-0.010001903339668767,0.015987341652114264,-0.006864140547804592,-0.006407965324933438,0.01376802557104673,0.015123019146382727,-0.007051999611242763,0.015702244765182134,-0.0015223729213279878,0.009951260975130147,0.009889910245025241,0.007781190457500217,0.019993587992231422,0.01781910380355657,-0.004686151784467783,-0.0047893568654346404,-0.00334018029555571,-0.007115958724176218,-0.0030785746002600046,-0.003726769182153279,0.00997866422309474,-0.009153717820587172,0.013895494623805151,-0.007588336843280126,0.005970183111735555,-0.012480669542324683,0.011618222978189905,0.015648833340013664,-0.004386066324845814,-0.007101337669238128,-0.010027507644426337,-0.0060673339223306175,0.015697502101218466,0.013990755507582046,0.019764774720301366,0.011959761842588694,0.017690215653884147,-0.005141357012409085,-0.0019051078177103858,agent85,-0.822249378408787
-0.9641635210478371,-0.0058150271734187025,-0.004412521374865079,-0.015270671494678752,-0.010474849993170365,-0.004877324405655951,-0.007911309015518835,-0.006933886497132099,0.00978068692731894,0.011998462568957959,-0.0069852114596380185,-0.01167108350127129,0.009926214615414783,-0.006910135901935897,-0.01111034012734691,0.009992308424044822,-0.008208595329589312,0.01799991068725586,0.015966680664501808,-0.0047771965608391816,-0.012613281214710495,0.023209022051451884,-0.008015047409573602,0.017693807702837672,-0.00668819127877071,-0.002968054521118794,-0.0046418557665619,0.009828101050318314,0.023932836624513384,0.011978559019391308,0.015312331055533701,0.017936054959704198,-0.01066523812340868,1,-0.005090223002519584,0.019972221342884185,-0.005006974633128333,-0.01130959537295511,-0.008057191173400164,0.01509267952912691,0.01528392309241316,-0.013580802839393074,0.005913973685507052,0.0158200200688837,0.011489599466129919,0.01195291076740495,-0.0058122228653315665,-0.013167244015114318,0.029605507517834934,0.02199950986711025,0.009858684577207764,-0.011571542245313675,0.017781197912471805,0.009673722654744428,-0.008092673512592224,0.015965924048975857,-0.00734597451565063,0.021991970129088156,0.009917525934956668,-0.006306861401344097,0.021569799210861128,-0.00845831751908539,-0.010001903339668767,0.015987341652114264,-0.006864140547804592,-0.006407965324933438,0.01376802557104673,0.015123019146382727,-0.007051999611242763,0.015702244765182134,-0.0015223729213279878,0.009951260975130147,0.009889910245025241,0.007781190457500217,0.019993587992231422,0.01781910380355657,-0.004686151784467783,-0.0047893568654346404,-0.00334018029555571,-0.007115958724176218,-0.0030785746002600046,-0.0037997709932171735,0.00997866422309474,-0.009153717820587172,0.013895494623805151,-0.007588336843280126,0.005970183111735555,-0.012480669542324683,0.011618222978189905,0.015648833340013664,-0.004386066324845814,-0.007101337669238128,-0.010027507644426337,-0.0060673339223306175,0.015697502101218466,0.013990755507582046,0.019764774720301366,0.011959761842588694,0.017690215653884147,-0.005141357012409085,-0.0019051078177103858,agent80,1
-0.9651792185499383,-0.0058150271734187025,-0.004412521374865079,-0.015270671494678752,-0.010474849993170365,-0.004877324405655951,-0.007911309015518835,-0.006933886497132099,0.00978068692731894,0.011998462568957959,-0.0069852114596380185,-0.01167108350127129,0.009926214615414783,-0.006910135901935897,-0.01111034012734691,0.009992308424044822,-0.008208595329589312,0.01799991068725586,0.015966680664501808,-0.0047771965608391816,-0.012613281214710495,0.023209022051451884,-0.008015047409573602,0.017693807702837672,-0.00668819127877071,-0.002968054521118794,-0.0046418557665619,0.009828101050318314,0.023932836624513384,0.011978559019391308,0.015312331055533701,0.017936054959704198,-0.01066523812340868,1,-0.005090223002519584,0.019972221342884185,-0.005006974633128333,-0.01130959537295511,-0.008057191173400164,0.01509267952912691,0.01528392309241316,-0.013580802839393074,0.005913973685507052,0.0158200200688837,0.011489599466129919,0.01195291076740495,-0.0058122228653315665,-0.013167244015114318,0.029605507517834934,0.02199950986711025,0.009858684577207764,-0.011571542245313675,0.017781197912471805,0.009673722654744428,-0.008092673512592224,0.015965924048975857,-0.00734597451565063,0.021991970129088156,0.009917525934956668,-0.006306861401344097,0.021569799210861128,-0.00845831751908539,-0.010001903339668767,0.015987341652114264,-0.006864140547804592,-0.006407965324933438,0.01376802557104673,0.015123019146382727,-0.007051999611242763,0.015702244765182134,-0.0015223729213279878,0.009951260975130147,0.009889910245025241,0.007781190457500217,0.019993587992231422,0.01781910380355657,-0.004686151784467783,-0.0047893568654346404,-0.00334018029555571,-0.007115958724176218,-0.0030785746002600046,-0.0037997709932171735,0.00997866422309474,-0.009153717820587172,0.013895494623805151,-0.007588336843280126,0.005970183111735555,-0.012480669542324683,0.011618222978189905,0.015648833340013664,-0.004386066324845814,-0.007101337669238128,-0.010027507644426337,-0.0060673339223306175,0.017659269099211453,0.013990755507582046,0.019764774720301366,0.011959761842588694,0.017690215653884147,-0.005141357012409085,-0.0019051078177103858,agent93,-0.6876386505315897
-0.9661838604057048,-0.0058150271734187025,-0.004412521374865079,-0.015270671494678752,-0.010474849993170365,-0.004877324405655951,-0.007911309015518835,-0.006933886497132099,0.00978068692731894,0.011998462568957959,-0.0069852114596380185,-0.01167108350127129,0.009926214615414783,-0.006910135901935897,-0.01111034012734691,0.009992308424044822,-0.008208595329589312,0.01799991068725586,0.015966680664501808,-0.0047771965608391816,-0.012613281214710495,0.023209022051451884,-0.008015047409573602,0.017693807702837672,-0.00668819127877071,-0.002968054521118794,-0.004710891086051628,0.009828101050318314,0.023932836624513384,0.011978559019391308,0.015312331055533701,0.017936054959704198,-0.01066523812340868,1,-0.005090223002519584,0.019972221342884185,-0.005006974633128333,-0.01130959537295511,-0.008057191173400164,0.01509267952912691,0.01528392309241316,-0.013580802839393074,0.005913973685507052,0.0158200200688837,0.011489599466129919,0.01195291076740495,-0.0058122228653315665,-0.013167244015114318,0.029605507517834934,0.02199950986711025,0.009858684577207764,-0.011571542245313675,0.017781197912471805,0.009673722654744428,-0.008092673512592224,0.015965924048975857,-0.00734597451565063,0.021991970129088156,0.009917525934956668,-0.006306861401344097,0.021569799210861128,-0.00845831751908539,-0.010001903339668767,0.015987341652114264,-0.006864140547804592,-0.006407965324933438,0.01376802557104673,0.015123019146382727,-0.007051999611242763,0.015702244765182134,-0.0015223729213279878,0.009951260975130147,0.009889910245025241,0.007781190457500217,0.019993587992231422,0.01781910380355657,-0.004686151784467783,-0.0047893568654346404,-0.00334018029555571,-0.007115958724176218,-0.0030785746002600046,-0.0037997709932171735,0.00997866422309474,-0.009153717820587172,0.013895494623805151,-0.007588336843280126,0.005970183111735555,-0.012480669542324683,0.011618222978189905,0.015648833340013664,-0.004386066324845814,-0.007101337669238128,-0.010027507644426337,-0.0060673339223306175,0.017659269099211453,0.013990755507582046,0.019764774720301366,0.011959761842588694,0.017690215653884147,-0.005141357012409085,-0.0019051078177103858,agent25,1
-0.967195478628683,-0.0058150271734187025,-0.004412521374865079,-0.015270671494678752,-0.010474849993170365,-0.004877324405655951,-0.007911309015518835,-0.006933886497132099,0.00978068692731894,0.011998462568957959,-0.0069852114596380185,-0.01167108350127129,0.009926214615414783,-0.006910135901935897,-0.01111034012734691,0.009992308424044822,-0.008208595329589312,0.01799991068725586,0.015966680664501808,-0.0047771965608391816,-0.012613281214710495,0.023209022051451884,-0.008015047409573602,0.017693807702837672,-0.00668819127877071,-0.002968054521118794,-0.004710891086051628,0.009828101050318314,0.023932836624513384,0.011978559019391308,0.015312331055533701,0.017936054959704198,-0.01066523812340868,1,-0.005090223002519584,0.019972221342884185,-0.005006974633128333,-0.01130959537295511,-0.008057191173400164,0.01509267952912691,0.01528392309241316,-0.013580802839393074,0.005913973685507052,0.0158200200688837,0.011489599466129919,0.01195291076740495,-0.0058122228653315665,-0.013167244015114318,0.029605507517834934,0.02199950986711025,0.009858684577207764,-0.011571542245313675,0.017781197912471805,0.009673722654744428,-0.008092673512592224,0.015965924048975857,-0.00734597451565063,0.021991970129088156,0.009917525934956668,-0.006306861401344097,0.021569799210861128,-0.00845831751908539,-0.010001903339668767,0.015987341652114264,-0.006864140547804592,-0.006407965324933438,0.01376802557104673,0.015123019146382727,-0.007051999611242763,0.015702244765182134,-0.0015223729213279878,0.009951260975130147,0.009889910245025241,0.007781190457500217,0.019993587992231422,0.01781910380355657,-0.004686151784467783,-0.0047893568654346404,-0.00334018029555571,-0.007115958724176218,-0.0030785746002600046,-0.0037997709932171735,0.00997866422309474,-0.009153717820587172,0.013895494623805151,-0.007588336843280126,0.005970183111735555,-0.012480669542324683,0.013554767913450278,0.015648833340013664,-0.004386066324845814,-0.007101337669238128,-0.010027507644426337,-0.0060673339223306175,0.017659269099211453,0.013990755507582046,0.019764774720301366,0.011959761842588694,0.017690215653884147,-0.005141357012409085,-0.0019051078177103858,agent87,-0.6099393804775884
-0.9682039369462021,-0.0058150271734187025,-0.004412521374865079,-0.015270671494678752,-0.010474849993170365,-0.004877324405655951,-0.007911309015518835,-0.006933886497132099,0.00978068692731894,0.011998462568957959,-0.0069852114596380185,-0.01167108350127129,0.009926214615414783,-0.006910135901935897,-0.01111034012734691,0.009992308424044822,-0.008208595329589312,0.01799991068725586,0.015966680664501808,-0.0047771965608391816,-0.012613281214710495,0.023209022051451884,-0.008015047409573602,0.017693807702837672,-0.00668819127877071,-0.002968054521118794,-0.004710891086051628,0.009828101050318314,0.023932836624513384,0.011978559019391308,0.015312331055533701,0.017936054959704198,-0.01066523812340868,1,-0.005090223002519584,0.019972221342884185,-0.005006974633128333,-0.01130959537295511,-0.008057191173400164,0.01509267952912691,0.01528392309241316,-0.013580802839393074,0.005913973685507052,0.0158200200688837,0.011489599466129919,0.01195291076740495,-0.0058122228653315665,-0.013167244015114318,0.029605507517834934,0.02199950986711025,0.009858684577207764,-0.011571542245313675,0.017781197912471805,0.009673722654744428,-0.008092673512592224,0.015965924048975857,-0.00734597451565063,0.021991970129088156,0.009917525934956668,-0.006306861401344097,0.021569799210861128,-0.008523388493516823,-0.010001903339668767,0.015987341652114264,-0.006864140547804592,-0.006407965324933438,0.01376802557104673,0.015123019146382727,-0.007051999611242763,0.015702244765182134,-0.0015223729213279878,0.009951260975130147,0.009889910245025241,0.007781190457500217,0.019993587992231422,0.01781910380355657,-0.004686151784467783,-0.0047893568654346404,-0.00334018029555571,-0.007115958724176218,-0.0030785746002600046,-0.0037997709932171735,0.00997866422309474,-0.009153717820587172,0.013895494623805151,-0.007588336843280126,0.005970183111735555,-0.012480669542324683,0.013554767913450278,0.015648833340013664,-0.004386066324845814,-0.007101337669238128,-0.010027507644426337,-0.0060673339223306175,0.017659269099211453,0.013990755507582046,0.019764774720301366,0.011959761842588694,0.017690215653884147,-0.005141357012409085,-0.0019051078177103858,agent60,1
-0.9692137650472524,-0.0058150271734187025,-0.004412521374865079,-0.015270671494678752,-0.010474849993170365,-0.004877324405655951,-0.007911309015518835,-0.006933886497132099,0.00978068692731894,0.011998462568957959,-0.0069852114596380185,-0.01167108350127129,0.009926214615414783,-0.006910135901935897,-0.01111034012734691,0.009992308424044822,-0.008208595329589312,0.01799991068725586,0.015966680664501808,-0.0047771965608391816,-0.012613281214710495,0.023209022051451884,-0.008015047409573602,0.017693807702837672,-0.00668819127877071,-0.002968054521118794,-0.004710891086051628,0.011793885960739544,0.023932836624513384,0.011978559019391308,0.015312331055533701,0.017936054959704198,-0.01066523812340868,1,-0.005090223002519584,0.019972221342884185,-0.005006974633128333,-0.01130959537295511,-0.008057191173400164,0.01509267952912691,0.01528392309241316,-0.013580802839393074,0.005913973685507052,0.0158200200688837,0.011489599466129919,0.01195291076740495,-0.0058122228653315665,-0.013167244015114318,0.029605507517834934,0.02199950986711025,0.009858684577207764,-0.011571542245313675,0.017781197912471805,0.009673722654744428,-0.008092673512592224,0.015965924048975857,-0.00734597451565063,0.021991970129088156,0.009917525934956668,-0.006306861401344097,0.021569799210861128,-0.008523388493516823,-0.010001903339668767,0.015987341652114264,-0.006864140547804592,-0.006407965324933438,0.01376802557104673,0.015123019146382727,-0.007051999611242763,0.015702244765182134,-0.0015223729213279878,0.009951260975130147,0.009889910245025241,0.007781190457500217,0.019993587992231422,0.01781910380355657,-0.004686151784467783,-0.0047893568654346404,-0.00334018029555571,-0.007115958724176218,-0.0030785746002600046,-0.0037997709932171735,0.00997866422309474,-0.009153717820587172,0.013895494623805151,-0.007588336843280126,0.005970183111735555,-0.012480669542324683,0.013554767913450278,0.015648833340013664,-0.004386066324845814,-0.007101337669238128,-0.010027507644426337,-0.0060673339223306175,0.017659269099211453,0.013990755507582046,0.019764774720301366,0.011959761842588694,0.017690215653884147,-0.005141357012409085,-0.0019051078177103858,agent26,-0.7066123102500436
-0.970219679020938,-0.0058150271734187025,-0.004412521374865079,-0.015270671494678752,-0.010474849993170365,-0.004877324405655951,-0.007911309015518835,-0.006933886497132099,0.00978068692731894,0.011998462568957959,-0.0069852114596380185,-0.01167108350127129,0.009926214615414783,-0.006910135901935897,-0.01111034012734691,0.009992308424044822,-0.008208595329589312,0.01799991068725586,0.015966680664501808,-0.0047771965608391816,-0.012613281214710495,0.023209022051451884,-0.008015047409573602,0.017693807702837672,-0.00668819127877071,-0.002968054521118794,-0.004710891086051628,0.011793885960739544,0.023932836624513384,0.011978559019391308,0.015312331055533701,0.017936054959704198,-0.01066523812340868,1,-0.005090223002519584,0.019972221342884185,-0.005006974633128333,-0.01130959537295511,-0.008057191173400164,0.01509267952912691,0.01528392309241316,-0.013580802839393074,0.007913499789375769,0.0158200200688837,0.011489599466129919,0.01195291076740495,-0.0058122228653315665,-0.013167244015114318,0.029605507517834934,0.02199950986711025,0.009858684577207764,-0.011571542245313675,0.017781197912471805,0.009673722654744428,-0.008092673512592224,0.015965924048975857,-0.00734597451565063,0.021991970129088156,0.009917525934956668,-0.006306861401344097,0.021569799210861128,-0.008523388493516823,-0.010001903339668767,0.015987341652114264,-0.006864140547804592,-0.006407965324933438,0.01376802557104673,0.015123019146382727,-0.007051999611242763,0.015702244765182134,-0.0015223729213279878,0.009951260975130147,0.009889910245025241,0.007781190457500217,0.019993587992231422,0.01781910380355657,-0.004686151784467783,-0.0047893568654346404,-0.00334018029555571,-0.007115958724176218,-0.0030785746002600046,-0.0037997709932171735,0.00997866422309474,-0.009153717820587172,0.013895494623805151,-0.007588336843280126,0.005970183111735555,-0.012480669542324683,0.013554767913450278,0.015648833340013664,-0.004386066324845814,-0.007101337669238128,-0.010027507644426337,-0.0060673339223306175,0.017659269099211453,0.013990755507582046,0.019764774720301366,0.011959761842588694,0.017690215653884147,-0.005141357012409085,-0.0019051078177103858,agent41,-1
-0.9712276940683475,-0.0058150271734187025,-0.004412521374865079,-0.015270671494678752,-0.010474849993170365,-0.004877324405655951,-0.007911309015518835,-0.006933886497132099,0.00978068692731894,0.011998462568957959,-0.0069852114596380185,-0.01167108350127129,0.009926214615414783,-0.006910135901935897,-0.01111034012734691,0.009992308424044822,-0.008208595329589312,0.01799991068725586,0.015966680664501808,-0.0047771965608391816,-0.012613281214710495,0.023209022051451884,-0.008074164617772918,0.017693807702837672,-0.00668819127877071,-0.002968054521118794,-0.004710891086051628,0.011793885960739544,0.023932836624513384,0.011978559019391308,0.015312331055533701,0.017936054959704198,-0.01066523812340868,1,-0.005090223002519584,0.019972221342884185,-0.005006974633128333,-0.01130959537295511,-0.008057191173400164,0.01509267952912691,0.01528392309241316,-0.013580802839393074,0.007913499789375769,0.0158200200688837,0.011489599466129919,0.01195291076740495,-0.0058122228653315665,-0.013167244015114318,0.029605507517834934,0.02199950986711025,0.009858684577207764,-0.011571542245313675,0.017781197912471805,0.009673722654744428,-0.008092673512592224,0.015965924048975857,-0.00734597451565063,0.021991970129088156,0.009917525934956668,-0.006306861401344097,0.021569799210861128,-0.008523388493516823,-0.010001903339668767,0.015987341652114264,-0.006864140547804592,-0.006407965324933438,0.01376802557104673,0.015123019146382727,-0.007051999611242763,0.015702244765182134,-0.0015223729213279878,0.009951260975130147,0.009889910245025241,0.007781190457500217,0.019993587992231422,0.01781910380355657,-0.004686151784467783,-0.0047893568654346404,-0.00334018029555571,-0.007115958724176218,-0.0030785746002600046,-0.0037997709932171735,0.00997866422309474,-0.009153717820587172,0.013895494623805151,-0.007588336843280126,0.005970183111735555,-0.012480669542324683,0.013554767913450278,0.015648833340013664,-0.004386066324845814,-0.007101337669238128,-0.010027507644426337,-0.0060673339223306175,0.017659269099211453,0.013990755507582046,0.019764774720301366,0.011959761842588694,0.017690215653884147,-0.005141357012409085,-0.0019051078177103858,agent21,1
-0.9722375839785925,-0.0058150271734187025,-0.004412521374865079,-0.015270671494678752,-0.010474849993170365,-0.004877324405655951,-0.007911309015518835,-0.006933886497132099,0.00978068692731894,0.011998462568957959,-0.0069852114596380185,-0.01167108350127129,0.009926214615414783,-0.006910135901935897,-0.01111034012734691,0.009992308424044822,-0.008208595329589312,0.01799991068725586,0.015966680664501808,-0.0047771965608391816,-0.012613281214710495,0.023209022051451884,-0.008074164617772918,0.017693807702837672,-0.00668819127877071,-0.002968054521118794,-0.004710891086051628,0.011793885960739544,0.023932836624513384,0.011978559019391308,0.015312331055533701,0.017936054959704198,-0.01066523812340868,1,-0.005090223002519584,0.019972221342884185,-0.005006974633128333,-0.01130959537295511,-0.008057191173400164,0.01509267952912691,0.01528392309241316,-0.013580802839393074,0.007913499789375769,0.0158200200688837,0.011489599466129919,0.01195291076740495,-0.0058122228653315665,-0.013167244015114318,0.029605507517834934,0.02199950986711025,0.009858684577207764,-0.011571542245313675,0.017781197912471805,0.009673722654744428,-0.008092673512592224,0.015965924048975857,-0.00734597451565063,0.021991970129088156,0.009917525934956668,-0.006306861401344097,0.021569799210861128,-0.008523388493516823,-0.010001903339668767,0.015987341652114264,-0.006864140547804592,-0.006407965324933438,0.01376802557104673,0.015123019146382727,-0.007051999611242763,0.015702244765182134,-0.0015223729213279878,0.009951260975130147,0.011889496322230929,0.007781190457500217,0.019993587992231422,0.01781910380355657,-0.004686151784467783,-0.0047893568654346404,-0.00334018029555571,-0.007115958724176218,-0.0030785746002600046,-0.0037997709932171735,0.00997866422309474,-0.009153717820587172,0.013895494623805151,-0.007588336843280126,0.005970183111735555,-0.012480669542324683,0.013554767913450278,0.015648833340013664,-0.004386066324845814,-0.007101337669238128,-0.010027507644426337,-0.0060673339223306175,0.017659269099211453,0.013990755507582046,0.019764774720301366,0.011959761842588694,0.017690215653884147,-0.005141357012409085,-0.0019051078177103858,agent71,-1
-0.9732423733354579,-0.0058150271734187025,-0.004412521374865079,-0.015270671494678752,-0.010474849993170365,-0.004877324405655951,-0.007911309015518835,-0.006933886497132099,0.00978068692731894,0.011998462568957959,-0.0069852114596380185,-0.01167108350127129,0.009926214615414783,-0.006910135901935897,-0.01111034012734691,0.009992308424044822,-0.008208595329589312,0.01799991068725586,0.015966680664501808,-0.0047771965608391816,-0.012613281214710495,0.023209022051451884,-0.008074164617772918,0.017693807702837672,-0.00668819127877071,-0.002968054521118794,-0.004710891086051628,0.011793885960739544,0.023932836624513384,0.011978559019391308,0.015312331055533701,0.017936054959704198,-0.01066523812340868,1,-0.005090223002519584,0.019972221342884185,-0.005006974633128333,-0.01130959537295511,-0.008057191173400164,0.01509267952912691,0.01528392309241316,-0.013580802839393074,0.007913499789375769,0.0158200200688837,0.011489599466129919,0.01195291076740495,-0.0058122228653315665,-0.013167244015114318,0.029605507517834934,0.02199950986711025,0.009858684577207764,-0.011571542245313675,0.017781197912471805,0.009673722654744428,-0.008092673512592224,0.015965924048975857,-0.00734597451565063,0.021991970129088156,0.009917525934956668,-0.006306861401344097,0.021569799210861128,-0.008523388493516823,-0.010001903339668767,0.015987341652114264,-0.006864140547804592,-0.006407965324933438,0.01376802557104673,0.015123019146382727,-0.007051999611242763,0.015702244765182134,-0.0015223729213279878,0.009951260975130147,0.011889496322230929,0.007781190457500217,0.019993587992231422,0.01781910380355657,-0.004686151784467783,-0.004844496321605783,-0.00334018029555571,-0.007115958724176218,-0.0030785746002600046,-0.0037997709932171735,0.00997866422309474,-0.009153717820587172,0.013895494623805151,-0.007588336843280126,0.005970183111735555,-0.012480669542324683,0.013554767913450278,0.015648833340013664,-0.004386066324845814,-0.007101337669238128,-0.010027507644426337,-0.0060673339223306175,0.017659269099211453,0.013990755507582046,0.019764774720301366,0.011959761842588694,0.017690215653884147,-0.005141357012409085,-0.0019051078177103858,agent76,1
-0.974252365643882,-0.0058150271734187025,-0.004412521374865079,-0.015270671494678752,-0.010474849993170365,-0.004877324405655951,-0.007911309015518835,-0.006933886497132099,0.00978068692731894,0.011998462568957959,-0.0069852114596380185,-0.01167108350127129,0.009926214615414783,-0.006910135901935897,-0.01111034012734691,0.011990841515863594,-0.008208595329589312,0.01799991068725586,0.015966680664501808,-0.0047771965608391816,-0.012613281214710495,0.023209022051451884,-0.008074164617772918,0.017693807702837672,-0.00668819127877071,-0.002968054521118794,-0.004710891086051628,0.011793885960739544,0.023932836624513384,0.011978559019391308,0.015312331055533701,0.017936054959704198,-0.01066523812340868,1,-0.005090223002519584,0.019972221342884185,-0.005006974633128333,-0.01130959537295511,-0.008057191173400164,0.01509267952912691,0.01528392309241316,-0.013580802839393074,0.007913499789375769,0.0158200200688837,0.011489599466129919,0.01195291076740495,-0.0058122228653315665,-0.013167244015114318,0.029605507517834934,0.02199950986711025,0.009858684577207764,-0.011571542245313675,0.017781197912471805,0.009673722654744428,-0.008092673512592224,0.015965924048975857,-0.00734597451565063,0.021991970129088156,0.009917525934956668,-0.006306861401344097,0.021569799210861128,-0.008523388493516823,-0.010001903339668767,0.015987341652114264,-0.006864140547804592,-0.006407965324933438,0.01376802557104673,0.015123019146382727,-0.007051999611242763,0.015702244765182134,-0.0015223729213279878,0.009951260975130147,0.011889496322230929,0.007781190457500217,0.019993587992231422,0.01781910380355657,-0.004686151784467783,-0.004844496321605783,-0.00334018029555571,-0.007115958724176218,-0.0030785746002600046,-0.0037997709932171735,0.00997866422309474,-0.009153717820587172,0.013895494623805151,-0.007588336843280126,0.005970183111735555,-0.012480669542324683,0.013554767913450278,0.015648833340013664,-0.004386066324845814,-0.007101337669238128,-0.010027507644426337,-0.0060673339223306175,0.017659269099211453,0.013990755507582046,0.019764774720301366,0.011959761842588694,0.017690215653884147,-0.005141357012409085,-0.0019051078177103858,agent14,-0.9190776582299837
-0.975263675239255,-0.0058150271734187025,-0.004412521374865079,-0.015270671494678752,-0.010474849993170365,-0.004877324405655951,-0.007911309015518835,-0.006933886497132099,0.00978068692731894,0.011998462568957959,-0.0069852114596380185,-0.01167108350127129,0.009926214615414783,-0.006910135901935897,-0.01111034012734691,0.011990841515863594,-0.008208595329589312,0.01799991068725586,0.015966680664501808,-0.0047771965608391816,-0.012613281214710495,0.023209022051451884,-0.008074164617772918,0.017693807702837672,-0.00668819127877071,-0.002968054521118794,-0.004710891086051628,0.011793885960739544,0.023932836624513384,0.011978559019391308,0.015312331055533701,0.017936054959704198,-0.01066523812340868,1,-0.005090223002519584,0.019972221342884185,-0.005006974633128333,-0.011677695487557108,-0.008057191173400164,0.01509267952912691,0.01528392309241316,-0.013580802839393074,0.007913499789375769,0.0158200200688837,0.011489599466129919,0.01195291076740495,-0.0058122228653315665,-0.013167244015114318,0.029605507517834934,0.02199950986711025,0.009858684577207764,-0.011571542245313675,0.017781197912471805,0.009673722654744428,-0.008092673512592224,0.015965924048975857,-0.00734597451565063,0.021991970129088156,0.009917525934956668,-0.006306861401344097,0.021569799210861128,-0.008523388493516823,-0.010001903339668767,0.015987341652114264,-0.006864140547804592,-0.006407965324933438,0.01376802557104673,0.015123019146382727,-0.007051999611242763,0.015702244765182134,-0.0015223729213279878,0.009951260975130147,0.011889496322230929,0.007781190457500217,0.019993587992231422,0.01781910380355657,-0.004686151784467783,-0.004844496321605783,-0.00334018029555571,-0.007115958724176218,-0.0030785746002600046,-0.0037997709932171735,0.00997866422309474,-0.009153717820587172,0.013895494623805151,-0.007588336843280126,0.005970183111735555,-0.012480669542324683,0.013554767913450278,0.015648833340013664,-0.004386066324845814,-0.007101337669238128,-0.010027507644426337,-0.0060673339223306175,0.017659269099211453,0.013990755507582046,0.019764774720301366,0.011959761842588694,0.017690215653884147,-0.005141357012409085,-0.0019051078177103858,agent36,0.8323465856444232
-0.9762868842613064,-0.0058150271734187025,-0.004412521374865079,-0.015270671494678752,-0.010474849993170365,-0.004877324405655951,-0.007911309015518835,-0.006933886497132099,0.00978068692731894,0.011998462568957959,-0.0069852114596380185,-0.01167108350127129,0.009926214615414783,-0.006910135901935897,-0.01111034012734691,0.011990841515863594,-0.008208595329589312,0.01799991068725586,0.015966680664501808,-0.0047771965608391816,-0.012613281214710495,0.025208716108570547,-0.008074164617772918,0.017693807702837672,-0.00668819127877071,-0.002968054521118794,-0.004710891086051628,0.011793885960739544,0.023932836624513384,0.011978559019391308,0.015312331055533701,0.017936054959704198,-0.01066523812340868,1,-0.005090223002519584,0.019972221342884185,-0.005006974633128333,-0.011677695487557108,-0.008057191173400164,0.01509267952912691,0.01528392309241316,-0.013580802839393074,0.007913499789375769,0.0158200200688837,0.011489599466129919,0.01195291076740495,-0.0058122228653315665,-0.013167244015114318,0.029605507517834934,0.02199950986711025,0.009858684577207764,-0.011571542245313675,0.017781197912471805,0.009673722654744428,-0.008092673512592224,0.015965924048975857,-0.00734597451565063,0.021991970129088156,0.009917525934956668,-0.006306861401344097,0.021569799210861128,-0.008523388493516823,-0.010001903339668767,0.015987341652114264,-0.006864140547804592,-0.006407965324933438,0.01376802557104673,0.015123019146382727,-0.007051999611242763,0.015702244765182134,-0.0015223729213279878,0.009951260975130147,0.011889496322230929,0.007781190457500217,0.019993587992231422,0.01781910380355657,-0.004686151784467783,-0.004844496321605783,-0.00334018029555571,-0.007115958724176218,-0.0030785746002600046,-0.0037997709932171735,0.00997866422309474,-0.009153717820587172,0.013895494623805151,-0.007588336843280126,0.005970183111735555,-0.012480669542324683,0.013554767913450278,0.015648833340013664,-0.004386066324845814,-0.007101337669238128,-0.010027507644426337,-0.0060673339223306175,0.017659269099211453,0.013990755507582046,0.019764774720301366,0.011959761842588694,0.017690215653884147,-0.005141357012409085,-0.0019051078177103858,agent20,-1
-0.9772968629255295,-0.0058150271734187025,-0.004412521374865079,-0.015270671494678752,-0.010474849993170365,-0.004877324405655951,-0.007911309015518835,-0.006933886497132099,0.00978068692731894,0.011998462568957959,-0.0069852114596380185,-0.01167108350127129,0.009926214615414783,-0.006910135901935897,-0.01111034012734691,0.011990841515863594,-0.008208595329589312,0.01799991068725586,0.015966680664501808,-0.0047771965608391816,-0.012613281214710495,0.025208716108570547,-0.008074164617772918,0.017693807702837672,-0.00668819127877071,-0.002968054521118794,-0.004710891086051628,0.011793885960739544,0.023932836624513384,0.011978559019391308,0.015312331055533701,0.017936054959704198,-0.01066523812340868,1,-0.005090223002519584,0.019972221342884185,-0.005006974633128333,-0.011677695487557108,-0.008057191173400164,0.01509267952912691,0.01528392309241316,-0.013580802839393074,0.007913499789375769,0.0158200200688837,0.011489599466129919,0.01195291076740495,-0.0058122228653315665,-0.013167244015114318,0.029605507517834934,0.02199950986711025,0.009858684577207764,-0.011571542245313675,0.017781197912471805,0.009673722654744428,-0.008092673512592224,0.015965924048975857,-0.00734597451565063,0.021991970129088156,0.009917525934956668,-0.006306861401344097,0.021569799210861128,-0.008523388493516823,-0.010001903339668767,0.015987341652114264,-0.006864140547804592,-0.006407965324933438,0.01376802557104673,0.015123019146382727,-0.007051999611242763,0.015702244765182134,-0.0015223729213279878,0.009951260975130147,0.011889496322230929,0.007781190457500217,0.019993587992231422,0.01781910380355657,-0.004686151784467783,-0.004844496321605783,-0.00334018029555571,-0.007115958724176218,-0.0030785746002600046,-0.0037997709932171735,0.011974649859880858,-0.009153717820587172,0.013895494623805151,-0.007588336843280126,0.005970183111735555,-0.012480669542324683,0.013554767913450278,0.015648833340013664,-0.004386066324845814,-0.007101337669238128,-0.010027507644426337,-0.0060673339223306175,0.017659269099211453,0.013990755507582046,0.019764774720301366,0.011959761842588694,0.017690215653884147,-0.005141357012409085,-0.0019051078177103858,agent81,-0.8866837234478332
-0.9783119556050587,-0.0058150271734187025,-0.004412521374865079,-0.015270671494678752,-0.010474849993170365,-0.004877324405655951,-0.007911309015518835,-0.006933886497132099,0.00978068692731894,0.011998462568957959,-0.0069852114596380185,-0.01167108350127129,0.009926214615414783,-0.006910135901935897,-0.01111034012734691,0.011990841515863594,-0.008208595329589312,0.01799991068725586,0.015966680664501808,-0.0047771965608391816,-0.012613281214710495,0.025208716108570547,-0.008074164617772918,0.017693807702837672,-0.00668819127877071,-0.002968054521118794,-0.004710891086051628,0.011793885960739544,0.023932836624513384,0.011978559019391308,0.015312331055533701,0.017936054959704198,-0.01066523812340868,1,-0.005090223002519584,0.019972221342884185,-0.005006974633128333,-0.011677695487557108,-0.008057191173400164,0.0170924218129104,0.01528392309241316,-0.013580802839393074,0.007913499789375769,0.0158200200688837,0.011489599466129919,0.01195291076740495,-0.0058122228653315665,-0.013167244015114318,0.029605507517834934,0.02199950986711025,0.009858684577207764,-0.011571542245313675,0.017781197912471805,0.009673722654744428,-0.008092673512592224,0.015965924048975857,-0.00734597451565063,0.021991970129088156,0.009917525934956668,-0.006306861401344097,0.021569799210861128,-0.008523388493516823,-0.010001903339668767,0.015987341652114264,-0.006864140547804592,-0.006407965324933438,0.01376802557104673,0.015123019146382727,-0.007051999611242763,0.015702244765182134,-0.0015223729213279878,0.009951260975130147,0.011889496322230929,0.007781190457500217,0.019993587992231422,0.01781910380355657,-0.004686151784467783,-0.004844496321605783,-0.00334018029555571,-0.007115958724176218,-0.0030785746002600046,-0.0037997709932171735,0.011974649859880858,-0.009153717820587172,0.013895494623805151,-0.007588336843280126,0.005970183111735555,-0.012480669542324683,0.013554767913450278,0.015648833340013664,-0.004386066324845814,-0.007101337669238128,-0.010027507644426337,-0.0060673339223306175,0.017659269099211453,0.013990755507582046,0.019764774720301366,0.011959761842588694,0.017690215653884147,-0.005141357012409085,-0.0019051078177103858,agent38,-1
-0.9793237494910194,-0.0058150271734187025,-0.004412521374865079,-0.015270671494678752,-0.010474849993170365,-0.004877324405655951,-0.007911309015518835,-0.006933886497132099,0.00978068692731894,0.011998462568957959,-0.0069852114596380185,-0.01167108350127129,0.009926214615414783,-0.006910135901935897,-0.01111034012734691,0.011990841515863594,-0.008208595329589312,0.01799991068725586,0.015966680664501808,-0.0047771965608391816,-0.012613281214710495,0.025208716108570547,-0.008074164617772918,0.017693807702837672,-0.00668819127877071,-0.002968054521118794,-0.004710891086051628,0.013759407038984478,0.023932836624513384,0.011978559019391308,0.015312331055533701,0.017936054959704198,-0.01066523812340868,1,-0.005090223002519584,0.019972221342884185,-0.005006974633128333,-0.011677695487557108,-0.008057191173400164,0.0170924218129104,0.01528392309241316,-0.013580802839393074,0.007913499789375769,0.0158200200688837,0.011489599466129919,0.01195291076740495,-0.0058122228653315665,-0.013167244015114318,0.029605507517834934,0.02199950986711025,0.009858684577207764,-0.011571542245313675,0.017781197912471805,0.009673722654744428,-0.008092673512592224,0.015965924048975857,-0.00734597451565063,0.021991970129088156,0.009917525934956668,-0.006306861401344097,0.021569799210861128,-0.008523388493516823,-0.010001903339668767,0.015987341652114264,-0.006864140547804592,-0.006407965324933438,0.01376802557104673,0.015123019146382727,-0.007051999611242763,0.015702244765182134,-0.0015223729213279878,0.009951260975130147,0.011889496322230929,0.007781190457500217,0.019993587992231422,0.01781910380355657,-0.004686151784467783,-0.004844496321605783,-0.00334018029555571,-0.007115958724176218,-0.0030785746002600046,-0.0037997709932171735,0.011974649859880858,-0.009153717820587172,0.013895494623805151,-0.007588336843280126,0.005970183111735555,-0.012480669542324683,0.013554767913450278,0.015648833340013664,-0.004386066324845814,-0.007101337669238128,-0.010027507644426337,-0.0060673339223306175,0.017659269099211453,0.013990755507582046,0.019764774720301366,0.011959761842588694,0.017690215653884147,-0.005141357012409085,-0.0019051078177103858,agent26,-0.7157137006410699
-0.9803395695110882,-0.0058150271734187025,-0.004412521374865079,-0.015270671494678752,-0.010474849993170365,-0.004877324405655951,-0.007911309015518835,-0.006933886497132099,0.00978068692731894,0.011998462568957959,-0.0069852114596380185,-0.01167108350127129,0.009926214615414783,-0.006910135901935897,-0.01111034012734691,0.011990841515863594,-0.008208595329589312,0.01799991068725586,0.015966680664501808,-0.0047771965608391816,-0.012613281214710495,0.025208716108570547,-0.008074164617772918,0.017693807702837672,-0.00668819127877071,-0.002968054521118794,-0.004710891086051628,0.013759407038984478,0.023932836624513384,0.011978559019391308,0.015312331055533701,0.017936054959704198,-0.01066523812340868,1,-0.005090223002519584,0.019972221342884185,-0.005006974633128333,-0.011677695487557108,-0.008057191173400164,0.0170924218129104,0.01528392309241316,-0.013580802839393074,0.007913499789375769,0.017819806315216145,0.011489599466129919,0.01195291076740495,-0.0058122228653315665,-0.013167244015114318,0.029605507517834934,0.02199950986711025,0.009858684577207764,-0.011571542245313675,0.017781197912471805,0.009673722654744428,-0.008092673512592224,0.015965924048975857,-0.00734597451565063,0.021991970129088156,0.009917525934956668,-0.006306861401344097,0.021569799210861128,-0.008523388493516823,-0.010001903339668767,0.015987341652114264,-0.006864140547804592,-0.006407965324933438,0.01376802557104673,0.015123019146382727,-0.007051999611242763,0.015702244765182134,-0.0015223729213279878,0.009951260975130147,0.011889496322230929,0.007781190457500217,0.019993587992231422,0.01781910380355657,-0.004686151784467783,-0.004844496321605783,-0.00334018029555571,-0.007115958724176218,-0.0030785746002600046,-0.0037997709932171735,0.011974649859880858,-0.009153717820587172,0.013895494623805151,-0.007588336843280126,0.005970183111735555,-0.012480669542324683,0.013554767913450278,0.015648833340013664,-0.004386066324845814,-0.007101337669238128,-0.010027507644426337,-0.0060673339223306175,0.017659269099211453,0.013990755507582046,0.019764774720301366,0.011959761842588694,0.017690215653884147,-0.005141357012409085,-0.0019051078177103858,agent42,-1
-0.9813611393102991,-0.0058150271734187025,-0.004412521374865079,-0.015270671494678752,-0.010474849993170365,-0.004877324405655951,-0.007911309015518835,-0.006933886497132099,0.00978068692731894,0.011998462568957959,-0.0069852114596380185,-0.01167108350127129,0.009926214615414783,-0.006910135901935897,-0.01111034012734691,0.011990841515863594,-0.008208595329589312,0.01799991068725586,0.015966680664501808,-0.0047771965608391816,-0.012613281214710495,0.025208716108570547,-0.008074164617772918,0.017693807702837672,-0.00668819127877071,-0.002968054521118794,-0.004710891086051628,0.013759407038984478,0.023932836624513384,0.011978559019391308,0.015312331055533701,0.017936054959704198,-0.01066523812340868,1,-0.005090223002519584,0.019972221342884185,-0.005006974633128333,-0.011677695487557108,-0.008057191173400164,0.0170924218129104,0.01528392309241316,-0.013580802839393074,0.007913499789375769,0.017819806315216145,0.011489599466129919,0.01195291076740495,-0.0058122228653315665,-0.013167244015114318,0.029605507517834934,0.02199950986711025,0.009858684577207764,-0.011571542245313675,0.017781197912471805,0.009673722654744428,-0.008092673512592224,0.015965924048975857,-0.00734597451565063,0.021991970129088156,0.009917525934956668,-0.006306861401344097,0.023530149880496933,-0.008523388493516823,-0.010001903339668767,0.015987341652114264,-0.006864140547804592,-0.006407965324933438,0.01376802557104673,0.015123019146382727,-0.007051999611242763,0.015702244765182134,-0.0015223729213279878,0.009951260975130147,0.011889496322230929,0.007781190457500217,0.019993587992231422,0.01781910380355657,-0.004686151784467783,-0.004844496321605783,-0.00334018029555571,-0.007115958724176218,-0.0030785746002600046,-0.0037997709932171735,0.011974649859880858,-0.009153717820587172,0.013895494623805151,-0.007588336843280126,0.005970183111735555,-0.012480669542324683,0.013554767913450278,0.015648833340013664,-0.004386066324845814,-0.007101337669238128,-0.010027507644426337,-0.0060673339223306175,0.017659269099211453,0.013990755507582046,0.019764774720301366,0.011959761842588694,0.017690215653884147,-0.005141357012409085,-0.0019051078177103858,agent59,-0.6987393906610152
-0.9823709199972265,-0.0058150271734187025,-0.004412521374865079,-0.015270671494678752,-0.010474849993170365,-0.004877324405655951,-0.007911309015518835,-0.006933886497132099,0.011780513223755035,0.011998462568957959,-0.0069852114596380185,-0.01167108350127129,0.009926214615414783,-0.006910135901935897,-0.01111034012734691,0.011990841515863594,-0.008208595329589312,0.01799991068725586,0.015966680664501808,-0.0047771965608391816,-0.012613281214710495,0.025208716108570547,-0.008074164617772918,0.017693807702837672,-0.00668819127877071,-0.002968054521118794,-0.004710891086051628,0.013759407038984478,0.023932836624513384,0.011978559019391308,0.015312331055533701,0.017936054959704198,-0.01066523812340868,1,-0.005090223002519584,0.019972221342884185,-0.005006974633128333,-0.011677695487557108,-0.008057191173400164,0.0170924218129104,0.01528392309241316,-0.013580802839393074,0.007913499789375769,0.017819806315216145,0.011489599466129919,0.01195291076740495,-0.0058122228653315665,-0.013167244015114318,0.029605507517834934,0.02199950986711025,0.009858684577207764,-0.011571542245313675,0.017781197912471805,0.009673722654744428,-0.008092673512592224,0.015965924048975857,-0.00734597451565063,0.021991970129088156,0.009917525934956668,-0.006306861401344097,0.023530149880496933,-0.008523388493516823,-0.010001903339668767,0.015987341652114264,-0.006864140547804592,-0.006407965324933438,0.01376802557104673,0.015123019146382727,-0.007051999611242763,0.015702244765182134,-0.0015223729213279878,0.009951260975130147,0.011889496322230929,0.007781190457500217,0.019993587992231422,0.01781910380355657,-0.004686151784467783,-0.004844496321605783,-0.00334018029555571,-0.007115958724176218,-0.0030785746002600046,-0.0037997709932171735,0.011974649859880858,-0.009153717820587172,0.013895494623805151,-0.007588336843280126,0.005970183111735555,-0.012480669542324683,0.013554767913450278,0.015648833340013664,-0.004386066324845814,-0.007101337669238128,-0.010027507644426337,-0.0060673339223306175,0.017659269099211453,0.013990755507582046,0.019764774720301366,0.011959761842588694,0.017690215653884147,-0.005141357012409085,-0.0019051078177103858,agent7,-1
-0.9833789941618443,-0.0058150271734187025,-0.004412521374865079,-0.015270671494678752,-0.010474849993170365,-0.004877324405655951,-0.007911309015518835,-0.006933886497132099,0.011780513223755035,0.011998462568957959,-0.0069852114596380185,-0.01167108350127129,0.009926214615414783,-0.006910135901935897,-0.01111034012734691,0.011990841515863594,-0.008208595329589312,0.01799991068725586,0.015966680664501808,-0.0047771965608391816,-0.012613281214710495,0.025208716108570547,-0.008109267385547594,0.017693807702837672,-0.00668819127877071,-0.002968054521118794,-0.004710891086051628,0.013759407038984478,0.023932836624513384,0.011978559019391308,0.015312331055533701,0.017936054959704198,-0.01066523812340868,1,-0.005090223002519584,0.019972221342884185,-0.005006974633128333,-0.011677695487557108,-0.008057191173400164,0.0170924218129104,0.01528392309241316,-0.013580802839393074,0.007913499789375769,0.017819806315216145,0.011489599466129919,0.01195291076740495,-0.0058122228653315665,-0.013167244015114318,0.029605507517834934,0.02199950986711025,0.009858684577207764,-0.011571542245313675,0.017781197912471805,0.009673722654744428,-0.008092673512592224,0.015965924048975857,-0.00734597451565063,0.021991970129088156,0.009917525934956668,-0.006306861401344097,0.023530149880496933,-0.008523388493516823,-0.010001903339668767,0.015987341652114264,-0.006864140547804592,-0.006407965324933438,0.01376802557104673,0.015123019146382727,-0.007051999611242763,0.015702244765182134,-0.0015223729213279878,0.009951260975130147,0.011889496322230929,0.007781190457500217,0.019993587992231422,0.01781910380355657,-0.004686151784467783,-0.004844496321605783,-0.00334018029555571,-0.007115958724176218,-0.0030785746002600046,-0.0037997709932171735,0.011974649859880858,-0.009153717820587172,0.013895494623805151,-0.007588336843280126,0.005970183111735555,-0.012480669542324683,0.013554767913450278,0.015648833340013664,-0.004386066324845814,-0.007101337669238128,-0.010027507644426337,-0.0060673339223306175,0.017659269099211453,0.013990755507582046,0.019764774720301366,0.011959761842588694,0.017690215653884147,-0.005141357012409085,-0.0019051078177103858,agent21,1
-0.9843946429951843,-0.0058150271734187025,-0.004412521374865079,-0.015270671494678752,-0.010474849993170365,-0.004877324405655951,-0.007911309015518835,-0.006933886497132099,0.011780513223755035,0.011998462568957959,-0.0069852114596380185,-0.01167108350127129,0.009926214615414783,-0.006910135901935897,-0.01111034012734691,0.011990841515863594,-0.008208595329589312,0.01799991068725586,0.015966680664501808,-0.0047771965608391816,-0.012613281214710495,0.025208716108570547,-0.008109267385547594,0.017693807702837672,-0.00668819127877071,-0.002968054521118794,-0.004710891086051628,0.013759407038984478,0.023932836624513384,0.011978559019391308,0.015312331055533701,0.017936054959704198,-0.01066523812340868,1,-0.005090223002519584,0.019972221342884185,-0.005006974633128333,-0.011677695487557108,-0.008057191173400164,0.0170924218129104,0.01528392309241316,-0.013580802839393074,0.007913499789375769,0.017819806315216145,0.011489599466129919,0.01195291076740495,-0.0058122228653315665,-0.013167244015114318,0.029605507517834934,0.02199950986711025,0.009858684577207764,-0.011571542245313675,0.017781197912471805,0.009673722654744428,-0.008092673512592224,0.015965924048975857,-0.00734597451565063,0.021991970129088156,0.009917525934956668,-0.006306861401344097,0.023530149880496933,-0.008523388493516823,-0.010001903339668767,0.015987341652114264,-0.006864140547804592,-0.006407965324933438,0.01376802557104673,0.015123019146382727,-0.007051999611242763,0.015702244765182134,-0.0015223729213279878,0.009951260975130147,0.011889496322230929,0.007781190457500217,0.019993587992231422,0.01781910380355657,-0.004686151784467783,-0.004844496321605783,-0.00334018029555571,-0.007115958724176218,-0.0030785746002600046,-0.0037997709932171735,0.011974649859880858,-0.009153717820587172,0.013895494623805151,-0.007588336843280126,0.005970183111735555,-0.012480669542324683,0.013554767913450278,0.01764869521109613,-0.004386066324845814,-0.007101337669238128,-0.010027507644426337,-0.0060673339223306175,0.017659269099211453,0.013990755507582046,0.019764774720301366,0.011959761842588694,0.017690215653884147,-0.005141357012409085,-0.0019051078177103858,agent88,-1
-0.9854097660143307,-0.0058150271734187025,-0.004412521374865079,-0.015270671494678752,-0.010474849993170365,-0.004877324405655951,-0.007911309015518835,-0.006933886497132099,0.011780513223755035,0.011998462568957959,-0.0069852114596380185,-0.01167108350127129,0.009926214615414783,-0.006910135901935897,-0.01111034012734691,0.011990841515863594,-0.008208595329589312,0.01799991068725586,0.015966680664501808,-0.0047771965608391816,-0.012613281214710495,0.025208716108570547,-0.008109267385547594,0.017693807702837672,-0.00668819127877071,-0.002968054521118794,-0.004710891086051628,0.013759407038984478,0.023932836624513384,0.011978559019391308,0.015312331055533701,0.017936054959704198,-0.01066523812340868,1,-0.005090223002519584,0.019972221342884185,-0.005006974633128333,-0.011677695487557108,-0.008057191173400164,0.0170924218129104,0.01528392309241316,-0.013580802839393074,0.007913499789375769,0.017819806315216145,0.011489599466129919,0.01195291076740495,-0.0058122228653315665,-0.013167244015114318,0.029605507517834934,0.02199950986711025,0.009858684577207764,-0.011571542245313675,0.017781197912471805,0.009673722654744428,-0.008092673512592224,0.015965924048975857,-0.00734597451565063,0.021991970129088156,0.009917525934956668,-0.006306861401344097,0.023530149880496933,-0.008523388493516823,-0.010001903339668767,0.015987341652114264,-0.006864140547804592,-0.006407965324933438,0.01376802557104673,0.017122897382799103,-0.007051999611242763,0.015702244765182134,-0.0015223729213279878,0.009951260975130147,0.011889496322230929,0.007781190457500217,0.019993587992231422,0.01781910380355657,-0.004686151784467783,-0.004844496321605783,-0.00334018029555571,-0.007115958724176218,-0.0030785746002600046,-0.0037997709932171735,0.011974649859880858,-0.009153717820587172,0.013895494623805151,-0.007588336843280126,0.005970183111735555,-0.012480669542324683,0.013554767913450278,0.01764869521109613,-0.004386066324845814,-0.007101337669238128,-0.010027507644426337,-0.0060673339223306175,0.017659269099211453,0.013990755507582046,0.019764774720301366,0.011959761842588694,0.017690215653884147,-0.005141357012409085,-0.0019051078177103858,agent66,-1
-0.9864196835402657,-0.0058150271734187025,-0.004412521374865079,-0.015270671494678752,-0.010474849993170365,-0.004877324405655951,-0.007911309015518835,-0.006933886497132099,0.011780513223755035,0.011998462568957959,-0.0069852114596380185,-0.01167108350127129,0.009926214615414783,-0.006910135901935897,-0.01111034012734691,0.011990841515863594,-0.008208595329589312,0.01799991068725586,0.015966680664501808,-0.0047771965608391816,-0.012613281214710495,0.025208716108570547,-0.008109267385547594,0.017693807702837672,-0.00668819127877071,-0.002968054521118794,-0.004710891086051628,0.013759407038984478,0.023932836624513384,0.011978559019391308,0.015312331055533701,0.017936054959704198,-0.01066523812340868,1,-0.005090223002519584,0.019972221342884185,-0.005006974633128333,-0.011677695487557108,-0.008057191173400164,0.0170924218129104,0.01528392309241316,-0.013580802839393074,0.007913499789375769,0.017819806315216145,0.011489599466129919,0.01195291076740495,-0.0058122228653315665,-0.013167244015114318,0.029605507517834934,0.02199950986711025,0.009858684577207764,-0.011571542245313675,0.017781197912471805,0.009673722654744428,-0.008092673512592224,0.015965924048975857,-0.00734597451565063,0.021991970129088156,0.011917419497492789,-0.006306861401344097,0.023530149880496933,-0.008523388493516823,-0.010001903339668767,0.015987341652114264,-0.006864140547804592,-0.006407965324933438,0.01376802557104673,0.017122897382799103,-0.007051999611242763,0.015702244765182134,-0.0015223729213279878,0.009951260975130147,0.011889496322230929,0.007781190457500217,0.019993587992231422,0.01781910380355657,-0.004686151784467783,-0.004844496321605783,-0.00334018029555571,-0.007115958724176218,-0.0030785746002600046,-0.0037997709932171735,0.011974649859880858,-0.009153717820587172,0.013895494623805151,-0.007588336843280126,0.005970183111735555,-0.012480669542324683,0.013554767913450278,0.01764869521109613,-0.004386066324845814,-0.007101337669238128,-0.010027507644426337,-0.0060673339223306175,0.017659269099211453,0.013990755507582046,0.019764774720301366,0.011959761842588694,0.017690215653884147,-0.005141357012409085,-0.0019051078177103858,agent57,-1
-0.9874263717315445,-0.0058150271734187025,-0.004412521374865079,-0.015270671494678752,-0.010474849993170365,-0.004877324405655951,-0.007911309015518835,-0.006933886497132099,0.011780513223755035,0.011998462568957959,-0.0069852114596380185,-0.01167108350127129,0.009926214615414783,-0.006910135901935897,-0.01111034012734691,0.011990841515863594,-0.008208595329589312,0.01799991068725586,0.015966680664501808,-0.0047771965608391816,-0.012613281214710495,0.025208716108570547,-0.008109267385547594,0.017693807702837672,-0.006715259699192605,-0.002968054521118794,-0.004710891086051628,0.013759407038984478,0.023932836624513384,0.011978559019391308,0.015312331055533701,0.017936054959704198,-0.01066523812340868,1,-0.005090223002519584,0.019972221342884185,-0.005006974633128333,-0.011677695487557108,-0.008057191173400164,0.0170924218129104,0.01528392309241316,-0.013580802839393074,0.007913499789375769,0.017819806315216145,0.011489599466129919,0.01195291076740495,-0.0058122228653315665,-0.013167244015114318,0.029605507517834934,0.02199950986711025,0.009858684577207764,-0.011571542245313675,0.017781197912471805,0.009673722654744428,-0.008092673512592224,0.015965924048975857,-0.00734597451565063,0.021991970129088156,0.011917419497492789,-0.006306861401344097,0.023530149880496933,-0.008523388493516823,-0.010001903339668767,0.015987341652114264,-0.006864140547804592,-0.006407965324933438,0.01376802557104673,0.017122897382799103,-0.007051999611242763,0.015702244765182134,-0.0015223729213279878,0.009951260975130147,0.011889496322230929,0.007781190457500217,0.019993587992231422,0.01781910380355657,-0.004686151784467783,-0.004844496321605783,-0.00334018029555571,-0.007115958724176218,-0.0030785746002600046,-0.0037997709932171735,0.011974649859880858,-0.009153717820587172,0.013895494623805151,-0.007588336843280126,0.005970183111735555,-0.012480669542324683,0.013554767913450278,0.01764869521109613,-0.004386066324845814,-0.007101337669238128,-0.010027507644426337,-0.0060673339223306175,0.017659269099211453,0.013990755507582046,0.019764774720301366,0.011959761842588694,0.017690215653884147,-0.005141357012409085,-0.0019051078177103858,agent23,1
-0.9884307842529193,-0.0058150271734187025,-0.004437589583338074,-0.015270671494678752,-0.010474849993170365,-0.004877324405655951,-0.007911309015518835,-0.006933886497132099,0.011780513223755035,0.011998462568957959,-0.0069852114596380185,-0.01167108350127129,0.009926214615414783,-0.006910135901935897,-0.01111034012734691,0.011990841515863594,-0.008208595329589312,0.01799991068725586,0.015966680664501808,-0.0047771965608391816,-0.012613281214710495,0.025208716108570547,-0.008109267385547594,0.017693807702837672,-0.006715259699192605,-0.002968054521118794,-0.004710891086051628,0.013759407038984478,0.023932836624513384,0.011978559019391308,0.015312331055533701,0.017936054959704198,-0.01066523812340868,1,-0.005090223002519584,0.019972221342884185,-0.005006974633128333,-0.011677695487557108,-0.008057191173400164,0.0170924218129104,0.01528392309241316,-0.013580802839393074,0.007913499789375769,0.017819806315216145,0.011489599466129919,0.01195291076740495,-0.0058122228653315665,-0.013167244015114318,0.029605507517834934,0.02199950986711025,0.009858684577207764,-0.011571542245313675,0.017781197912471805,0.009673722654744428,-0.008092673512592224,0.015965924048975857,-0.00734597451565063,0.021991970129088156,0.011917419497492789,-0.006306861401344097,0.023530149880496933,-0.008523388493516823,-0.010001903339668767,0.015987341652114264,-0.006864140547804592,-0.006407965324933438,0.01376802557104673,0.017122897382799103,-0.007051999611242763,0.015702244765182134,-0.0015223729213279878,0.009951260975130147,0.011889496322230929,0.007781190457500217,0.019993587992231422,0.01781910380355657,-0.004686151784467783,-0.004844496321605783,-0.00334018029555571,-0.007115958724176218,-0.0030785746002600046,-0.0037997709932171735,0.011974649859880858,-0.009153717820587172,0.013895494623805151,-0.007588336843280126,0.005970183111735555,-0.012480669542324683,0.013554767913450278,0.01764869521109613,-0.004386066324845814,-0.007101337669238128,-0.010027507644426337,-0.0060673339223306175,0.017659269099211453,0.013990755507582046,0.019764774720301366,0.011959761842588694,0.017690215653884147,-0.005141357012409085,-0.0019051078177103858,agent1,1
-0.9894368515868416,-0.0058150271734187025,-0.004437589583338074,-0.015270671494678752,-0.010474849993170365,-0.004877324405655951,-0.007911309015518835,-0.006933886497132099,0.011780513223755035,0.011998462568957959,-0.0069852114596380185,-0.01167108350127129,0.009926214615414783,-0.006910135901935897,-0.01111034012734691,0.011990841515863594,-0.008208595329589312,0.01799991068725586,0.015966680664501808,-0.0047771965608391816,-0.012613281214710495,0.025208716108570547,-0.008109267385547594,0.017693807702837672,-0.006715259699192605,-0.002968054521118794,-0.004710891086051628,0.013759407038984478,0.023932836624513384,0.011978559019391308,0.015312331055533701,0.017936054959704198,-0.01066523812340868,1,-0.005090223002519584,0.019972221342884185,-0.005006974633128333,-0.011677695487557108,-0.008057191173400164,0.0170924218129104,0.01528392309241316,-0.013580802839393074,0.007913499789375769,0.017819806315216145,0.011489599466129919,0.01195291076740495,-0.0058122228653315665,-0.013167244015114318,0.029605507517834934,0.02199950986711025,0.009858684577207764,-0.011571542245313675,0.017781197912471805,0.009673722654744428,-0.008092673512592224,0.015965924048975857,-0.00734597451565063,0.021991970129088156,0.011917419497492789,-0.006306861401344097,0.023530149880496933,-0.008523388493516823,-0.010001903339668767,0.015987341652114264,-0.006864140547804592,-0.006407965324933438,0.01376802557104673,0.017122897382799103,-0.007051999611242763,0.015702244765182134,-0.0015223729213279878,0.009951260975130147,0.011889496322230929,0.007781190457500217,0.019993587992231422,0.01781910380355657,-0.004686151784467783,-0.004844496321605783,-0.00334018029555571,-0.007115958724176218,-0.0030785746002600046,-0.0037997709932171735,0.011974649859880858,-0.009153717820587172,0.013895494623805151,-0.007588336843280126,0.005970183111735555,-0.012480669542324683,0.013554767913450278,0.01764869521109613,-0.004386066324845814,-0.007101337669238128,-0.010027507644426337,-0.006090405430448278,0.017659269099211453,0.013990755507582046,0.019764774720301366,0.011959761842588694,0.017690215653884147,-0.005141357012409085,-0.0019051078177103858,agent92,1
-0.9904539440086545,-0.0058150271734187025,-0.004437589583338074,-0.015270671494678752,-0.010474849993170365,-0.004877324405655951,-0.007911309015518835,-0.006933886497132099,0.011780513223755035,0.011998462568957959,-0.0069852114596380185,-0.01167108350127129,0.009926214615414783,-0.006910135901935897,-0.01111034012734691,0.011990841515863594,-0.008208595329589312,0.01799991068725586,0.015966680664501808,-0.0047771965608391816,-0.012613281214710495,0.025208716108570547,-0.008109267385547594,0.017693807702837672,-0.006715259699192605,-0.002968054521118794,-0.004710891086051628,0.013759407038984478,0.023932836624513384,0.011978559019391308,0.015312331055533701,0.017936054959704198,-0.01066523812340868,1,-0.005090223002519584,0.019972221342884185,-0.005006974633128333,-0.011677695487557108,-0.008057191173400164,0.0190923660228582,0.01528392309241316,-0.013580802839393074,0.007913499789375769,0.017819806315216145,0.011489599466129919,0.01195291076740495,-0.0058122228653315665,-0.013167244015114318,0.029605507517834934,0.02199950986711025,0.009858684577207764,-0.011571542245313675,0.017781197912471805,0.009673722654744428,-0.008092673512592224,0.015965924048975857,-0.00734597451565063,0.021991970129088156,0.011917419497492789,-0.006306861401344097,0.023530149880496933,-0.008523388493516823,-0.010001903339668767,0.015987341652114264,-0.006864140547804592,-0.006407965324933438,0.01376802557104673,0.017122897382799103,-0.007051999611242763,0.015702244765182134,-0.0015223729213279878,0.009951260975130147,0.011889496322230929,0.007781190457500217,0.019993587992231422,0.01781910380355657,-0.004686151784467783,-0.004844496321605783,-0.00334018029555571,-0.007115958724176218,-0.0030785746002600046,-0.0037997709932171735,0.011974649859880858,-0.009153717820587172,0.013895494623805151,-0.007588336843280126,0.005970183111735555,-0.012480669542324683,0.013554767913450278,0.01764869521109613,-0.004386066324845814,-0.007101337669238128,-0.010027507644426337,-0.006090405430448278,0.017659269099211453,0.013990755507582046,0.019764774720301366,0.011959761842588694,0.017690215653884147,-0.005141357012409085,-0.0019051078177103858,agent38,-1
-0.9914656150921558,-0.0058150271734187025,-0.004437589583338074,-0.015270671494678752,-0.010474849993170365,-0.004877324405655951,-0.007911309015518835,-0.006933886497132099,0.011780513223755035,0.011998462568957959,-0.0069852114596380185,-0.011690130049661487,0.009926214615414783,-0.006910135901935897,-0.01111034012734691,0.011990841515863594,-0.008208595329589312,0.01799991068725586,0.015966680664501808,-0.0047771965608391816,-0.012613281214710495,0.025208716108570547,-0.008109267385547594,0.017693807702837672,-0.006715259699192605,-0.002968054521118794,-0.004710891086051628,0.013759407038984478,0.023932836624513384,0.011978559019391308,0.015312331055533701,0.017936054959704198,-0.01066523812340868,1,-0.005090223002519584,0.019972221342884185,-0.005006974633128333,-0.011677695487557108,-0.008057191173400164,0.0190923660228582,0.01528392309241316,-0.013580802839393074,0.007913499789375769,0.017819806315216145,0.011489599466129919,0.01195291076740495,-0.0058122228653315665,-0.013167244015114318,0.029605507517834934,0.02199950986711025,0.009858684577207764,-0.011571542245313675,0.017781197912471805,0.009673722654744428,-0.008092673512592224,0.015965924048975857,-0.00734597451565063,0.021991970129088156,0.011917419497492789,-0.006306861401344097,0.023530149880496933,-0.008523388493516823,-0.010001903339668767,0.015987341652114264,-0.006864140547804592,-0.006407965324933438,0.01376802557104673,0.017122897382799103,-0.007051999611242763,0.015702244765182134,-0.0015223729213279878,0.009951260975130147,0.011889496322230929,0.007781190457500217,0.019993587992231422,0.01781910380355657,-0.004686151784467783,-0.004844496321605783,-0.00334018029555571,-0.007115958724176218,-0.0030785746002600046,-0.0037997709932171735,0.011974649859880858,-0.009153717820587172,0.013895494623805151,-0.007588336843280126,0.005970183111735555,-0.012480669542324683,0.013554767913450278,0.01764869521109613,-0.004386066324845814,-0.007101337669238128,-0.010027507644426337,-0.006090405430448278,0.017659269099211453,0.013990755507582046,0.019764774720301366,0.011959761842588694,0.017690215653884147,-0.005141357012409085,-0.0019051078177103858,agent10,1
-0.9924787823361709,-0.0058150271734187025,-0.004437589583338074,-0.015270671494678752,-0.010474849993170365,-0.004877324405655951,-0.007911309015518835,-0.006933886497132099,0.011780513223755035,0.011998462568957959,-0.0069852114596380185,-0.011690130049661487,0.009926214615414783,-0.006910135901935897,-0.01111034012734691,0.011990841515863594,-0.008208595329589312,0.01799991068725586,0.015966680664501808,-0.0047771965608391816,-0.012613281214710495,0.025208716108570547,-0.008109267385547594,0.017693807702837672,-0.006715259699192605,-0.002968054521118794,-0.004710891086051628,0.013759407038984478,0.023932836624513384,0.011978559019391308,0.015312331055533701,0.017936054959704198,-0.01066523812340868,1,-0.005090223002519584,0.019972221342884185,-0.005006974633128333,-0.011677695487557108,-0.008057191173400164,0.0190923660228582,0.01528392309241316,-0.013580802839393074,0.007913499789375769,0.017819806315216145,0.011489599466129919,0.01195291076740495,-0.0058122228653315665,-0.013184276367067128,0.029605507517834934,0.02199950986711025,0.009858684577207764,-0.011571542245313675,0.017781197912471805,0.009673722654744428,-0.008092673512592224,0.015965924048975857,-0.00734597451565063,0.021991970129088156,0.011917419497492789,-0.006306861401344097,0.023530149880496933,-0.008523388493516823,-0.010001903339668767,0.015987341652114264,-0.006864140547804592,-0.006407965324933438,0.01376802557104673,0.017122897382799103,-0.007051999611242763,0.015702244765182134,-0.0015223729213279878,0.009951260975130147,0.011889496322230929,0.007781190457500217,0.019993587992231422,0.01781910380355657,-0.004686151784467783,-0.004844496321605783,-0.00334018029555571,-0.007115958724176218,-0.0030785746002600046,-0.0037997709932171735,0.011974649859880858,-0.009153717820587172,0.013895494623805151,-0.007588336843280126,0.005970183111735555,-0.012480669542324683,0.013554767913450278,0.01764869521109613,-0.004386066324845814,-0.007101337669238128,-0.010027507644426337,-0.006090405430448278,0.017659269099211453,0.013990755507582046,0.019764774720301366,0.011959761842588694,0.017690215653884147,-0.005141357012409085,-0.0019051078177103858,agent46,1
-0.9935083878436888,-0.0058150271734187025,-0.004437589583338074,-0.015270671494678752,-0.010474849993170365,-0.004877324405655951,-0.007911309015518835,-0.006933886497132099,0.011780513223755035,0.011998462568957959,-0.0069852114596380185,-0.011690130049661487,0.009926214615414783,-0.006910135901935897,-0.01111034012734691,0.011990841515863594,-0.008208595329589312,0.01799991068725586,0.015966680664501808,-0.0047771965608391816,-0.012613281214710495,0.025208716108570547,-0.008109267385547594,0.017693807702837672,-0.006715259699192605,-0.002968054521118794,-0.004710891086051628,0.013759407038984478,0.023932836624513384,0.011978559019391308,0.015312331055533701,0.017936054959704198,-0.01066523812340868,1,-0.005090223002519584,0.019972221342884185,-0.005006974633128333,-0.011677695487557108,-0.008057191173400164,0.0190923660228582,0.01528392309241316,-0.013580802839393074,0.007913499789375769,0.017819806315216145,0.011489599466129919,0.01195291076740495,-0.0058122228653315665,-0.013184276367067128,0.03157815770839291,0.02199950986711025,0.009858684577207764,-0.011571542245313675,0.017781197912471805,0.009673722654744428,-0.008092673512592224,0.015965924048975857,-0.00734597451565063,0.021991970129088156,0.011917419497492789,-0.006306861401344097,0.023530149880496933,-0.008523388493516823,-0.010001903339668767,0.015987341652114264,-0.006864140547804592,-0.006407965324933438,0.01376802557104673,0.017122897382799103,-0.007051999611242763,0.015702244765182134,-0.0015223729213279878,0.009951260975130147,0.011889496322230929,0.007781190457500217,0.019993587992231422,0.01781910380355657,-0.004686151784467783,-0.004844496321605783,-0.00334018029555571,-0.007115958724176218,-0.0030785746002600046,-0.0037997709932171735,0.011974649859880858,-0.009153717820587172,0.013895494623805151,-0.007588336843280126,0.005970183111735555,-0.012480669542324683,0.013554767913450278,0.01764869521109613,-0.004386066324845814,-0.007101337669238128,-0.010027507644426337,-0.006090405430448278,0.017659269099211453,0.013990755507582046,0.019764774720301366,0.011959761842588694,0.017690215653884147,-0.005141357012409085,-0.0019051078177103858,agent47,-0.7585992858341102
-0.9945155038024129,-0.0058150271734187025,-0.004437589583338074,-0.015270671494678752,-0.010474849993170365,-0.004877324405655951,-0.007911309015518835,-0.006933886497132099,0.011780513223755035,0.011998462568957959,-0.0069852114596380185,-0.011690130049661487,0.009926214615414783,-0.006910135901935897,-0.01111034012734691,0.011990841515863594,-0.008208595329589312,0.01799991068725586,0.015966680664501808,-0.0047771965608391816,-0.012613281214710495,0.025208716108570547,-0.008109267385547594,0.017693807702837672,-0.006715259699192605,-0.002968054521118794,-0.004710891086051628,0.013759407038984478,0.023932836624513384,0.011978559019391308,0.015312331055533701,0.017936054959704198,-0.01066523812340868,1,-0.005090223002519584,0.019972221342884185,-0.005006974633128333,-0.011677695487557108,-0.008057191173400164,0.0190923660228582,0.01528392309241316,-0.013580802839393074,0.007913499789375769,0.017819806315216145,0.011489599466129919,0.01195291076740495,-0.0058122228653315665,-0.013184276367067128,0.03157815770839291,0.02199950986711025,0.009858684577207764,-0.011571542245313675,0.017781197912471805,0.009673722654744428,-0.008092673512592224,0.015965924048975857,-0.00734597451565063,0.021991970129088156,0.011917419497492789,-0.006306861401344097,0.023530149880496933,-0.008523388493516823,-0.010001903339668767,0.015987341652114264,-0.006864140547804592,-0.006407965324933438,0.01376802557104673,0.017122897382799103,-0.007051999611242763,0.015702244765182134,-0.0015223729213279878,0.009951260975130147,0.011889496322230929,0.007781190457500217,0.019993587992231422,0.01781910380355657,-0.004686151784467783,-0.004844496321605783,-0.00334018029555571,-0.0071289208779746465,-0.0030785746002600046,-0.0037997709932171735,0.011974649859880858,-0.009153717820587172,0.013895494623805151,-0.007588336843280126,0.005970183111735555,-0.012480669542324683,0.013554767913450278,0.01764869521109613,-0.004386066324845814,-0.007101337669238128,-0.010027507644426337,-0.006090405430448278,0.017659269099211453,0.013990755507582046,0.019764774720301366,0.011959761842588694,0.017690215653884147,-0.005141357012409085,-0.0019051078177103858,agent78,1
-0.9955206451594254,-0.0058150271734187025,-0.004437589583338074,-0.015270671494678752,-0.010474849993170365,-0.004877324405655951,-0.007911309015518835,-0.006933886497132099,0.011780513223755035,0.011998462568957959,-0.0069852114596380185,-0.011690130049661487,0.009926214615414783,-0.006910135901935897,-0.01111034012734691,0.011990841515863594,-0.008208595329589312,0.01799991068725586,0.015966680664501808,-0.0047771965608391816,-0.012613281214710495,0.025208716108570547,-0.008109267385547594,0.017693807702837672,-0.006715259699192605,-0.002968054521118794,-0.004710891086051628,0.013759407038984478,0.023932836624513384,0.011978559019391308,0.015312331055533701,0.017936054959704198,-0.01066523812340868,1,-0.005090223002519584,0.019972221342884185,-0.005006974633128333,-0.011677695487557108,-0.008057191173400164,0.0190923660228582,0.01528392309241316,-0.013580802839393074,0.007913499789375769,0.017819806315216145,0.011489599466129919,0.01195291076740495,-0.0058122228653315665,-0.013184276367067128,0.03157815770839291,0.02199950986711025,0.009858684577207764,-0.011571542245313675,0.017781197912471805,0.009673722654744428,-0.008092673512592224,0.015965924048975857,-0.00734597451565063,0.021991970129088156,0.011917419497492789,-0.006306861401344097,0.023530149880496933,-0.008523388493516823,-0.010001903339668767,0.015987341652114264,-0.006864140547804592,-0.006407965324933438,0.01376802557104673,0.017122897382799103,-0.007051999611242763,0.015702244765182134,-0.0015223729213279878,0.009951260975130147,0.011889496322230929,0.007781190457500217,0.019993587992231422,0.01781910380355657,-0.004686151784467783,-0.004844496321605783,-0.00334018029555571,-0.0071289208779746465,-0.0030785746002600046,-0.0037997709932171735,0.011974649859880858,-0.009153717820587172,0.013895494623805151,-0.007588336843280126,0.005970183111735555,-0.012480669542324683,0.013554767913450278,0.01764869521109613,-0.004386066324845814,-0.007101337669238128,-0.010027507644426337,-0.006090405430448278,0.017659269099211453,0.013990755507582046,0.019764774720301366,0.011959761842588694,0.017690215653884147,-0.0051523109649549885,-0.0019051078177103858,agent98,1
-0.9965363474041906,-0.0058150271734187025,-0.004437589583338074,-0.015270671494678752,-0.010474849993170365,-0.004877324405655951,-0.007911309015518835,-0.006933886497132099,0.011780513223755035,0.011998462568957959,-0.0069852114596380185,-0.011690130049661487,0.009926214615414783,-0.006910135901935897,-0.01111034012734691,0.011990841515863594,-0.008208595329589312,0.01799991068725586,0.015966680664501808,-0.0047771965608391816,-0.012613281214710495,0.025208716108570547,-0.008109267385547594,0.017693807702837672,-0.006715259699192605,-0.002968054521118794,-0.004710891086051628,0.013759407038984478,0.023932836624513384,0.011978559019391308,0.015312331055533701,0.017936054959704198,-0.01066523812340868,1,-0.005090223002519584,0.019972221342884185,-0.005006974633128333,-0.011677695487557108,-0.008057191173400164,0.0190923660228582,0.01528392309241316,-0.013580802839393074,0.007913499789375769,0.017819806315216145,0.011489599466129919,0.01195291076740495,-0.0058122228653315665,-0.013184276367067128,0.03157815770839291,0.02199950986711025,0.009858684577207764,-0.011571542245313675,0.017781197912471805,0.009673722654744428,-0.008092673512592224,0.015965924048975857,-0.00734597451565063,0.021991970129088156,0.011917419497492789,-0.006306861401344097,0.023530149880496933,-0.008523388493516823,-0.010001903339668767,0.015987341652114264,-0.006864140547804592,-0.006407965324933438,0.01376802557104673,0.017122897382799103,-0.007051999611242763,0.01770223473287224,-0.0015223729213279878,0.009951260975130147,0.011889496322230929,0.007781190457500217,0.019993587992231422,0.01781910380355657,-0.004686151784467783,-0.004844496321605783,-0.00334018029555571,-0.0071289208779746465,-0.0030785746002600046,-0.0037997709932171735,0.011974649859880858,-0.009153717820587172,0.013895494623805151,-0.007588336843280126,0.005970183111735555,-0.012480669542324683,0.013554767913450278,0.01764869521109613,-0.004386066324845814,-0.007101337669238128,-0.010027507644426337,-0.006090405430448278,0.017659269099211453,0.013990755507582046,0.019764774720301366,0.011959761842588694,0.017690215653884147,-0.0051523109649549885,-0.0019051078177103858,agent68,-1
-0.9975483382457064,-0.0058150271734187025,-0.004437589583338074,-0.015270671494678752,-0.010474849993170365,-0.004877324405655951,-0.007911309015518835,-0.006933886497132099,0.011780513223755035,0.011998462568957959,-0.0069852114596380185,-0.011690130049661487,0.009926214615414783,-0.006910135901935897,-0.01111034012734691,0.013989319656739494,-0.008208595329589312,0.01799991068725586,0.015966680664501808,-0.0047771965608391816,-0.012613281214710495,0.025208716108570547,-0.008109267385547594,0.017693807702837672,-0.006715259699192605,-0.002968054521118794,-0.004710891086051628,0.013759407038984478,0.023932836624513384,0.011978559019391308,0.015312331055533701,0.017936054959704198,-0.01066523812340868,1,-0.005090223002519584,0.019972221342884185,-0.005006974633128333,-0.011677695487557108,-0.008057191173400164,0.0190923660228582,0.01528392309241316,-0.013580802839393074,0.007913499789375769,0.017819806315216145,0.011489599466129919,0.01195291076740495,-0.0058122228653315665,-0.013184276367067128,0.03157815770839291,0.02199950986711025,0.009858684577207764,-0.011571542245313675,0.017781197912471805,0.009673722654744428,-0.008092673512592224,0.015965924048975857,-0.00734597451565063,0.021991970129088156,0.011917419497492789,-0.006306861401344097,0.023530149880496933,-0.008523388493516823,-0.010001903339668767,0.015987341652114264,-0.006864140547804592,-0.006407965324933438,0.01376802557104673,0.017122897382799103,-0.007051999611242763,0.01770223473287224,-0.0015223729213279878,0.009951260975130147,0.011889496322230929,0.007781190457500217,0.019993587992231422,0.01781910380355657,-0.004686151784467783,-0.004844496321605783,-0.00334018029555571,-0.0071289208779746465,-0.0030785746002600046,-0.0037997709932171735,0.011974649859880858,-0.009153717820587172,0.013895494623805151,-0.007588336843280126,0.005970183111735555,-0.012480669542324683,0.013554767913450278,0.01764869521109613,-0.004386066324845814,-0.007101337669238128,-0.010027507644426337,-0.006090405430448278,0.017659269099211453,0.013990755507582046,0.019764774720301366,0.011959761842588694,0.017690215653884147,-0.0051523109649549885,-0.0019051078177103858,agent14,-0.9413664439404594
-0.9985621062712775,-0.0058150271734187025,-0.004437589583338074,-0.015270671494678752,-0.010474849993170365,-0.004877324405655951,-0.007911309015518835,-0.006933886497132099,0.011780513223755035,0.011998462568957959,-0.0069852114596380185,-0.011690130049661487,0.009926214615414783,-0.006910135901935897,-0.01111034012734691,0.013989319656739494,-0.008208595329589312,0.01799991068725586,0.015966680664501808,-0.0047771965608391816,-0.012613281214710495,0.025208716108570547,-0.008109267385547594,0.017693807702837672,-0.006715259699192605,-0.002968054521118794,-0.004710891086051628,0.013759407038984478,0.023932836624513384,0.011978559019391308,0.015312331055533701,0.017936054959704198,-0.01066523812340868,1,-0.005090223002519584,0.019972221342884185,-0.005006974633128333,-0.011677695487557108,-0.008057191173400164,0.0190923660228582,0.01528392309241316,-0.013580802839393074,0.007913499789375769,0.017819806315216145,0.011489599466129919,0.01195291076740495,-0.0058122228653315665,-0.013184276367067128,0.03157815770839291,0.02199950986711025,0.009858684577207764,-0.011571542245313675,0.017781197912471805,0.009673722654744428,-0.008092673512592224,0.015965924048975857,-0.00734597451565063,0.021991970129088156,0.011917419497492789,-0.006306861401344097,0.023530149880496933,-0.008523388493516823,-0.010001903339668767,0.015987341652114264,-0.006864140547804592,-0.006407965324933438,0.01576802256572405,0.017122897382799103,-0.007051999611242763,0.01770223473287224,-0.0015223729213279878,0.009951260975130147,0.011889496322230929,0.007781190457500217,0.019993587992231422,0.01781910380355657,-0.004686151784467783,-0.004844496321605783,-0.00334018029555571,-0.0071289208779746465,-0.0030785746002600046,-0.0037997709932171735,0.011974649859880858,-0.009153717820587172,0.013895494623805151,-0.007588336843280126,0.005970183111735555,-0.012480669542324683,0.013554767913450278,0.01764869521109613,-0.004386066324845814,-0.007101337669238128,-0.010027507644426337,-0.006090405430448278,0.017659269099211453,0.013990755507582046,0.019764774720301366,0.011959761842588694,0.017690215653884147,-0.0051523109649549885,-0.0019051078177103858,agent65,-1
-0.9995797655403768,-0.0058150271734187025,-0.004437589583338074,-0.015270671494678752,-0.010474849993170365,-0.004877324405655951,-0.007911309015518835,-0.006933886497132099,0.011780513223755035,0.011998462568957959,-0.0069852114596380185,-0.011690130049661487,0.009926214615414783,-0.006910135901935897,-0.01111034012734691,0.013989319656739494,-0.008208595329589312,0.01799991068725586,0.015966680664501808,-0.0047771965608391816,-0.012613281214710495,0.025208716108570547,-0.008109267385547594,0.017693807702837672,-0.006715259699192605,-0.002968054521118794,-0.004710891086051628,0.013759407038984478,0.023932836624513384,0.011978559019391308,0.015312331055533701,0.017936054959704198,-0.01066523812340868,1,-0.005090223002519584,0.019972221342884185,-0.005006974633128333,-0.011677695487557108,-0.008057191173400164,0.0190923660228582,0.01528392309241316,-0.013580802839393074,0.007913499789375769,0.017819806315216145,0.011489599466129919,0.01195291076740495,-0.0058122228653315665,-0.013184276367067128,0.03157815770839291,0.02199950986711025,0.009858684577207764,-0.011571542245313675,0.017781197912471805,0.009673722654744428,-0.008092673512592224,0.015965924048975857,-0.00734597451565063,0.021991970129088156,0.011917419497492789,-0.006306861401344097,0.023530149880496933,-0.008523388493516823,-0.010001903339668767,0.015987341652114264,-0.006864140547804592,-0.006407965324933438,0.01576802256572405,0.017122897382799103,-0.007051999611242763,0.01770223473287224,-0.0015223729213279878,0.009951260975130147,0.011889496322230929,0.007781190457500217,0.019993587992231422,0.01781910380355657,-0.004686151784467783,-0.004844496321605783,-0.00334018029555571,-0.0071289208779746465,-0.0030785746002600046,-0.0037997709932171735,0.011974649859880858,-0.009153717820587172,0.013895494623805151,-0.007588336843280126,0.005970183111735555,-0.012480669542324683,0.013554767913450278,0.01764869521109613,-0.004386066324845814,-0.007101337669238128,-0.010027507644426337,-0.006090405430448278,0.019620762169845384,0.013990755507582046,0.019764774720301366,0.011959761842588694,0.017690215653884147,-0.0051523109649549885,-0.0019051078177103858,agent93,-0.7210483971826323
-1,-0.0058150271734187025,-0.004437589583338074,-0.015270671494678752,-0.010474849993170365,-0.004877324405655951,-0.007911309015518835,-0.006933886497132099,0.011780513223755035,0.011998462568957959,-0.0069852114596380185,-0.011690130049661487,0.009926214615414783,-0.006910135901935897,-0.01111034012734691,0.013989319656739494,-0.008208595329589312,0.01799991068725586,0.015966680664501808,-0.0047771965608391816,-0.012613281214710495,0.025208716108570547,-0.008109267385547594,0.017693807702837672,-0.006715259699192605,-0.002968054521118794,-0.004710891086051628,0.013759407038984478,0.023932836624513384,0.011978559019391308,0.015312331055533701,0.017936054959704198,-0.01066523812340868,1,-0.005090223002519584,0.019972221342884185,-0.005006974633128333,-0.011677695487557108,-0.008057191173400164,0.0190923660228582,0.01528392309241316,-0.013580802839393074,0.007913499789375769,0.017819806315216145,0.011489599466129919,0.01195291076740495,-0.0058122228653315665,-0.013184276367067128,0.03157815770839291,0.02199950986711025,0.009858684577207764,-0.011571542245313675,0.017781197912471805,0.009673722654744428,-0.008092673512592224,0.015965924048975857,-0.007346814896271376,0.021991970129088156,0.011917419497492789,-0.006306861401344097,0.023530149880496933,-0.008523388493516823,-0.010001903339668767,0.015987341652114264,-0.006864140547804592,-0.006407965324933438,0.01576802256572405,0.017122897382799103,-0.007051999611242763,0.01770223473287224,-0.0015223729213279878,0.009951260975130147,0.011889496322230929,0.007781190457500217,0.019993587992231422,0.01781910380355657,-0.004686151784467783,-0.004844496321605783,-0.00334018029555571,-0.0071289208779746465,-0.0030785746002600046,-0.0037997709932171735,0.011974649859880858,-0.009153717820587172,0.013895494623805151,-0.007588336843280126,0.005970183111735555,-0.012480669542324683,0.013554767913450278,0.01764869521109613,-0.004386066324845814,-0.007101337669238128,-0.010027507644426337,-0.006090405430448278,0.019620762169845384,0.013990755507582046,0.019764774720301366,0.011959761842588694,0.017690215653884147,-0.0051523109649549885,-0.0019051078177103858,agent55,1
-1,-0.0058150271734187025,-0.004437589583338074,-0.015270671494678752,-0.010474849993170365,-0.004877324405655951,-0.007911309015518835,-0.006933886497132099,0.011780513223755035,0.011998462568957959,-0.0069852114596380185,-0.011690130049661487,0.009926214615414783,-0.006910135901935897,-0.01111034012734691,0.013989319656739494,-0.008208595329589312,0.01799991068725586,0.015966680664501808,-0.0047771965608391816,-0.012613281214710495,0.025208716108570547,-0.008109267385547594,0.017693807702837672,-0.006715259699192605,-0.002968054521118794,-0.004710891086051628,0.013759407038984478,0.023932836624513384,0.011978559019391308,0.015312331055533701,0.017936054959704198,-0.01066523812340868,1,-0.005090223002519584,0.019972221342884185,-0.005006974633128333,-0.011677695487557108,-0.008057191173400164,0.0190923660228582,0.01528392309241316,-0.013580802839393074,0.007913499789375769,0.017819806315216145,0.011489599466129919,0.01195291076740495,-0.0058122228653315665,-0.013184276367067128,0.03157815770839291,0.02199950986711025,0.009858684577207764,-0.011571542245313675,0.017781197912471805,0.009673722654744428,-0.008092673512592224,0.015965924048975857,-0.007346814896271376,0.021991970129088156,0.011917419497492789,-0.006306861401344097,0.023530149880496933,-0.008523388493516823,-0.010001903339668767,0.015987341652114264,-0.006864140547804592,-0.006407965324933438,0.01576802256572405,0.017122897382799103,-0.007051999611242763,0.01770223473287224,-0.0015223729213279878,0.009951260975130147,0.011889496322230929,0.007781190457500217,0.019993587992231422,0.01781910380355657,-0.004686151784467783,-0.004844496321605783,-0.00334018029555571,-0.0071289208779746465,-0.0030785746002600046,-0.0037997709932171735,0.011974649859880858,-0.009153717820587172,0.013895494623805151,-0.007588336843280126,0.005970183111735555,-0.012480669542324683,0.013554767913450278,0.019648695211096127,-0.004386066324845814,-0.007101337669238128,-0.010027507644426337,-0.006090405430448278,0.019620762169845384,0.013990755507582046,0.019764774720301366,0.011959761842588694,0.017690215653884147,-0.0051523109649549885,-0.0019051078177103858,agent88,-1
-1,-0.0058150271734187025,-0.004437589583338074,-0.015270671494678752,-0.010474849993170365,-0.004877324405655951,-0.007911309015518835,-0.006933886497132099,0.011780513223755035,0.011998462568957959,-0.0069852114596380185,-0.011690130049661487,0.009926214615414783,-0.006910135901935897,-0.01111034012734691,0.013989319656739494,-0.008208595329589312,0.01799991068725586,0.015966680664501808,-0.0047771965608391816,-0.012613281214710495,0.025208716108570547,-0.008109267385547594,0.017693807702837672,-0.006715259699192605,-0.002968054521118794,-0.004710891086051628,0.013759407038984478,0.023932836624513384,0.011978559019391308,0.015312331055533701,0.017936054959704198,-0.01066523812340868,1,-0.005090223002519584,0.019972221342884185,-0.005006974633128333,-0.011677695487557108,-0.008057191173400164,0.0190923660228582,0.01528392309241316,-0.013580802839393074,0.007913499789375769,0.017819806315216145,0.011489599466129919,0.01195291076740495,-0.0058122228653315665,-0.013184276367067128,0.03157815770839291,0.02199950986711025,0.009858684577207764,-0.011571542245313675,0.017781197912471805,0.009673722654744428,-0.008092673512592224,0.015965924048975857,-0.007346814896271376,0.021991970129088156,0.011917419497492789,-0.006306861401344097,0.023530149880496933,-0.008523388493516823,-0.010001903339668767,0.015987341652114264,-0.006864140547804592,-0.006407965324933438,0.01576802256572405,0.017122897382799103,-0.007051999611242763,0.01770223473287224,-0.0015223729213279878,0.009951260975130147,0.011889496322230929,0.007781190457500217,0.019993587992231422,0.01781910380355657,-0.004686151784467783,-0.004844496321605783,-0.00334018029555571,-0.0071289208779746465,-0.0030785746002600046,-0.0037997709932171735,0.011974649859880858,-0.009153717820587172,0.013895494623805151,-0.007588336843280126,0.005970183111735555,-0.012480669542324683,0.013554767913450278,0.019648695211096127,-0.004386066324845814,-0.007101337669238128,-0.010027507644426337,-0.006090405430448278,0.019620762169845384,0.013990755507582046,0.019764774720301366,0.011959761842588694,0.017690215653884147,-0.0051523109649549885,-0.0019051078177103858,agent75,1
-1,-0.0058150271734187025,-0.004437589583338074,-0.015270671494678752,-0.010474849993170365,-0.004877324405655951,-0.007911309015518835,-0.006933886497132099,0.011780513223755035,0.011998462568957959,-0.0069852114596380185,-0.011690130049661487,0.009926214615414783,-0.006910135901935897,-0.01111034012734691,0.013989319656739494,-0.008208595329589312,0.01799991068725586,0.015966680664501808,-0.0047771965608391816,-0.012613281214710495,0.025208716108570547,-0.008109267385547594,0.017693807702837672,-0.006715259699192605,-0.002968054521118794,-0.004710891086051628,0.013759407038984478,0.023932836624513384,0.011978559019391308,0.015312331055533701,0.017936054959704198,-0.01066523812340868,1,-0.005090223002519584,0.019972221342884185,-0.005006974633128333,-0.011677695487557108,-0.008057191173400164,0.0190923660228582,0.01528392309241316,-0.013580802839393074,0.007913499789375769,0.017819806315216145,0.011489599466129919,0.01195291076740495,-0.0058122228653315665,-0.013184276367067128,0.03157815770839291,0.02199950986711025,0.009858684577207764,-0.011571542245313675,0.017781197912471805,0.009673722654744428,-0.008092673512592224,0.015965924048975857,-0.007346814896271376,0.021991970129088156,0.011917419497492789,-0.006306861401344097,0.023530149880496933,-0.008523388493516823,-0.010001903339668767,0.015987341652114264,-0.006864140547804592,-0.006407965324933438,0.01576802256572405,0.017122897382799103,-0.007051999611242763,0.01770223473287224,-0.0015223729213279878,0.009951260975130147,0.011889496322230929,0.007781190457500217,0.019993587992231422,0.01781910380355657,-0.004686151784467783,-0.004844496321605783,-0.00334018029555571,-0.0071289208779746465,-0.0030785746002600046,-0.0037997709932171735,0.011974649859880858,-0.009153717820587172,0.013895494623805151,-0.007588336843280126,0.005970183111735555,-0.012480669542324683,0.013554767913450278,0.019648695211096127,-0.004386066324845814,-0.007101337669238128,-0.010027507644426337,-0.006090405430448278,0.019620762169845384,0.013990755507582046,0.019764774720301366,0.011959761842588694,0.017690215653884147,-0.0051523109649549885,-0.0019051078177103858,agent18,1
-1,-0.0058150271734187025,-0.004437589583338074,-0.015270671494678752,-0.010474849993170365,-0.004877324405655951,-0.007911309015518835,-0.006933886497132099,0.011780513223755035,0.011998462568957959,-0.0069852114596380185,-0.011690130049661487,0.009926214615414783,-0.006910135901935897,-0.01111034012734691,0.013989319656739494,-0.008208595329589312,0.01799991068725586,0.015966680664501808,-0.0047771965608391816,-0.012613281214710495,0.025208716108570547,-0.008109267385547594,0.017693807702837672,-0.006715259699192605,-0.002968054521118794,-0.004710891086051628,0.013759407038984478,0.023932836624513384,0.011978559019391308,0.015312331055533701,0.017936054959704198,-0.01066523812340868,1,-0.005090223002519584,0.019972221342884185,-0.005006974633128333,-0.011677695487557108,-0.008057191173400164,0.0190923660228582,0.01528392309241316,-0.013580802839393074,0.007913499789375769,0.017819806315216145,0.011489599466129919,0.01195291076740495,-0.0058122228653315665,-0.013184276367067128,0.03157815770839291,0.023999475282687723,0.009858684577207764,-0.011571542245313675,0.017781197912471805,0.009673722654744428,-0.008092673512592224,0.015965924048975857,-0.007346814896271376,0.021991970129088156,0.011917419497492789,-0.006306861401344097,0.023530149880496933,-0.008523388493516823,-0.010001903339668767,0.015987341652114264,-0.006864140547804592,-0.006407965324933438,0.01576802256572405,0.017122897382799103,-0.007051999611242763,0.01770223473287224,-0.0015223729213279878,0.009951260975130147,0.011889496322230929,0.007781190457500217,0.019993587992231422,0.01781910380355657,-0.004686151784467783,-0.004844496321605783,-0.00334018029555571,-0.0071289208779746465,-0.0030785746002600046,-0.0037997709932171735,0.011974649859880858,-0.009153717820587172,0.013895494623805151,-0.007588336843280126,0.005970183111735555,-0.012480669542324683,0.013554767913450278,0.019648695211096127,-0.004386066324845814,-0.007101337669238128,-0.010027507644426337,-0.006090405430448278,0.019620762169845384,0.013990755507582046,0.019764774720301366,0.011959761842588694,0.017690215653884147,-0.0051523109649549885,-0.0019051078177103858,agent48,-0.9916832190692658
-1,-0.0058150271734187025,-0.004437589583338074,-0.015270671494678752,-0.010474849993170365,-0.004877324405655951,-0.007911309015518835,-0.006933886497132099,0.011780513223755035,0.011998462568957959,-0.0069852114596380185,-0.011690130049661487,0.009926214615414783,-0.006910135901935897,-0.01111034012734691,0.013989319656739494,-0.008208595329589312,0.01799991068725586,0.015966680664501808,-0.0047771965608391816,-0.012613281214710495,0.025208716108570547,-0.008109267385547594,0.017693807702837672,-0.006715259699192605,-0.002968054521118794,-0.004710891086051628,0.013759407038984478,0.023932836624513384,0.011978559019391308,0.015312331055533701,0.017936054959704198,-0.01066523812340868,1,-0.005090223002519584,0.019972221342884185,-0.005006974633128333,-0.011677695487557108,-0.008057191173400164,0.0190923660228582,0.01528392309241316,-0.013580802839393074,0.007913499789375769,0.017819806315216145,0.011489599466129919,0.01195291076740495,-0.0058122228653315665,-0.013184276367067128,0.03157815770839291,0.023999475282687723,0.009858684577207764,-0.011571542245313675,0.019757866449236522,0.009673722654744428,-0.008092673512592224,0.015965924048975857,-0.007346814896271376,0.021991970129088156,0.011917419497492789,-0.006306861401344097,0.023530149880496933,-0.008523388493516823,-0.010001903339668767,0.015987341652114264,-0.006864140547804592,-0.006407965324933438,0.01576802256572405,0.017122897382799103,-0.007051999611242763,0.01770223473287224,-0.0015223729213279878,0.009951260975130147,0.011889496322230929,0.007781190457500217,0.019993587992231422,0.01781910380355657,-0.004686151784467783,-0.004844496321605783,-0.00334018029555571,-0.0071289208779746465,-0.0030785746002600046,-0.0037997709932171735,0.011974649859880858,-0.009153717820587172,0.013895494623805151,-0.007588336843280126,0.005970183111735555,-0.012480669542324683,0.013554767913450278,0.019648695211096127,-0.004386066324845814,-0.007101337669238128,-0.010027507644426337,-0.006090405430448278,0.019620762169845384,0.013990755507582046,0.019764774720301366,0.011959761842588694,0.017690215653884147,-0.0051523109649549885,-0.0019051078177103858,agent51,-0.7839839670983514
-1,-0.0058150271734187025,-0.004437589583338074,-0.015270671494678752,-0.010474849993170365,-0.004877324405655951,-0.007911309015518835,-0.006933886497132099,0.011780513223755035,0.011998462568957959,-0.0069852114596380185,-0.011690130049661487,0.009926214615414783,-0.006910135901935897,-0.01111034012734691,0.013989319656739494,-0.008208595329589312,0.01799991068725586,0.015966680664501808,-0.0047771965608391816,-0.012613281214710495,0.025208716108570547,-0.008109267385547594,0.017693807702837672,-0.006715259699192605,-0.002968054521118794,-0.004710891086051628,0.013759407038984478,0.023932836624513384,0.011978559019391308,0.015312331055533701,0.017936054959704198,-0.01066523812340868,1,-0.005090223002519584,0.019972221342884185,-0.005006974633128333,-0.011677695487557108,-0.008057191173400164,0.0190923660228582,0.01528392309241316,-0.013580802839393074,0.009913499789375769,0.017819806315216145,0.011489599466129919,0.01195291076740495,-0.0058122228653315665,-0.013184276367067128,0.03157815770839291,0.023999475282687723,0.009858684577207764,-0.011571542245313675,0.019757866449236522,0.009673722654744428,-0.008092673512592224,0.015965924048975857,-0.007346814896271376,0.021991970129088156,0.011917419497492789,-0.006306861401344097,0.023530149880496933,-0.008523388493516823,-0.010001903339668767,0.015987341652114264,-0.006864140547804592,-0.006407965324933438,0.01576802256572405,0.017122897382799103,-0.007051999611242763,0.01770223473287224,-0.0015223729213279878,0.009951260975130147,0.011889496322230929,0.007781190457500217,0.019993587992231422,0.01781910380355657,-0.004686151784467783,-0.004844496321605783,-0.00334018029555571,-0.0071289208779746465,-0.0030785746002600046,-0.0037997709932171735,0.011974649859880858,-0.009153717820587172,0.013895494623805151,-0.007588336843280126,0.005970183111735555,-0.012480669542324683,0.013554767913450278,0.019648695211096127,-0.004386066324845814,-0.007101337669238128,-0.010027507644426337,-0.006090405430448278,0.019620762169845384,0.013990755507582046,0.019764774720301366,0.011959761842588694,0.017690215653884147,-0.0051523109649549885,-0.0019051078177103858,agent41,-1
-1,-0.0058150271734187025,-0.004437589583338074,-0.015270671494678752,-0.010474849993170365,-0.004877324405655951,-0.007911309015518835,-0.006933886497132099,0.011780513223755035,0.011998462568957959,-0.0069852114596380185,-0.011690130049661487,0.009926214615414783,-0.006910135901935897,-0.01111034012734691,0.013989319656739494,-0.008208595329589312,0.01799991068725586,0.015966680664501808,-0.0047771965608391816,-0.012613281214710495,0.025208716108570547,-0.008109267385547594,0.017693807702837672,-0.006715259699192605,-0.002968054521118794,-0.004710891086051628,0.013759407038984478,0.023932836624513384,0.011978559019391308,0.015312331055533701,0.017936054959704198,-0.01066523812340868,1,-0.005090223002519584,0.019972221342884185,-0.005006974633128333,-0.011677695487557108,-0.008057191173400164,0.0190923660228582,0.01528392309241316,-0.013580802839393074,0.009913499789375769,0.017819806315216145,0.013489599466129919,0.01195291076740495,-0.0058122228653315665,-0.013184276367067128,0.03157815770839291,0.023999475282687723,0.009858684577207764,-0.011571542245313675,0.019757866449236522,0.009673722654744428,-0.008092673512592224,0.015965924048975857,-0.007346814896271376,0.021991970129088156,0.011917419497492789,-0.006306861401344097,0.023530149880496933,-0.008523388493516823,-0.010001903339668767,0.015987341652114264,-0.006864140547804592,-0.006407965324933438,0.01576802256572405,0.017122897382799103,-0.007051999611242763,0.01770223473287224,-0.0015223729213279878,0.009951260975130147,0.011889496322230929,0.007781190457500217,0.019993587992231422,0.01781910380355657,-0.004686151784467783,-0.004844496321605783,-0.00334018029555571,-0.0071289208779746465,-0.0030785746002600046,-0.0037997709932171735,0.011974649859880858,-0.009153717820587172,0.013895494623805151,-0.007588336843280126,0.005970183111735555,-0.012480669542324683,0.013554767913450278,0.019648695211096127,-0.004386066324845814,-0.007101337669238128,-0.010027507644426337,-0.006090405430448278,0.019620762169845384,0.013990755507582046,0.019764774720301366,0.011959761842588694,0.017690215653884147,-0.0051523109649549885,-0.0019051078177103858,agent43,-1
-1,-0.0058150271734187025,-0.004437589583338074,-0.015270671494678752,-0.010474849993170365,-0.004877324405655951,-0.007911309015518835,-0.006933886497132099,0.011780513223755035,0.013998462568957959,-0.0069852114596380185,-0.011690130049661487,0.009926214615414783,-0.006910135901935897,-0.01111034012734691,0.013989319656739494,-0.008208595329589312,0.01799991068725586,0.015966680664501808,-0.0047771965608391816,-0.012613281214710495,0.025208716108570547,-0.008109267385547594,0.017693807702837672,-0.006715259699192605,-0.002968054521118794,-0.004710891086051628,0.013759407038984478,0.023932836624513384,0.011978559019391308,0.015312331055533701,0.017936054959704198,-0.01066523812340868,1,-0.005090223002519584,0.019972221342884185,-0.005006974633128333,-0.011677695487557108,-0.008057191173400164,0.0190923660228582,0.01528392309241316,-0.013580802839393074,0.009913499789375769,0.017819806315216145,0.013489599466129919,0.01195291076740495,-0.0058122228653315665,-0.013184276367067128,0.03157815770839291,0.023999475282687723,0.009858684577207764,-0.011571542245313675,0.019757866449236522,0.009673722654744428,-0.008092673512592224,0.015965924048975857,-0.007346814896271376,0.021991970129088156,0.011917419497492789,-0.006306861401344097,0.023530149880496933,-0.008523388493516823,-0.010001903339668767,0.015987341652114264,-0.006864140547804592,-0.006407965324933438,0.01576802256572405,0.017122897382799103,-0.007051999611242763,0.01770223473287224,-0.0015223729213279878,0.009951260975130147,0.011889496322230929,0.007781190457500217,0.019993587992231422,0.01781910380355657,-0.004686151784467783,-0.004844496321605783,-0.00334018029555571,-0.0071289208779746465,-0.0030785746002600046,-0.0037997709932171735,0.011974649859880858,-0.009153717820587172,0.013895494623805151,-0.007588336843280126,0.005970183111735555,-0.012480669542324683,0.013554767913450278,0.019648695211096127,-0.004386066324845814,-0.007101337669238128,-0.010027507644426337,-0.006090405430448278,0.019620762169845384,0.013990755507582046,0.019764774720301366,0.011959761842588694,0.017690215653884147,-0.0051523109649549885,-0.0019051078177103858,agent8,-1
-1,-0.0058150271734187025,-0.004437589583338074,-0.015270671494678752,-0.010474849993170365,-0.004877324405655951,-0.007911309015518835,-0.006933886497132099,0.011780513223755035,0.013998462568957959,-0.0069852114596380185,-0.011690130049661487,0.009926214615414783,-0.006910135901935897,-0.01111034012734691,0.013989319656739494,-0.008208595329589312,0.01799991068725586,0.015966680664501808,-0.0047771965608391816,-0.012613281214710495,0.025208716108570547,-0.008109267385547594,0.017693807702837672,-0.006715259699192605,-0.002968054521118794,-0.004710891086051628,0.013759407038984478,0.023932836624513384,0.011978559019391308,0.015312331055533701,0.017936054959704198,-0.01066523812340868,1,-0.005090223002519584,0.019972221342884185,-0.005006974633128333,-0.011677695487557108,-0.008057191173400164,0.0190923660228582,0.01528392309241316,-0.013580802839393074,0.009913499789375769,0.019819806315216147,0.013489599466129919,0.01195291076740495,-0.0058122228653315665,-0.013184276367067128,0.03157815770839291,0.023999475282687723,0.009858684577207764,-0.011571542245313675,0.019757866449236522,0.009673722654744428,-0.008092673512592224,0.015965924048975857,-0.007346814896271376,0.021991970129088156,0.011917419497492789,-0.006306861401344097,0.023530149880496933,-0.008523388493516823,-0.010001903339668767,0.015987341652114264,-0.006864140547804592,-0.006407965324933438,0.01576802256572405,0.017122897382799103,-0.007051999611242763,0.01770223473287224,-0.0015223729213279878,0.009951260975130147,0.011889496322230929,0.007781190457500217,0.019993587992231422,0.01781910380355657,-0.004686151784467783,-0.004844496321605783,-0.00334018029555571,-0.0071289208779746465,-0.0030785746002600046,-0.0037997709932171735,0.011974649859880858,-0.009153717820587172,0.013895494623805151,-0.007588336843280126,0.005970183111735555,-0.012480669542324683,0.013554767913450278,0.019648695211096127,-0.004386066324845814,-0.007101337669238128,-0.010027507644426337,-0.006090405430448278,0.019620762169845384,0.013990755507582046,0.019764774720301366,0.011959761842588694,0.017690215653884147,-0.0051523109649549885,-0.0019051078177103858,agent42,-1
-1,-0.0058150271734187025,-0.004437589583338074,-0.015270671494678752,-0.010474849993170365,-0.004877324405655951,-0.007911309015518835,-0.006933886497132099,0.011780513223755035,0.013998462568957959,-0.0069852114596380185,-0.011690130049661487,0.009926214615414783,-0.006910135901935897,-0.01111034012734691,0.013989319656739494,-0.008208595329589312,0.01799991068725586,0.015966680664501808,-0.0047771965608391816,-0.012613281214710495,0.025208716108570547,-0.008109267385547594,0.017693807702837672,-0.006715259699192605,-0.002968054521118794,-0.004710891086051628,0.013759407038984478,0.023932836624513384,0.011978559019391308,0.015312331055533701,0.017936054959704198,-0.01066523812340868,1,-0.005090223002519584,0.019972221342884185,-0.005006974633128333,-0.011677695487557108,-0.008057191173400164,0.0190923660228582,0.01528392309241316,-0.013580802839393074,0.009913499789375769,0.019819806315216147,0.013489599466129919,0.01195291076740495,-0.0058122228653315665,-0.013184276367067128,0.03157815770839291,0.023999475282687723,0.009858684577207764,-0.011571542245313675,0.019757866449236522,0.009673722654744428,-0.008092673512592224,0.015965924048975857,-0.007346814896271376,0.023991500724491147,0.011917419497492789,-0.006306861401344097,0.023530149880496933,-0.008523388493516823,-0.010001903339668767,0.015987341652114264,-0.006864140547804592,-0.006407965324933438,0.01576802256572405,0.017122897382799103,-0.007051999611242763,0.01770223473287224,-0.0015223729213279878,0.009951260975130147,0.011889496322230929,0.007781190457500217,0.019993587992231422,0.01781910380355657,-0.004686151784467783,-0.004844496321605783,-0.00334018029555571,-0.0071289208779746465,-0.0030785746002600046,-0.0037997709932171735,0.011974649859880858,-0.009153717820587172,0.013895494623805151,-0.007588336843280126,0.005970183111735555,-0.012480669542324683,0.013554767913450278,0.019648695211096127,-0.004386066324845814,-0.007101337669238128,-0.010027507644426337,-0.006090405430448278,0.019620762169845384,0.013990755507582046,0.019764774720301366,0.011959761842588694,0.017690215653884147,-0.0051523109649549885,-0.0019051078177103858,agent56,-0.9693600066250361
-1,-0.0058150271734187025,-0.004437589583338074,-0.015270671494678752,-0.010474849993170365,-0.004877324405655951,-0.007911309015518835,-0.006933886497132099,0.011780513223755035,0.013998462568957959,-0.0069852114596380185,-0.011690130049661487,0.009926214615414783,-0.006910135901935897,-0.01111034012734691,0.013989319656739494,-0.008208595329589312,0.01799991068725586,0.015966680664501808,-0.0047771965608391816,-0.012613281214710495,0.025208716108570547,-0.008109267385547594,0.017693807702837672,-0.006715259699192605,-0.002968054521118794,-0.004710891086051628,0.013759407038984478,0.023932836624513384,0.011978559019391308,0.015312331055533701,0.017936054959704198,-0.01066523812340868,1,-0.005090223002519584,0.019972221342884185,-0.005006974633128333,-0.011677695487557108,-0.008057191173400164,0.0190923660228582,0.01528392309241316,-0.013580802839393074,0.009913499789375769,0.019819806315216147,0.013489599466129919,0.01195291076740495,-0.0058122228653315665,-0.013184276367067128,0.03157815770839291,0.023999475282687723,0.009858684577207764,-0.011571542245313675,0.019757866449236522,0.009673722654744428,-0.008092673512592224,0.015965924048975857,-0.007346814896271376,0.023991500724491147,0.011917419497492789,-0.006306861401344097,0.023530149880496933,-0.008523388493516823,-0.010001903339668767,0.015987341652114264,-0.006864140547804592,-0.006407965324933438,0.01576802256572405,0.017122897382799103,-0.007051999611242763,0.01770223473287224,-0.0015223729213279878,0.009951260975130147,0.011889496322230929,0.007781190457500217,0.019993587992231422,0.01781910380355657,-0.004686151784467783,-0.004844496321605783,-0.00334018029555571,-0.0071289208779746465,-0.0030785746002600046,-0.0037997709932171735,0.011974649859880858,-0.009153717820587172,0.013895494623805151,-0.007588336843280126,0.005970183111735555,-0.012480669542324683,0.013554767913450278,0.019648695211096127,-0.004386066324845814,-0.007101337669238128,-0.010027507644426337,-0.006090405430448278,0.019620762169845384,0.013990755507582046,0.019764774720301366,0.011959761842588694,0.017690215653884147,-0.0051523109649549885,-0.0019051078177103858,agent67,1
-1,-0.0058150271734187025,-0.004437589583338074,-0.015270671494678752,-0.010474849993170365,-0.004877324405655951,-0.007911309015518835,-0.006933886497132099,0.011780513223755035,0.013998462568957959,-0.0069852114596380185,-0.011690130049661487,0.009926214615414783,-0.006910135901935897,-0.01111034012734691,0.013989319656739494,-0.008208595329589312,0.01799991068725586,0.015966680664501808,-0.0047771965608391816,-0.012613281214710495,0.025208716108570547,-0.008109267385547594,0.017693807702837672,-0.006715259699192605,-0.002968054521118794,-0.004710891086051628,0.013759407038984478,0.023932836624513384,0.011978559019391308,0.015312331055533701,0.017936054959704198,-0.01066523812340868,1,-0.005090223002519584,0.019972221342884185,-0.005006974633128333,-0.011677695487557108,-0.008057191173400164,0.0190923660228582,0.01528392309241316,-0.013580802839393074,0.009913499789375769,0.019819806315216147,0.013489599466129919,0.01195291076740495,-0.0058122228653315665,-0.013184276367067128,0.03157815770839291,0.023999475282687723,0.009858684577207764,-0.011571542245313675,0.019757866449236522,0.009673722654744428,-0.008092673512592224,0.015965924048975857,-0.007346814896271376,0.023991500724491147,0.011917419497492789,-0.006306861401344097,0.023530149880496933,-0.008523388493516823,-0.010001903339668767,0.015987341652114264,-0.006864140547804592,-0.006407965324933438,0.01576802256572405,0.017122897382799103,-0.007051999611242763,0.01770223473287224,-0.0015223729213279878,0.009951260975130147,0.011889496322230929,0.007781190457500217,0.019993587992231422,0.01781910380355657,-0.004686151784467783,-0.004844496321605783,-0.00334018029555571,-0.0071289208779746465,-0.0030785746002600046,-0.0037997709932171735,0.011974649859880858,-0.009153717820587172,0.013895494623805151,-0.007588336843280126,0.005970183111735555,-0.012480669542324683,0.013554767913450278,0.019648695211096127,-0.004386066324845814,-0.007101337669238128,-0.010027507644426337,-0.006090405430448278,0.019620762169845384,0.013990755507582046,0.019764774720301366,0.011959761842588694,0.017690215653884147,-0.0051523109649549885,-0.0019051078177103858,agent2,1
-1,-0.0058150271734187025,-0.004437589583338074,-0.015270671494678752,-0.010474849993170365,-0.004877324405655951,-0.007911309015518835,-0.006933886497132099,0.011780513223755035,0.013998462568957959,-0.0069852114596380185,-0.011690130049661487,0.009926214615414783,-0.006910135901935897,-0.01111034012734691,0.013989319656739494,-0.008208595329589312,0.01799991068725586,0.015966680664501808,-0.0047771965608391816,-0.012613281214710495,0.025208716108570547,-0.008109267385547594,0.017693807702837672,-0.006715259699192605,-0.002968054521118794,-0.004710891086051628,0.013759407038984478,0.023932836624513384,0.011978559019391308,0.015312331055533701,0.017936054959704198,-0.01066523812340868,1,-0.005090223002519584,0.019972221342884185,-0.005006974633128333,-0.011677695487557108,-0.008057191173400164,0.0190923660228582,0.01528392309241316,-0.013580802839393074,0.009913499789375769,0.019819806315216147,0.013489599466129919,0.01195291076740495,-0.0058122228653315665,-0.013184276367067128,0.03157815770839291,0.023999475282687723,0.009858684577207764,-0.011571542245313675,0.019757866449236522,0.009673722654744428,-0.008092673512592224,0.015965924048975857,-0.007346814896271376,0.023991500724491147,0.011917419497492789,-0.006306861401344097,0.023530149880496933,-0.008523388493516823,-0.010001903339668767,0.015987341652114264,-0.006864140547804592,-0.006407965324933438,0.01576802256572405,0.017122897382799103,-0.007051999611242763,0.01770223473287224,-0.0015223729213279878,0.009951260975130147,0.013889496322230929,0.007781190457500217,0.019993587992231422,0.01781910380355657,-0.004686151784467783,-0.004844496321605783,-0.00334018029555571,-0.0071289208779746465,-0.0030785746002600046,-0.0037997709932171735,0.011974649859880858,-0.009153717820587172,0.013895494623805151,-0.007588336843280126,0.005970183111735555,-0.012480669542324683,0.013554767913450278,0.019648695211096127,-0.004386066324845814,-0.007101337669238128,-0.010027507644426337,-0.006090405430448278,0.019620762169845384,0.013990755507582046,0.019764774720301366,0.011959761842588694,0.017690215653884147,-0.0051523109649549885,-0.0019051078177103858,agent71,-1
-1,-0.0058150271734187025,-0.004437589583338074,-0.015270671494678752,-0.010474849993170365,-0.004877324405655951,-0.007911309015518835,-0.006933886497132099,0.011780513223755035,0.013998462568957959,-0.0069852114596380185,-0.011690130049661487,0.009926214615414783,-0.006910135901935897,-0.01111034012734691,0.013989319656739494,-0.008208595329589312,0.01799991068725586,0.015966680664501808,-0.0047771965608391816,-0.012613281214710495,0.025208716108570547,-0.008109267385547594,0.017693807702837672,-0.006715259699192605,-0.002968054521118794,-0.004710891086051628,0.013759407038984478,0.023932836624513384,0.011978559019391308,0.015312331055533701,0.017936054959704198,-0.01066523812340868,1,-0.005090223002519584,0.019972221342884185,-0.005006974633128333,-0.011677695487557108,-0.008057191173400164,0.0190923660228582,0.01528392309241316,-0.013580802839393074,0.009913499789375769,0.019819806315216147,0.013489599466129919,0.01195291076740495,-0.0058122228653315665,-0.013184276367067128,0.03157815770839291,0.023999475282687723,0.009858684577207764,-0.011571542245313675,0.019757866449236522,0.009673722654744428,-0.008092673512592224,0.015965924048975857,-0.007346814896271376,0.023991500724491147,0.011917419497492789,-0.006306861401344097,0.023530149880496933,-0.008523388493516823,-0.010001903339668767,0.015987341652114264,-0.006864140547804592,-0.006407965324933438,0.01576802256572405,0.017122897382799103,-0.007051999611242763,0.01770223473287224,-0.0015223729213279878,0.009951260975130147,0.013889496322230929,0.007781190457500217,0.019993587992231422,0.01781910380355657,-0.004686151784467783,-0.004844496321605783,-0.00334018029555571,-0.0071289208779746465,-0.0030785746002600046,-0.0037997709932171735,0.011974649859880858,-0.009153717820587172,0.013895494623805151,-0.007588336843280126,0.005970183111735555,-0.012480669542324683,0.013554767913450278,0.019648695211096127,-0.004386066324845814,-0.007101337669238128,-0.010027507644426337,-0.006090405430448278,0.019620762169845384,0.013990755507582046,0.019764774720301366,0.011959761842588694,0.017690215653884147,-0.0051523109649549885,-0.0019051078177103858,agent98,1
-1,-0.0058150271734187025,-0.004437589583338074,-0.015270671494678752,-0.010474849993170365,-0.004877324405655951,-0.007911309015518835,-0.006933886497132099,0.011780513223755035,0.013998462568957959,-0.0069852114596380185,-0.011690130049661487,0.009926214615414783,-0.006910135901935897,-0.01111034012734691,0.013989319656739494,-0.008208595329589312,0.01799991068725586,0.015966680664501808,-0.0047771965608391816,-0.012613281214710495,0.025208716108570547,-0.008109267385547594,0.017693807702837672,-0.006715259699192605,-0.002968054521118794,-0.004710891086051628,0.013759407038984478,0.023932836624513384,0.011978559019391308,0.015312331055533701,0.017936054959704198,-0.01066523812340868,1,-0.005090223002519584,0.019972221342884185,-0.005006974633128333,-0.011677695487557108,-0.008057191173400164,0.0190923660228582,0.01528392309241316,-0.013580802839393074,0.009913499789375769,0.019819806315216147,0.013489599466129919,0.01195291076740495,-0.0058122228653315665,-0.013184276367067128,0.03157815770839291,0.023999475282687723,0.009858684577207764,-0.011571542245313675,0.019757866449236522,0.009673722654744428,-0.008092673512592224,0.015965924048975857,-0.007346814896271376,0.023991500724491147,0.011917419497492789,-0.006306861401344097,0.023530149880496933,-0.008523388493516823,-0.010001903339668767,0.015987341652114264,-0.006864140547804592,-0.006407965324933438,0.01576802256572405,0.017122897382799103,-0.007051999611242763,0.01770223473287224,-0.0015223729213279878,0.009951260975130147,0.013889496322230929,0.007781190457500217,0.019993587992231422,0.01781910380355657,-0.004686151784467783,-0.004844496321605783,-0.00334018029555571,-0.0071289208779746465,-0.0030785746002600046,-0.0037997709932171735,0.013971774355580797,-0.009153717820587172,0.013895494623805151,-0.007588336843280126,0.005970183111735555,-0.012480669542324683,0.013554767913450278,0.019648695211096127,-0.004386066324845814,-0.007101337669238128,-0.010027507644426337,-0.006090405430448278,0.019620762169845384,0.013990755507582046,0.019764774720301366,0.011959761842588694,0.017690215653884147,-0.0051523109649549885,-0.0019051078177103858,agent81,-0.9241645953388529
-1,-0.0058150271734187025,-0.004437589583338074,-0.015270671494678752,-0.010474849993170365,-0.004877324405655951,-0.007911309015518835,-0.006933886497132099,0.011780513223755035,0.013998462568957959,-0.0069852114596380185,-0.011690130049661487,0.009926214615414783,-0.006910135901935897,-0.01111034012734691,0.013989319656739494,-0.008208595329589312,0.01799991068725586,0.015966680664501808,-0.0047771965608391816,-0.012613281214710495,0.025208716108570547,-0.008109267385547594,0.017693807702837672,-0.006715259699192605,-0.002968054521118794,-0.004710891086051628,0.013759407038984478,0.023932836624513384,0.011978559019391308,0.015312331055533701,0.017936054959704198,-0.01066523812340868,1,-0.005090223002519584,0.019972221342884185,-0.005006974633128333,-0.011677695487557108,-0.008057191173400164,0.0190923660228582,0.01528392309241316,-0.013580802839393074,0.009913499789375769,0.019819806315216147,0.013489599466129919,0.01195291076740495,-0.0058122228653315665,-0.013184276367067128,0.03157815770839291,0.023999475282687723,0.009858684577207764,-0.011571542245313675,0.019757866449236522,0.011614149224337292,-0.008092673512592224,0.015965924048975857,-0.007346814896271376,0.023991500724491147,0.011917419497492789,-0.006306861401344097,0.023530149880496933,-0.008523388493516823,-0.010001903339668767,0.015987341652114264,-0.006864140547804592,-0.006407965324933438,0.01576802256572405,0.017122897382799103,-0.007051999611242763,0.01770223473287224,-0.0015223729213279878,0.009951260975130147,0.013889496322230929,0.007781190457500217,0.019993587992231422,0.01781910380355657,-0.004686151784467783,-0.004844496321605783,-0.00334018029555571,-0.0071289208779746465,-0.0030785746002600046,-0.0037997709932171735,0.013971774355580797,-0.009153717820587172,0.013895494623805151,-0.007588336843280126,0.005970183111735555,-0.012480669542324683,0.013554767913450278,0.019648695211096127,-0.004386066324845814,-0.007101337669238128,-0.010027507644426337,-0.006090405430448278,0.019620762169845384,0.013990755507582046,0.019764774720301366,0.011959761842588694,0.017690215653884147,-0.0051523109649549885,-0.0019051078177103858,agent52,-0.6548234353055352
-1,-0.0058150271734187025,-0.004437589583338074,-0.015270671494678752,-0.010474849993170365,-0.004877324405655951,-0.007911309015518835,-0.006933886497132099,0.011780513223755035,0.013998462568957959,-0.0069852114596380185,-0.011690130049661487,0.009926214615414783,-0.006910135901935897,-0.01111034012734691,0.013989319656739494,-0.008208595329589312,0.01799991068725586,0.015966680664501808,-0.0047771965608391816,-0.012613281214710495,0.025208716108570547,-0.008109267385547594,0.017693807702837672,-0.006715259699192605,-0.002968054521118794,-0.004710891086051628,0.013759407038984478,0.023932836624513384,0.011978559019391308,0.015312331055533701,0.017936054959704198,-0.01066523812340868,1,-0.005090223002519584,0.019972221342884185,-0.005006974633128333,-0.011677695487557108,-0.008057191173400164,0.0190923660228582,0.01528392309241316,-0.013580802839393074,0.009913499789375769,0.019819806315216147,0.013489599466129919,0.01195291076740495,-0.0058122228653315665,-0.013184276367067128,0.03157815770839291,0.023999475282687723,0.009858684577207764,-0.011571542245313675,0.019757866449236522,0.011614149224337292,-0.008092673512592224,0.015965924048975857,-0.007346814896271376,0.023991500724491147,0.011917419497492789,-0.006306861401344097,0.023530149880496933,-0.008523388493516823,-0.010001903339668767,0.015987341652114264,-0.006864140547804592,-0.006407965324933438,0.01576802256572405,0.017122897382799103,-0.007051999611242763,0.01770223473287224,-0.0015223729213279878,0.009951260975130147,0.013889496322230929,0.007781190457500217,0.019993587992231422,0.01781910380355657,-0.004686151784467783,-0.004844496321605783,-0.00334018029555571,-0.0071289208779746465,-0.0030785746002600046,-0.0037997709932171735,0.013971774355580797,-0.009153717820587172,0.01589549462380515,-0.007588336843280126,0.005970183111735555,-0.012480669542324683,0.013554767913450278,0.019648695211096127,-0.004386066324845814,-0.007101337669238128,-0.010027507644426337,-0.006090405430448278,0.019620762169845384,0.013990755507582046,0.019764774720301366,0.011959761842588694,0.017690215653884147,-0.0051523109649549885,-0.0019051078177103858,agent83,-1
-1,-0.0058150271734187025,-0.004437589583338074,-0.015270671494678752,-0.010474849993170365,-0.004877324405655951,-0.007911309015518835,-0.006933886497132099,0.011780513223755035,0.013998462568957959,-0.0069852114596380185,-0.011690130049661487,0.009926214615414783,-0.006910135901935897,-0.01111034012734691,0.013989319656739494,-0.008208595329589312,0.01799991068725586,0.015966680664501808,-0.0047771965608391816,-0.012613281214710495,0.025208716108570547,-0.008109267385547594,0.017693807702837672,-0.006715259699192605,-0.002968054521118794,-0.004710891086051628,0.013759407038984478,0.023932836624513384,0.011978559019391308,0.015312331055533701,0.017936054959704198,-0.01066523812340868,1,-0.005090223002519584,0.019972221342884185,-0.005006974633128333,-0.011677695487557108,-0.008057191173400164,0.0190923660228582,0.01528392309241316,-0.013580802839393074,0.009913499789375769,0.019819806315216147,0.013489599466129919,0.01195291076740495,-0.0058122228653315665,-0.013184276367067128,0.03157815770839291,0.023999475282687723,0.009858684577207764,-0.011571542245313675,0.019757866449236522,0.011614149224337292,-0.008092673512592224,0.015965924048975857,-0.007346814896271376,0.023991500724491147,0.011917419497492789,-0.006306861401344097,0.023530149880496933,-0.008523388493516823,-0.010001903339668767,0.015987341652114264,-0.006864140547804592,-0.006407965324933438,0.01576802256572405,0.017122897382799103,-0.007051999611242763,0.01770223473287224,-0.0015223729213279878,0.009951260975130147,0.013889496322230929,0.007781190457500217,0.019993587992231422,0.01781910380355657,-0.004686151784467783,-0.004844496321605783,-0.00334018029555571,-0.0071289208779746465,-0.0030785746002600046,-0.0037997709932171735,0.013971774355580797,-0.009153717820587172,0.01589549462380515,-0.007588336843280126,0.005970183111735555,-0.012480669542324683,0.013554767913450278,0.019648695211096127,-0.004386066324845814,-0.007101337669238128,-0.010027507644426337,-0.006090405430448278,0.019620762169845384,0.013990755507582046,0.019764774720301366,0.011959761842588694,0.017690215653884147,-0.0051523109649549885,-0.0019051078177103858,agent6,1
-1,-0.0058150271734187025,-0.004437589583338074,-0.015270671494678752,-0.010474849993170365,-0.004877324405655951,-0.007911309015518835,-0.006933886497132099,0.011780513223755035,0.013998462568957959,-0.0069852114596380185,-0.011690130049661487,0.009926214615414783,-0.006910135901935897,-0.01111034012734691,0.013989319656739494,-0.008208595329589312,0.01799991068725586,0.015966680664501808,-0.0047771965608391816,-0.012613281214710495,0.025208716108570547,-0.008109267385547594,0.017693807702837672,-0.006715259699192605,-0.002968054521118794,-0.004710891086051628,0.013759407038984478,0.023932836624513384,0.011978559019391308,0.015312331055533701,0.017936054959704198,-0.01066523812340868,1,-0.005090223002519584,0.019972221342884185,-0.005006974633128333,-0.011677695487557108,-0.008057191173400164,0.0190923660228582,0.01528392309241316,-0.013580802839393074,0.009913499789375769,0.019819806315216147,0.013489599466129919,0.01195291076740495,-0.0058122228653315665,-0.013184276367067128,0.03157815770839291,0.023999475282687723,0.009858684577207764,-0.011571542245313675,0.019757866449236522,0.011614149224337292,-0.008092673512592224,0.015965924048975857,-0.007346814896271376,0.023991500724491147,0.011917419497492789,-0.006306861401344097,0.023530149880496933,-0.008523388493516823,-0.010001903339668767,0.015987341652114264,-0.006864140547804592,-0.006407965324933438,0.01576802256572405,0.017122897382799103,-0.007051999611242763,0.01770223473287224,-0.0015223729213279878,0.009951260975130147,0.013889496322230929,0.007781190457500217,0.019993587992231422,0.01781910380355657,-0.004686151784467783,-0.004844496321605783,-0.00334018029555571,-0.0071289208779746465,-0.0030785746002600046,-0.0037997709932171735,0.013971774355580797,-0.009153717820587172,0.01589549462380515,-0.007588336843280126,0.005970183111735555,-0.012480669542324683,0.013554767913450278,0.019648695211096127,-0.004386066324845814,-0.007101337669238128,-0.010027507644426337,-0.006090405430448278,0.019620762169845384,0.013990755507582046,0.019764774720301366,0.011959761842588694,0.017690215653884147,-0.0051523109649549885,-0.0019051078177103858,agent35,1
-1,-0.0058150271734187025,-0.004437589583338074,-0.015270671494678752,-0.010474849993170365,-0.004877324405655951,-0.007911309015518835,-0.006933886497132099,0.011780513223755035,0.013998462568957959,-0.0069852114596380185,-0.011690130049661487,0.009926214615414783,-0.006910135901935897,-0.01111034012734691,0.013989319656739494,-0.008208595329589312,0.01799991068725586,0.015966680664501808,-0.0047771965608391816,-0.012613281214710495,0.025208716108570547,-0.008109267385547594,0.017693807702837672,-0.006715259699192605,-0.002968054521118794,-0.004710891086051628,0.013759407038984478,0.023932836624513384,0.011978559019391308,0.015312331055533701,0.017936054959704198,-0.01066523812340868,1,-0.005090223002519584,0.019972221342884185,-0.005006974633128333,-0.011677695487557108,-0.008057191173400164,0.0190923660228582,0.01528392309241316,-0.013580802839393074,0.009913499789375769,0.019819806315216147,0.013489599466129919,0.01195291076740495,-0.0058122228653315665,-0.013184276367067128,0.03157815770839291,0.023999475282687723,0.009858684577207764,-0.011571542245313675,0.019757866449236522,0.011614149224337292,-0.008092673512592224,0.015965924048975857,-0.007346814896271376,0.025991268517986388,0.011917419497492789,-0.006306861401344097,0.023530149880496933,-0.008523388493516823,-0.010001903339668767,0.015987341652114264,-0.006864140547804592,-0.006407965324933438,0.01576802256572405,0.017122897382799103,-0.007051999611242763,0.01770223473287224,-0.0015223729213279878,0.009951260975130147,0.013889496322230929,0.007781190457500217,0.019993587992231422,0.01781910380355657,-0.004686151784467783,-0.004844496321605783,-0.00334018029555571,-0.0071289208779746465,-0.0030785746002600046,-0.0037997709932171735,0.013971774355580797,-0.009153717820587172,0.01589549462380515,-0.007588336843280126,0.005970183111735555,-0.012480669542324683,0.013554767913450278,0.019648695211096127,-0.004386066324845814,-0.007101337669238128,-0.010027507644426337,-0.006090405430448278,0.019620762169845384,0.013990755507582046,0.019764774720301366,0.011959761842588694,0.017690215653884147,-0.0051523109649549885,-0.0019051078177103858,agent56,-0.9784497561610048
-1,-0.0058150271734187025,-0.004437589583338074,-0.015270671494678752,-0.010474849993170365,-0.004877324405655951,-0.007911309015518835,-0.006933886497132099,0.011780513223755035,0.013998462568957959,-0.0069852114596380185,-0.011690130049661487,0.009926214615414783,-0.006910135901935897,-0.01111034012734691,0.013989319656739494,-0.008208595329589312,0.01799991068725586,0.015966680664501808,-0.0047771965608391816,-0.012613281214710495,0.025208716108570547,-0.008109267385547594,0.017693807702837672,-0.006715259699192605,-0.002968054521118794,-0.004710891086051628,0.013759407038984478,0.023932836624513384,0.011978559019391308,0.015312331055533701,0.017936054959704198,-0.01066523812340868,1,-0.005090223002519584,0.019972221342884185,-0.005006974633128333,-0.011677695487557108,-0.008057191173400164,0.0190923660228582,0.01528392309241316,-0.013580802839393074,0.009913499789375769,0.019819806315216147,0.013489599466129919,0.01195291076740495,-0.0058122228653315665,-0.013184276367067128,0.03157815770839291,0.023999475282687723,0.009858684577207764,-0.011571542245313675,0.019757866449236522,0.011614149224337292,-0.008092673512592224,0.015965924048975857,-0.007346814896271376,0.025991268517986388,0.011917419497492789,-0.006306861401344097,0.023530149880496933,-0.008523388493516823,-0.010001903339668767,0.015987341652114264,-0.006864140547804592,-0.006407965324933438,0.017768022565724052,0.017122897382799103,-0.007051999611242763,0.01770223473287224,-0.0015223729213279878,0.009951260975130147,0.013889496322230929,0.007781190457500217,0.019993587992231422,0.01781910380355657,-0.004686151784467783,-0.004844496321605783,-0.00334018029555571,-0.0071289208779746465,-0.0030785746002600046,-0.0037997709932171735,0.013971774355580797,-0.009153717820587172,0.01589549462380515,-0.007588336843280126,0.005970183111735555,-0.012480669542324683,0.013554767913450278,0.019648695211096127,-0.004386066324845814,-0.007101337669238128,-0.010027507644426337,-0.006090405430448278,0.019620762169845384,0.013990755507582046,0.019764774720301366,0.011959761842588694,0.017690215653884147,-0.0051523109649549885,-0.0019051078177103858,agent65,-1
-1,-0.0058150271734187025,-0.004437589583338074,-0.015270671494678752,-0.010474849993170365,-0.004877324405655951,-0.007911309015518835,-0.006933886497132099,0.011780513223755035,0.013998462568957959,-0.0069852114596380185,-0.011690130049661487,0.009926214615414783,-0.006910135901935897,-0.01111034012734691,0.013989319656739494,-0.008208595329589312,0.01799991068725586,0.015966680664501808,-0.0047771965608391816,-0.012613281214710495,0.025208716108570547,-0.008109267385547594,0.017693807702837672,-0.006715259699192605,-0.002968054521118794,-0.004710891086051628,0.013759407038984478,0.023932836624513384,0.011978559019391308,0.015312331055533701,0.017936054959704198,-0.01066523812340868,1,-0.005090223002519584,0.019972221342884185,-0.005006974633128333,-0.011677695487557108,-0.008057191173400164,0.0190923660228582,0.01528392309241316,-0.013580802839393074,0.009913499789375769,0.019819806315216147,0.013489599466129919,0.01195291076740495,-0.0058122228653315665,-0.013184276367067128,0.03157815770839291,0.023999475282687723,0.009858684577207764,-0.011571542245313675,0.019757866449236522,0.011614149224337292,-0.008092673512592224,0.015965924048975857,-0.007346814896271376,0.025991268517986388,0.011917419497492789,-0.006306861401344097,0.023530149880496933,-0.008523388493516823,-0.010001903339668767,0.015987341652114264,-0.006864140547804592,-0.006407965324933438,0.017768022565724052,0.017122897382799103,-0.007051999611242763,0.01770223473287224,-0.0015223729213279878,0.009951260975130147,0.013889496322230929,0.007781190457500217,0.019993587992231422,0.01781910380355657,-0.004686151784467783,-0.004844496321605783,-0.00334018029555571,-0.0071289208779746465,-0.0030785746002600046,-0.0037997709932171735,0.013971774355580797,-0.009153717820587172,0.01589549462380515,-0.007588336843280126,0.005970183111735555,-0.012480669542324683,0.013554767913450278,0.019648695211096127,-0.004386066324845814,-0.007101337669238128,-0.010027507644426337,-0.006090405430448278,0.019620762169845384,0.013990755507582046,0.019764774720301366,0.013959761842588694,0.017690215653884147,-0.0051523109649549885,-0.0019051078177103858,agent96,-1
-1,-0.0058150271734187025,-0.004437589583338074,-0.015270671494678752,-0.010474849993170365,-0.004877324405655951,-0.007911309015518835,-0.006933886497132099,0.011780513223755035,0.013998462568957959,-0.0069852114596380185,-0.011690130049661487,0.009926214615414783,-0.006910135901935897,-0.01111034012734691,0.013989319656739494,-0.008208595329589312,0.01799991068725586,0.015966680664501808,-0.0047771965608391816,-0.012613281214710495,0.02720871610857055,-0.008109267385547594,0.017693807702837672,-0.006715259699192605,-0.002968054521118794,-0.004710891086051628,0.013759407038984478,0.023932836624513384,0.011978559019391308,0.015312331055533701,0.017936054959704198,-0.01066523812340868,1,-0.005090223002519584,0.019972221342884185,-0.005006974633128333,-0.011677695487557108,-0.008057191173400164,0.0190923660228582,0.01528392309241316,-0.013580802839393074,0.009913499789375769,0.019819806315216147,0.013489599466129919,0.01195291076740495,-0.0058122228653315665,-0.013184276367067128,0.03157815770839291,0.023999475282687723,0.009858684577207764,-0.011571542245313675,0.019757866449236522,0.011614149224337292,-0.008092673512592224,0.015965924048975857,-0.007346814896271376,0.025991268517986388,0.011917419497492789,-0.006306861401344097,0.023530149880496933,-0.008523388493516823,-0.010001903339668767,0.015987341652114264,-0.006864140547804592,-0.006407965324933438,0.017768022565724052,0.017122897382799103,-0.007051999611242763,0.01770223473287224,-0.0015223729213279878,0.009951260975130147,0.013889496322230929,0.007781190457500217,0.019993587992231422,0.01781910380355657,-0.004686151784467783,-0.004844496321605783,-0.00334018029555571,-0.0071289208779746465,-0.0030785746002600046,-0.0037997709932171735,0.013971774355580797,-0.009153717820587172,0.01589549462380515,-0.007588336843280126,0.005970183111735555,-0.012480669542324683,0.013554767913450278,0.019648695211096127,-0.004386066324845814,-0.007101337669238128,-0.010027507644426337,-0.006090405430448278,0.019620762169845384,0.013990755507582046,0.019764774720301366,0.013959761842588694,0.017690215653884147,-0.0051523109649549885,-0.0019051078177103858,agent20,-1
-1,-0.0058150271734187025,-0.004437589583338074,-0.015270671494678752,-0.010474849993170365,-0.004877324405655951,-0.007911309015518835,-0.006933886497132099,0.011780513223755035,0.013998462568957959,-0.0069852114596380185,-0.011690130049661487,0.009926214615414783,-0.006910135901935897,-0.01111034012734691,0.013989319656739494,-0.008208595329589312,0.01799991068725586,0.015966680664501808,-0.0047771965608391816,-0.012613281214710495,0.02720871610857055,-0.008109267385547594,0.017693807702837672,-0.006715259699192605,-0.002968054521118794,-0.004710891086051628,0.013759407038984478,0.023932836624513384,0.011978559019391308,0.015312331055533701,0.017936054959704198,-0.01066523812340868,1,-0.005090223002519584,0.019972221342884185,-0.005006974633128333,-0.011677695487557108,-0.008057191173400164,0.0190923660228582,0.01528392309241316,-0.013580802839393074,0.009913499789375769,0.019819806315216147,0.013489599466129919,0.01195291076740495,-0.0058122228653315665,-0.013184276367067128,0.03157815770839291,0.023999475282687723,0.011836323102922932,-0.011571542245313675,0.019757866449236522,0.011614149224337292,-0.008092673512592224,0.015965924048975857,-0.007346814896271376,0.025991268517986388,0.011917419497492789,-0.006306861401344097,0.023530149880496933,-0.008523388493516823,-0.010001903339668767,0.015987341652114264,-0.006864140547804592,-0.006407965324933438,0.017768022565724052,0.017122897382799103,-0.007051999611242763,0.01770223473287224,-0.0015223729213279878,0.009951260975130147,0.013889496322230929,0.007781190457500217,0.019993587992231422,0.01781910380355657,-0.004686151784467783,-0.004844496321605783,-0.00334018029555571,-0.0071289208779746465,-0.0030785746002600046,-0.0037997709932171735,0.013971774355580797,-0.009153717820587172,0.01589549462380515,-0.007588336843280126,0.005970183111735555,-0.012480669542324683,0.013554767913450278,0.019648695211096127,-0.004386066324845814,-0.007101337669238128,-0.010027507644426337,-0.006090405430448278,0.019620762169845384,0.013990755507582046,0.019764774720301366,0.013959761842588694,0.017690215653884147,-0.0051523109649549885,-0.0019051078177103858,agent49,-0.7885219903402165
-1,-0.0058150271734187025,-0.004437589583338074,-0.015270671494678752,-0.010474849993170365,-0.004877324405655951,-0.007911309015518835,-0.006933886497132099,0.011780513223755035,0.013998462568957959,-0.0069852114596380185,-0.011690130049661487,0.009926214615414783,-0.006910135901935897,-0.01111034012734691,0.013989319656739494,-0.008208595329589312,0.01799991068725586,0.015966680664501808,-0.0047771965608391816,-0.012613281214710495,0.02720871610857055,-0.008109267385547594,0.017693807702837672,-0.006715259699192605,-0.002968054521118794,-0.004710891086051628,0.013759407038984478,0.023932836624513384,0.011978559019391308,0.015312331055533701,0.017936054959704198,-0.01066523812340868,1,-0.005090223002519584,0.019972221342884185,-0.005006974633128333,-0.011677695487557108,-0.008057191173400164,0.0190923660228582,0.01528392309241316,-0.013580802839393074,0.009913499789375769,0.019819806315216147,0.013489599466129919,0.01395291076740495,-0.0058122228653315665,-0.013184276367067128,0.03157815770839291,0.023999475282687723,0.011836323102922932,-0.011571542245313675,0.019757866449236522,0.011614149224337292,-0.008092673512592224,0.015965924048975857,-0.007346814896271376,0.025991268517986388,0.011917419497492789,-0.006306861401344097,0.023530149880496933,-0.008523388493516823,-0.010001903339668767,0.015987341652114264,-0.006864140547804592,-0.006407965324933438,0.017768022565724052,0.017122897382799103,-0.007051999611242763,0.01770223473287224,-0.0015223729213279878,0.009951260975130147,0.013889496322230929,0.007781190457500217,0.019993587992231422,0.01781910380355657,-0.004686151784467783,-0.004844496321605783,-0.00334018029555571,-0.0071289208779746465,-0.0030785746002600046,-0.0037997709932171735,0.013971774355580797,-0.009153717820587172,0.01589549462380515,-0.007588336843280126,0.005970183111735555,-0.012480669542324683,0.013554767913450278,0.019648695211096127,-0.004386066324845814,-0.007101337669238128,-0.010027507644426337,-0.006090405430448278,0.019620762169845384,0.013990755507582046,0.019764774720301366,0.013959761842588694,0.017690215653884147,-0.0051523109649549885,-0.0019051078177103858,agent44,-1
-1,-0.0058150271734187025,-0.004437589583338074,-0.015270671494678752,-0.010474849993170365,-0.004877324405655951,-0.007911309015518835,-0.006933886497132099,0.011780513223755035,0.01599846256895796,-0.0069852114596380185,-0.011690130049661487,0.009926214615414783,-0.006910135901935897,-0.01111034012734691,0.013989319656739494,-0.008208595329589312,0.01799991068725586,0.015966680664501808,-0.0047771965608391816,-0.012613281214710495,0.02720871610857055,-0.008109267385547594,0.017693807702837672,-0.006715259699192605,-0.002968054521118794,-0.004710891086051628,0.013759407038984478,0.023932836624513384,0.011978559019391308,0.015312331055533701,0.017936054959704198,-0.01066523812340868,1,-0.005090223002519584,0.019972221342884185,-0.005006974633128333,-0.011677695487557108,-0.008057191173400164,0.0190923660228582,0.01528392309241316,-0.013580802839393074,0.009913499789375769,0.019819806315216147,0.013489599466129919,0.01395291076740495,-0.0058122228653315665,-0.013184276367067128,0.03157815770839291,0.023999475282687723,0.011836323102922932,-0.011571542245313675,0.019757866449236522,0.011614149224337292,-0.008092673512592224,0.015965924048975857,-0.007346814896271376,0.025991268517986388,0.011917419497492789,-0.006306861401344097,0.023530149880496933,-0.008523388493516823,-0.010001903339668767,0.015987341652114264,-0.006864140547804592,-0.006407965324933438,0.017768022565724052,0.017122897382799103,-0.007051999611242763,0.01770223473287224,-0.0015223729213279878,0.009951260975130147,0.013889496322230929,0.007781190457500217,0.019993587992231422,0.01781910380355657,-0.004686151784467783,-0.004844496321605783,-0.00334018029555571,-0.0071289208779746465,-0.0030785746002600046,-0.0037997709932171735,0.013971774355580797,-0.009153717820587172,0.01589549462380515,-0.007588336843280126,0.005970183111735555,-0.012480669542324683,0.013554767913450278,0.019648695211096127,-0.004386066324845814,-0.007101337669238128,-0.010027507644426337,-0.006090405430448278,0.019620762169845384,0.013990755507582046,0.019764774720301366,0.013959761842588694,0.017690215653884147,-0.0051523109649549885,-0.0019051078177103858,agent8,-1
-1,-0.0058150271734187025,-0.004437589583338074,-0.015270671494678752,-0.010474849993170365,-0.004877324405655951,-0.007911309015518835,-0.006933886497132099,0.011780513223755035,0.01599846256895796,-0.0069852114596380185,-0.011690130049661487,0.009926214615414783,-0.006910135901935897,-0.01111034012734691,0.013989319656739494,-0.008208595329589312,0.01799991068725586,0.015966680664501808,-0.0047771965608391816,-0.012613281214710495,0.02720871610857055,-0.008109267385547594,0.017693807702837672,-0.006715259699192605,-0.002968054521118794,-0.004710891086051628,0.013759407038984478,0.023932836624513384,0.011978559019391308,0.015312331055533701,0.017936054959704198,-0.01066523812340868,1,-0.005090223002519584,0.019972221342884185,-0.005006974633128333,-0.011677695487557108,-0.008057191173400164,0.0190923660228582,0.01528392309241316,-0.013580802839393074,0.009913499789375769,0.019819806315216147,0.013489599466129919,0.01595291076740495,-0.0058122228653315665,-0.013184276367067128,0.03157815770839291,0.023999475282687723,0.011836323102922932,-0.011571542245313675,0.019757866449236522,0.011614149224337292,-0.008092673512592224,0.015965924048975857,-0.007346814896271376,0.025991268517986388,0.011917419497492789,-0.006306861401344097,0.023530149880496933,-0.008523388493516823,-0.010001903339668767,0.015987341652114264,-0.006864140547804592,-0.006407965324933438,0.017768022565724052,0.017122897382799103,-0.007051999611242763,0.01770223473287224,-0.0015223729213279878,0.009951260975130147,0.013889496322230929,0.007781190457500217,0.019993587992231422,0.01781910380355657,-0.004686151784467783,-0.004844496321605783,-0.00334018029555571,-0.0071289208779746465,-0.0030785746002600046,-0.0037997709932171735,0.013971774355580797,-0.009153717820587172,0.01589549462380515,-0.007588336843280126,0.005970183111735555,-0.012480669542324683,0.013554767913450278,0.019648695211096127,-0.004386066324845814,-0.007101337669238128,-0.010027507644426337,-0.006090405430448278,0.019620762169845384,0.013990755507582046,0.019764774720301366,0.013959761842588694,0.017690215653884147,-0.0051523109649549885,-0.0019051078177103858,agent44,-1
-1,-0.0058150271734187025,-0.004437589583338074,-0.015270671494678752,-0.010474849993170365,-0.004877324405655951,-0.007911309015518835,-0.006933886497132099,0.011780513223755035,0.01599846256895796,-0.0069852114596380185,-0.011690130049661487,0.009926214615414783,-0.006910135901935897,-0.01111034012734691,0.013989319656739494,-0.008208595329589312,0.01799991068725586,0.015966680664501808,-0.0047771965608391816,-0.012613281214710495,0.02720871610857055,-0.008109267385547594,0.017693807702837672,-0.006715259699192605,-0.002968054521118794,-0.004710891086051628,0.013759407038984478,0.023932836624513384,0.011978559019391308,0.015312331055533701,0.017936054959704198,-0.01066523812340868,1,-0.005090223002519584,0.019972221342884185,-0.005006974633128333,-0.011677695487557108,-0.008057191173400164,0.0190923660228582,0.01528392309241316,-0.013580802839393074,0.009913499789375769,0.019819806315216147,0.015489599466129919,0.01595291076740495,-0.0058122228653315665,-0.013184276367067128,0.03157815770839291,0.023999475282687723,0.011836323102922932,-0.011571542245313675,0.019757866449236522,0.011614149224337292,-0.008092673512592224,0.015965924048975857,-0.007346814896271376,0.025991268517986388,0.011917419497492789,-0.006306861401344097,0.023530149880496933,-0.008523388493516823,-0.010001903339668767,0.015987341652114264,-0.006864140547804592,-0.006407965324933438,0.017768022565724052,0.017122897382799103,-0.007051999611242763,0.01770223473287224,-0.0015223729213279878,0.009951260975130147,0.013889496322230929,0.007781190457500217,0.019993587992231422,0.01781910380355657,-0.004686151784467783,-0.004844496321605783,-0.00334018029555571,-0.0071289208779746465,-0.0030785746002600046,-0.0037997709932171735,0.013971774355580797,-0.009153717820587172,0.01589549462380515,-0.007588336843280126,0.005970183111735555,-0.012480669542324683,0.013554767913450278,0.019648695211096127,-0.004386066324845814,-0.007101337669238128,-0.010027507644426337,-0.006090405430448278,0.019620762169845384,0.013990755507582046,0.019764774720301366,0.013959761842588694,0.017690215653884147,-0.0051523109649549885,-0.0019051078177103858,agent43,-1
-1,-0.0058150271734187025,-0.004437589583338074,-0.015270671494678752,-0.010474849993170365,-0.004877324405655951,-0.007911309015518835,-0.006933886497132099,0.011780513223755035,0.01599846256895796,-0.0069852114596380185,-0.011690130049661487,0.009926214615414783,-0.006910135901935897,-0.01111034012734691,0.013989319656739494,-0.008208595329589312,0.01799991068725586,0.015966680664501808,-0.0047771965608391816,-0.012613281214710495,0.02720871610857055,-0.008109267385547594,0.017693807702837672,-0.006715259699192605,-0.002968054521118794,-0.004710891086051628,0.013759407038984478,0.023932836624513384,0.01397708661396295,0.015312331055533701,0.017936054959704198,-0.01066523812340868,1,-0.005090223002519584,0.019972221342884185,-0.005006974633128333,-0.011677695487557108,-0.008057191173400164,0.0190923660228582,0.01528392309241316,-0.013580802839393074,0.009913499789375769,0.019819806315216147,0.015489599466129919,0.01595291076740495,-0.0058122228653315665,-0.013184276367067128,0.03157815770839291,0.023999475282687723,0.011836323102922932,-0.011571542245313675,0.019757866449236522,0.011614149224337292,-0.008092673512592224,0.015965924048975857,-0.007346814896271376,0.025991268517986388,0.011917419497492789,-0.006306861401344097,0.023530149880496933,-0.008523388493516823,-0.010001903339668767,0.015987341652114264,-0.006864140547804592,-0.006407965324933438,0.017768022565724052,0.017122897382799103,-0.007051999611242763,0.01770223473287224,-0.0015223729213279878,0.009951260975130147,0.013889496322230929,0.007781190457500217,0.019993587992231422,0.01781910380355657,-0.004686151784467783,-0.004844496321605783,-0.00334018029555571,-0.0071289208779746465,-0.0030785746002600046,-0.0037997709932171735,0.013971774355580797,-0.009153717820587172,0.01589549462380515,-0.007588336843280126,0.005970183111735555,-0.012480669542324683,0.013554767913450278,0.019648695211096127,-0.004386066324845814,-0.007101337669238128,-0.010027507644426337,-0.006090405430448278,0.019620762169845384,0.013990755507582046,0.019764774720301366,0.013959761842588694,0.017690215653884147,-0.0051523109649549885,-0.0019051078177103858,agent28,-0.9457338885056775
-1,-0.0058150271734187025,-0.004437589583338074,-0.015270671494678752,-0.010474849993170365,-0.004877324405655951,-0.007911309015518835,-0.006933886497132099,0.011780513223755035,0.01599846256895796,-0.0069852114596380185,-0.011690130049661487,0.009926214615414783,-0.006910135901935897,-0.01111034012734691,0.013989319656739494,-0.008208595329589312,0.01799991068725586,0.015966680664501808,-0.0047771965608391816,-0.012613281214710495,0.02720871610857055,-0.008109267385547594,0.017693807702837672,-0.006715259699192605,-0.002968054521118794,-0.004710891086051628,0.013759407038984478,0.023932836624513384,0.01397708661396295,0.015312331055533701,0.017936054959704198,-0.01066523812340868,1,-0.005090223002519584,0.019972221342884185,-0.005006974633128333,-0.011677695487557108,-0.008057191173400164,0.0190923660228582,0.01528392309241316,-0.013580802839393074,0.009913499789375769,0.019819806315216147,0.015489599466129919,0.01595291076740495,-0.0058122228653315665,-0.013184276367067128,0.03157815770839291,0.023999475282687723,0.011836323102922932,-0.011571542245313675,0.019757866449236522,0.011614149224337292,-0.008092673512592224,0.015965924048975857,-0.007346814896271376,0.025991268517986388,0.011917419497492789,-0.006306861401344097,0.023530149880496933,-0.008523388493516823,-0.010001903339668767,0.015987341652114264,-0.006864140547804592,-0.006407965324933438,0.017768022565724052,0.017122897382799103,-0.007051999611242763,0.01770223473287224,-0.0015223729213279878,0.009951260975130147,0.013889496322230929,0.007781190457500217,0.019993587992231422,0.01781910380355657,-0.004686151784467783,-0.004844496321605783,-0.00334018029555571,-0.0071289208779746465,-0.0030785746002600046,-0.0037997709932171735,0.013971774355580797,-0.009153717820587172,0.01589549462380515,-0.007588336843280126,0.005970183111735555,-0.012480669542324683,0.013554767913450278,0.019648695211096127,-0.004386066324845814,-0.007101337669238128,-0.010027507644426337,-0.006090405430448278,0.019620762169845384,0.013990755507582046,0.019764774720301366,0.013959761842588694,0.017690215653884147,-0.0051523109649549885,-0.0019051078177103858,agent80,1
-1,-0.0058150271734187025,-0.004437589583338074,-0.015270671494678752,-0.010474849993170365,-0.004877324405655951,-0.007911309015518835,-0.006933886497132099,0.011780513223755035,0.01599846256895796,-0.0069852114596380185,-0.011690130049661487,0.009926214615414783,-0.006910135901935897,-0.01111034012734691,0.013989319656739494,-0.008208595329589312,0.01799991068725586,0.015966680664501808,-0.0047771965608391816,-0.012613281214710495,0.02720871610857055,-0.008109267385547594,0.017693807702837672,-0.006715259699192605,-0.002968054521118794,-0.004710891086051628,0.013759407038984478,0.023932836624513384,0.01397708661396295,0.015312331055533701,0.017936054959704198,-0.01066523812340868,1,-0.005090223002519584,0.019972221342884185,-0.005006974633128333,-0.011677695487557108,-0.008057191173400164,0.0190923660228582,0.01528392309241316,-0.013580802839393074,0.009913499789375769,0.019819806315216147,0.015489599466129919,0.01595291076740495,-0.0058122228653315665,-0.013184276367067128,0.03157815770839291,0.023999475282687723,0.011836323102922932,-0.011571542245313675,0.019757866449236522,0.011614149224337292,-0.008092673512592224,0.015965924048975857,-0.007346814896271376,0.025991268517986388,0.011917419497492789,-0.006306861401344097,0.023530149880496933,-0.008523388493516823,-0.010001903339668767,0.015987341652114264,-0.006864140547804592,-0.006407965324933438,0.017768022565724052,0.017122897382799103,-0.007051999611242763,0.01770223473287224,-0.0015223729213279878,0.009951260975130147,0.013889496322230929,0.007781190457500217,0.019993587992231422,0.01781910380355657,-0.004686151784467783,-0.004844496321605783,-0.00334018029555571,-0.0071289208779746465,-0.0030785746002600046,-0.0037997709932171735,0.013971774355580797,-0.009153717820587172,0.01589549462380515,-0.007588336843280126,0.005970183111735555,-0.012480669542324683,0.013554767913450278,0.019648695211096127,-0.004386066324845814,-0.007101337669238128,-0.010027507644426337,-0.006090405430448278,0.019620762169845384,0.013990755507582046,0.019764774720301366,0.013959761842588694,0.017690215653884147,-0.0051523109649549885,-0.0019051078177103858,agent63,1
-1,-0.0058150271734187025,-0.004437589583338074,-0.015270671494678752,-0.010474849993170365,-0.004877324405655951,-0.007911309015518835,-0.006933886497132099,0.011780513223755035,0.01599846256895796,-0.0069852114596380185,-0.011690130049661487,0.009926214615414783,-0.006910135901935897,-0.01111034012734691,0.013989319656739494,-0.008208595329589312,0.01799991068725586,0.015966680664501808,-0.0047771965608391816,-0.012613281214710495,0.02720871610857055,-0.008109267385547594,0.017693807702837672,-0.006715259699192605,-0.002968054521118794,-0.004710891086051628,0.013759407038984478,0.023932836624513384,0.01397708661396295,0.015312331055533701,0.017936054959704198,-0.01066523812340868,1,-0.005090223002519584,0.019972221342884185,-0.005006974633128333,-0.011677695487557108,-0.008057191173400164,0.0190923660228582,0.01528392309241316,-0.013580802839393074,0.009913499789375769,0.019819806315216147,0.015489599466129919,0.01595291076740495,-0.0058122228653315665,-0.013184276367067128,0.03157815770839291,0.023999475282687723,0.011836323102922932,-0.011571542245313675,0.019757866449236522,0.011614149224337292,-0.008092673512592224,0.015965924048975857,-0.007346814896271376,0.025991268517986388,0.011917419497492789,-0.006306861401344097,0.023530149880496933,-0.008523388493516823,-0.010001903339668767,0.015987341652114264,-0.006864140547804592,-0.006407965324933438,0.017768022565724052,0.017122897382799103,-0.007051999611242763,0.01770223473287224,-0.0015223729213279878,0.009951260975130147,0.013889496322230929,0.007781190457500217,0.019993587992231422,0.01781910380355657,-0.004686151784467783,-0.004844496321605783,-0.00334018029555571,-0.0071289208779746465,-0.0030785746002600046,-0.0037997709932171735,0.013971774355580797,-0.009153717820587172,0.01589549462380515,-0.007588336843280126,0.005970183111735555,-0.012480669542324683,0.013554767913450278,0.019648695211096127,-0.004386066324845814,-0.007101337669238128,-0.010027507644426337,-0.006090405430448278,0.019620762169845384,0.013990755507582046,0.019764774720301366,0.013959761842588694,0.017690215653884147,-0.0051523109649549885,-0.0019051078177103858,agent32,-1
-1,-0.0058150271734187025,-0.004437589583338074,-0.015270671494678752,-0.010474849993170365,-0.004877324405655951,-0.007911309015518835,-0.006933886497132099,0.011780513223755035,0.01599846256895796,-0.0069852114596380185,-0.011690130049661487,0.009926214615414783,-0.006910135901935897,-0.01111034012734691,0.013989319656739494,-0.008208595329589312,0.01799991068725586,0.015966680664501808,-0.0047771965608391816,-0.012613281214710495,0.02720871610857055,-0.008109267385547594,0.017693807702837672,-0.006715259699192605,-0.002968054521118794,-0.004710891086051628,0.013759407038984478,0.023932836624513384,0.01397708661396295,0.015312331055533701,0.017936054959704198,-0.01066523812340868,1,-0.005090223002519584,0.019972221342884185,-0.005006974633128333,-0.011677695487557108,-0.008057191173400164,0.0190923660228582,0.01528392309241316,-0.013580802839393074,0.009913499789375769,0.019819806315216147,0.01748959946612992,0.01595291076740495,-0.0058122228653315665,-0.013184276367067128,0.03157815770839291,0.023999475282687723,0.011836323102922932,-0.011571542245313675,0.019757866449236522,0.011614149224337292,-0.008092673512592224,0.015965924048975857,-0.007346814896271376,0.025991268517986388,0.011917419497492789,-0.006306861401344097,0.023530149880496933,-0.008523388493516823,-0.010001903339668767,0.015987341652114264,-0.006864140547804592,-0.006407965324933438,0.017768022565724052,0.017122897382799103,-0.007051999611242763,0.01770223473287224,-0.0015223729213279878,0.009951260975130147,0.013889496322230929,0.007781190457500217,0.019993587992231422,0.01781910380355657,-0.004686151784467783,-0.004844496321605783,-0.00334018029555571,-0.0071289208779746465,-0.0030785746002600046,-0.0037997709932171735,0.013971774355580797,-0.009153717820587172,0.01589549462380515,-0.007588336843280126,0.005970183111735555,-0.012480669542324683,0.013554767913450278,0.019648695211096127,-0.004386066324845814,-0.007101337669238128,-0.010027507644426337,-0.006090405430448278,0.019620762169845384,0.013990755507582046,0.019764774720301366,0.013959761842588694,0.017690215653884147,-0.0051523109649549885,-0.0019051078177103858,agent43,-1
-1,-0.0058150271734187025,-0.004437589583338074,-0.015270671494678752,-0.010474849993170365,-0.004877324405655951,-0.007911309015518835,-0.006933886497132099,0.011780513223755035,0.01599846256895796,-0.0069852114596380185,-0.011690130049661487,0.009926214615414783,-0.006910135901935897,-0.01111034012734691,0.013989319656739494,-0.008208595329589312,0.01799991068725586,0.015966680664501808,-0.0047771965608391816,-0.012613281214710495,0.02720871610857055,-0.008109267385547594,0.017693807702837672,-0.006715259699192605,-0.002968054521118794,-0.004710891086051628,0.013759407038984478,0.023932836624513384,0.01397708661396295,0.015312331055533701,0.017936054959704198,-0.01066523812340868,1,-0.005090223002519584,0.019972221342884185,-0.005006974633128333,-0.011677695487557108,-0.008057191173400164,0.0190923660228582,0.01528392309241316,-0.013580802839393074,0.009913499789375769,0.019819806315216147,0.01748959946612992,0.01595291076740495,-0.0058122228653315665,-0.013184276367067128,0.03157815770839291,0.023999475282687723,0.011836323102922932,-0.011571542245313675,0.019757866449236522,0.011614149224337292,-0.008092673512592224,0.015965924048975857,-0.007346814896271376,0.025991268517986388,0.011917419497492789,-0.006306861401344097,0.023530149880496933,-0.008523388493516823,-0.010001903339668767,0.015987341652114264,-0.006864140547804592,-0.006407965324933438,0.017768022565724052,0.017122897382799103,-0.007051999611242763,0.01770223473287224,-0.0015223729213279878,0.009951260975130147,0.013889496322230929,0.007781190457500217,0.019993587992231422,0.01781910380355657,-0.004686151784467783,-0.004844496321605783,-0.00334018029555571,-0.0071289208779746465,-0.0030785746002600046,-0.0037997709932171735,0.013971774355580797,-0.009153717820587172,0.01589549462380515,-0.007588336843280126,0.005970183111735555,-0.012480669542324683,0.013554767913450278,0.019648695211096127,-0.004386066324845814,-0.007101337669238128,-0.010027507644426337,-0.006090405430448278,0.019620762169845384,0.013990755507582046,0.019764774720301366,0.013959761842588694,0.017690215653884147,-0.0051523109649549885,-0.0019051078177103858,agent50,1
-1,-0.0058150271734187025,-0.004437589583338074,-0.015270671494678752,-0.010474849993170365,-0.004877324405655951,-0.007911309015518835,-0.006933886497132099,0.011780513223755035,0.01599846256895796,-0.0069852114596380185,-0.011690130049661487,0.009926214615414783,-0.006910135901935897,-0.01111034012734691,0.013989319656739494,-0.008208595329589312,0.01799991068725586,0.015966680664501808,-0.0047771965608391816,-0.012613281214710495,0.02720871610857055,-0.008109267385547594,0.017693807702837672,-0.006715259699192605,-0.002968054521118794,-0.004710891086051628,0.013759407038984478,0.023932836624513384,0.01397708661396295,0.015312331055533701,0.017936054959704198,-0.01066523812340868,1,-0.005090223002519584,0.019972221342884185,-0.005006974633128333,-0.011677695487557108,-0.008057191173400164,0.0190923660228582,0.01528392309241316,-0.013580802839393074,0.009913499789375769,0.019819806315216147,0.01748959946612992,0.01595291076740495,-0.0058122228653315665,-0.013184276367067128,0.03157815770839291,0.023999475282687723,0.011836323102922932,-0.011571542245313675,0.019757866449236522,0.011614149224337292,-0.008092673512592224,0.015965924048975857,-0.007346814896271376,0.025991268517986388,0.011917419497492789,-0.006306861401344097,0.023530149880496933,-0.008523388493516823,-0.010001903339668767,0.015987341652114264,-0.006864140547804592,-0.006407965324933438,0.017768022565724052,0.017122897382799103,-0.007051999611242763,0.01770223473287224,-0.0015223729213279878,0.009951260975130147,0.013889496322230929,0.007781190457500217,0.019993587992231422,0.01781910380355657,-0.004686151784467783,-0.004844496321605783,-0.00334018029555571,-0.0071289208779746465,-0.0030785746002600046,-0.0037997709932171735,0.013971774355580797,-0.009153717820587172,0.01589549462380515,-0.007588336843280126,0.005970183111735555,-0.012480669542324683,0.013554767913450278,0.019648695211096127,-0.004386066324845814,-0.007101337669238128,-0.010027507644426337,-0.006090405430448278,0.019620762169845384,0.013990755507582046,0.019764774720301366,0.013959761842588694,0.017690215653884147,-0.0051523109649549885,-0.0019051078177103858,agent58,1
-1,-0.0058150271734187025,-0.004437589583338074,-0.015270671494678752,-0.010474849993170365,-0.004877324405655951,-0.007911309015518835,-0.006933886497132099,0.011780513223755035,0.01599846256895796,-0.0069852114596380185,-0.011690130049661487,0.009926214615414783,-0.006910135901935897,-0.01111034012734691,0.013989319656739494,-0.008208595329589312,0.01799991068725586,0.015966680664501808,-0.0047771965608391816,-0.012613281214710495,0.02720871610857055,-0.008109267385547594,0.017693807702837672,-0.006715259699192605,-0.002968054521118794,-0.004710891086051628,0.013759407038984478,0.023932836624513384,0.01397708661396295,0.015312331055533701,0.017936054959704198,-0.01066523812340868,1,-0.005090223002519584,0.019972221342884185,-0.005006974633128333,-0.011677695487557108,-0.008057191173400164,0.0190923660228582,0.01528392309241316,-0.013580802839393074,0.009913499789375769,0.019819806315216147,0.01748959946612992,0.01595291076740495,-0.0058122228653315665,-0.013184276367067128,0.03157815770839291,0.023999475282687723,0.011836323102922932,-0.011571542245313675,0.019757866449236522,0.011614149224337292,-0.008092673512592224,0.015965924048975857,-0.007346814896271376,0.025991268517986388,0.011917419497492789,-0.006306861401344097,0.023530149880496933,-0.008523388493516823,-0.010001903339668767,0.015987341652114264,-0.006864140547804592,-0.006407965324933438,0.017768022565724052,0.017122897382799103,-0.007051999611242763,0.01770223473287224,-0.0015223729213279878,0.009951260975130147,0.013889496322230929,0.007781190457500217,0.019993587992231422,0.01781910380355657,-0.004686151784467783,-0.004844496321605783,-0.00334018029555571,-0.0071289208779746465,-0.0030785746002600046,-0.0037997709932171735,0.013971774355580797,-0.009153717820587172,0.01589549462380515,-0.007588336843280126,0.005970183111735555,-0.012480669542324683,0.013554767913450278,0.019648695211096127,-0.004386066324845814,-0.007101337669238128,-0.010027507644426337,-0.006090405430448278,0.019620762169845384,0.013990755507582046,0.019764774720301366,0.013959761842588694,0.017690215653884147,-0.0051523109649549885,-0.0019051078177103858,agent67,1
-1,-0.0058150271734187025,-0.004437589583338074,-0.015270671494678752,-0.010474849993170365,-0.004877324405655951,-0.007911309015518835,-0.006933886497132099,0.011780513223755035,0.01599846256895796,-0.0069852114596380185,-0.011690130049661487,0.009926214615414783,-0.006910135901935897,-0.01111034012734691,0.013989319656739494,-0.008208595329589312,0.01799991068725586,0.015966680664501808,-0.0047771965608391816,-0.012613281214710495,0.02720871610857055,-0.008109267385547594,0.017693807702837672,-0.006715259699192605,-0.002968054521118794,-0.004710891086051628,0.013759407038984478,0.023932836624513384,0.01397708661396295,0.015312331055533701,0.017936054959704198,-0.01066523812340868,1,-0.005090223002519584,0.019972221342884185,-0.005006974633128333,-0.011677695487557108,-0.008057191173400164,0.0190923660228582,0.01528392309241316,-0.013580802839393074,0.009913499789375769,0.019819806315216147,0.01748959946612992,0.01595291076740495,-0.0058122228653315665,-0.013184276367067128,0.03157815770839291,0.023999475282687723,0.011836323102922932,-0.011571542245313675,0.019757866449236522,0.011614149224337292,-0.008092673512592224,0.015965924048975857,-0.007346814896271376,0.025991268517986388,0.011917419497492789,-0.006306861401344097,0.023530149880496933,-0.008523388493516823,-0.010001903339668767,0.015987341652114264,-0.006864140547804592,-0.006407965324933438,0.017768022565724052,0.017122897382799103,-0.007051999611242763,0.01770223473287224,-0.0015223729213279878,0.009951260975130147,0.013889496322230929,0.007781190457500217,0.019993587992231422,0.01781910380355657,-0.004686151784467783,-0.004844496321605783,-0.00334018029555571,-0.0071289208779746465,-0.0030785746002600046,-0.0037997709932171735,0.013971774355580797,-0.009153717820587172,0.01589549462380515,-0.007588336843280126,0.005970183111735555,-0.012480669542324683,0.013554767913450278,0.019648695211096127,-0.004386066324845814,-0.007101337669238128,-0.010027507644426337,-0.006090405430448278,0.019620762169845384,0.013990755507582046,0.019764774720301366,0.013959761842588694,0.017690215653884147,-0.0051523109649549885,-0.0019051078177103858,agent4,1
-1,-0.0058150271734187025,-0.004437589583338074,-0.015270671494678752,-0.010474849993170365,-0.004877324405655951,-0.007911309015518835,-0.006933886497132099,0.011780513223755035,0.01599846256895796,-0.0069852114596380185,-0.011690130049661487,0.009926214615414783,-0.006910135901935897,-0.01111034012734691,0.013989319656739494,-0.008208595329589312,0.01799991068725586,0.015966680664501808,-0.0047771965608391816,-0.012613281214710495,0.02720871610857055,-0.008109267385547594,0.017693807702837672,-0.006715259699192605,-0.002968054521118794,-0.004710891086051628,0.013759407038984478,0.023932836624513384,0.01397708661396295,0.015312331055533701,0.017936054959704198,-0.01066523812340868,1,-0.005090223002519584,0.019972221342884185,-0.005006974633128333,-0.011677695487557108,-0.008057191173400164,0.0190923660228582,0.01528392309241316,-0.013580802839393074,0.009913499789375769,0.019819806315216147,0.01748959946612992,0.01595291076740495,-0.0058122228653315665,-0.013184276367067128,0.03157815770839291,0.023999475282687723,0.011836323102922932,-0.011571542245313675,0.019757866449236522,0.011614149224337292,-0.008092673512592224,0.015965924048975857,-0.007346814896271376,0.025991268517986388,0.011917419497492789,-0.006306861401344097,0.023530149880496933,-0.008523388493516823,-0.010001903339668767,0.015987341652114264,-0.006864140547804592,-0.006407965324933438,0.017768022565724052,0.017122897382799103,-0.007051999611242763,0.01770223473287224,-0.0015223729213279878,0.009951260975130147,0.013889496322230929,0.007781190457500217,0.019993587992231422,0.01781910380355657,-0.004686151784467783,-0.004844496321605783,-0.00334018029555571,-0.0071289208779746465,-0.0030785746002600046,-0.0037997709932171735,0.013971774355580797,-0.009153717820587172,0.01589549462380515,-0.007588336843280126,0.005970183111735555,-0.012480669542324683,0.013554767913450278,0.019648695211096127,-0.004386066324845814,-0.007101337669238128,-0.010027507644426337,-0.006090405430448278,0.019620762169845384,0.013990755507582046,0.019764774720301366,0.013959761842588694,0.017690215653884147,-0.0051523109649549885,-0.0019051078177103858,agent19,1
-1,-0.0058150271734187025,-0.004437589583338074,-0.015270671494678752,-0.010474849993170365,-0.004877324405655951,-0.007911309015518835,-0.006933886497132099,0.011780513223755035,0.01599846256895796,-0.0069852114596380185,-0.011690130049661487,0.009926214615414783,-0.006910135901935897,-0.01111034012734691,0.013989319656739494,-0.008208595329589312,0.01799991068725586,0.015966680664501808,-0.0047771965608391816,-0.012613281214710495,0.02720871610857055,-0.008109267385547594,0.017693807702837672,-0.006715259699192605,-0.002968054521118794,-0.004710891086051628,0.013759407038984478,0.023932836624513384,0.01397708661396295,0.015312331055533701,0.017936054959704198,-0.01066523812340868,1,-0.005090223002519584,0.019972221342884185,-0.005006974633128333,-0.011677695487557108,-0.008057191173400164,0.0190923660228582,0.01528392309241316,-0.013580802839393074,0.009913499789375769,0.019819806315216147,0.01748959946612992,0.01595291076740495,-0.0058122228653315665,-0.013184276367067128,0.03157815770839291,0.023999475282687723,0.011836323102922932,-0.011571542245313675,0.019757866449236522,0.011614149224337292,-0.008092673512592224,0.015965924048975857,-0.007346814896271376,0.025991268517986388,0.011917419497492789,-0.006306861401344097,0.023530149880496933,-0.008523388493516823,-0.010001903339668767,0.015987341652114264,-0.006864140547804592,-0.006407965324933438,0.017768022565724052,0.017122897382799103,-0.007051999611242763,0.01770223473287224,-0.0015223729213279878,0.009951260975130147,0.013889496322230929,0.007781190457500217,0.019993587992231422,0.01781910380355657,-0.004686151784467783,-0.004844496321605783,-0.00334018029555571,-0.0071289208779746465,-0.0030785746002600046,-0.0037997709932171735,0.013971774355580797,-0.009153717820587172,0.01589549462380515,-0.007588336843280126,0.005970183111735555,-0.012480669542324683,0.013554767913450278,0.019648695211096127,-0.004386066324845814,-0.007101337669238128,-0.01011803543086968,-0.006090405430448278,0.019620762169845384,0.013990755507582046,0.019764774720301366,0.013959761842588694,0.017690215653884147,-0.0051523109649549885,-0.0019051078177103858,agent91,0.9542119708755532
-1,-0.0058150271734187025,-0.004437589583338074,-0.015270671494678752,-0.010474849993170365,-0.004877324405655951,-0.007911309015518835,-0.006933886497132099,0.011780513223755035,0.01599846256895796,-0.0069852114596380185,-0.011690130049661487,0.009926214615414783,-0.006910135901935897,-0.01111034012734691,0.013989319656739494,-0.008208595329589312,0.01799991068725586,0.015966680664501808,-0.0047771965608391816,-0.012613281214710495,0.02720871610857055,-0.008109267385547594,0.017693807702837672,-0.006715259699192605,-0.002968054521118794,-0.004710891086051628,0.013759407038984478,0.023932836624513384,0.01397708661396295,0.015312331055533701,0.017936054959704198,-0.01066523812340868,1,-0.005090223002519584,0.019972221342884185,-0.005006974633128333,-0.011677695487557108,-0.008057191173400164,0.0190923660228582,0.01528392309241316,-0.013580802839393074,0.009913499789375769,0.019819806315216147,0.01748959946612992,0.01595291076740495,-0.0058122228653315665,-0.013184276367067128,0.03157815770839291,0.023999475282687723,0.011836323102922932,-0.011571542245313675,0.019757866449236522,0.011614149224337292,-0.008092673512592224,0.015965924048975857,-0.007346814896271376,0.025991268517986388,0.011917419497492789,-0.006306861401344097,0.023530149880496933,-0.008523388493516823,-0.010001903339668767,0.015987341652114264,-0.006864140547804592,-0.006407965324933438,0.017768022565724052,0.017122897382799103,-0.007051999611242763,0.01770223473287224,-0.0015223729213279878,0.009951260975130147,0.013889496322230929,0.007781190457500217,0.019993587992231422,0.01781910380355657,-0.004686151784467783,-0.004844496321605783,-0.00334018029555571,-0.0071289208779746465,-0.0030785746002600046,-0.0037997709932171735,0.013971774355580797,-0.009153717820587172,0.01589549462380515,-0.007588336843280126,0.005970183111735555,-0.012480669542324683,0.015504482661789633,0.019648695211096127,-0.004386066324845814,-0.007101337669238128,-0.01011803543086968,-0.006090405430448278,0.019620762169845384,0.013990755507582046,0.019764774720301366,0.013959761842588694,0.017690215653884147,-0.0051523109649549885,-0.0019051078177103858,agent87,-0.6828714719214144
-1,-0.0058150271734187025,-0.004437589583338074,-0.015270671494678752,-0.010474849993170365,-0.004877324405655951,-0.007911309015518835,-0.006933886497132099,0.011780513223755035,0.01599846256895796,-0.0069852114596380185,-0.011690130049661487,0.009926214615414783,-0.006910135901935897,-0.01111034012734691,0.013989319656739494,-0.008208595329589312,0.01799991068725586,0.015966680664501808,-0.0047771965608391816,-0.012613281214710495,0.02720871610857055,-0.008109267385547594,0.017693807702837672,-0.006715259699192605,-0.002968054521118794,-0.004710891086051628,0.013759407038984478,0.023932836624513384,0.01397708661396295,0.015312331055533701,0.017936054959704198,-0.01066523812340868,1,-0.005090223002519584,0.019972221342884185,-0.005006974633128333,-0.011677695487557108,-0.008057191173400164,0.0190923660228582,0.01528392309241316,-0.013580802839393074,0.009913499789375769,0.019819806315216147,0.01748959946612992,0.01595291076740495,-0.0058122228653315665,-0.013184276367067128,0.03157815770839291,0.023999475282687723,0.011836323102922932,-0.011571542245313675,0.019757866449236522,0.011614149224337292,-0.008092673512592224,0.015965924048975857,-0.007346814896271376,0.025991268517986388,0.011917419497492789,-0.006306861401344097,0.023530149880496933,-0.008523388493516823,-0.010001903339668767,0.015987341652114264,-0.006864140547804592,-0.006407965324933438,0.017768022565724052,0.017122897382799103,-0.007051999611242763,0.01770223473287224,-0.0015223729213279878,0.009951260975130147,0.013889496322230929,0.007781190457500217,0.019993587992231422,0.01781910380355657,-0.004686151784467783,-0.004844496321605783,-0.00334018029555571,-0.0071289208779746465,-0.0030785746002600046,-0.0037997709932171735,0.013971774355580797,-0.009153717820587172,0.01589549462380515,-0.007588336843280126,0.005970183111735555,-0.012480669542324683,0.015504482661789633,0.019648695211096127,-0.004386066324845814,-0.007101337669238128,-0.01011803543086968,-0.006090405430448278,0.019620762169845384,0.015990695409947728,0.019764774720301366,0.013959761842588694,0.017690215653884147,-0.0051523109649549885,-0.0019051078177103858,agent94,-0.9890366397195887
-1,-0.0058150271734187025,-0.004437589583338074,-0.015270671494678752,-0.010474849993170365,-0.004877324405655951,-0.007911309015518835,-0.006933886497132099,0.011780513223755035,0.01599846256895796,-0.0069852114596380185,-0.011690130049661487,0.009926214615414783,-0.006910135901935897,-0.01111034012734691,0.013989319656739494,-0.008208595329589312,0.01799991068725586,0.015966680664501808,-0.0047771965608391816,-0.012613281214710495,0.02720871610857055,-0.008109267385547594,0.017693807702837672,-0.006715259699192605,-0.002968054521118794,-0.004710891086051628,0.013759407038984478,0.023932836624513384,0.01397708661396295,0.015312331055533701,0.017936054959704198,-0.01066523812340868,1,-0.005090223002519584,0.019972221342884185,-0.005006974633128333,-0.011677695487557108,-0.008057191173400164,0.0190923660228582,0.01528392309241316,-0.013580802839393074,0.009913499789375769,0.019819806315216147,0.01748959946612992,0.01595291076740495,-0.0058122228653315665,-0.013184276367067128,0.03157815770839291,0.023999475282687723,0.011836323102922932,-0.011571542245313675,0.019757866449236522,0.011614149224337292,-0.008092673512592224,0.015965924048975857,-0.007346814896271376,0.025991268517986388,0.011917419497492789,-0.006306861401344097,0.023530149880496933,-0.008523388493516823,-0.010001903339668767,0.015987341652114264,-0.006864140547804592,-0.006407965324933438,0.017768022565724052,0.017122897382799103,-0.007051999611242763,0.01770223473287224,-0.0015223729213279878,0.009951260975130147,0.013889496322230929,0.007781190457500217,0.019993587992231422,0.01781910380355657,-0.004686151784467783,-0.004844496321605783,-0.00334018029555571,-0.0071289208779746465,-0.0030785746002600046,-0.0037997709932171735,0.013971774355580797,-0.009153717820587172,0.01589549462380515,-0.007588336843280126,0.005970183111735555,-0.012480669542324683,0.015504482661789633,0.019648695211096127,-0.004386066324845814,-0.007101337669238128,-0.01011803543086968,-0.006090405430448278,0.019620762169845384,0.015990695409947728,0.019764774720301366,0.013959761842588694,0.017690215653884147,-0.0051523109649549885,-0.0019051078177103858,agent21,1
-1,-0.0058150271734187025,-0.004437589583338074,-0.015270671494678752,-0.010474849993170365,-0.004877324405655951,-0.007911309015518835,-0.006933886497132099,0.011780513223755035,0.01599846256895796,-0.0069852114596380185,-0.011690130049661487,0.009926214615414783,-0.006910135901935897,-0.01111034012734691,0.013989319656739494,-0.008208595329589312,0.01799991068725586,0.015966680664501808,-0.0047771965608391816,-0.012613281214710495,0.02720871610857055,-0.008109267385547594,0.017693807702837672,-0.006715259699192605,-0.002968054521118794,-0.004710891086051628,0.013759407038984478,0.023932836624513384,0.01397708661396295,0.015312331055533701,0.017936054959704198,-0.01066523812340868,1,-0.005090223002519584,0.019972221342884185,-0.005006974633128333,-0.011677695487557108,-0.008057191173400164,0.0190923660228582,0.01528392309241316,-0.013580802839393074,0.009913499789375769,0.019819806315216147,0.01748959946612992,0.01595291076740495,-0.0058122228653315665,-0.013184276367067128,0.03157815770839291,0.023999475282687723,0.011836323102922932,-0.011571542245313675,0.019757866449236522,0.011614149224337292,-0.008092673512592224,0.015965924048975857,-0.007346814896271376,0.025991268517986388,0.011917419497492789,-0.006306861401344097,0.023530149880496933,-0.008523388493516823,-0.010001903339668767,0.015987341652114264,-0.006864140547804592,-0.006407965324933438,0.017768022565724052,0.017122897382799103,-0.007051999611242763,0.01770223473287224,-0.0015223729213279878,0.009951260975130147,0.013889496322230929,0.007781190457500217,0.019993587992231422,0.01781910380355657,-0.004686151784467783,-0.004844496321605783,-0.00334018029555571,-0.0071289208779746465,-0.0030785746002600046,-0.0037997709932171735,0.013971774355580797,-0.009153717820587172,0.01589549462380515,-0.007588336843280126,0.005970183111735555,-0.012480669542324683,0.015504482661789633,0.019648695211096127,-0.004386066324845814,-0.007101337669238128,-0.01011803543086968,-0.006090405430448278,0.019620762169845384,0.015990695409947728,0.019764774720301366,0.013959761842588694,0.017690215653884147,-0.0051523109649549885,-0.0019051078177103858,agent67,1
-1,-0.0058150271734187025,-0.004437589583338074,-0.015270671494678752,-0.010474849993170365,-0.004877324405655951,-0.007911309015518835,-0.006933886497132099,0.011780513223755035,0.01599846256895796,-0.0069852114596380185,-0.011690130049661487,0.009926214615414783,-0.006910135901935897,-0.01111034012734691,0.013989319656739494,-0.008208595329589312,0.01799991068725586,0.015966680664501808,-0.0047771965608391816,-0.012613281214710495,0.02720871610857055,-0.008109267385547594,0.017693807702837672,-0.006715259699192605,-0.002968054521118794,-0.004710891086051628,0.013759407038984478,0.023932836624513384,0.01397708661396295,0.015312331055533701,0.017936054959704198,-0.01066523812340868,1,-0.005090223002519584,0.019972221342884185,-0.005006974633128333,-0.011677695487557108,-0.008057191173400164,0.0190923660228582,0.01528392309241316,-0.013580802839393074,0.009913499789375769,0.019819806315216147,0.01748959946612992,0.01595291076740495,-0.0058122228653315665,-0.013184276367067128,0.03157815770839291,0.023999475282687723,0.011836323102922932,-0.011571542245313675,0.019757866449236522,0.011614149224337292,-0.008092673512592224,0.015965924048975857,-0.007346814896271376,0.025991268517986388,0.011917419497492789,-0.006306861401344097,0.023530149880496933,-0.008523388493516823,-0.010001903339668767,0.015987341652114264,-0.006864140547804592,-0.006407965324933438,0.017768022565724052,0.017122897382799103,-0.007051999611242763,0.01770223473287224,-0.0015223729213279878,0.009951260975130147,0.013889496322230929,0.007781190457500217,0.019993587992231422,0.01781910380355657,-0.004686151784467783,-0.004844496321605783,-0.00334018029555571,-0.0071289208779746465,-0.0030785746002600046,-0.0037997709932171735,0.013971774355580797,-0.009153717820587172,0.01589549462380515,-0.007588336843280126,0.005970183111735555,-0.012480669542324683,0.015504482661789633,0.019648695211096127,-0.004386066324845814,-0.007101337669238128,-0.01011803543086968,-0.006090405430448278,0.019620762169845384,0.015990695409947728,0.019764774720301366,0.013959761842588694,0.017690215653884147,-0.0051523109649549885,-0.0019051078177103858,agent24,1
-1,-0.0058150271734187025,-0.004437589583338074,-0.015270671494678752,-0.010474849993170365,-0.004877324405655951,-0.007911309015518835,-0.006933886497132099,0.011780513223755035,0.01599846256895796,-0.0069852114596380185,-0.011690130049661487,0.009926214615414783,-0.006910135901935897,-0.01111034012734691,0.013989319656739494,-0.008208595329589312,0.01799991068725586,0.015966680664501808,-0.0047771965608391816,-0.012613281214710495,0.02720871610857055,-0.008109267385547594,0.017693807702837672,-0.006715259699192605,-0.002968054521118794,-0.004710891086051628,0.013759407038984478,0.023932836624513384,0.01397708661396295,0.015312331055533701,0.017936054959704198,-0.01066523812340868,1,-0.005090223002519584,0.019972221342884185,-0.005006974633128333,-0.011677695487557108,-0.008057191173400164,0.0190923660228582,0.01528392309241316,-0.013580802839393074,0.009913499789375769,0.019819806315216147,0.01748959946612992,0.01595291076740495,-0.0058122228653315665,-0.013184276367067128,0.03157815770839291,0.023999475282687723,0.011836323102922932,-0.011571542245313675,0.019757866449236522,0.011614149224337292,-0.008092673512592224,0.015965924048975857,-0.007346814896271376,0.025991268517986388,0.011917419497492789,-0.006306861401344097,0.023530149880496933,-0.008523388493516823,-0.010001903339668767,0.015987341652114264,-0.006864140547804592,-0.006407965324933438,0.017768022565724052,0.017122897382799103,-0.007051999611242763,0.01770223473287224,-0.0015223729213279878,0.009951260975130147,0.013889496322230929,0.007781190457500217,0.019993587992231422,0.01781910380355657,-0.004686151784467783,-0.004844496321605783,-0.00334018029555571,-0.0071289208779746465,-0.0030785746002600046,-0.0037997709932171735,0.013971774355580797,-0.009153717820587172,0.01589549462380515,-0.007588336843280126,0.005970183111735555,-0.012480669542324683,0.015504482661789633,0.019648695211096127,-0.004386066324845814,-0.007101337669238128,-0.01011803543086968,-0.006090405430448278,0.019620762169845384,0.015990695409947728,0.019764774720301366,0.013959761842588694,0.017690215653884147,-0.0051523109649549885,-0.0019051078177103858,agent86,1
-1,-0.0058150271734187025,-0.004437589583338074,-0.015270671494678752,-0.010474849993170365,-0.004877324405655951,-0.007911309015518835,-0.006933886497132099,0.011780513223755035,0.01599846256895796,-0.0069852114596380185,-0.011690130049661487,0.009926214615414783,-0.006910135901935897,-0.01111034012734691,0.013989319656739494,-0.008208595329589312,0.01799991068725586,0.015966680664501808,-0.0047771965608391816,-0.012613281214710495,0.02720871610857055,-0.008109267385547594,0.017693807702837672,-0.006715259699192605,-0.002968054521118794,-0.004710891086051628,0.013759407038984478,0.023932836624513384,0.01397708661396295,0.015312331055533701,0.017936054959704198,-0.01066523812340868,1,-0.005090223002519584,0.019972221342884185,-0.005006974633128333,-0.011677695487557108,-0.008057191173400164,0.0190923660228582,0.01528392309241316,-0.013580802839393074,0.009913499789375769,0.019819806315216147,0.01748959946612992,0.01595291076740495,-0.0058122228653315665,-0.013184276367067128,0.03157815770839291,0.023999475282687723,0.011836323102922932,-0.011571542245313675,0.019757866449236522,0.011614149224337292,-0.008092673512592224,0.015965924048975857,-0.007346814896271376,0.025991268517986388,0.011917419497492789,-0.006306861401344097,0.023530149880496933,-0.008523388493516823,-0.010001903339668767,0.015987341652114264,-0.006864140547804592,-0.006407965324933438,0.017768022565724052,0.017122897382799103,-0.007051999611242763,0.01770223473287224,-0.0015223729213279878,0.009951260975130147,0.013889496322230929,0.007781190457500217,0.019993587992231422,0.01781910380355657,-0.004686151784467783,-0.004844496321605783,-0.00334018029555571,-0.0071289208779746465,-0.0030785746002600046,-0.0037997709932171735,0.013971774355580797,-0.009153717820587172,0.01589549462380515,-0.007588336843280126,0.005970183111735555,-0.012480669542324683,0.015504482661789633,0.019648695211096127,-0.004386066324845814,-0.007101337669238128,-0.01011803543086968,-0.006090405430448278,0.019620762169845384,0.015990695409947728,0.019764774720301366,0.013959761842588694,0.017690215653884147,-0.0051523109649549885,-0.0019051078177103858,agent76,1
-1,-0.0058150271734187025,-0.004437589583338074,-0.015270671494678752,-0.010474849993170365,-0.004877324405655951,-0.007911309015518835,-0.006933886497132099,0.011780513223755035,0.01599846256895796,-0.0069852114596380185,-0.011690130049661487,0.009926214615414783,-0.006910135901935897,-0.01111034012734691,0.013989319656739494,-0.008208595329589312,0.01799991068725586,0.015966680664501808,-0.0047771965608391816,-0.012613281214710495,0.02720871610857055,-0.008109267385547594,0.017693807702837672,-0.006715259699192605,-0.002968054521118794,-0.004710891086051628,0.013759407038984478,0.023932836624513384,0.01397708661396295,0.015312331055533701,0.017936054959704198,-0.01066523812340868,1,-0.005090223002519584,0.019972221342884185,-0.005006974633128333,-0.011677695487557108,-0.008057191173400164,0.0190923660228582,0.01528392309241316,-0.013580802839393074,0.009913499789375769,0.019819806315216147,0.01748959946612992,0.01595291076740495,-0.0058122228653315665,-0.013184276367067128,0.03157815770839291,0.023999475282687723,0.011836323102922932,-0.011571542245313675,0.019757866449236522,0.011614149224337292,-0.008092673512592224,0.015965924048975857,-0.007346814896271376,0.025991268517986388,0.011917419497492789,-0.006306861401344097,0.023530149880496933,-0.008523388493516823,-0.010001903339668767,0.015987341652114264,-0.006864140547804592,-0.006407965324933438,0.017768022565724052,0.017122897382799103,-0.007051999611242763,0.01770223473287224,-0.0015223729213279878,0.009951260975130147,0.013889496322230929,0.009741580039936849,0.019993587992231422,0.01781910380355657,-0.004686151784467783,-0.004844496321605783,-0.00334018029555571,-0.0071289208779746465,-0.0030785746002600046,-0.0037997709932171735,0.013971774355580797,-0.009153717820587172,0.01589549462380515,-0.007588336843280126,0.005970183111735555,-0.012480669542324683,0.015504482661789633,0.019648695211096127,-0.004386066324845814,-0.007101337669238128,-0.01011803543086968,-0.006090405430448278,0.019620762169845384,0.015990695409947728,0.019764774720301366,0.013959761842588694,0.017690215653884147,-0.0051523109649549885,-0.0019051078177103858,agent72,-0.7185380396452544
-1,-0.0058150271734187025,-0.004437589583338074,-0.015270671494678752,-0.010474849993170365,-0.004877324405655951,-0.007911309015518835,-0.006933886497132099,0.011780513223755035,0.01599846256895796,-0.0069852114596380185,-0.011690130049661487,0.009926214615414783,-0.006910135901935897,-0.01111034012734691,0.013989319656739494,-0.008208595329589312,0.01799991068725586,0.015966680664501808,-0.0047771965608391816,-0.012613281214710495,0.02720871610857055,-0.008109267385547594,0.017693807702837672,-0.006715259699192605,-0.002968054521118794,-0.004710891086051628,0.013759407038984478,0.023932836624513384,0.01397708661396295,0.015312331055533701,0.017936054959704198,-0.01066523812340868,1,-0.005090223002519584,0.019972221342884185,-0.005006974633128333,-0.011677695487557108,-0.008057191173400164,0.0190923660228582,0.01528392309241316,-0.013580802839393074,0.009913499789375769,0.019819806315216147,0.01748959946612992,0.01595291076740495,-0.0058122228653315665,-0.013184276367067128,0.03157815770839291,0.023999475282687723,0.011836323102922932,-0.011571542245313675,0.019757866449236522,0.011614149224337292,-0.008092673512592224,0.015965924048975857,-0.007346814896271376,0.025991268517986388,0.011917419497492789,-0.006306861401344097,0.023530149880496933,-0.008523388493516823,-0.010001903339668767,0.015987341652114264,-0.006864140547804592,-0.006407965324933438,0.017768022565724052,0.017122897382799103,-0.007051999611242763,0.01770223473287224,-0.0015223729213279878,0.009951260975130147,0.013889496322230929,0.009741580039936849,0.021993587992231424,0.01781910380355657,-0.004686151784467783,-0.004844496321605783,-0.00334018029555571,-0.0071289208779746465,-0.0030785746002600046,-0.0037997709932171735,0.013971774355580797,-0.009153717820587172,0.01589549462380515,-0.007588336843280126,0.005970183111735555,-0.012480669542324683,0.015504482661789633,0.019648695211096127,-0.004386066324845814,-0.007101337669238128,-0.01011803543086968,-0.006090405430448278,0.019620762169845384,0.015990695409947728,0.019764774720301366,0.013959761842588694,0.017690215653884147,-0.0051523109649549885,-0.0019051078177103858,agent73,-1
-1,-0.0058150271734187025,-0.004437589583338074,-0.015270671494678752,-0.010474849993170365,-0.004877324405655951,-0.007911309015518835,-0.006933886497132099,0.011780513223755035,0.01599846256895796,-0.0069852114596380185,-0.011690130049661487,0.009926214615414783,-0.006910135901935897,-0.01111034012734691,0.013989319656739494,-0.008208595329589312,0.01799991068725586,0.015966680664501808,-0.0047771965608391816,-0.012613281214710495,0.02720871610857055,-0.008109267385547594,0.017693807702837672,-0.006715259699192605,-0.002968054521118794,-0.004710891086051628,0.013759407038984478,0.023932836624513384,0.01397708661396295,0.015312331055533701,0.017936054959704198,-0.01066523812340868,1,-0.005090223002519584,0.019972221342884185,-0.005006974633128333,-0.011677695487557108,-0.008057191173400164,0.0190923660228582,0.01528392309241316,-0.013580802839393074,0.009913499789375769,0.019819806315216147,0.01748959946612992,0.01595291076740495,-0.0058122228653315665,-0.013184276367067128,0.03157815770839291,0.023999475282687723,0.011836323102922932,-0.011571542245313675,0.019757866449236522,0.011614149224337292,-0.008092673512592224,0.015965924048975857,-0.007346814896271376,0.025991268517986388,0.011917419497492789,-0.006306861401344097,0.023530149880496933,-0.008523388493516823,-0.010001903339668767,0.015987341652114264,-0.006864140547804592,-0.006407965324933438,0.017768022565724052,0.017122897382799103,-0.007051999611242763,0.01770223473287224,-0.0015223729213279878,0.009951260975130147,0.013889496322230929,0.009741580039936849,0.021993587992231424,0.01781910380355657,-0.004686151784467783,-0.004844496321605783,-0.00334018029555571,-0.0071289208779746465,-0.0030785746002600046,-0.0037997709932171735,0.013971774355580797,-0.009153717820587172,0.01589549462380515,-0.007588336843280126,0.005970183111735555,-0.012480669542324683,0.015504482661789633,0.019648695211096127,-0.004386066324845814,-0.007101337669238128,-0.01011803543086968,-0.006090405430448278,0.019620762169845384,0.015990695409947728,0.019764774720301366,0.013959761842588694,0.017690215653884147,-0.0051523109649549885,-0.0019051078177103858,agent32,-1
-1,-0.0058150271734187025,-0.004437589583338074,-0.015270671494678752,-0.010474849993170365,-0.004877324405655951,-0.007911309015518835,-0.006933886497132099,0.011780513223755035,0.01599846256895796,-0.0069852114596380185,-0.011690130049661487,0.009926214615414783,-0.006910135901935897,-0.01111034012734691,0.013989319656739494,-0.008208595329589312,0.01799991068725586,0.015966680664501808,-0.0047771965608391816,-0.012613281214710495,0.02720871610857055,-0.008109267385547594,0.017693807702837672,-0.006715259699192605,-0.002968054521118794,-0.004710891086051628,0.013759407038984478,0.023932836624513384,0.01397708661396295,0.015312331055533701,0.017936054959704198,-0.01066523812340868,1,-0.005090223002519584,0.019972221342884185,-0.005006974633128333,-0.011677695487557108,-0.008057191173400164,0.0190923660228582,0.01528392309241316,-0.013580802839393074,0.009913499789375769,0.019819806315216147,0.01748959946612992,0.01595291076740495,-0.0058122228653315665,-0.013184276367067128,0.03157815770839291,0.023999475282687723,0.011836323102922932,-0.011571542245313675,0.019757866449236522,0.011614149224337292,-0.008092673512592224,0.015965924048975857,-0.007346814896271376,0.025991268517986388,0.011917419497492789,-0.006306861401344097,0.023530149880496933,-0.008523388493516823,-0.010001903339668767,0.015987341652114264,-0.006864140547804592,-0.006407965324933438,0.017768022565724052,0.017122897382799103,-0.007051999611242763,0.01770223473287224,-0.0015223729213279878,0.009951260975130147,0.013889496322230929,0.009741580039936849,0.021993587992231424,0.01781910380355657,-0.004686151784467783,-0.004844496321605783,-0.00334018029555571,-0.0071289208779746465,-0.0030785746002600046,-0.0037997709932171735,0.013971774355580797,-0.009153717820587172,0.01589549462380515,-0.007588336843280126,0.005970183111735555,-0.012480669542324683,0.015504482661789633,0.019648695211096127,-0.004386066324845814,-0.007101337669238128,-0.01011803543086968,-0.006090405430448278,0.019620762169845384,0.015990695409947728,0.019764774720301366,0.013959761842588694,0.017690215653884147,-0.0051523109649549885,-0.0019051078177103858,agent45,1
-1,-0.0058150271734187025,-0.004437589583338074,-0.015270671494678752,-0.010474849993170365,-0.004877324405655951,-0.007911309015518835,-0.006933886497132099,0.011780513223755035,0.01599846256895796,-0.0069852114596380185,-0.011690130049661487,0.009926214615414783,-0.006910135901935897,-0.01111034012734691,0.013989319656739494,-0.008208595329589312,0.01799991068725586,0.015966680664501808,-0.0047771965608391816,-0.012613281214710495,0.02720871610857055,-0.008109267385547594,0.017693807702837672,-0.006715259699192605,-0.002968054521118794,-0.004710891086051628,0.013759407038984478,0.023932836624513384,0.01397708661396295,0.015312331055533701,0.017936054959704198,-0.01066523812340868,1,-0.005090223002519584,0.019972221342884185,-0.005006974633128333,-0.011677695487557108,-0.008057191173400164,0.0190923660228582,0.01528392309241316,-0.013580802839393074,0.009913499789375769,0.019819806315216147,0.01748959946612992,0.01595291076740495,-0.0058122228653315665,-0.013184276367067128,0.03157815770839291,0.023999475282687723,0.011836323102922932,-0.011571542245313675,0.019757866449236522,0.011614149224337292,-0.008092673512592224,0.015965924048975857,-0.007346814896271376,0.025991268517986388,0.011917419497492789,-0.006306861401344097,0.023530149880496933,-0.008523388493516823,-0.010001903339668767,0.015987341652114264,-0.006864140547804592,-0.006407965324933438,0.017768022565724052,0.017122897382799103,-0.007051999611242763,0.01770223473287224,-0.0015223729213279878,0.009951260975130147,0.013889496322230929,0.009741580039936849,0.021993587992231424,0.01781910380355657,-0.004686151784467783,-0.004844496321605783,-0.00334018029555571,-0.0071289208779746465,-0.0030785746002600046,-0.0037997709932171735,0.013971774355580797,-0.009153717820587172,0.01589549462380515,-0.007588336843280126,0.005970183111735555,-0.012480669542324683,0.015504482661789633,0.019648695211096127,-0.004386066324845814,-0.007101337669238128,-0.01011803543086968,-0.006090405430448278,0.019620762169845384,0.015990695409947728,0.019764774720301366,0.013959761842588694,0.017690215653884147,-0.0051523109649549885,-0.0019051078177103858,agent63,1
-1,-0.0058150271734187025,-0.004437589583338074,-0.015270671494678752,-0.010474849993170365,-0.004877324405655951,-0.007911309015518835,-0.006933886497132099,0.011780513223755035,0.01599846256895796,-0.0069852114596380185,-0.011690130049661487,0.009926214615414783,-0.006910135901935897,-0.01111034012734691,0.013989319656739494,-0.008208595329589312,0.01799991068725586,0.015966680664501808,-0.0047771965608391816,-0.012613281214710495,0.02720871610857055,-0.008109267385547594,0.017693807702837672,-0.006715259699192605,-0.002968054521118794,-0.004710891086051628,0.013759407038984478,0.023932836624513384,0.01397708661396295,0.015312331055533701,0.017936054959704198,-0.01066523812340868,1,-0.005090223002519584,0.019972221342884185,-0.005006974633128333,-0.011677695487557108,-0.008057191173400164,0.0190923660228582,0.01528392309241316,-0.013580802839393074,0.009913499789375769,0.019819806315216147,0.01748959946612992,0.01595291076740495,-0.0058122228653315665,-0.013184276367067128,0.03157815770839291,0.023999475282687723,0.011836323102922932,-0.011571542245313675,0.019757866449236522,0.011614149224337292,-0.008092673512592224,0.015965924048975857,-0.007346814896271376,0.025991268517986388,0.011917419497492789,-0.006306861401344097,0.023530149880496933,-0.008523388493516823,-0.010001903339668767,0.015987341652114264,-0.006864140547804592,-0.006407965324933438,0.017768022565724052,0.017122897382799103,-0.007051999611242763,0.01770223473287224,-0.0015223729213279878,0.009951260975130147,0.013889496322230929,0.009741580039936849,0.021993587992231424,0.01781910380355657,-0.004686151784467783,-0.004844496321605783,-0.00334018029555571,-0.0071289208779746465,-0.0030785746002600046,-0.0037997709932171735,0.013971774355580797,-0.009153717820587172,0.01589549462380515,-0.007588336843280126,0.005970183111735555,-0.012480669542324683,0.015504482661789633,0.019648695211096127,-0.004386066324845814,-0.007101337669238128,-0.01011803543086968,-0.006090405430448278,0.019620762169845384,0.015990695409947728,0.019764774720301366,0.013959761842588694,0.017690215653884147,-0.0051523109649549885,-0.0019051078177103858,agent10,1
-1,-0.0058150271734187025,-0.004437589583338074,-0.015270671494678752,-0.010474849993170365,-0.004877324405655951,-0.007911309015518835,-0.006933886497132099,0.011780513223755035,0.01599846256895796,-0.0069852114596380185,-0.011690130049661487,0.009926214615414783,-0.006910135901935897,-0.01111034012734691,0.013989319656739494,-0.008208595329589312,0.01799991068725586,0.015966680664501808,-0.0047771965608391816,-0.012613281214710495,0.02720871610857055,-0.008109267385547594,0.017693807702837672,-0.006715259699192605,-0.002968054521118794,-0.004710891086051628,0.013759407038984478,0.023932836624513384,0.01397708661396295,0.017312331055533703,0.017936054959704198,-0.01066523812340868,1,-0.005090223002519584,0.019972221342884185,-0.005006974633128333,-0.011677695487557108,-0.008057191173400164,0.0190923660228582,0.01528392309241316,-0.013580802839393074,0.009913499789375769,0.019819806315216147,0.01748959946612992,0.01595291076740495,-0.0058122228653315665,-0.013184276367067128,0.03157815770839291,0.023999475282687723,0.011836323102922932,-0.011571542245313675,0.019757866449236522,0.011614149224337292,-0.008092673512592224,0.015965924048975857,-0.007346814896271376,0.025991268517986388,0.011917419497492789,-0.006306861401344097,0.023530149880496933,-0.008523388493516823,-0.010001903339668767,0.015987341652114264,-0.006864140547804592,-0.006407965324933438,0.017768022565724052,0.017122897382799103,-0.007051999611242763,0.01770223473287224,-0.0015223729213279878,0.009951260975130147,0.013889496322230929,0.009741580039936849,0.021993587992231424,0.01781910380355657,-0.004686151784467783,-0.004844496321605783,-0.00334018029555571,-0.0071289208779746465,-0.0030785746002600046,-0.0037997709932171735,0.013971774355580797,-0.009153717820587172,0.01589549462380515,-0.007588336843280126,0.005970183111735555,-0.012480669542324683,0.015504482661789633,0.019648695211096127,-0.004386066324845814,-0.007101337669238128,-0.01011803543086968,-0.006090405430448278,0.019620762169845384,0.015990695409947728,0.019764774720301366,0.013959761842588694,0.017690215653884147,-0.0051523109649549885,-0.0019051078177103858,agent29,-1
-1,-0.0058150271734187025,-0.004437589583338074,-0.015270671494678752,-0.010474849993170365,-0.004877324405655951,-0.007911309015518835,-0.006933886497132099,0.011780513223755035,0.01599846256895796,-0.0069852114596380185,-0.011690130049661487,0.009926214615414783,-0.006910135901935897,-0.01111034012734691,0.013989319656739494,-0.008208595329589312,0.01799991068725586,0.015966680664501808,-0.0047771965608391816,-0.012613281214710495,0.02720871610857055,-0.008109267385547594,0.017693807702837672,-0.006715259699192605,-0.002968054521118794,-0.004710891086051628,0.013759407038984478,0.023932836624513384,0.01397708661396295,0.017312331055533703,0.017936054959704198,-0.01066523812340868,1,-0.005090223002519584,0.019972221342884185,-0.005006974633128333,-0.011677695487557108,-0.008057191173400164,0.0190923660228582,0.01528392309241316,-0.013580802839393074,0.009913499789375769,0.019819806315216147,0.01748959946612992,0.01595291076740495,-0.0058122228653315665,-0.013184276367067128,0.03157815770839291,0.023999475282687723,0.011836323102922932,-0.011571542245313675,0.019757866449236522,0.011614149224337292,-0.008092673512592224,0.015965924048975857,-0.007346814896271376,0.025991268517986388,0.011917419497492789,-0.006306861401344097,0.023530149880496933,-0.008523388493516823,-0.010001903339668767,0.015987341652114264,-0.006864140547804592,-0.006407965324933438,0.017768022565724052,0.017122897382799103,-0.007051999611242763,0.01770223473287224,-0.0015223729213279878,0.009951260975130147,0.013889496322230929,0.009741580039936849,0.021993587992231424,0.01781910380355657,-0.004686151784467783,-0.004844496321605783,-0.00334018029555571,-0.0071289208779746465,-0.0030785746002600046,-0.0037997709932171735,0.013971774355580797,-0.009153717820587172,0.01589549462380515,-0.007588336843280126,0.005970183111735555,-0.012480669542324683,0.015504482661789633,0.019648695211096127,-0.004386066324845814,-0.007101337669238128,-0.01011803543086968,-0.006090405430448278,0.019620762169845384,0.015990695409947728,0.019764774720301366,0.013959761842588694,0.017690215653884147,-0.0051523109649549885,-0.0019051078177103858,agent86,1
-1,-0.0058150271734187025,-0.004437589583338074,-0.015270671494678752,-0.010474849993170365,-0.004877324405655951,-0.007911309015518835,-0.006933886497132099,0.011780513223755035,0.01599846256895796,-0.0069852114596380185,-0.011690130049661487,0.009926214615414783,-0.006910135901935897,-0.01111034012734691,0.013989319656739494,-0.008208595329589312,0.01799991068725586,0.015966680664501808,-0.0047771965608391816,-0.012613281214710495,0.02720871610857055,-0.008109267385547594,0.017693807702837672,-0.006715259699192605,-0.002968054521118794,-0.004710891086051628,0.013759407038984478,0.023932836624513384,0.01397708661396295,0.017312331055533703,0.017936054959704198,-0.01066523812340868,1,-0.005090223002519584,0.019972221342884185,-0.005006974633128333,-0.011677695487557108,-0.008057191173400164,0.0190923660228582,0.01528392309241316,-0.013580802839393074,0.009913499789375769,0.019819806315216147,0.01748959946612992,0.01595291076740495,-0.0058122228653315665,-0.013184276367067128,0.03157815770839291,0.023999475282687723,0.011836323102922932,-0.011571542245313675,0.019757866449236522,0.011614149224337292,-0.008092673512592224,0.015965924048975857,-0.007346814896271376,0.025991268517986388,0.011917419497492789,-0.006306861401344097,0.023530149880496933,-0.008523388493516823,-0.010001903339668767,0.015987341652114264,-0.006864140547804592,-0.006407965324933438,0.017768022565724052,0.017122897382799103,-0.007051999611242763,0.01770223473287224,-0.0015223729213279878,0.009951260975130147,0.013889496322230929,0.009741580039936849,0.021993587992231424,0.01781910380355657,-0.004686151784467783,-0.004844496321605783,-0.00334018029555571,-0.0071289208779746465,-0.0030785746002600046,-0.0037997709932171735,0.013971774355580797,-0.009153717820587172,0.01589549462380515,-0.007588336843280126,0.005970183111735555,-0.012480669542324683,0.015504482661789633,0.019648695211096127,-0.004386066324845814,-0.007101337669238128,-0.01011803543086968,-0.006090405430448278,0.019620762169845384,0.015990695409947728,0.019764774720301366,0.013959761842588694,0.017690215653884147,-0.0051523109649549885,-0.0019051078177103858,agent32,-1
-1,-0.0058150271734187025,-0.004437589583338074,-0.015270671494678752,-0.010474849993170365,-0.004877324405655951,-0.007911309015518835,-0.006933886497132099,0.011780513223755035,0.01599846256895796,-0.0069852114596380185,-0.011690130049661487,0.009926214615414783,-0.006910135901935897,-0.01111034012734691,0.013989319656739494,-0.008208595329589312,0.01799991068725586,0.015966680664501808,-0.0047771965608391816,-0.012613281214710495,0.02720871610857055,-0.008109267385547594,0.017693807702837672,-0.006715259699192605,-0.002968054521118794,-0.004710891086051628,0.013759407038984478,0.023932836624513384,0.01397708661396295,0.017312331055533703,0.017936054959704198,-0.01066523812340868,1,-0.005090223002519584,0.019972221342884185,-0.005006974633128333,-0.011677695487557108,-0.008057191173400164,0.0190923660228582,0.01528392309241316,-0.013580802839393074,0.009913499789375769,0.019819806315216147,0.01748959946612992,0.01595291076740495,-0.0058122228653315665,-0.013184276367067128,0.03157815770839291,0.02599947528268772,0.011836323102922932,-0.011571542245313675,0.019757866449236522,0.011614149224337292,-0.008092673512592224,0.015965924048975857,-0.007346814896271376,0.025991268517986388,0.011917419497492789,-0.006306861401344097,0.023530149880496933,-0.008523388493516823,-0.010001903339668767,0.015987341652114264,-0.006864140547804592,-0.006407965324933438,0.017768022565724052,0.017122897382799103,-0.007051999611242763,0.01770223473287224,-0.0015223729213279878,0.009951260975130147,0.013889496322230929,0.009741580039936849,0.021993587992231424,0.01781910380355657,-0.004686151784467783,-0.004844496321605783,-0.00334018029555571,-0.0071289208779746465,-0.0030785746002600046,-0.0037997709932171735,0.013971774355580797,-0.009153717820587172,0.01589549462380515,-0.007588336843280126,0.005970183111735555,-0.012480669542324683,0.015504482661789633,0.019648695211096127,-0.004386066324845814,-0.007101337669238128,-0.01011803543086968,-0.006090405430448278,0.019620762169845384,0.015990695409947728,0.019764774720301366,0.013959761842588694,0.017690215653884147,-0.0051523109649549885,-0.0019051078177103858,agent48,-1
-1,-0.0058150271734187025,-0.004437589583338074,-0.015270671494678752,-0.010474849993170365,-0.004877324405655951,-0.007911309015518835,-0.006933886497132099,0.011780513223755035,0.01599846256895796,-0.0069852114596380185,-0.011690130049661487,0.009926214615414783,-0.006910135901935897,-0.01111034012734691,0.013989319656739494,-0.008208595329589312,0.01799991068725586,0.015966680664501808,-0.0047771965608391816,-0.012613281214710495,0.02720871610857055,-0.008109267385547594,0.017693807702837672,-0.006715259699192605,-0.002968054521118794,-0.004710891086051628,0.013759407038984478,0.023932836624513384,0.01397708661396295,0.017312331055533703,0.017936054959704198,-0.01066523812340868,1,-0.005090223002519584,0.019972221342884185,-0.005006974633128333,-0.011677695487557108,-0.008057191173400164,0.0190923660228582,0.01528392309241316,-0.013580802839393074,0.009913499789375769,0.019819806315216147,0.01748959946612992,0.01595291076740495,-0.0058122228653315665,-0.013184276367067128,0.03157815770839291,0.02599947528268772,0.011836323102922932,-0.011571542245313675,0.019757866449236522,0.011614149224337292,-0.008092673512592224,0.015965924048975857,-0.007346814896271376,0.025991268517986388,0.011917419497492789,-0.006306861401344097,0.023530149880496933,-0.008523388493516823,-0.010001903339668767,0.015987341652114264,-0.006864140547804592,-0.006407965324933438,0.017768022565724052,0.017122897382799103,-0.007051999611242763,0.01770223473287224,-0.0015223729213279878,0.009951260975130147,0.013889496322230929,0.009741580039936849,0.021993587992231424,0.01781910380355657,-0.004686151784467783,-0.004844496321605783,-0.00334018029555571,-0.0071289208779746465,-0.0030785746002600046,-0.0037997709932171735,0.013971774355580797,-0.009153717820587172,0.01589549462380515,-0.007588336843280126,0.005970183111735555,-0.012480669542324683,0.015504482661789633,0.019648695211096127,-0.004386066324845814,-0.007101337669238128,-0.01011803543086968,-0.006090405430448278,0.019620762169845384,0.015990695409947728,0.019764774720301366,0.013959761842588694,0.017690215653884147,-0.0051523109649549885,-0.0019051078177103858,agent80,1
-1,-0.0058150271734187025,-0.004437589583338074,-0.015270671494678752,-0.010474849993170365,-0.004877324405655951,-0.007911309015518835,-0.006933886497132099,0.011780513223755035,0.01599846256895796,-0.0069852114596380185,-0.011690130049661487,0.009926214615414783,-0.006910135901935897,-0.01111034012734691,0.013989319656739494,-0.008208595329589312,0.01799991068725586,0.015966680664501808,-0.0047771965608391816,-0.012613281214710495,0.02720871610857055,-0.008109267385547594,0.017693807702837672,-0.006715259699192605,-0.002968054521118794,-0.004710891086051628,0.013759407038984478,0.023932836624513384,0.01397708661396295,0.017312331055533703,0.017936054959704198,-0.01066523812340868,1,-0.005090223002519584,0.019972221342884185,-0.005006974633128333,-0.011677695487557108,-0.008057191173400164,0.0190923660228582,0.01528392309241316,-0.013580802839393074,0.009913499789375769,0.019819806315216147,0.01748959946612992,0.01595291076740495,-0.0058122228653315665,-0.013184276367067128,0.03157815770839291,0.02599947528268772,0.011836323102922932,-0.011571542245313675,0.019757866449236522,0.011614149224337292,-0.008092673512592224,0.015965924048975857,-0.007346814896271376,0.025991268517986388,0.011917419497492789,-0.006306861401344097,0.023530149880496933,-0.008523388493516823,-0.010001903339668767,0.015987341652114264,-0.006864140547804592,-0.006407965324933438,0.017768022565724052,0.017122897382799103,-0.007051999611242763,0.01770223473287224,-0.0015223729213279878,0.009951260975130147,0.013889496322230929,0.009741580039936849,0.021993587992231424,0.01781910380355657,-0.004686151784467783,-0.004844496321605783,-0.00334018029555571,-0.0071289208779746465,-0.0030785746002600046,-0.0037997709932171735,0.013971774355580797,-0.009153717820587172,0.01589549462380515,-0.007588336843280126,0.005970183111735555,-0.012480669542324683,0.015504482661789633,0.019648695211096127,-0.004386066324845814,-0.007101337669238128,-0.01011803543086968,-0.006090405430448278,0.019620762169845384,0.015990695409947728,0.019764774720301366,0.013959761842588694,0.017690215653884147,-0.0051523109649549885,-0.0019051078177103858,agent1,1
-1,-0.0058150271734187025,-0.004437589583338074,-0.015270671494678752,-0.010474849993170365,-0.004877324405655951,-0.007911309015518835,-0.006933886497132099,0.011780513223755035,0.01599846256895796,-0.0069852114596380185,-0.011690130049661487,0.009926214615414783,-0.006910135901935897,-0.01111034012734691,0.013989319656739494,-0.008208595329589312,0.01799991068725586,0.015966680664501808,-0.0047771965608391816,-0.012613281214710495,0.02720871610857055,-0.008109267385547594,0.017693807702837672,-0.006715259699192605,-0.002968054521118794,-0.004710891086051628,0.013759407038984478,0.023932836624513384,0.01397708661396295,0.017312331055533703,0.017936054959704198,-0.01066523812340868,1,-0.005090223002519584,0.019972221342884185,-0.005006974633128333,-0.011677695487557108,-0.008057191173400164,0.0190923660228582,0.01528392309241316,-0.013580802839393074,0.009913499789375769,0.019819806315216147,0.01748959946612992,0.01595291076740495,-0.0058122228653315665,-0.013184276367067128,0.03157815770839291,0.02599947528268772,0.011836323102922932,-0.011571542245313675,0.019757866449236522,0.011614149224337292,-0.008092673512592224,0.015965924048975857,-0.007346814896271376,0.025991268517986388,0.011917419497492789,-0.006306861401344097,0.023530149880496933,-0.008523388493516823,-0.010001903339668767,0.015987341652114264,-0.006864140547804592,-0.006407965324933438,0.017768022565724052,0.017122897382799103,-0.007051999611242763,0.01770223473287224,-0.0015223729213279878,0.009951260975130147,0.013889496322230929,0.009741580039936849,0.021993587992231424,0.01781910380355657,-0.004686151784467783,-0.004844496321605783,-0.00334018029555571,-0.0071289208779746465,-0.0030785746002600046,-0.0037997709932171735,0.013971774355580797,-0.009153717820587172,0.01589549462380515,-0.007588336843280126,0.005970183111735555,-0.012480669542324683,0.015504482661789633,0.019648695211096127,-0.004386066324845814,-0.007101337669238128,-0.01011803543086968,-0.006090405430448278,0.019620762169845384,0.015990695409947728,0.019764774720301366,0.013959761842588694,0.019690215653884145,-0.0051523109649549885,-0.0019051078177103858,agent97,-1
-1,-0.0058150271734187025,-0.004437589583338074,-0.015270671494678752,-0.010474849993170365,-0.004877324405655951,-0.007911309015518835,-0.006933886497132099,0.011780513223755035,0.01599846256895796,-0.0069852114596380185,-0.011690130049661487,0.009926214615414783,-0.006910135901935897,-0.01111034012734691,0.013989319656739494,-0.008208595329589312,0.01799991068725586,0.015966680664501808,-0.0047771965608391816,-0.012613281214710495,0.02720871610857055,-0.008109267385547594,0.017693807702837672,-0.006715259699192605,-0.002968054521118794,-0.004710891086051628,0.013759407038984478,0.023932836624513384,0.01397708661396295,0.017312331055533703,0.017936054959704198,-0.01066523812340868,1,-0.005090223002519584,0.019972221342884185,-0.005006974633128333,-0.011677695487557108,-0.008057191173400164,0.0190923660228582,0.01528392309241316,-0.013580802839393074,0.009913499789375769,0.019819806315216147,0.01748959946612992,0.01595291076740495,-0.0058122228653315665,-0.013184276367067128,0.03157815770839291,0.02599947528268772,0.011836323102922932,-0.011571542245313675,0.019757866449236522,0.011614149224337292,-0.008092673512592224,0.015965924048975857,-0.007346814896271376,0.025991268517986388,0.011917419497492789,-0.006306861401344097,0.023530149880496933,-0.008523388493516823,-0.010001903339668767,0.015987341652114264,-0.006864140547804592,-0.006407965324933438,0.017768022565724052,0.017122897382799103,-0.007051999611242763,0.01770223473287224,-0.0015223729213279878,0.009951260975130147,0.013889496322230929,0.009741580039936849,0.023993587992231426,0.01781910380355657,-0.004686151784467783,-0.004844496321605783,-0.00334018029555571,-0.0071289208779746465,-0.0030785746002600046,-0.0037997709932171735,0.013971774355580797,-0.009153717820587172,0.01589549462380515,-0.007588336843280126,0.005970183111735555,-0.012480669542324683,0.015504482661789633,0.019648695211096127,-0.004386066324845814,-0.007101337669238128,-0.01011803543086968,-0.006090405430448278,0.019620762169845384,0.015990695409947728,0.019764774720301366,0.013959761842588694,0.019690215653884145,-0.0051523109649549885,-0.0019051078177103858,agent73,-1
-1,-0.0058150271734187025,-0.004437589583338074,-0.015270671494678752,-0.010474849993170365,-0.004877324405655951,-0.007911309015518835,-0.006933886497132099,0.011780513223755035,0.01599846256895796,-0.0069852114596380185,-0.011690130049661487,0.009926214615414783,-0.006910135901935897,-0.01111034012734691,0.013989319656739494,-0.008208595329589312,0.01799991068725586,0.015966680664501808,-0.0047771965608391816,-0.012613281214710495,0.02720871610857055,-0.008109267385547594,0.017693807702837672,-0.006715259699192605,-0.002968054521118794,-0.004710891086051628,0.013759407038984478,0.023932836624513384,0.01397708661396295,0.017312331055533703,0.017936054959704198,-0.01066523812340868,1,-0.005090223002519584,0.019972221342884185,-0.005006974633128333,-0.011677695487557108,-0.008057191173400164,0.0190923660228582,0.01528392309241316,-0.013580802839393074,0.009913499789375769,0.019819806315216147,0.01748959946612992,0.01595291076740495,-0.0058122228653315665,-0.013184276367067128,0.03157815770839291,0.02599947528268772,0.011836323102922932,-0.011571542245313675,0.019757866449236522,0.011614149224337292,-0.008092673512592224,0.015965924048975857,-0.007346814896271376,0.025991268517986388,0.011917419497492789,-0.006306861401344097,0.023530149880496933,-0.008523388493516823,-0.010001903339668767,0.015987341652114264,-0.006864140547804592,-0.006407965324933438,0.017768022565724052,0.017122897382799103,-0.007051999611242763,0.01770223473287224,-0.0015223729213279878,0.009951260975130147,0.013889496322230929,0.009741580039936849,0.023993587992231426,0.01781910380355657,-0.004686151784467783,-0.004844496321605783,-0.00334018029555571,-0.0071289208779746465,-0.0030785746002600046,-0.0037997709932171735,0.013971774355580797,-0.009153717820587172,0.01589549462380515,-0.007588336843280126,0.005970183111735555,-0.012480669542324683,0.015504482661789633,0.019648695211096127,-0.004386066324845814,-0.007101337669238128,-0.01011803543086968,-0.006090405430448278,0.019620762169845384,0.015990695409947728,0.019764774720301366,0.013959761842588694,0.019690215653884145,-0.0051523109649549885,-0.0019051078177103858,agent60,1
-1,-0.0058150271734187025,-0.004437589583338074,-0.015270671494678752,-0.010474849993170365,-0.004877324405655951,-0.007911309015518835,-0.006933886497132099,0.011780513223755035,0.01599846256895796,-0.0069852114596380185,-0.011690130049661487,0.009926214615414783,-0.006910135901935897,-0.01111034012734691,0.013989319656739494,-0.008208595329589312,0.01799991068725586,0.015966680664501808,-0.0047771965608391816,-0.012613281214710495,0.02720871610857055,-0.008109267385547594,0.017693807702837672,-0.006715259699192605,-0.002968054521118794,-0.004710891086051628,0.013759407038984478,0.023932836624513384,0.01397708661396295,0.017312331055533703,0.017936054959704198,-0.01066523812340868,1,-0.005090223002519584,0.019972221342884185,-0.005006974633128333,-0.011677695487557108,-0.008057191173400164,0.021092366022858203,0.01528392309241316,-0.013580802839393074,0.009913499789375769,0.019819806315216147,0.01748959946612992,0.01595291076740495,-0.0058122228653315665,-0.013184276367067128,0.03157815770839291,0.02599947528268772,0.011836323102922932,-0.011571542245313675,0.019757866449236522,0.011614149224337292,-0.008092673512592224,0.015965924048975857,-0.007346814896271376,0.025991268517986388,0.011917419497492789,-0.006306861401344097,0.023530149880496933,-0.008523388493516823,-0.010001903339668767,0.015987341652114264,-0.006864140547804592,-0.006407965324933438,0.017768022565724052,0.017122897382799103,-0.007051999611242763,0.01770223473287224,-0.0015223729213279878,0.009951260975130147,0.013889496322230929,0.009741580039936849,0.023993587992231426,0.01781910380355657,-0.004686151784467783,-0.004844496321605783,-0.00334018029555571,-0.0071289208779746465,-0.0030785746002600046,-0.0037997709932171735,0.013971774355580797,-0.009153717820587172,0.01589549462380515,-0.007588336843280126,0.005970183111735555,-0.012480669542324683,0.015504482661789633,0.019648695211096127,-0.004386066324845814,-0.007101337669238128,-0.01011803543086968,-0.006090405430448278,0.019620762169845384,0.015990695409947728,0.019764774720301366,0.013959761842588694,0.019690215653884145,-0.0051523109649549885,-0.0019051078177103858,agent38,-1
-1,-0.0058150271734187025,-0.004437589583338074,-0.015270671494678752,-0.010474849993170365,-0.004877324405655951,-0.007911309015518835,-0.006933886497132099,0.011780513223755035,0.01599846256895796,-0.0069852114596380185,-0.011690130049661487,0.009926214615414783,-0.006910135901935897,-0.01111034012734691,0.013989319656739494,-0.008208595329589312,0.01799991068725586,0.015966680664501808,-0.0047771965608391816,-0.012613281214710495,0.02720871610857055,-0.008109267385547594,0.017693807702837672,-0.006715259699192605,-0.002968054521118794,-0.004710891086051628,0.013759407038984478,0.023932836624513384,0.01397708661396295,0.017312331055533703,0.017936054959704198,-0.01066523812340868,1,-0.005090223002519584,0.019972221342884185,-0.005006974633128333,-0.011677695487557108,-0.008057191173400164,0.021092366022858203,0.01528392309241316,-0.013580802839393074,0.009913499789375769,0.019819806315216147,0.01748959946612992,0.01595291076740495,-0.0058122228653315665,-0.013184276367067128,0.03157815770839291,0.02599947528268772,0.011836323102922932,-0.011571542245313675,0.019757866449236522,0.011614149224337292,-0.008092673512592224,0.015965924048975857,-0.007346814896271376,0.025991268517986388,0.011917419497492789,-0.006306861401344097,0.023530149880496933,-0.008523388493516823,-0.010001903339668767,0.015987341652114264,-0.006864140547804592,-0.006407965324933438,0.017768022565724052,0.017122897382799103,-0.007051999611242763,0.01770223473287224,-0.0015223729213279878,0.009951260975130147,0.013889496322230929,0.009741580039936849,0.023993587992231426,0.019819103803556573,-0.004686151784467783,-0.004844496321605783,-0.00334018029555571,-0.0071289208779746465,-0.0030785746002600046,-0.0037997709932171735,0.013971774355580797,-0.009153717820587172,0.01589549462380515,-0.007588336843280126,0.005970183111735555,-0.012480669542324683,0.015504482661789633,0.019648695211096127,-0.004386066324845814,-0.007101337669238128,-0.01011803543086968,-0.006090405430448278,0.019620762169845384,0.015990695409947728,0.019764774720301366,0.013959761842588694,0.019690215653884145,-0.0051523109649549885,-0.0019051078177103858,agent74,-1
-1,-0.0058150271734187025,-0.004437589583338074,-0.015270671494678752,-0.010474849993170365,-0.004877324405655951,-0.007911309015518835,-0.006933886497132099,0.011780513223755035,0.01599846256895796,-0.0069852114596380185,-0.011690130049661487,0.009926214615414783,-0.006910135901935897,-0.01111034012734691,0.013989319656739494,-0.008208595329589312,0.01799991068725586,0.015966680664501808,-0.0047771965608391816,-0.012613281214710495,0.02720871610857055,-0.008109267385547594,0.017693807702837672,-0.006715259699192605,-0.002968054521118794,-0.004710891086051628,0.013759407038984478,0.023932836624513384,0.01397708661396295,0.017312331055533703,0.017936054959704198,-0.01066523812340868,1,-0.005090223002519584,0.019972221342884185,-0.005006974633128333,-0.011677695487557108,-0.008057191173400164,0.021092366022858203,0.01528392309241316,-0.013580802839393074,0.009913499789375769,0.019819806315216147,0.01748959946612992,0.01595291076740495,-0.0058122228653315665,-0.013184276367067128,0.03157815770839291,0.02599947528268772,0.011836323102922932,-0.011571542245313675,0.019757866449236522,0.011614149224337292,-0.008092673512592224,0.015965924048975857,-0.007346814896271376,0.025991268517986388,0.011917419497492789,-0.006306861401344097,0.023530149880496933,-0.008523388493516823,-0.010001903339668767,0.015987341652114264,-0.006864140547804592,-0.006407965324933438,0.017768022565724052,0.017122897382799103,-0.007051999611242763,0.01770223473287224,-0.0015223729213279878,0.009951260975130147,0.013889496322230929,0.009741580039936849,0.023993587992231426,0.019819103803556573,-0.004686151784467783,-0.004844496321605783,-0.00334018029555571,-0.0071289208779746465,-0.0030785746002600046,-0.0037997709932171735,0.013971774355580797,-0.009153717820587172,0.01589549462380515,-0.007641818264301913,0.005970183111735555,-0.012480669542324683,0.015504482661789633,0.019648695211096127,-0.004386066324845814,-0.007101337669238128,-0.01011803543086968,-0.006090405430448278,0.019620762169845384,0.015990695409947728,0.019764774720301366,0.013959761842588694,0.019690215653884145,-0.0051523109649549885,-0.0019051078177103858,agent84,0.9730780922093341
-1,-0.0058150271734187025,-0.004437589583338074,-0.015270671494678752,-0.010474849993170365,-0.004877324405655951,-0.007911309015518835,-0.006933886497132099,0.011780513223755035,0.01599846256895796,-0.0069852114596380185,-0.011690130049661487,0.009926214615414783,-0.006910135901935897,-0.01111034012734691,0.013989319656739494,-0.008208595329589312,0.01799991068725586,0.015966680664501808,-0.0047771965608391816,-0.012613281214710495,0.02720871610857055,-0.008109267385547594,0.017693807702837672,-0.006715259699192605,-0.002968054521118794,-0.004710891086051628,0.013759407038984478,0.023932836624513384,0.01397708661396295,0.017312331055533703,0.017936054959704198,-0.01066523812340868,1,-0.005090223002519584,0.019972221342884185,-0.005006974633128333,-0.011677695487557108,-0.008057191173400164,0.021092366022858203,0.01528392309241316,-0.013580802839393074,0.009913499789375769,0.019819806315216147,0.01748959946612992,0.01595291076740495,-0.0058122228653315665,-0.013184276367067128,0.03157815770839291,0.02599947528268772,0.011836323102922932,-0.011571542245313675,0.019757866449236522,0.011614149224337292,-0.008092673512592224,0.015965924048975857,-0.007346814896271376,0.025991268517986388,0.011917419497492789,-0.006306861401344097,0.023530149880496933,-0.008523388493516823,-0.010001903339668767,0.015987341652114264,-0.006864140547804592,-0.006407965324933438,0.017768022565724052,0.017122897382799103,-0.007051999611242763,0.01770223473287224,-0.0015223729213279878,0.009951260975130147,0.013889496322230929,0.009741580039936849,0.023993587992231426,0.019819103803556573,-0.004686151784467783,-0.004844496321605783,-0.00334018029555571,-0.0071289208779746465,-0.0030785746002600046,-0.0037997709932171735,0.013971774355580797,-0.009153717820587172,0.01589549462380515,-0.007641818264301913,0.005970183111735555,-0.012480669542324683,0.015504482661789633,0.019648695211096127,-0.004386066324845814,-0.007101337669238128,-0.01011803543086968,-0.006090405430448278,0.02159805552419685,0.015990695409947728,0.019764774720301366,0.013959761842588694,0.019690215653884145,-0.0051523109649549885,-0.0019051078177103858,agent93,-0.7868960551818317
-1,-0.0058150271734187025,-0.004437589583338074,-0.015270671494678752,-0.010474849993170365,-0.004877324405655951,-0.007911309015518835,-0.006933886497132099,0.011780513223755035,0.01599846256895796,-0.0069852114596380185,-0.011690130049661487,0.009926214615414783,-0.006910135901935897,-0.01111034012734691,0.013989319656739494,-0.008208595329589312,0.01799991068725586,0.015966680664501808,-0.0047771965608391816,-0.012613281214710495,0.02720871610857055,-0.008109267385547594,0.017693807702837672,-0.006715259699192605,-0.002968054521118794,-0.004710891086051628,0.013759407038984478,0.023932836624513384,0.01397708661396295,0.017312331055533703,0.017936054959704198,-0.01066523812340868,1,-0.005090223002519584,0.019972221342884185,-0.005006974633128333,-0.011677695487557108,-0.008057191173400164,0.021092366022858203,0.01528392309241316,-0.013580802839393074,0.009913499789375769,0.019819806315216147,0.01748959946612992,0.01595291076740495,-0.0058122228653315665,-0.013184276367067128,0.03157815770839291,0.02599947528268772,0.01382188099072175,-0.011571542245313675,0.019757866449236522,0.011614149224337292,-0.008092673512592224,0.015965924048975857,-0.007346814896271376,0.025991268517986388,0.011917419497492789,-0.006306861401344097,0.023530149880496933,-0.008523388493516823,-0.010001903339668767,0.015987341652114264,-0.006864140547804592,-0.006407965324933438,0.017768022565724052,0.017122897382799103,-0.007051999611242763,0.01770223473287224,-0.0015223729213279878,0.009951260975130147,0.013889496322230929,0.009741580039936849,0.023993587992231426,0.019819103803556573,-0.004686151784467783,-0.004844496321605783,-0.00334018029555571,-0.0071289208779746465,-0.0030785746002600046,-0.0037997709932171735,0.013971774355580797,-0.009153717820587172,0.01589549462380515,-0.007641818264301913,0.005970183111735555,-0.012480669542324683,0.015504482661789633,0.019648695211096127,-0.004386066324845814,-0.007101337669238128,-0.01011803543086968,-0.006090405430448278,0.02159805552419685,0.015990695409947728,0.019764774720301366,0.013959761842588694,0.019690215653884145,-0.0051523109649549885,-0.0019051078177103858,agent49,-0.8300464051502138
-1,-0.0058150271734187025,-0.004437589583338074,-0.015270671494678752,-0.010474849993170365,-0.004877324405655951,-0.007911309015518835,-0.006933886497132099,0.011780513223755035,0.01599846256895796,-0.0069852114596380185,-0.011690130049661487,0.009926214615414783,-0.006910135901935897,-0.01111034012734691,0.013989319656739494,-0.008208595329589312,0.01799991068725586,0.015966680664501808,-0.0047771965608391816,-0.012613281214710495,0.02720871610857055,-0.008109267385547594,0.017693807702837672,-0.006715259699192605,-0.002968054521118794,-0.004710891086051628,0.013759407038984478,0.023932836624513384,0.01397708661396295,0.017312331055533703,0.017936054959704198,-0.01066523812340868,1,-0.005090223002519584,0.019972221342884185,-0.005006974633128333,-0.011677695487557108,-0.008057191173400164,0.021092366022858203,0.01528392309241316,-0.013580802839393074,0.009913499789375769,0.019819806315216147,0.01748959946612992,0.01595291076740495,-0.0058122228653315665,-0.013184276367067128,0.03157815770839291,0.02599947528268772,0.01382188099072175,-0.011571542245313675,0.019757866449236522,0.011614149224337292,-0.008092673512592224,0.015965924048975857,-0.007346814896271376,0.025991268517986388,0.011917419497492789,-0.006306861401344097,0.023530149880496933,-0.008523388493516823,-0.010001903339668767,0.015987341652114264,-0.006864140547804592,-0.006407965324933438,0.017768022565724052,0.017122897382799103,-0.007051999611242763,0.01770223473287224,-0.0015223729213279878,0.009951260975130147,0.013889496322230929,0.009741580039936849,0.023993587992231426,0.019819103803556573,-0.004686151784467783,-0.004844496321605783,-0.00334018029555571,-0.0071289208779746465,-0.0030785746002600046,-0.0037997709932171735,0.013971774355580797,-0.009153717820587172,0.01589549462380515,-0.007641818264301913,0.005970183111735555,-0.012480669542324683,0.015504482661789633,0.019648695211096127,-0.004386066324845814,-0.007101337669238128,-0.01011803543086968,-0.006090405430448278,0.02159805552419685,0.015990695409947728,0.019764774720301366,0.013959761842588694,0.019690215653884145,-0.0051523109649549885,-0.0019051078177103858,agent58,1
-1,-0.0058150271734187025,-0.004437589583338074,-0.015270671494678752,-0.010474849993170365,-0.004877324405655951,-0.007911309015518835,-0.006933886497132099,0.011780513223755035,0.01599846256895796,-0.0069852114596380185,-0.011690130049661487,0.009926214615414783,-0.006910135901935897,-0.01111034012734691,0.013989319656739494,-0.008208595329589312,0.01799991068725586,0.015966680664501808,-0.0047771965608391816,-0.012613281214710495,0.02720871610857055,-0.008109267385547594,0.017693807702837672,-0.006715259699192605,-0.002968054521118794,-0.004710891086051628,0.013759407038984478,0.023932836624513384,0.01397708661396295,0.017312331055533703,0.017936054959704198,-0.01066523812340868,1,-0.005090223002519584,0.019972221342884185,-0.005006974633128333,-0.011677695487557108,-0.008057191173400164,0.021092366022858203,0.01528392309241316,-0.013580802839393074,0.009913499789375769,0.019819806315216147,0.01748959946612992,0.01595291076740495,-0.0058122228653315665,-0.013184276367067128,0.03157815770839291,0.02599947528268772,0.01382188099072175,-0.011571542245313675,0.019757866449236522,0.011614149224337292,-0.008092673512592224,0.015965924048975857,-0.007346814896271376,0.025991268517986388,0.011917419497492789,-0.006306861401344097,0.023530149880496933,-0.008523388493516823,-0.010001903339668767,0.015987341652114264,-0.006864140547804592,-0.006407965324933438,0.017768022565724052,0.017122897382799103,-0.007051999611242763,0.01770223473287224,-0.0015223729213279878,0.009951260975130147,0.013889496322230929,0.009741580039936849,0.023993587992231426,0.019819103803556573,-0.004686151784467783,-0.004844496321605783,-0.00334018029555571,-0.0071289208779746465,-0.0030785746002600046,-0.0037997709932171735,0.013971774355580797,-0.009153717820587172,0.01589549462380515,-0.007641818264301913,0.005970183111735555,-0.012480669542324683,0.017462501883757184,0.019648695211096127,-0.004386066324845814,-0.007101337669238128,-0.01011803543086968,-0.006090405430448278,0.02159805552419685,0.015990695409947728,0.019764774720301366,0.013959761842588694,0.019690215653884145,-0.0051523109649549885,-0.0019051078177103858,agent87,-0.7102387947552379
-1,-0.0058150271734187025,-0.004437589583338074,-0.015270671494678752,-0.010474849993170365,-0.004877324405655951,-0.007911309015518835,-0.006933886497132099,0.011780513223755035,0.01599846256895796,-0.0069852114596380185,-0.011690130049661487,0.009926214615414783,-0.006910135901935897,-0.01111034012734691,0.013989319656739494,-0.008208595329589312,0.01799991068725586,0.015966680664501808,-0.0047771965608391816,-0.012613281214710495,0.02720871610857055,-0.008109267385547594,0.017693807702837672,-0.006715259699192605,-0.002968054521118794,-0.004710891086051628,0.013759407038984478,0.023932836624513384,0.01397708661396295,0.017312331055533703,0.017936054959704198,-0.01066523812340868,1,-0.005090223002519584,0.019972221342884185,-0.005006974633128333,-0.011821992576574441,-0.008057191173400164,0.021092366022858203,0.01528392309241316,-0.013580802839393074,0.009913499789375769,0.019819806315216147,0.01748959946612992,0.01595291076740495,-0.0058122228653315665,-0.013184276367067128,0.03157815770839291,0.02599947528268772,0.01382188099072175,-0.011571542245313675,0.019757866449236522,0.011614149224337292,-0.008092673512592224,0.015965924048975857,-0.007346814896271376,0.025991268517986388,0.011917419497492789,-0.006306861401344097,0.023530149880496933,-0.008523388493516823,-0.010001903339668767,0.015987341652114264,-0.006864140547804592,-0.006407965324933438,0.017768022565724052,0.017122897382799103,-0.007051999611242763,0.01770223473287224,-0.0015223729213279878,0.009951260975130147,0.013889496322230929,0.009741580039936849,0.023993587992231426,0.019819103803556573,-0.004686151784467783,-0.004844496321605783,-0.00334018029555571,-0.0071289208779746465,-0.0030785746002600046,-0.0037997709932171735,0.013971774355580797,-0.009153717820587172,0.01589549462380515,-0.007641818264301913,0.005970183111735555,-0.012480669542324683,0.017462501883757184,0.019648695211096127,-0.004386066324845814,-0.007101337669238128,-0.01011803543086968,-0.006090405430448278,0.02159805552419685,0.015990695409947728,0.019764774720301366,0.013959761842588694,0.019690215653884145,-0.0051523109649549885,-0.0019051078177103858,agent36,0.9265009270605953
-1,-0.0058150271734187025,-0.004437589583338074,-0.015270671494678752,-0.010474849993170365,-0.004877324405655951,-0.007911309015518835,-0.006933886497132099,0.011780513223755035,0.01599846256895796,-0.0069852114596380185,-0.011690130049661487,0.009926214615414783,-0.006910135901935897,-0.01111034012734691,0.013989319656739494,-0.008208595329589312,0.01799991068725586,0.015966680664501808,-0.0047771965608391816,-0.012613281214710495,0.02720871610857055,-0.008109267385547594,0.017693807702837672,-0.006715259699192605,-0.002968054521118794,-0.004710891086051628,0.013759407038984478,0.023932836624513384,0.01397708661396295,0.019312331055533705,0.017936054959704198,-0.01066523812340868,1,-0.005090223002519584,0.019972221342884185,-0.005006974633128333,-0.011821992576574441,-0.008057191173400164,0.021092366022858203,0.01528392309241316,-0.013580802839393074,0.009913499789375769,0.019819806315216147,0.01748959946612992,0.01595291076740495,-0.0058122228653315665,-0.013184276367067128,0.03157815770839291,0.02599947528268772,0.01382188099072175,-0.011571542245313675,0.019757866449236522,0.011614149224337292,-0.008092673512592224,0.015965924048975857,-0.007346814896271376,0.025991268517986388,0.011917419497492789,-0.006306861401344097,0.023530149880496933,-0.008523388493516823,-0.010001903339668767,0.015987341652114264,-0.006864140547804592,-0.006407965324933438,0.017768022565724052,0.017122897382799103,-0.007051999611242763,0.01770223473287224,-0.0015223729213279878,0.009951260975130147,0.013889496322230929,0.009741580039936849,0.023993587992231426,0.019819103803556573,-0.004686151784467783,-0.004844496321605783,-0.00334018029555571,-0.0071289208779746465,-0.0030785746002600046,-0.0037997709932171735,0.013971774355580797,-0.009153717820587172,0.01589549462380515,-0.007641818264301913,0.005970183111735555,-0.012480669542324683,0.017462501883757184,0.019648695211096127,-0.004386066324845814,-0.007101337669238128,-0.01011803543086968,-0.006090405430448278,0.02159805552419685,0.015990695409947728,0.019764774720301366,0.013959761842588694,0.019690215653884145,-0.0051523109649549885,-0.0019051078177103858,agent29,-1
-1,-0.0058150271734187025,-0.004437589583338074,-0.015270671494678752,-0.010474849993170365,-0.004877324405655951,-0.007911309015518835,-0.006933886497132099,0.011780513223755035,0.01599846256895796,-0.0069852114596380185,-0.011690130049661487,0.009926214615414783,-0.006910135901935897,-0.01111034012734691,0.013989319656739494,-0.008208595329589312,0.01799991068725586,0.015966680664501808,-0.0047771965608391816,-0.012613281214710495,0.02720871610857055,-0.008109267385547594,0.017693807702837672,-0.006715259699192605,-0.002968054521118794,-0.004710891086051628,0.013759407038984478,0.023932836624513384,0.01397708661396295,0.019312331055533705,0.017936054959704198,-0.01066523812340868,1,-0.005090223002519584,0.019972221342884185,-0.005006974633128333,-0.011821992576574441,-0.008057191173400164,0.021092366022858203,0.01528392309241316,-0.013580802839393074,0.009913499789375769,0.019819806315216147,0.01748959946612992,0.01595291076740495,-0.0058122228653315665,-0.013184276367067128,0.03157815770839291,0.02599947528268772,0.01382188099072175,-0.011571542245313675,0.019757866449236522,0.011614149224337292,-0.008092673512592224,0.015965924048975857,-0.007346814896271376,0.025991268517986388,0.011917419497492789,-0.006306861401344097,0.023530149880496933,-0.008523388493516823,-0.010001903339668767,0.015987341652114264,-0.006864140547804592,-0.006407965324933438,0.017768022565724052,0.017122897382799103,-0.007051999611242763,0.01770223473287224,-0.0015223729213279878,0.009951260975130147,0.013889496322230929,0.009741580039936849,0.023993587992231426,0.019819103803556573,-0.004686151784467783,-0.004844496321605783,-0.00334018029555571,-0.0071289208779746465,-0.0030785746002600046,-0.0037997709932171735,0.013971774355580797,-0.009153717820587172,0.01589549462380515,-0.007641818264301913,0.005970183111735555,-0.012480669542324683,0.017462501883757184,0.019648695211096127,-0.004386066324845814,-0.007101337669238128,-0.01011803543086968,-0.006090405430448278,0.02159805552419685,0.015990695409947728,0.019764774720301366,0.013959761842588694,0.019690215653884145,-0.0051523109649549885,-0.0019051078177103858,agent67,1
-1,-0.0058150271734187025,-0.004437589583338074,-0.015270671494678752,-0.010474849993170365,-0.004877324405655951,-0.007911309015518835,-0.006933886497132099,0.011780513223755035,0.01599846256895796,-0.0069852114596380185,-0.011690130049661487,0.009926214615414783,-0.006910135901935897,-0.01111034012734691,0.013989319656739494,-0.008208595329589312,0.01799991068725586,0.015966680664501808,-0.0047771965608391816,-0.012613281214710495,0.02720871610857055,-0.008109267385547594,0.017693807702837672,-0.006715259699192605,-0.002968054521118794,-0.004710891086051628,0.013759407038984478,0.023932836624513384,0.01397708661396295,0.019312331055533705,0.017936054959704198,-0.01066523812340868,1,-0.005090223002519584,0.019972221342884185,-0.005006974633128333,-0.011821992576574441,-0.008057191173400164,0.021092366022858203,0.01528392309241316,-0.013580802839393074,0.009913499789375769,0.019819806315216147,0.01748959946612992,0.01595291076740495,-0.0058122228653315665,-0.013184276367067128,0.03157815770839291,0.02599947528268772,0.01382188099072175,-0.011571542245313675,0.019757866449236522,0.011614149224337292,-0.008092673512592224,0.015965924048975857,-0.007346814896271376,0.025991268517986388,0.011917419497492789,-0.006306861401344097,0.023530149880496933,-0.008523388493516823,-0.010001903339668767,0.015987341652114264,-0.006864140547804592,-0.006407965324933438,0.017768022565724052,0.017122897382799103,-0.007051999611242763,0.01770223473287224,-0.0015223729213279878,0.009951260975130147,0.013889496322230929,0.009741580039936849,0.023993587992231426,0.019819103803556573,-0.004686151784467783,-0.004844496321605783,-0.00334018029555571,-0.0071289208779746465,-0.0030785746002600046,-0.0037997709932171735,0.015971591211680618,-0.009153717820587172,0.01589549462380515,-0.007641818264301913,0.005970183111735555,-0.012480669542324683,0.017462501883757184,0.019648695211096127,-0.004386066324845814,-0.007101337669238128,-0.01011803543086968,-0.006090405430448278,0.02159805552419685,0.015990695409947728,0.019764774720301366,0.013959761842588694,0.019690215653884145,-0.0051523109649549885,-0.0019051078177103858,agent81,-0.9808613532255154
-1,-0.0058150271734187025,-0.004437589583338074,-0.015270671494678752,-0.010474849993170365,-0.004877324405655951,-0.007911309015518835,-0.006933886497132099,0.011780513223755035,0.01599846256895796,-0.0069852114596380185,-0.011690130049661487,0.009926214615414783,-0.006910135901935897,-0.01111034012734691,0.013989319656739494,-0.008208595329589312,0.01799991068725586,0.015966680664501808,-0.0047771965608391816,-0.012613281214710495,0.02720871610857055,-0.008109267385547594,0.017693807702837672,-0.006715259699192605,-0.002968054521118794,-0.004710891086051628,0.013759407038984478,0.023932836624513384,0.01397708661396295,0.019312331055533705,0.017936054959704198,-0.01066523812340868,1,-0.005090223002519584,0.019972221342884185,-0.005006974633128333,-0.011821992576574441,-0.008057191173400164,0.021092366022858203,0.01528392309241316,-0.013580802839393074,0.009913499789375769,0.019819806315216147,0.01748959946612992,0.01595291076740495,-0.0058122228653315665,-0.013184276367067128,0.03157815770839291,0.02599947528268772,0.01382188099072175,-0.011571542245313675,0.019757866449236522,0.011614149224337292,-0.008092673512592224,0.015965924048975857,-0.007346814896271376,0.025991268517986388,0.011917419497492789,-0.006306861401344097,0.023530149880496933,-0.008523388493516823,-0.010001903339668767,0.015987341652114264,-0.006864140547804592,-0.006407965324933438,0.017768022565724052,0.017122897382799103,-0.007051999611242763,0.01770223473287224,-0.0015223729213279878,0.009951260975130147,0.013889496322230929,0.009741580039936849,0.023993587992231426,0.019819103803556573,-0.004686151784467783,-0.004844496321605783,-0.00334018029555571,-0.0071289208779746465,-0.0030785746002600046,-0.0037997709932171735,0.015971591211680618,-0.009153717820587172,0.01589549462380515,-0.007641818264301913,0.005970183111735555,-0.012480669542324683,0.017462501883757184,0.019648695211096127,-0.004386066324845814,-0.007101337669238128,-0.01011803543086968,-0.006090405430448278,0.02159805552419685,0.015990695409947728,0.019764774720301366,0.015959761842588696,0.019690215653884145,-0.0051523109649549885,-0.0019051078177103858,agent96,-1
-1,-0.0058150271734187025,-0.004437589583338074,-0.015270671494678752,-0.010474849993170365,-0.004877324405655951,-0.007911309015518835,-0.006933886497132099,0.011780513223755035,0.01599846256895796,-0.0069852114596380185,-0.011690130049661487,0.009926214615414783,-0.006910135901935897,-0.01111034012734691,0.013989319656739494,-0.008208595329589312,0.01799991068725586,0.015966680664501808,-0.0047771965608391816,-0.012613281214710495,0.02720871610857055,-0.008109267385547594,0.017693807702837672,-0.006715259699192605,-0.002968054521118794,-0.004710891086051628,0.013759407038984478,0.023932836624513384,0.01397708661396295,0.019312331055533705,0.017936054959704198,-0.01066523812340868,1,-0.005090223002519584,0.019972221342884185,-0.005006974633128333,-0.011821992576574441,-0.008057191173400164,0.021092366022858203,0.01528392309241316,-0.013580802839393074,0.009913499789375769,0.019819806315216147,0.01748959946612992,0.01595291076740495,-0.0058122228653315665,-0.013184276367067128,0.03157815770839291,0.02599947528268772,0.01382188099072175,-0.011571542245313675,0.019757866449236522,0.011614149224337292,-0.008092673512592224,0.015965924048975857,-0.007346814896271376,0.025991268517986388,0.011917419497492789,-0.006306861401344097,0.023530149880496933,-0.008523388493516823,-0.010001903339668767,0.015987341652114264,-0.006864140547804592,-0.006407965324933438,0.017768022565724052,0.017122897382799103,-0.007051999611242763,0.01770223473287224,-0.0015223729213279878,0.009951260975130147,0.013889496322230929,0.009741580039936849,0.023993587992231426,0.019819103803556573,-0.004686151784467783,-0.004844496321605783,-0.00334018029555571,-0.0071289208779746465,-0.0030785746002600046,-0.0037997709932171735,0.015971591211680618,-0.009153717820587172,0.01589549462380515,-0.007641818264301913,0.005970183111735555,-0.012480669542324683,0.017462501883757184,0.019648695211096127,-0.004386066324845814,-0.007101337669238128,-0.01011803543086968,-0.006090405430448278,0.02159805552419685,0.015990695409947728,0.019764774720301366,0.015959761842588696,0.019690215653884145,-0.0051523109649549885,-0.0019051078177103858,agent2,1
-1,-0.0058150271734187025,-0.004437589583338074,-0.015270671494678752,-0.010474849993170365,-0.004877324405655951,-0.007911309015518835,-0.006933886497132099,0.011780513223755035,0.01599846256895796,-0.0069852114596380185,-0.011690130049661487,0.009926214615414783,-0.006910135901935897,-0.01111034012734691,0.013989319656739494,-0.008208595329589312,0.01799991068725586,0.015966680664501808,-0.0047771965608391816,-0.012613281214710495,0.02720871610857055,-0.008109267385547594,0.017693807702837672,-0.006715259699192605,-0.002968054521118794,-0.004710891086051628,0.013759407038984478,0.023932836624513384,0.01397708661396295,0.019312331055533705,0.017936054959704198,-0.01066523812340868,1,-0.005090223002519584,0.019972221342884185,-0.005006974633128333,-0.011821992576574441,-0.008057191173400164,0.021092366022858203,0.01528392309241316,-0.013580802839393074,0.009913499789375769,0.019819806315216147,0.01748959946612992,0.01595291076740495,-0.0058122228653315665,-0.013184276367067128,0.03157815770839291,0.02599947528268772,0.01382188099072175,-0.011571542245313675,0.019757866449236522,0.011614149224337292,-0.008092673512592224,0.015965924048975857,-0.007346814896271376,0.025991268517986388,0.011917419497492789,-0.006306861401344097,0.023530149880496933,-0.008523388493516823,-0.010001903339668767,0.015987341652114264,-0.006864140547804592,-0.006407965324933438,0.017768022565724052,0.017122897382799103,-0.007051999611242763,0.01770223473287224,-0.0015223729213279878,0.009951260975130147,0.013889496322230929,0.009741580039936849,0.023993587992231426,0.019819103803556573,-0.004686151784467783,-0.004844496321605783,-0.00334018029555571,-0.0071289208779746465,-0.0030785746002600046,-0.0037997709932171735,0.015971591211680618,-0.009153717820587172,0.01589549462380515,-0.007641818264301913,0.005970183111735555,-0.012480669542324683,0.017462501883757184,0.019648695211096127,-0.004386066324845814,-0.007101337669238128,-0.01011803543086968,-0.006090405430448278,0.02159805552419685,0.015990695409947728,0.019764774720301366,0.015959761842588696,0.019690215653884145,-0.0051523109649549885,-0.0019051078177103858,agent86,1
-1,-0.0058150271734187025,-0.004437589583338074,-0.015270671494678752,-0.010474849993170365,-0.004877324405655951,-0.007911309015518835,-0.006933886497132099,0.011780513223755035,0.01599846256895796,-0.0069852114596380185,-0.011690130049661487,0.009926214615414783,-0.006910135901935897,-0.01111034012734691,0.013989319656739494,-0.008208595329589312,0.01799991068725586,0.015966680664501808,-0.0047771965608391816,-0.012613281214710495,0.02720871610857055,-0.008109267385547594,0.017693807702837672,-0.006715259699192605,-0.002968054521118794,-0.004710891086051628,0.013759407038984478,0.023932836624513384,0.01397708661396295,0.019312331055533705,0.017936054959704198,-0.01066523812340868,1,-0.005090223002519584,0.019972221342884185,-0.005006974633128333,-0.011821992576574441,-0.008057191173400164,0.021092366022858203,0.01528392309241316,-0.013580802839393074,0.009913499789375769,0.019819806315216147,0.01748959946612992,0.01595291076740495,-0.0058122228653315665,-0.013184276367067128,0.03157815770839291,0.02599947528268772,0.01382188099072175,-0.011571542245313675,0.019757866449236522,0.011614149224337292,-0.008092673512592224,0.015965924048975857,-0.007346814896271376,0.025991268517986388,0.011917419497492789,-0.006306861401344097,0.023530149880496933,-0.008523388493516823,-0.010001903339668767,0.015987341652114264,-0.006864140547804592,-0.006407965324933438,0.017768022565724052,0.017122897382799103,-0.007051999611242763,0.01770223473287224,-0.0015223729213279878,0.009951260975130147,0.013889496322230929,0.009741580039936849,0.023993587992231426,0.019819103803556573,-0.004686151784467783,-0.004844496321605783,-0.00334018029555571,-0.0071289208779746465,-0.0030785746002600046,-0.0037997709932171735,0.015971591211680618,-0.009153717820587172,0.01589549462380515,-0.007641818264301913,0.005970183111735555,-0.012480669542324683,0.017462501883757184,0.019648695211096127,-0.004386066324845814,-0.007101337669238128,-0.01011803543086968,-0.006090405430448278,0.02159805552419685,0.015990695409947728,0.019764774720301366,0.015959761842588696,0.019690215653884145,-0.0051523109649549885,-0.0019051078177103858,agent58,1
-1,-0.0058150271734187025,-0.004437589583338074,-0.015270671494678752,-0.010474849993170365,-0.004877324405655951,-0.007911309015518835,-0.006933886497132099,0.011780513223755035,0.01599846256895796,-0.0069852114596380185,-0.011690130049661487,0.009926214615414783,-0.006910135901935897,-0.01111034012734691,0.013989319656739494,-0.008208595329589312,0.01799991068725586,0.015966680664501808,-0.0047771965608391816,-0.012613281214710495,0.02720871610857055,-0.008109267385547594,0.017693807702837672,-0.006715259699192605,-0.002968054521118794,-0.004710891086051628,0.013759407038984478,0.023932836624513384,0.01397708661396295,0.019312331055533705,0.017936054959704198,-0.01066523812340868,1,-0.005090223002519584,0.019972221342884185,-0.005006974633128333,-0.011821992576574441,-0.008057191173400164,0.021092366022858203,0.01528392309241316,-0.013580802839393074,0.009913499789375769,0.019819806315216147,0.01748959946612992,0.01595291076740495,-0.0058122228653315665,-0.013184276367067128,0.03157815770839291,0.02599947528268772,0.01382188099072175,-0.011571542245313675,0.019757866449236522,0.011614149224337292,-0.008092673512592224,0.015965924048975857,-0.007346814896271376,0.025991268517986388,0.011917419497492789,-0.006306861401344097,0.023530149880496933,-0.008523388493516823,-0.010001903339668767,0.015987341652114264,-0.006864140547804592,-0.006407965324933438,0.017768022565724052,0.017122897382799103,-0.007051999611242763,0.01770223473287224,-0.0015223729213279878,0.009951260975130147,0.013889496322230929,0.009741580039936849,0.023993587992231426,0.019819103803556573,-0.004686151784467783,-0.004844496321605783,-0.00334018029555571,-0.0071289208779746465,-0.0030785746002600046,-0.0037997709932171735,0.015971591211680618,-0.009153717820587172,0.01589549462380515,-0.007641818264301913,0.005970183111735555,-0.012480669542324683,0.017462501883757184,0.019648695211096127,-0.004386066324845814,-0.007101337669238128,-0.01011803543086968,-0.006090405430448278,0.02159805552419685,0.015990695409947728,0.019764774720301366,0.015959761842588696,0.019690215653884145,-0.0051523109649549885,-0.0019051078177103858,agent15,1
-1,-0.0058150271734187025,-0.004437589583338074,-0.015270671494678752,-0.010474849993170365,-0.004877324405655951,-0.007911309015518835,-0.006933886497132099,0.011780513223755035,0.01599846256895796,-0.0069852114596380185,-0.011690130049661487,0.009926214615414783,-0.006910135901935897,-0.01111034012734691,0.013989319656739494,-0.008208595329589312,0.01799991068725586,0.015966680664501808,-0.0047771965608391816,-0.012613281214710495,0.02720871610857055,-0.008109267385547594,0.017693807702837672,-0.006715259699192605,-0.002968054521118794,-0.004710891086051628,0.013759407038984478,0.023932836624513384,0.01397708661396295,0.019312331055533705,0.017936054959704198,-0.01066523812340868,1,-0.005090223002519584,0.019972221342884185,-0.005006974633128333,-0.011821992576574441,-0.008057191173400164,0.021092366022858203,0.01528392309241316,-0.013580802839393074,0.009913499789375769,0.019819806315216147,0.01748959946612992,0.01595291076740495,-0.0058122228653315665,-0.013184276367067128,0.03157815770839291,0.02599947528268772,0.01382188099072175,-0.011571542245313675,0.019757866449236522,0.011614149224337292,-0.008092673512592224,0.015965924048975857,-0.007346814896271376,0.025991268517986388,0.011917419497492789,-0.006306861401344097,0.023530149880496933,-0.008523388493516823,-0.010001903339668767,0.015987341652114264,-0.006864140547804592,-0.006407965324933438,0.017768022565724052,0.017122897382799103,-0.007051999611242763,0.01770223473287224,-0.0015223729213279878,0.009951260975130147,0.013889496322230929,0.009741580039936849,0.023993587992231426,0.019819103803556573,-0.004686151784467783,-0.004844496321605783,-0.00334018029555571,-0.0071289208779746465,-0.0030785746002600046,-0.0037997709932171735,0.015971591211680618,-0.009153717820587172,0.01589549462380515,-0.007641818264301913,0.005970183111735555,-0.012480669542324683,0.017462501883757184,0.019648695211096127,-0.004386066324845814,-0.007101337669238128,-0.01011803543086968,-0.006090405430448278,0.02159805552419685,0.015990695409947728,0.019764774720301366,0.015959761842588696,0.019690215653884145,-0.0051523109649549885,-0.0019051078177103858,agent37,1
-1,-0.0058150271734187025,-0.004437589583338074,-0.015270671494678752,-0.010474849993170365,-0.004877324405655951,-0.007911309015518835,-0.006933886497132099,0.011780513223755035,0.01599846256895796,-0.0069852114596380185,-0.011690130049661487,0.009926214615414783,-0.006910135901935897,-0.01111034012734691,0.013989319656739494,-0.008208595329589312,0.01799991068725586,0.015966680664501808,-0.0047771965608391816,-0.012613281214710495,0.02720871610857055,-0.008109267385547594,0.017693807702837672,-0.006715259699192605,-0.002968054521118794,-0.004710891086051628,0.013759407038984478,0.023932836624513384,0.01397708661396295,0.019312331055533705,0.017936054959704198,-0.01066523812340868,1,-0.005090223002519584,0.019972221342884185,-0.005006974633128333,-0.011821992576574441,-0.008057191173400164,0.021092366022858203,0.01528392309241316,-0.013580802839393074,0.009913499789375769,0.019819806315216147,0.01748959946612992,0.01595291076740495,-0.0058122228653315665,-0.013184276367067128,0.03157815770839291,0.02599947528268772,0.01382188099072175,-0.011571542245313675,0.019757866449236522,0.011614149224337292,-0.008092673512592224,0.015965924048975857,-0.007346814896271376,0.025991268517986388,0.011917419497492789,-0.006306861401344097,0.023530149880496933,-0.008523388493516823,-0.010001903339668767,0.015987341652114264,-0.006864140547804592,-0.006407965324933438,0.017768022565724052,0.017122897382799103,-0.007051999611242763,0.01770223473287224,-0.0015223729213279878,0.009951260975130147,0.013889496322230929,0.009741580039936849,0.023993587992231426,0.019819103803556573,-0.004686151784467783,-0.004844496321605783,-0.00334018029555571,-0.0071289208779746465,-0.0030785746002600046,-0.0037997709932171735,0.015971591211680618,-0.009153717820587172,0.01589549462380515,-0.007641818264301913,0.005970183111735555,-0.012480669542324683,0.017462501883757184,0.019648695211096127,-0.004386066324845814,-0.007101337669238128,-0.01011803543086968,-0.006090405430448278,0.02159805552419685,0.015990695409947728,0.019764774720301366,0.015959761842588696,0.019690215653884145,-0.0051523109649549885,-0.0019051078177103858,agent78,1
-1,-0.0058150271734187025,-0.004437589583338074,-0.015270671494678752,-0.010474849993170365,-0.004877324405655951,-0.007911309015518835,-0.006933886497132099,0.011780513223755035,0.01599846256895796,-0.0069852114596380185,-0.011690130049661487,0.009926214615414783,-0.006910135901935897,-0.011132492685786751,0.013989319656739494,-0.008208595329589312,0.01799991068725586,0.015966680664501808,-0.0047771965608391816,-0.012613281214710495,0.02720871610857055,-0.008109267385547594,0.017693807702837672,-0.006715259699192605,-0.002968054521118794,-0.004710891086051628,0.013759407038984478,0.023932836624513384,0.01397708661396295,0.019312331055533705,0.017936054959704198,-0.01066523812340868,1,-0.005090223002519584,0.019972221342884185,-0.005006974633128333,-0.011821992576574441,-0.008057191173400164,0.021092366022858203,0.01528392309241316,-0.013580802839393074,0.009913499789375769,0.019819806315216147,0.01748959946612992,0.01595291076740495,-0.0058122228653315665,-0.013184276367067128,0.03157815770839291,0.02599947528268772,0.01382188099072175,-0.011571542245313675,0.019757866449236522,0.011614149224337292,-0.008092673512592224,0.015965924048975857,-0.007346814896271376,0.025991268517986388,0.011917419497492789,-0.006306861401344097,0.023530149880496933,-0.008523388493516823,-0.010001903339668767,0.015987341652114264,-0.006864140547804592,-0.006407965324933438,0.017768022565724052,0.017122897382799103,-0.007051999611242763,0.01770223473287224,-0.0015223729213279878,0.009951260975130147,0.013889496322230929,0.009741580039936849,0.023993587992231426,0.019819103803556573,-0.004686151784467783,-0.004844496321605783,-0.00334018029555571,-0.0071289208779746465,-0.0030785746002600046,-0.0037997709932171735,0.015971591211680618,-0.009153717820587172,0.01589549462380515,-0.007641818264301913,0.005970183111735555,-0.012480669542324683,0.017462501883757184,0.019648695211096127,-0.004386066324845814,-0.007101337669238128,-0.01011803543086968,-0.006090405430448278,0.02159805552419685,0.015990695409947728,0.019764774720301366,0.015959761842588696,0.019690215653884145,-0.0051523109649549885,-0.0019051078177103858,agent13,0.9888928787444331
-1,-0.0058150271734187025,-0.004437589583338074,-0.015270671494678752,-0.010474849993170365,-0.004877324405655951,-0.007911309015518835,-0.006933886497132099,0.011780513223755035,0.01599846256895796,-0.0069852114596380185,-0.011690130049661487,0.009926214615414783,-0.006910135901935897,-0.011132492685786751,0.013989319656739494,-0.008208595329589312,0.01799991068725586,0.015966680664501808,-0.0047771965608391816,-0.012613281214710495,0.02720871610857055,-0.008109267385547594,0.017693807702837672,-0.006715259699192605,-0.002968054521118794,-0.004710891086051628,0.013759407038984478,0.023932836624513384,0.01397708661396295,0.019312331055533705,0.017936054959704198,-0.01066523812340868,1,-0.005090223002519584,0.019972221342884185,-0.005006974633128333,-0.011821992576574441,-0.008057191173400164,0.021092366022858203,0.01528392309241316,-0.013580802839393074,0.009913499789375769,0.019819806315216147,0.01748959946612992,0.01595291076740495,-0.0058122228653315665,-0.013184276367067128,0.03157815770839291,0.02599947528268772,0.01382188099072175,-0.011571542245313675,0.019757866449236522,0.011614149224337292,-0.008092673512592224,0.015965924048975857,-0.007346814896271376,0.025991268517986388,0.011917419497492789,-0.006306861401344097,0.023530149880496933,-0.008523388493516823,-0.010001903339668767,0.015987341652114264,-0.006864140547804592,-0.006407965324933438,0.017768022565724052,0.017122897382799103,-0.007051999611242763,0.01770223473287224,-0.0015223729213279878,0.009951260975130147,0.013889496322230929,0.009741580039936849,0.023993587992231426,0.019819103803556573,-0.004686151784467783,-0.004844496321605783,-0.00334018029555571,-0.0071289208779746465,-0.0030785746002600046,-0.0037997709932171735,0.015971591211680618,-0.009153717820587172,0.01589549462380515,-0.007641818264301913,0.005970183111735555,-0.012480669542324683,0.017462501883757184,0.019648695211096127,-0.004386066324845814,-0.007101337669238128,-0.01011803543086968,-0.006090405430448278,0.02159805552419685,0.015990695409947728,0.019764774720301366,0.015959761842588696,0.019690215653884145,-0.0051523109649549885,-0.0019051078177103858,agent19,1
-1,-0.0058150271734187025,-0.004437589583338074,-0.015270671494678752,-0.010474849993170365,-0.004877324405655951,-0.007911309015518835,-0.006933886497132099,0.011780513223755035,0.01599846256895796,-0.0069852114596380185,-0.011690130049661487,0.009926214615414783,-0.006910135901935897,-0.011132492685786751,0.013989319656739494,-0.008208595329589312,0.01799991068725586,0.015966680664501808,-0.0047771965608391816,-0.012613281214710495,0.02720871610857055,-0.008109267385547594,0.017693807702837672,-0.006715259699192605,-0.002968054521118794,-0.004710891086051628,0.013759407038984478,0.023932836624513384,0.01397708661396295,0.019312331055533705,0.017936054959704198,-0.01066523812340868,1,-0.005090223002519584,0.019972221342884185,-0.005006974633128333,-0.011821992576574441,-0.008057191173400164,0.021092366022858203,0.01528392309241316,-0.013580802839393074,0.009913499789375769,0.019819806315216147,0.01748959946612992,0.01595291076740495,-0.0058122228653315665,-0.013184276367067128,0.03157815770839291,0.02599947528268772,0.01382188099072175,-0.011571542245313675,0.019757866449236522,0.011614149224337292,-0.008092673512592224,0.015965924048975857,-0.007346814896271376,0.025991268517986388,0.011917419497492789,-0.006306861401344097,0.023530149880496933,-0.008523388493516823,-0.010001903339668767,0.015987341652114264,-0.006864140547804592,-0.006407965324933438,0.017768022565724052,0.017122897382799103,-0.007051999611242763,0.01770223473287224,-0.0015223729213279878,0.009951260975130147,0.013889496322230929,0.009741580039936849,0.023993587992231426,0.019819103803556573,-0.004686151784467783,-0.004844496321605783,-0.00334018029555571,-0.0071289208779746465,-0.0030785746002600046,-0.0037997709932171735,0.015971591211680618,-0.009153717820587172,0.01589549462380515,-0.007641818264301913,0.005970183111735555,-0.012480669542324683,0.017462501883757184,0.019648695211096127,-0.004386066324845814,-0.007101337669238128,-0.01011803543086968,-0.006090405430448278,0.02159805552419685,0.015990695409947728,0.019764774720301366,0.015959761842588696,0.019690215653884145,-0.0051523109649549885,-0.0019051078177103858,agent50,1
-1,-0.0058150271734187025,-0.004437589583338074,-0.015270671494678752,-0.010474849993170365,-0.004877324405655951,-0.007911309015518835,-0.006933886497132099,0.011780513223755035,0.01599846256895796,-0.0069852114596380185,-0.011690130049661487,0.009926214615414783,-0.006910135901935897,-0.011132492685786751,0.013989319656739494,-0.008208595329589312,0.01799991068725586,0.015966680664501808,-0.0047771965608391816,-0.012613281214710495,0.02720871610857055,-0.008109267385547594,0.017693807702837672,-0.006715259699192605,-0.002968054521118794,-0.004710891086051628,0.013759407038984478,0.023932836624513384,0.01397708661396295,0.019312331055533705,0.017936054959704198,-0.01066523812340868,1,-0.005090223002519584,0.019972221342884185,-0.005006974633128333,-0.011821992576574441,-0.008057191173400164,0.021092366022858203,0.01528392309241316,-0.013580802839393074,0.009913499789375769,0.019819806315216147,0.01748959946612992,0.01595291076740495,-0.0058122228653315665,-0.013184276367067128,0.03157815770839291,0.02599947528268772,0.01382188099072175,-0.011571542245313675,0.019757866449236522,0.011614149224337292,-0.008092673512592224,0.015965924048975857,-0.007346814896271376,0.025991268517986388,0.011917419497492789,-0.006306861401344097,0.023530149880496933,-0.008523388493516823,-0.010001903339668767,0.015987341652114264,-0.006864140547804592,-0.006407965324933438,0.017768022565724052,0.017122897382799103,-0.007051999611242763,0.01770223473287224,-0.0015223729213279878,0.009951260975130147,0.013889496322230929,0.009741580039936849,0.023993587992231426,0.019819103803556573,-0.004686151784467783,-0.004844496321605783,-0.00334018029555571,-0.0071289208779746465,-0.0030785746002600046,-0.0037997709932171735,0.015971591211680618,-0.009153717820587172,0.01589549462380515,-0.007641818264301913,0.005970183111735555,-0.012480669542324683,0.017462501883757184,0.019648695211096127,-0.004386066324845814,-0.007101337669238128,-0.01011803543086968,-0.006090405430448278,0.02159805552419685,0.015990695409947728,0.019764774720301366,0.015959761842588696,0.019690215653884145,-0.0051523109649549885,-0.0019051078177103858,agent0,1
-1,-0.0058150271734187025,-0.004437589583338074,-0.015270671494678752,-0.010474849993170365,-0.004877324405655951,-0.007911309015518835,-0.006933886497132099,0.011780513223755035,0.01599846256895796,-0.0069852114596380185,-0.011690130049661487,0.009926214615414783,-0.006910135901935897,-0.011132492685786751,0.013989319656739494,-0.008208595329589312,0.01999991068725586,0.015966680664501808,-0.0047771965608391816,-0.012613281214710495,0.02720871610857055,-0.008109267385547594,0.017693807702837672,-0.006715259699192605,-0.002968054521118794,-0.004710891086051628,0.013759407038984478,0.023932836624513384,0.01397708661396295,0.019312331055533705,0.017936054959704198,-0.01066523812340868,1,-0.005090223002519584,0.019972221342884185,-0.005006974633128333,-0.011821992576574441,-0.008057191173400164,0.021092366022858203,0.01528392309241316,-0.013580802839393074,0.009913499789375769,0.019819806315216147,0.01748959946612992,0.01595291076740495,-0.0058122228653315665,-0.013184276367067128,0.03157815770839291,0.02599947528268772,0.01382188099072175,-0.011571542245313675,0.019757866449236522,0.011614149224337292,-0.008092673512592224,0.015965924048975857,-0.007346814896271376,0.025991268517986388,0.011917419497492789,-0.006306861401344097,0.023530149880496933,-0.008523388493516823,-0.010001903339668767,0.015987341652114264,-0.006864140547804592,-0.006407965324933438,0.017768022565724052,0.017122897382799103,-0.007051999611242763,0.01770223473287224,-0.0015223729213279878,0.009951260975130147,0.013889496322230929,0.009741580039936849,0.023993587992231426,0.019819103803556573,-0.004686151784467783,-0.004844496321605783,-0.00334018029555571,-0.0071289208779746465,-0.0030785746002600046,-0.0037997709932171735,0.015971591211680618,-0.009153717820587172,0.01589549462380515,-0.007641818264301913,0.005970183111735555,-0.012480669542324683,0.017462501883757184,0.019648695211096127,-0.004386066324845814,-0.007101337669238128,-0.01011803543086968,-0.006090405430448278,0.02159805552419685,0.015990695409947728,0.019764774720301366,0.015959761842588696,0.019690215653884145,-0.0051523109649549885,-0.0019051078177103858,agent16,-1
-1,-0.0058150271734187025,-0.004437589583338074,-0.015270671494678752,-0.010474849993170365,-0.004877324405655951,-0.007911309015518835,-0.006933886497132099,0.011780513223755035,0.01599846256895796,-0.0069852114596380185,-0.011690130049661487,0.009926214615414783,-0.006910135901935897,-0.011132492685786751,0.013989319656739494,-0.008208595329589312,0.01999991068725586,0.015966680664501808,-0.0047771965608391816,-0.012613281214710495,0.02720871610857055,-0.008109267385547594,0.017693807702837672,-0.006715259699192605,-0.002968054521118794,-0.004710891086051628,0.013759407038984478,0.023932836624513384,0.01397708661396295,0.019312331055533705,0.017936054959704198,-0.01066523812340868,1,-0.005090223002519584,0.019972221342884185,-0.005006974633128333,-0.011821992576574441,-0.008057191173400164,0.021092366022858203,0.01528392309241316,-0.013580802839393074,0.009913499789375769,0.019819806315216147,0.01748959946612992,0.01595291076740495,-0.0058122228653315665,-0.013184276367067128,0.03157815770839291,0.02599947528268772,0.01382188099072175,-0.011571542245313675,0.019757866449236522,0.011614149224337292,-0.008092673512592224,0.015965924048975857,-0.007346814896271376,0.025991268517986388,0.011917419497492789,-0.006306861401344097,0.023530149880496933,-0.008523388493516823,-0.010001903339668767,0.015987341652114264,-0.006864140547804592,-0.006407965324933438,0.017768022565724052,0.017122897382799103,-0.007051999611242763,0.01770223473287224,-0.0015223729213279878,0.009951260975130147,0.013889496322230929,0.009741580039936849,0.023993587992231426,0.019819103803556573,-0.004686151784467783,-0.004844496321605783,-0.00334018029555571,-0.0071289208779746465,-0.0030785746002600046,-0.0037997709932171735,0.015971591211680618,-0.009153717820587172,0.01589549462380515,-0.007641818264301913,0.005970183111735555,-0.012480669542324683,0.017462501883757184,0.019648695211096127,-0.004386066324845814,-0.007101337669238128,-0.010118282304774684,-0.006090405430448278,0.02159805552419685,0.015990695409947728,0.019764774720301366,0.015959761842588696,0.019690215653884145,-0.0051523109649549885,-0.0019051078177103858,agent91,0.9998765592380923
-1,-0.0058150271734187025,-0.004437589583338074,-0.015270671494678752,-0.010474849993170365,-0.004877324405655951,-0.007911309015518835,-0.006933886497132099,0.011780513223755035,0.01599846256895796,-0.0069852114596380185,-0.011690130049661487,0.009926214615414783,-0.006910135901935897,-0.011132492685786751,0.013989319656739494,-0.008208595329589312,0.01999991068725586,0.015966680664501808,-0.0047771965608391816,-0.012613281214710495,0.02720871610857055,-0.008109267385547594,0.017693807702837672,-0.006715259699192605,-0.002968054521118794,-0.004710891086051628,0.013759407038984478,0.023932836624513384,0.01397708661396295,0.019312331055533705,0.017936054959704198,-0.01066523812340868,1,-0.005090223002519584,0.019972221342884185,-0.005006974633128333,-0.011821992576574441,-0.008057191173400164,0.021092366022858203,0.01528392309241316,-0.013580802839393074,0.009913499789375769,0.019819806315216147,0.01748959946612992,0.01595291076740495,-0.0058122228653315665,-0.013184276367067128,0.03157815770839291,0.02599947528268772,0.01382188099072175,-0.011571542245313675,0.019757866449236522,0.011614149224337292,-0.008092673512592224,0.015965924048975857,-0.007346814896271376,0.025991268517986388,0.011917419497492789,-0.006306861401344097,0.023530149880496933,-0.008523388493516823,-0.010001903339668767,0.015987341652114264,-0.006864140547804592,-0.006407965324933438,0.019768022565724054,0.017122897382799103,-0.007051999611242763,0.01770223473287224,-0.0015223729213279878,0.009951260975130147,0.013889496322230929,0.009741580039936849,0.023993587992231426,0.019819103803556573,-0.004686151784467783,-0.004844496321605783,-0.00334018029555571,-0.0071289208779746465,-0.0030785746002600046,-0.0037997709932171735,0.015971591211680618,-0.009153717820587172,0.01589549462380515,-0.007641818264301913,0.005970183111735555,-0.012480669542324683,0.017462501883757184,0.019648695211096127,-0.004386066324845814,-0.007101337669238128,-0.010118282304774684,-0.006090405430448278,0.02159805552419685,0.015990695409947728,0.019764774720301366,0.015959761842588696,0.019690215653884145,-0.0051523109649549885,-0.0019051078177103858,agent65,-1
-1,-0.0058150271734187025,-0.004437589583338074,-0.015270671494678752,-0.010474849993170365,-0.004877324405655951,-0.007911309015518835,-0.006933886497132099,0.011780513223755035,0.01599846256895796,-0.0069852114596380185,-0.011690130049661487,0.009926214615414783,-0.006910135901935897,-0.011132492685786751,0.013989319656739494,-0.008208595329589312,0.01999991068725586,0.015966680664501808,-0.0047771965608391816,-0.012613281214710495,0.02720871610857055,-0.008109267385547594,0.017693807702837672,-0.006715259699192605,-0.002968054521118794,-0.004710891086051628,0.013759407038984478,0.023932836624513384,0.01397708661396295,0.019312331055533705,0.017936054959704198,-0.01066523812340868,1,-0.005090223002519584,0.019972221342884185,-0.005006974633128333,-0.011821992576574441,-0.008057191173400164,0.021092366022858203,0.01528392309241316,-0.013580802839393074,0.009913499789375769,0.019819806315216147,0.01748959946612992,0.01595291076740495,-0.0058122228653315665,-0.013184276367067128,0.03157815770839291,0.02599947528268772,0.01382188099072175,-0.011571542245313675,0.019757866449236522,0.011614149224337292,-0.008092673512592224,0.015965924048975857,-0.007346814896271376,0.025991268517986388,0.011917419497492789,-0.006306861401344097,0.023530149880496933,-0.008523388493516823,-0.010001903339668767,0.015987341652114264,-0.006864140547804592,-0.006407965324933438,0.019768022565724054,0.017122897382799103,-0.007051999611242763,0.01770223473287224,-0.0015223729213279878,0.009951260975130147,0.013889496322230929,0.009741580039936849,0.023993587992231426,0.019819103803556573,-0.004686151784467783,-0.004844496321605783,-0.00334018029555571,-0.0071289208779746465,-0.0030785746002600046,-0.0037997709932171735,0.015971591211680618,-0.009153717820587172,0.01589549462380515,-0.007641818264301913,0.005970183111735555,-0.012480669542324683,0.017462501883757184,0.019648695211096127,-0.004386066324845814,-0.007101337669238128,-0.010118282304774684,-0.006090405430448278,0.02159805552419685,0.015990695409947728,0.019764774720301366,0.015959761842588696,0.019690215653884145,-0.0051523109649549885,-0.0019051078177103858,agent60,1
-1,-0.0058150271734187025,-0.004437589583338074,-0.015270671494678752,-0.010474849993170365,-0.004877324405655951,-0.007911309015518835,-0.006933886497132099,0.011780513223755035,0.01599846256895796,-0.0069852114596380185,-0.011690130049661487,0.009926214615414783,-0.006910135901935897,-0.011132492685786751,0.013989319656739494,-0.008208595329589312,0.01999991068725586,0.015966680664501808,-0.0047771965608391816,-0.012613281214710495,0.02720871610857055,-0.008109267385547594,0.017693807702837672,-0.006715259699192605,-0.002968054521118794,-0.004710891086051628,0.013759407038984478,0.023932836624513384,0.01397708661396295,0.019312331055533705,0.017936054959704198,-0.01066523812340868,1,-0.005090223002519584,0.019972221342884185,-0.005006974633128333,-0.011821992576574441,-0.008057191173400164,0.021092366022858203,0.01528392309241316,-0.013580802839393074,0.009913499789375769,0.019819806315216147,0.01748959946612992,0.01595291076740495,-0.0058122228653315665,-0.013184276367067128,0.03157815770839291,0.02599947528268772,0.01382188099072175,-0.011571542245313675,0.019757866449236522,0.011614149224337292,-0.008092673512592224,0.015965924048975857,-0.007346814896271376,0.025991268517986388,0.011917419497492789,-0.006306861401344097,0.023530149880496933,-0.008523388493516823,-0.010001903339668767,0.015987341652114264,-0.006864140547804592,-0.006407965324933438,0.019768022565724054,0.017122897382799103,-0.007051999611242763,0.01770223473287224,-0.0015223729213279878,0.009951260975130147,0.013889496322230929,0.009741580039936849,0.023993587992231426,0.019819103803556573,-0.004686151784467783,-0.004844496321605783,-0.00334018029555571,-0.0071289208779746465,-0.0030785746002600046,-0.0037997709932171735,0.015971591211680618,-0.009153717820587172,0.01589549462380515,-0.007641818264301913,0.005970183111735555,-0.012480669542324683,0.017462501883757184,0.019648695211096127,-0.004386066324845814,-0.007101337669238128,-0.010118282304774684,-0.006090405430448278,0.02159805552419685,0.015990695409947728,0.019764774720301366,0.015959761842588696,0.019690215653884145,-0.0051523109649549885,-0.0019051078177103858,agent78,1
-1,-0.0058150271734187025,-0.004437589583338074,-0.015270671494678752,-0.010474849993170365,-0.004877324405655951,-0.007911309015518835,-0.006933886497132099,0.011780513223755035,0.01599846256895796,-0.0069852114596380185,-0.011690130049661487,0.009926214615414783,-0.006910135901935897,-0.011132492685786751,0.013989319656739494,-0.008208595329589312,0.01999991068725586,0.015966680664501808,-0.0047771965608391816,-0.012613281214710495,0.02720871610857055,-0.008109267385547594,0.017693807702837672,-0.006715259699192605,-0.002968054521118794,-0.004710891086051628,0.013759407038984478,0.023932836624513384,0.01397708661396295,0.019312331055533705,0.017936054959704198,-0.01066523812340868,1,-0.005090223002519584,0.019972221342884185,-0.005006974633128333,-0.011821992576574441,-0.008057191173400164,0.021092366022858203,0.01528392309241316,-0.013580802839393074,0.009913499789375769,0.019819806315216147,0.01748959946612992,0.01595291076740495,-0.0058122228653315665,-0.013184276367067128,0.03157815770839291,0.02599947528268772,0.01382188099072175,-0.011571542245313675,0.019757866449236522,0.011614149224337292,-0.008092673512592224,0.015965924048975857,-0.007346814896271376,0.025991268517986388,0.011917419497492789,-0.006306861401344097,0.023530149880496933,-0.008523388493516823,-0.010001903339668767,0.015987341652114264,-0.006864140547804592,-0.006407965324933438,0.019768022565724054,0.017122897382799103,-0.007051999611242763,0.01770223473287224,-0.0015223729213279878,0.009951260975130147,0.013889496322230929,0.009741580039936849,0.023993587992231426,0.019819103803556573,-0.004686151784467783,-0.004844496321605783,-0.00334018029555571,-0.0071289208779746465,-0.0030785746002600046,-0.0037997709932171735,0.015971591211680618,-0.009153717820587172,0.01589549462380515,-0.007641818264301913,0.007968873219625458,-0.012480669542324683,0.017462501883757184,0.019648695211096127,-0.004386066324845814,-0.007101337669238128,-0.010118282304774684,-0.006090405430448278,0.02159805552419685,0.015990695409947728,0.019764774720301366,0.015959761842588696,0.019690215653884145,-0.0051523109649549885,-0.0019051078177103858,agent85,-0.9488161722787706
-1,-0.0058150271734187025,-0.004437589583338074,-0.015270671494678752,-0.010474849993170365,-0.004877324405655951,-0.007911309015518835,-0.006933886497132099,0.011780513223755035,0.01599846256895796,-0.0069852114596380185,-0.011690130049661487,0.009926214615414783,-0.006910135901935897,-0.011132492685786751,0.013989319656739494,-0.008208595329589312,0.01999991068725586,0.015966680664501808,-0.0047771965608391816,-0.012613281214710495,0.02720871610857055,-0.008109267385547594,0.017693807702837672,-0.006715259699192605,-0.002968054521118794,-0.004710891086051628,0.013759407038984478,0.023932836624513384,0.01397708661396295,0.019312331055533705,0.017936054959704198,-0.01066523812340868,1,-0.005090223002519584,0.019972221342884185,-0.005006974633128333,-0.011821992576574441,-0.008057191173400164,0.021092366022858203,0.01528392309241316,-0.013580802839393074,0.009913499789375769,0.019819806315216147,0.01748959946612992,0.01595291076740495,-0.0058122228653315665,-0.013184276367067128,0.03157815770839291,0.02599947528268772,0.01382188099072175,-0.011571542245313675,0.019757866449236522,0.011614149224337292,-0.008092673512592224,0.015965924048975857,-0.007346814896271376,0.025991268517986388,0.011917419497492789,-0.006306861401344097,0.023530149880496933,-0.008523388493516823,-0.010001903339668767,0.015987341652114264,-0.006864140547804592,-0.006407965324933438,0.019768022565724054,0.017122897382799103,-0.007051999611242763,0.01770223473287224,-0.0015223729213279878,0.009951260975130147,0.013889496322230929,0.009741580039936849,0.023993587992231426,0.019819103803556573,-0.004686151784467783,-0.004844496321605783,-0.00334018029555571,-0.0071289208779746465,-0.0030785746002600046,-0.0037997709932171735,0.015971591211680618,-0.009153717820587172,0.01589549462380515,-0.007641818264301913,0.007968873219625458,-0.012480669542324683,0.017462501883757184,0.019648695211096127,-0.004386066324845814,-0.007101337669238128,-0.010118282304774684,-0.006090405430448278,0.02159805552419685,0.015990695409947728,0.019764774720301366,0.015959761842588696,0.019690215653884145,-0.0051523109649549885,-0.0019051078177103858,agent25,1
-1,-0.0058150271734187025,-0.004437589583338074,-0.015270671494678752,-0.010474849993170365,-0.004877324405655951,-0.007911309015518835,-0.006933886497132099,0.011780513223755035,0.01599846256895796,-0.0069852114596380185,-0.011690130049661487,0.009926214615414783,-0.006910135901935897,-0.011132492685786751,0.013989319656739494,-0.008208595329589312,0.01999991068725586,0.015966680664501808,-0.0047771965608391816,-0.012613281214710495,0.02720871610857055,-0.008109267385547594,0.017693807702837672,-0.006715259699192605,-0.002968054521118794,-0.004710891086051628,0.013759407038984478,0.023932836624513384,0.01397708661396295,0.019312331055533705,0.017936054959704198,-0.01066523812340868,1,-0.005090223002519584,0.019972221342884185,-0.005006974633128333,-0.011821992576574441,-0.008057191173400164,0.021092366022858203,0.01528392309241316,-0.013580802839393074,0.009913499789375769,0.019819806315216147,0.01748959946612992,0.01595291076740495,-0.0058122228653315665,-0.013184276367067128,0.03157815770839291,0.02599947528268772,0.01382188099072175,-0.011571542245313675,0.019757866449236522,0.011614149224337292,-0.008092673512592224,0.015965924048975857,-0.007346814896271376,0.025991268517986388,0.011917419497492789,-0.006306861401344097,0.023530149880496933,-0.008523388493516823,-0.010001903339668767,0.015987341652114264,-0.006864140547804592,-0.006407965324933438,0.019768022565724054,0.017122897382799103,-0.007051999611242763,0.01770223473287224,-0.0015223729213279878,0.009951260975130147,0.013889496322230929,0.009741580039936849,0.023993587992231426,0.019819103803556573,-0.004686151784467783,-0.004844496321605783,-0.00334018029555571,-0.0071289208779746465,-0.0030785746002600046,-0.0037997709932171735,0.015971591211680618,-0.009153717820587172,0.01589549462380515,-0.007641818264301913,0.007968873219625458,-0.012480669542324683,0.017462501883757184,0.019648695211096127,-0.004386066324845814,-0.007101337669238128,-0.010118282304774684,-0.006090405430448278,0.02159805552419685,0.015990695409947728,0.019764774720301366,0.015959761842588696,0.019690215653884145,-0.0051523109649549885,-0.0019051078177103858,agent33,1
-1,-0.0058150271734187025,-0.004437589583338074,-0.015270671494678752,-0.010474849993170365,-0.004877324405655951,-0.007911309015518835,-0.006933886497132099,0.011780513223755035,0.01599846256895796,-0.0069852114596380185,-0.011690130049661487,0.009926214615414783,-0.006910135901935897,-0.011132492685786751,0.013989319656739494,-0.008208595329589312,0.01999991068725586,0.015966680664501808,-0.0047771965608391816,-0.012613281214710495,0.02720871610857055,-0.008109267385547594,0.017693807702837672,-0.006715259699192605,-0.002968054521118794,-0.004710891086051628,0.013759407038984478,0.023932836624513384,0.01397708661396295,0.019312331055533705,0.017936054959704198,-0.01066523812340868,1,-0.005090223002519584,0.019972221342884185,-0.005006974633128333,-0.011821992576574441,-0.008057191173400164,0.021092366022858203,0.01528392309241316,-0.013580802839393074,0.009913499789375769,0.019819806315216147,0.01748959946612992,0.01595291076740495,-0.0058122228653315665,-0.013184276367067128,0.03157815770839291,0.02599947528268772,0.01382188099072175,-0.011571542245313675,0.019757866449236522,0.011614149224337292,-0.008092673512592224,0.015965924048975857,-0.007346814896271376,0.025991268517986388,0.011917419497492789,-0.006306861401344097,0.023530149880496933,-0.008523388493516823,-0.010001903339668767,0.015987341652114264,-0.006864140547804592,-0.006407965324933438,0.019768022565724054,0.017122897382799103,-0.007051999611242763,0.01770223473287224,-0.0015223729213279878,0.009951260975130147,0.013889496322230929,0.009741580039936849,0.023993587992231426,0.019819103803556573,-0.004686151784467783,-0.004844496321605783,-0.00334018029555571,-0.0071289208779746465,-0.0030785746002600046,-0.0037997709932171735,0.015971591211680618,-0.009153717820587172,0.01589549462380515,-0.007641818264301913,0.007968873219625458,-0.012480669542324683,0.017462501883757184,0.019648695211096127,-0.004386066324845814,-0.007101337669238128,-0.010118282304774684,-0.006090405430448278,0.02159805552419685,0.015990695409947728,0.019764774720301366,0.015959761842588696,0.019690215653884145,-0.0051523109649549885,-0.0019051078177103858,agent21,1
-1,-0.0058150271734187025,-0.004437589583338074,-0.015270671494678752,-0.010474849993170365,-0.004877324405655951,-0.007911309015518835,-0.006933886497132099,0.011780513223755035,0.01599846256895796,-0.0069852114596380185,-0.011690130049661487,0.009926214615414783,-0.006910135901935897,-0.011132492685786751,0.013989319656739494,-0.008208595329589312,0.01999991068725586,0.015966680664501808,-0.0047771965608391816,-0.012613281214710495,0.02720871610857055,-0.008109267385547594,0.017693807702837672,-0.006715259699192605,-0.002968054521118794,-0.004710891086051628,0.013759407038984478,0.023932836624513384,0.01397708661396295,0.019312331055533705,0.017936054959704198,-0.01066523812340868,1,-0.005090223002519584,0.019972221342884185,-0.005006974633128333,-0.011821992576574441,-0.008057191173400164,0.021092366022858203,0.01528392309241316,-0.013580802839393074,0.009913499789375769,0.019819806315216147,0.01748959946612992,0.01595291076740495,-0.0058122228653315665,-0.013184276367067128,0.03157815770839291,0.02599947528268772,0.01382188099072175,-0.011571542245313675,0.019757866449236522,0.011614149224337292,-0.008092673512592224,0.015965924048975857,-0.007346814896271376,0.025991268517986388,0.011917419497492789,-0.006306861401344097,0.023530149880496933,-0.008523388493516823,-0.010001903339668767,0.015987341652114264,-0.006864140547804592,-0.006407965324933438,0.019768022565724054,0.017122897382799103,-0.007051999611242763,0.01770223473287224,-0.0015223729213279878,0.009951260975130147,0.013889496322230929,0.009741580039936849,0.023993587992231426,0.019819103803556573,-0.004686151784467783,-0.004844496321605783,-0.00334018029555571,-0.0071289208779746465,-0.0030785746002600046,-0.0037997709932171735,0.015971591211680618,-0.009153717820587172,0.01589549462380515,-0.007641818264301913,0.007968873219625458,-0.012480669542324683,0.017462501883757184,0.019648695211096127,-0.004386066324845814,-0.007101337669238128,-0.010118282304774684,-0.006090405430448278,0.02159805552419685,0.015990695409947728,0.019764774720301366,0.015959761842588696,0.019690215653884145,-0.0051523109649549885,-0.0019051078177103858,agent58,1
-1,-0.0058150271734187025,-0.004437589583338074,-0.015270671494678752,-0.010474849993170365,-0.004877324405655951,-0.007911309015518835,-0.006933886497132099,0.011780513223755035,0.01599846256895796,-0.0069852114596380185,-0.011690130049661487,0.009926214615414783,-0.006910135901935897,-0.011132492685786751,0.013989319656739494,-0.008208595329589312,0.01999991068725586,0.015966680664501808,-0.0047771965608391816,-0.012613281214710495,0.02720871610857055,-0.008109267385547594,0.017693807702837672,-0.006715259699192605,-0.002968054521118794,-0.004710891086051628,0.013759407038984478,0.023932836624513384,0.01397708661396295,0.019312331055533705,0.017936054959704198,-0.01066523812340868,1,-0.005090223002519584,0.019972221342884185,-0.005006974633128333,-0.011821992576574441,-0.008057191173400164,0.021092366022858203,0.01528392309241316,-0.013580802839393074,0.009913499789375769,0.019819806315216147,0.01748959946612992,0.01595291076740495,-0.0058122228653315665,-0.013184276367067128,0.03157815770839291,0.02599947528268772,0.01382188099072175,-0.011571542245313675,0.019757866449236522,0.011614149224337292,-0.008092673512592224,0.015965924048975857,-0.007346814896271376,0.025991268517986388,0.011917419497492789,-0.006306861401344097,0.023530149880496933,-0.008523388493516823,-0.010001903339668767,0.015987341652114264,-0.006864140547804592,-0.006407965324933438,0.019768022565724054,0.017122897382799103,-0.007051999611242763,0.01770223473287224,-0.0015223729213279878,0.009951260975130147,0.013889496322230929,0.009741580039936849,0.023993587992231426,0.019819103803556573,-0.004686151784467783,-0.004844496321605783,-0.00334018029555571,-0.0071289208779746465,-0.0030785746002600046,-0.0037997709932171735,0.015971591211680618,-0.009153717820587172,0.01589549462380515,-0.007641818264301913,0.007968873219625458,-0.012480669542324683,0.017462501883757184,0.019648695211096127,-0.004386066324845814,-0.007101337669238128,-0.010118282304774684,-0.006090405430448278,0.02159805552419685,0.015990695409947728,0.019764774720301366,0.017959761842588698,0.019690215653884145,-0.0051523109649549885,-0.0019051078177103858,agent96,-1
-1,-0.0058150271734187025,-0.004437589583338074,-0.015270671494678752,-0.010474849993170365,-0.004877324405655951,-0.007911309015518835,-0.006933886497132099,0.011780513223755035,0.01599846256895796,-0.0069852114596380185,-0.011690130049661487,0.009926214615414783,-0.006910135901935897,-0.011132492685786751,0.013989319656739494,-0.008208595329589312,0.01999991068725586,0.015966680664501808,-0.0047771965608391816,-0.012613281214710495,0.02720871610857055,-0.008109267385547594,0.017693807702837672,-0.006715259699192605,-0.002968054521118794,-0.004710891086051628,0.013759407038984478,0.023932836624513384,0.01397708661396295,0.019312331055533705,0.017936054959704198,-0.01066523812340868,1,-0.005090223002519584,0.019972221342884185,-0.005006974633128333,-0.011821992576574441,-0.008057191173400164,0.021092366022858203,0.01528392309241316,-0.013580802839393074,0.009913499789375769,0.019819806315216147,0.01748959946612992,0.01595291076740495,-0.0058122228653315665,-0.013184276367067128,0.03157815770839291,0.02599947528268772,0.01382188099072175,-0.011571542245313675,0.019757866449236522,0.011614149224337292,-0.008092673512592224,0.015965924048975857,-0.007346814896271376,0.025991268517986388,0.011917419497492789,-0.006306861401344097,0.023530149880496933,-0.008523388493516823,-0.010001903339668767,0.015987341652114264,-0.006864140547804592,-0.006407965324933438,0.019768022565724054,0.017122897382799103,-0.007051999611242763,0.01770223473287224,-0.0015223729213279878,0.009951260975130147,0.013889496322230929,0.009741580039936849,0.023993587992231426,0.019819103803556573,-0.004686151784467783,-0.004844496321605783,-0.00334018029555571,-0.0071289208779746465,-0.0030785746002600046,-0.0037997709932171735,0.015971591211680618,-0.009153717820587172,0.01589549462380515,-0.007641818264301913,0.007968873219625458,-0.012480669542324683,0.017462501883757184,0.019648695211096127,-0.004386066324845814,-0.007101337669238128,-0.010118282304774684,-0.006090405430448278,0.02159805552419685,0.015990695409947728,0.019764774720301366,0.017959761842588698,0.019690215653884145,-0.0051523109649549885,-0.0019051078177103858,agent64,1
-1,-0.0058150271734187025,-0.004437589583338074,-0.015270671494678752,-0.010474849993170365,-0.004877324405655951,-0.007911309015518835,-0.006933886497132099,0.011780513223755035,0.01599846256895796,-0.0069852114596380185,-0.011690130049661487,0.009926214615414783,-0.006910135901935897,-0.011132492685786751,0.013989319656739494,-0.008208595329589312,0.01999991068725586,0.015966680664501808,-0.0047771965608391816,-0.012613281214710495,0.02720871610857055,-0.008109267385547594,0.017693807702837672,-0.006715259699192605,-0.002968054521118794,-0.004710891086051628,0.013759407038984478,0.023932836624513384,0.01397708661396295,0.019312331055533705,0.017936054959704198,-0.01066523812340868,1,-0.005090223002519584,0.019972221342884185,-0.005006974633128333,-0.011821992576574441,-0.008057191173400164,0.021092366022858203,0.01528392309241316,-0.013580802839393074,0.009913499789375769,0.019819806315216147,0.01748959946612992,0.01595291076740495,-0.0058122228653315665,-0.013184276367067128,0.03157815770839291,0.02599947528268772,0.01382188099072175,-0.011571542245313675,0.019757866449236522,0.011614149224337292,-0.008092673512592224,0.015965924048975857,-0.007346814896271376,0.025991268517986388,0.011917419497492789,-0.006306861401344097,0.023530149880496933,-0.008523388493516823,-0.010001903339668767,0.015987341652114264,-0.006864140547804592,-0.006407965324933438,0.019768022565724054,0.019122897382799105,-0.007051999611242763,0.01770223473287224,-0.0015223729213279878,0.009951260975130147,0.013889496322230929,0.009741580039936849,0.023993587992231426,0.019819103803556573,-0.004686151784467783,-0.004844496321605783,-0.00334018029555571,-0.0071289208779746465,-0.0030785746002600046,-0.0037997709932171735,0.015971591211680618,-0.009153717820587172,0.01589549462380515,-0.007641818264301913,0.007968873219625458,-0.012480669542324683,0.017462501883757184,0.019648695211096127,-0.004386066324845814,-0.007101337669238128,-0.010118282304774684,-0.006090405430448278,0.02159805552419685,0.015990695409947728,0.019764774720301366,0.017959761842588698,0.019690215653884145,-0.0051523109649549885,-0.0019051078177103858,agent66,-1
-1,-0.0058150271734187025,-0.004437589583338074,-0.015270671494678752,-0.010474849993170365,-0.004877324405655951,-0.007911309015518835,-0.006933886497132099,0.011780513223755035,0.01599846256895796,-0.0069852114596380185,-0.011690130049661487,0.009926214615414783,-0.006910135901935897,-0.011132492685786751,0.013989319656739494,-0.008208595329589312,0.01999991068725586,0.015966680664501808,-0.0047771965608391816,-0.012613281214710495,0.02720871610857055,-0.008109267385547594,0.017693807702837672,-0.006715259699192605,-0.002968054521118794,-0.004710891086051628,0.013759407038984478,0.023932836624513384,0.01397708661396295,0.019312331055533705,0.017936054959704198,-0.01066523812340868,1,-0.005090223002519584,0.019972221342884185,-0.005006974633128333,-0.011821992576574441,-0.008057191173400164,0.021092366022858203,0.01528392309241316,-0.013580802839393074,0.009913499789375769,0.019819806315216147,0.01748959946612992,0.01595291076740495,-0.0058122228653315665,-0.013184276367067128,0.03157815770839291,0.02599947528268772,0.01382188099072175,-0.011571542245313675,0.019757866449236522,0.011614149224337292,-0.008092673512592224,0.015965924048975857,-0.007346814896271376,0.025991268517986388,0.011917419497492789,-0.006306861401344097,0.023530149880496933,-0.008523388493516823,-0.010001903339668767,0.015987341652114264,-0.006864140547804592,-0.006407965324933438,0.019768022565724054,0.019122897382799105,-0.007051999611242763,0.01770223473287224,-0.0015223729213279878,0.009951260975130147,0.013889496322230929,0.009741580039936849,0.023993587992231426,0.019819103803556573,-0.004686151784467783,-0.004844496321605783,-0.00334018029555571,-0.0071289208779746465,-0.0030785746002600046,-0.0037997709932171735,0.015971591211680618,-0.009153717820587172,0.01589549462380515,-0.007641818264301913,0.007968873219625458,-0.012480669542324683,0.017462501883757184,0.019648695211096127,-0.004386066324845814,-0.007101337669238128,-0.010118282304774684,-0.006090405430448278,0.02159805552419685,0.015990695409947728,0.019764774720301366,0.017959761842588698,0.019690215653884145,-0.0051523109649549885,-0.0019051078177103858,agent24,1
-1,-0.0058150271734187025,-0.004437589583338074,-0.015270671494678752,-0.010474849993170365,-0.004877324405655951,-0.007911309015518835,-0.006933886497132099,0.011780513223755035,0.01599846256895796,-0.0069852114596380185,-0.011690130049661487,0.009926214615414783,-0.006910135901935897,-0.011132492685786751,0.013989319656739494,-0.008208595329589312,0.01999991068725586,0.015966680664501808,-0.0047771965608391816,-0.012613281214710495,0.02720871610857055,-0.008109267385547594,0.017693807702837672,-0.006715259699192605,-0.002968054521118794,-0.004710891086051628,0.013759407038984478,0.023932836624513384,0.01397708661396295,0.019312331055533705,0.017936054959704198,-0.01066523812340868,1,-0.005090223002519584,0.019972221342884185,-0.005006974633128333,-0.011821992576574441,-0.008057191173400164,0.021092366022858203,0.01528392309241316,-0.013580802839393074,0.009913499789375769,0.019819806315216147,0.01748959946612992,0.01595291076740495,-0.0058122228653315665,-0.013184276367067128,0.03157815770839291,0.02599947528268772,0.01382188099072175,-0.011571542245313675,0.019757866449236522,0.011614149224337292,-0.008092673512592224,0.015965924048975857,-0.007346814896271376,0.025991268517986388,0.011917419497492789,-0.006306861401344097,0.023530149880496933,-0.008523388493516823,-0.010001903339668767,0.015987341652114264,-0.006864140547804592,-0.006407965324933438,0.019768022565724054,0.019122897382799105,-0.007051999611242763,0.01770223473287224,-0.0015223729213279878,0.009951260975130147,0.013889496322230929,0.009741580039936849,0.023993587992231426,0.019819103803556573,-0.004686151784467783,-0.004844496321605783,-0.00334018029555571,-0.0071289208779746465,-0.0030785746002600046,-0.0037997709932171735,0.015971591211680618,-0.009153717820587172,0.01589549462380515,-0.007641818264301913,0.007968873219625458,-0.012480669542324683,0.017462501883757184,0.019648695211096127,-0.004386066324845814,-0.007101337669238128,-0.010118282304774684,-0.006090405430448278,0.02159805552419685,0.015990695409947728,0.019764774720301366,0.017959761842588698,0.019690215653884145,-0.0051523109649549885,-0.0019051078177103858,agent91,1
-1,-0.0058150271734187025,-0.004437589583338074,-0.015270671494678752,-0.010474849993170365,-0.004877324405655951,-0.007911309015518835,-0.006933886497132099,0.011780513223755035,0.01599846256895796,-0.0069852114596380185,-0.011690130049661487,0.009926214615414783,-0.006910135901935897,-0.011132492685786751,0.013989319656739494,-0.008208595329589312,0.01999991068725586,0.015966680664501808,-0.0047771965608391816,-0.012613281214710495,0.02720871610857055,-0.008109267385547594,0.017693807702837672,-0.006715259699192605,-0.002968054521118794,-0.004710891086051628,0.013759407038984478,0.023932836624513384,0.01397708661396295,0.019312331055533705,0.017936054959704198,-0.01066523812340868,1,-0.005090223002519584,0.019972221342884185,-0.005006974633128333,-0.011821992576574441,-0.008057191173400164,0.021092366022858203,0.01528392309241316,-0.013580802839393074,0.009913499789375769,0.019819806315216147,0.01748959946612992,0.01595291076740495,-0.0058122228653315665,-0.013184276367067128,0.03157815770839291,0.02599947528268772,0.01382188099072175,-0.011571542245313675,0.019757866449236522,0.011614149224337292,-0.008092673512592224,0.015965924048975857,-0.007346814896271376,0.025991268517986388,0.011917419497492789,-0.006306861401344097,0.023530149880496933,-0.008523388493516823,-0.010001903339668767,0.015987341652114264,-0.006864140547804592,-0.006407965324933438,0.019768022565724054,0.019122897382799105,-0.007051999611242763,0.01770223473287224,-0.0015223729213279878,0.009951260975130147,0.013889496322230929,0.011715185208310679,0.023993587992231426,0.019819103803556573,-0.004686151784467783,-0.004844496321605783,-0.00334018029555571,-0.0071289208779746465,-0.0030785746002600046,-0.0037997709932171735,0.015971591211680618,-0.009153717820587172,0.01589549462380515,-0.007641818264301913,0.007968873219625458,-0.012480669542324683,0.017462501883757184,0.019648695211096127,-0.004386066324845814,-0.007101337669238128,-0.010118282304774684,-0.006090405430448278,0.02159805552419685,0.015990695409947728,0.019764774720301366,0.017959761842588698,0.019690215653884145,-0.0051523109649549885,-0.0019051078177103858,agent72,-0.7702399876994693
-1,-0.0058150271734187025,-0.004437589583338074,-0.015270671494678752,-0.010474849993170365,-0.004877324405655951,-0.007911309015518835,-0.006933886497132099,0.011780513223755035,0.01599846256895796,-0.0069852114596380185,-0.011690130049661487,0.009926214615414783,-0.006910135901935897,-0.011132492685786751,0.013989319656739494,-0.008208595329589312,0.01999991068725586,0.015966680664501808,-0.0047771965608391816,-0.012613281214710495,0.02720871610857055,-0.008109267385547594,0.017693807702837672,-0.006715259699192605,-0.002968054521118794,-0.004710891086051628,0.013759407038984478,0.023932836624513384,0.01397708661396295,0.019312331055533705,0.017936054959704198,-0.01066523812340868,1,-0.005090223002519584,0.019972221342884185,-0.005006974633128333,-0.011821992576574441,-0.008057191173400164,0.021092366022858203,0.01528392309241316,-0.013580802839393074,0.009913499789375769,0.019819806315216147,0.01748959946612992,0.01595291076740495,-0.0058122228653315665,-0.013184276367067128,0.03157815770839291,0.02599947528268772,0.01382188099072175,-0.011571542245313675,0.019757866449236522,0.011614149224337292,-0.008092673512592224,0.015965924048975857,-0.007346814896271376,0.025991268517986388,0.011917419497492789,-0.006306861401344097,0.023530149880496933,-0.008523388493516823,-0.010001903339668767,0.015987341652114264,-0.006864140547804592,-0.006407965324933438,0.019768022565724054,0.019122897382799105,-0.007051999611242763,0.01770223473287224,-0.0015223729213279878,0.009951260975130147,0.013889496322230929,0.011715185208310679,0.023993587992231426,0.019819103803556573,-0.004686151784467783,-0.004844496321605783,-0.00334018029555571,-0.0071289208779746465,-0.0030785746002600046,-0.0037997709932171735,0.015971591211680618,-0.009153717820587172,0.01589549462380515,-0.007641818264301913,0.007968873219625458,-0.012480669542324683,0.017462501883757184,0.019648695211096127,-0.004386066324845814,-0.007101337669238128,-0.010118282304774684,-0.006090405430448278,0.02159805552419685,0.015990695409947728,0.019764774720301366,0.017959761842588698,0.021690215653884147,-0.0051523109649549885,-0.0019051078177103858,agent97,-1
-1,-0.0058150271734187025,-0.004437589583338074,-0.015270671494678752,-0.010474849993170365,-0.004877324405655951,-0.007911309015518835,-0.006933886497132099,0.011780513223755035,0.01599846256895796,-0.0069852114596380185,-0.011690130049661487,0.009926214615414783,-0.006910135901935897,-0.011132492685786751,0.013989319656739494,-0.008208595329589312,0.01999991068725586,0.015966680664501808,-0.0047771965608391816,-0.012613281214710495,0.02720871610857055,-0.008109267385547594,0.017693807702837672,-0.006715259699192605,-0.002968054521118794,-0.004710891086051628,0.013759407038984478,0.023932836624513384,0.01397708661396295,0.019312331055533705,0.017936054959704198,-0.01066523812340868,1,-0.005090223002519584,0.019972221342884185,-0.005006974633128333,-0.011821992576574441,-0.008057191173400164,0.021092366022858203,0.01528392309241316,-0.013580802839393074,0.009913499789375769,0.019819806315216147,0.01748959946612992,0.01595291076740495,-0.0058122228653315665,-0.013184276367067128,0.03157815770839291,0.02599947528268772,0.01382188099072175,-0.011571542245313675,0.019757866449236522,0.011614149224337292,-0.008092673512592224,0.015965924048975857,-0.007346814896271376,0.025991268517986388,0.011917419497492789,-0.006306861401344097,0.023530149880496933,-0.008523388493516823,-0.010001903339668767,0.015987341652114264,-0.006864140547804592,-0.006407965324933438,0.019768022565724054,0.019122897382799105,-0.007051999611242763,0.01770223473287224,-0.0015223729213279878,0.009951260975130147,0.013889496322230929,0.011715185208310679,0.023993587992231426,0.019819103803556573,-0.004686151784467783,-0.004844496321605783,-0.00334018029555571,-0.0071289208779746465,-0.0030785746002600046,-0.0037997709932171735,0.015971591211680618,-0.009153717820587172,0.01589549462380515,-0.007641818264301913,0.009968070534072289,-0.012480669542324683,0.017462501883757184,0.019648695211096127,-0.004386066324845814,-0.007101337669238128,-0.010118282304774684,-0.006090405430448278,0.02159805552419685,0.015990695409947728,0.019764774720301366,0.017959761842588698,0.021690215653884147,-0.0051523109649549885,-0.0019051078177103858,agent85,-0.9599329174217043
-1,-0.0058150271734187025,-0.004437589583338074,-0.015270671494678752,-0.010474849993170365,-0.004877324405655951,-0.007911309015518835,-0.006933886497132099,0.011780513223755035,0.01599846256895796,-0.0069852114596380185,-0.011690130049661487,0.009926214615414783,-0.006910135901935897,-0.011132492685786751,0.013989319656739494,-0.008208595329589312,0.01999991068725586,0.015966680664501808,-0.0047771965608391816,-0.012613281214710495,0.02720871610857055,-0.008109267385547594,0.017693807702837672,-0.006715259699192605,-0.002968054521118794,-0.004710891086051628,0.013759407038984478,0.023932836624513384,0.01397708661396295,0.019312331055533705,0.017936054959704198,-0.01066523812340868,1,-0.005090223002519584,0.019972221342884185,-0.005006974633128333,-0.011821992576574441,-0.008057191173400164,0.021092366022858203,0.01528392309241316,-0.013580802839393074,0.009913499789375769,0.019819806315216147,0.01748959946612992,0.01595291076740495,-0.0058122228653315665,-0.013184276367067128,0.03157815770839291,0.02599947528268772,0.01382188099072175,-0.011571542245313675,0.019757866449236522,0.011614149224337292,-0.008092673512592224,0.015965924048975857,-0.007346814896271376,0.025991268517986388,0.011917419497492789,-0.006306861401344097,0.023530149880496933,-0.008523388493516823,-0.010001903339668767,0.015987341652114264,-0.006864140547804592,-0.006407965324933438,0.019768022565724054,0.019122897382799105,-0.007051999611242763,0.01770223473287224,-0.0015223729213279878,0.009951260975130147,0.013889496322230929,0.011715185208310679,0.023993587992231426,0.019819103803556573,-0.004686151784467783,-0.004844496321605783,-0.00334018029555571,-0.0071289208779746465,-0.0030785746002600046,-0.0037997709932171735,0.015971591211680618,-0.009153717820587172,0.01789549462380515,-0.007641818264301913,0.009968070534072289,-0.012480669542324683,0.017462501883757184,0.019648695211096127,-0.004386066324845814,-0.007101337669238128,-0.010118282304774684,-0.006090405430448278,0.02159805552419685,0.015990695409947728,0.019764774720301366,0.017959761842588698,0.021690215653884147,-0.0051523109649549885,-0.0019051078177103858,agent83,-1
-1,-0.0058150271734187025,-0.004437589583338074,-0.015270671494678752,-0.010474849993170365,-0.004877324405655951,-0.007911309015518835,-0.006933886497132099,0.011780513223755035,0.01599846256895796,-0.0069852114596380185,-0.011690130049661487,0.009926214615414783,-0.006910135901935897,-0.011132492685786751,0.013989319656739494,-0.008208595329589312,0.01999991068725586,0.015966680664501808,-0.0047771965608391816,-0.012613281214710495,0.02720871610857055,-0.008109267385547594,0.017693807702837672,-0.006715259699192605,-0.002968054521118794,-0.004710891086051628,0.013759407038984478,0.023932836624513384,0.01397708661396295,0.019312331055533705,0.017936054959704198,-0.01066523812340868,1,-0.005090223002519584,0.019972221342884185,-0.005006974633128333,-0.011821992576574441,-0.008057191173400164,0.021092366022858203,0.01528392309241316,-0.013580802839393074,0.009913499789375769,0.019819806315216147,0.019489599466129923,0.01595291076740495,-0.0058122228653315665,-0.013184276367067128,0.03157815770839291,0.02599947528268772,0.01382188099072175,-0.011571542245313675,0.019757866449236522,0.011614149224337292,-0.008092673512592224,0.015965924048975857,-0.007346814896271376,0.025991268517986388,0.011917419497492789,-0.006306861401344097,0.023530149880496933,-0.008523388493516823,-0.010001903339668767,0.015987341652114264,-0.006864140547804592,-0.006407965324933438,0.019768022565724054,0.019122897382799105,-0.007051999611242763,0.01770223473287224,-0.0015223729213279878,0.009951260975130147,0.013889496322230929,0.011715185208310679,0.023993587992231426,0.019819103803556573,-0.004686151784467783,-0.004844496321605783,-0.00334018029555571,-0.0071289208779746465,-0.0030785746002600046,-0.0037997709932171735,0.015971591211680618,-0.009153717820587172,0.01789549462380515,-0.007641818264301913,0.009968070534072289,-0.012480669542324683,0.017462501883757184,0.019648695211096127,-0.004386066324845814,-0.007101337669238128,-0.010118282304774684,-0.006090405430448278,0.02159805552419685,0.015990695409947728,0.019764774720301366,0.017959761842588698,0.021690215653884147,-0.0051523109649549885,-0.0019051078177103858,agent43,-1
-1,-0.0058150271734187025,-0.004437589583338074,-0.015270671494678752,-0.010474849993170365,-0.004877324405655951,-0.007911309015518835,-0.006933886497132099,0.011780513223755035,0.01599846256895796,-0.0069852114596380185,-0.011690130049661487,0.009926214615414783,-0.006910135901935897,-0.011132492685786751,0.013989319656739494,-0.008208595329589312,0.01999991068725586,0.015966680664501808,-0.0047771965608391816,-0.012613281214710495,0.02720871610857055,-0.008109267385547594,0.017693807702837672,-0.006715259699192605,-0.002968054521118794,-0.004710891086051628,0.013759407038984478,0.023932836624513384,0.01397708661396295,0.019312331055533705,0.017936054959704198,-0.01066523812340868,1,-0.005090223002519584,0.019972221342884185,-0.005006974633128333,-0.011821992576574441,-0.008057191173400164,0.021092366022858203,0.01528392309241316,-0.013580802839393074,0.009913499789375769,0.019819806315216147,0.019489599466129923,0.01595291076740495,-0.0058122228653315665,-0.013184276367067128,0.03157815770839291,0.02599947528268772,0.01382188099072175,-0.011571542245313675,0.019757866449236522,0.011614149224337292,-0.008092673512592224,0.015965924048975857,-0.007346814896271376,0.025991268517986388,0.011917419497492789,-0.006306861401344097,0.023530149880496933,-0.008523388493516823,-0.010001903339668767,0.015987341652114264,-0.006864140547804592,-0.006407965324933438,0.019768022565724054,0.019122897382799105,-0.007051999611242763,0.01770223473287224,-0.0015223729213279878,0.009951260975130147,0.013889496322230929,0.011715185208310679,0.023993587992231426,0.021819103803556575,-0.004686151784467783,-0.004844496321605783,-0.00334018029555571,-0.0071289208779746465,-0.0030785746002600046,-0.0037997709932171735,0.015971591211680618,-0.009153717820587172,0.01789549462380515,-0.007641818264301913,0.009968070534072289,-0.012480669542324683,0.017462501883757184,0.019648695211096127,-0.004386066324845814,-0.007101337669238128,-0.010118282304774684,-0.006090405430448278,0.02159805552419685,0.015990695409947728,0.019764774720301366,0.017959761842588698,0.021690215653884147,-0.0051523109649549885,-0.0019051078177103858,agent74,-1
-1,-0.0058150271734187025,-0.004437589583338074,-0.015270671494678752,-0.010474849993170365,-0.004877324405655951,-0.007911309015518835,-0.006933886497132099,0.011780513223755035,0.01599846256895796,-0.0069852114596380185,-0.011690130049661487,0.009926214615414783,-0.006910135901935897,-0.011132492685786751,0.013989319656739494,-0.008208595329589312,0.01999991068725586,0.015966680664501808,-0.0047771965608391816,-0.012613281214710495,0.02720871610857055,-0.008109267385547594,0.017693807702837672,-0.006715259699192605,-0.002968054521118794,-0.004710891086051628,0.013759407038984478,0.023932836624513384,0.01397708661396295,0.019312331055533705,0.017936054959704198,-0.01066523812340868,1,-0.005090223002519584,0.019972221342884185,-0.005006974633128333,-0.011821992576574441,-0.008057191173400164,0.021092366022858203,0.01528392309241316,-0.013580802839393074,0.009913499789375769,0.019819806315216147,0.019489599466129923,0.01595291076740495,-0.0058122228653315665,-0.013184276367067128,0.03157815770839291,0.02599947528268772,0.01382188099072175,-0.011571542245313675,0.019757866449236522,0.011614149224337292,-0.008092673512592224,0.015965924048975857,-0.007346814896271376,0.025991268517986388,0.011917419497492789,-0.006306861401344097,0.023530149880496933,-0.008523388493516823,-0.010001903339668767,0.015987341652114264,-0.006864140547804592,-0.006407965324933438,0.019768022565724054,0.019122897382799105,-0.007051999611242763,0.01770223473287224,-0.0015223729213279878,0.009951260975130147,0.013889496322230929,0.011715185208310679,0.023993587992231426,0.021819103803556575,-0.004686151784467783,-0.004844496321605783,-0.00334018029555571,-0.0071289208779746465,-0.0030785746002600046,-0.0037997709932171735,0.015971591211680618,-0.009153717820587172,0.01789549462380515,-0.007641818264301913,0.009968070534072289,-0.012480669542324683,0.017462501883757184,0.019648695211096127,-0.004386066324845814,-0.007101337669238128,-0.010118282304774684,-0.006090405430448278,0.02159805552419685,0.015990695409947728,0.019764774720301366,0.017959761842588698,0.021690215653884147,-0.0051523109649549885,-0.0019051078177103858,agent53,1
-1,-0.0058150271734187025,-0.004437589583338074,-0.015270671494678752,-0.010474849993170365,-0.004877324405655951,-0.007911309015518835,-0.006933886497132099,0.011780513223755035,0.01599846256895796,-0.0069852114596380185,-0.011690130049661487,0.009926214615414783,-0.006910135901935897,-0.011132492685786751,0.013989319656739494,-0.008208595329589312,0.01999991068725586,0.015966680664501808,-0.0047771965608391816,-0.012613281214710495,0.02720871610857055,-0.008109267385547594,0.017693807702837672,-0.006715259699192605,-0.002968054521118794,-0.004710891086051628,0.013759407038984478,0.023932836624513384,0.01397708661396295,0.019312331055533705,0.017936054959704198,-0.01066523812340868,1,-0.005090223002519584,0.019972221342884185,-0.005006974633128333,-0.011821992576574441,-0.008057191173400164,0.021092366022858203,0.01528392309241316,-0.013580802839393074,0.009913499789375769,0.019819806315216147,0.019489599466129923,0.01595291076740495,-0.0058122228653315665,-0.013184276367067128,0.03157815770839291,0.02599947528268772,0.01382188099072175,-0.011571542245313675,0.019757866449236522,0.011614149224337292,-0.008092673512592224,0.015965924048975857,-0.007346814896271376,0.025991268517986388,0.011917419497492789,-0.006306861401344097,0.023530149880496933,-0.008523388493516823,-0.010001903339668767,0.015987341652114264,-0.006864140547804592,-0.006407965324933438,0.019768022565724054,0.019122897382799105,-0.007051999611242763,0.01770223473287224,-0.0015223729213279878,0.009951260975130147,0.013889496322230929,0.011715185208310679,0.023993587992231426,0.021819103803556575,-0.004686151784467783,-0.004844496321605783,-0.00334018029555571,-0.0071289208779746465,-0.0030785746002600046,-0.0037997709932171735,0.015971591211680618,-0.009153717820587172,0.01789549462380515,-0.007641818264301913,0.009968070534072289,-0.012480669542324683,0.017462501883757184,0.019648695211096127,-0.004386066324845814,-0.007101337669238128,-0.010118282304774684,-0.006090405430448278,0.02159805552419685,0.015990695409947728,0.021764774720301368,0.017959761842588698,0.021690215653884147,-0.0051523109649549885,-0.0019051078177103858,agent95,-1
-1,-0.0058150271734187025,-0.004437589583338074,-0.015270671494678752,-0.010474849993170365,-0.004877324405655951,-0.007911309015518835,-0.006933886497132099,0.011780513223755035,0.01599846256895796,-0.0069852114596380185,-0.011690130049661487,0.009926214615414783,-0.006910135901935897,-0.011132492685786751,0.013989319656739494,-0.008208595329589312,0.01999991068725586,0.015966680664501808,-0.0047771965608391816,-0.012613281214710495,0.02720871610857055,-0.008109267385547594,0.017693807702837672,-0.006715259699192605,-0.002968054521118794,-0.004710891086051628,0.013759407038984478,0.023932836624513384,0.01397708661396295,0.019312331055533705,0.017936054959704198,-0.01066523812340868,1,-0.005090223002519584,0.019972221342884185,-0.005006974633128333,-0.011821992576574441,-0.008057191173400164,0.021092366022858203,0.01528392309241316,-0.013580802839393074,0.009913499789375769,0.019819806315216147,0.019489599466129923,0.01595291076740495,-0.0058122228653315665,-0.013184276367067128,0.03157815770839291,0.02599947528268772,0.01382188099072175,-0.011571542245313675,0.021751400932460314,0.011614149224337292,-0.008092673512592224,0.015965924048975857,-0.007346814896271376,0.025991268517986388,0.011917419497492789,-0.006306861401344097,0.023530149880496933,-0.008523388493516823,-0.010001903339668767,0.015987341652114264,-0.006864140547804592,-0.006407965324933438,0.019768022565724054,0.019122897382799105,-0.007051999611242763,0.01770223473287224,-0.0015223729213279878,0.009951260975130147,0.013889496322230929,0.011715185208310679,0.023993587992231426,0.021819103803556575,-0.004686151784467783,-0.004844496321605783,-0.00334018029555571,-0.0071289208779746465,-0.0030785746002600046,-0.0037997709932171735,0.015971591211680618,-0.009153717820587172,0.01789549462380515,-0.007641818264301913,0.009968070534072289,-0.012480669542324683,0.017462501883757184,0.019648695211096127,-0.004386066324845814,-0.007101337669238128,-0.010118282304774684,-0.006090405430448278,0.02159805552419685,0.015990695409947728,0.021764774720301368,0.017959761842588698,0.021690215653884147,-0.0051523109649549885,-0.0019051078177103858,agent51,-0.8862852975538706
-1,-0.0058150271734187025,-0.004437589583338074,-0.015270671494678752,-0.010474849993170365,-0.004877324405655951,-0.007911309015518835,-0.006933886497132099,0.011780513223755035,0.01599846256895796,-0.0069852114596380185,-0.011690130049661487,0.009926214615414783,-0.006910135901935897,-0.011132492685786751,0.013989319656739494,-0.008208595329589312,0.01999991068725586,0.015966680664501808,-0.0047771965608391816,-0.012613281214710495,0.02720871610857055,-0.008109267385547594,0.017693807702837672,-0.006715259699192605,-0.002968054521118794,-0.004710891086051628,0.013759407038984478,0.023932836624513384,0.01397708661396295,0.019312331055533705,0.017936054959704198,-0.01066523812340868,1,-0.005090223002519584,0.019972221342884185,-0.005006974633128333,-0.011821992576574441,-0.008057191173400164,0.021092366022858203,0.01528392309241316,-0.013580802839393074,0.009913499789375769,0.019819806315216147,0.019489599466129923,0.01595291076740495,-0.0058122228653315665,-0.013184276367067128,0.03157815770839291,0.02599947528268772,0.01382188099072175,-0.011571542245313675,0.021751400932460314,0.011614149224337292,-0.008092673512592224,0.015965924048975857,-0.007346814896271376,0.025991268517986388,0.011917419497492789,-0.006306861401344097,0.023530149880496933,-0.008523388493516823,-0.010001903339668767,0.015987341652114264,-0.006864140547804592,-0.006407965324933438,0.019768022565724054,0.019122897382799105,-0.007051999611242763,0.01770223473287224,-0.0015223729213279878,0.009951260975130147,0.013889496322230929,0.011715185208310679,0.023993587992231426,0.021819103803556575,-0.004686151784467783,-0.004844496321605783,-0.00334018029555571,-0.0071289208779746465,-0.0030785746002600046,-0.0037997709932171735,0.015971591211680618,-0.009153717820587172,0.01789549462380515,-0.007641818264301913,0.009968070534072289,-0.012480669542324683,0.017462501883757184,0.019648695211096127,-0.004386066324845814,-0.007101337669238128,-0.010118282304774684,-0.006090405430448278,0.02159805552419685,0.015990695409947728,0.021764774720301368,0.017959761842588698,0.021690215653884147,-0.0051523109649549885,-0.0019051078177103858,agent10,1
-1,-0.0058150271734187025,-0.004437589583338074,-0.015270671494678752,-0.010474849993170365,-0.004877324405655951,-0.007911309015518835,-0.006933886497132099,0.011780513223755035,0.01599846256895796,-0.0069852114596380185,-0.011690130049661487,0.009926214615414783,-0.006910135901935897,-0.011132492685786751,0.013989319656739494,-0.008208595329589312,0.02199991068725586,0.015966680664501808,-0.0047771965608391816,-0.012613281214710495,0.02720871610857055,-0.008109267385547594,0.017693807702837672,-0.006715259699192605,-0.002968054521118794,-0.004710891086051628,0.013759407038984478,0.023932836624513384,0.01397708661396295,0.019312331055533705,0.017936054959704198,-0.01066523812340868,1,-0.005090223002519584,0.019972221342884185,-0.005006974633128333,-0.011821992576574441,-0.008057191173400164,0.021092366022858203,0.01528392309241316,-0.013580802839393074,0.009913499789375769,0.019819806315216147,0.019489599466129923,0.01595291076740495,-0.0058122228653315665,-0.013184276367067128,0.03157815770839291,0.02599947528268772,0.01382188099072175,-0.011571542245313675,0.021751400932460314,0.011614149224337292,-0.008092673512592224,0.015965924048975857,-0.007346814896271376,0.025991268517986388,0.011917419497492789,-0.006306861401344097,0.023530149880496933,-0.008523388493516823,-0.010001903339668767,0.015987341652114264,-0.006864140547804592,-0.006407965324933438,0.019768022565724054,0.019122897382799105,-0.007051999611242763,0.01770223473287224,-0.0015223729213279878,0.009951260975130147,0.013889496322230929,0.011715185208310679,0.023993587992231426,0.021819103803556575,-0.004686151784467783,-0.004844496321605783,-0.00334018029555571,-0.0071289208779746465,-0.0030785746002600046,-0.0037997709932171735,0.015971591211680618,-0.009153717820587172,0.01789549462380515,-0.007641818264301913,0.009968070534072289,-0.012480669542324683,0.017462501883757184,0.019648695211096127,-0.004386066324845814,-0.007101337669238128,-0.010118282304774684,-0.006090405430448278,0.02159805552419685,0.015990695409947728,0.021764774720301368,0.017959761842588698,0.021690215653884147,-0.0051523109649549885,-0.0019051078177103858,agent16,-1
-1,-0.0058150271734187025,-0.004437589583338074,-0.015270671494678752,-0.010474849993170365,-0.004877324405655951,-0.007911309015518835,-0.006933886497132099,0.011780513223755035,0.01599846256895796,-0.0069852114596380185,-0.011690130049661487,0.009926214615414783,-0.006910135901935897,-0.011132492685786751,0.013989319656739494,-0.008208595329589312,0.02199991068725586,0.015966680664501808,-0.0047771965608391816,-0.012613281214710495,0.02720871610857055,-0.008109267385547594,0.017693807702837672,-0.006715259699192605,-0.002968054521118794,-0.004710891086051628,0.013759407038984478,0.023932836624513384,0.01397708661396295,0.019312331055533705,0.017936054959704198,-0.01066523812340868,1,-0.005090223002519584,0.019972221342884185,-0.005006974633128333,-0.011821992576574441,-0.008057191173400164,0.021092366022858203,0.01528392309241316,-0.013580802839393074,0.009913499789375769,0.019819806315216147,0.019489599466129923,0.01595291076740495,-0.0058122228653315665,-0.013184276367067128,0.03157815770839291,0.02599947528268772,0.01382188099072175,-0.011571542245313675,0.021751400932460314,0.011614149224337292,-0.008092673512592224,0.015965924048975857,-0.007346814896271376,0.025991268517986388,0.011917419497492789,-0.006306861401344097,0.023530149880496933,-0.008523388493516823,-0.010001903339668767,0.015987341652114264,-0.006864140547804592,-0.006407965324933438,0.019768022565724054,0.019122897382799105,-0.007051999611242763,0.01770223473287224,-0.0015223729213279878,0.009951260975130147,0.013889496322230929,0.011715185208310679,0.023993587992231426,0.021819103803556575,-0.004686151784467783,-0.004844496321605783,-0.00334018029555571,-0.0071289208779746465,-0.0030785746002600046,-0.0037997709932171735,0.015971591211680618,-0.009153717820587172,0.01789549462380515,-0.007641818264301913,0.011967560737690846,-0.012480669542324683,0.017462501883757184,0.019648695211096127,-0.004386066324845814,-0.007101337669238128,-0.010118282304774684,-0.006090405430448278,0.02159805552419685,0.015990695409947728,0.021764774720301368,0.017959761842588698,0.021690215653884147,-0.0051523109649549885,-0.0019051078177103858,agent85,-0.9680689373355
-1,-0.0058150271734187025,-0.004437589583338074,-0.015270671494678752,-0.010474849993170365,-0.004877324405655951,-0.007911309015518835,-0.006933886497132099,0.011780513223755035,0.01599846256895796,-0.0069852114596380185,-0.011690130049661487,0.009926214615414783,-0.006910135901935897,-0.011132492685786751,0.013989319656739494,-0.008208595329589312,0.02199991068725586,0.015966680664501808,-0.0047771965608391816,-0.012613281214710495,0.02720871610857055,-0.008109267385547594,0.017693807702837672,-0.006715259699192605,-0.002968054521118794,-0.004710891086051628,0.013759407038984478,0.023932836624513384,0.01397708661396295,0.019312331055533705,0.017936054959704198,-0.01066523812340868,1,-0.005090223002519584,0.019972221342884185,-0.005006974633128333,-0.011821992576574441,-0.008057191173400164,0.021092366022858203,0.01528392309241316,-0.013580802839393074,0.009913499789375769,0.019819806315216147,0.019489599466129923,0.01595291076740495,-0.0058122228653315665,-0.013184276367067128,0.03157815770839291,0.02599947528268772,0.01382188099072175,-0.011571542245313675,0.021751400932460314,0.011614149224337292,-0.008092673512592224,0.015965924048975857,-0.007346814896271376,0.025991268517986388,0.011917419497492789,-0.006306861401344097,0.023530149880496933,-0.008523388493516823,-0.010001903339668767,0.015987341652114264,-0.006864140547804592,-0.006407965324933438,0.019768022565724054,0.019122897382799105,-0.007051999611242763,0.01770223473287224,-0.0015223729213279878,0.009951260975130147,0.013889496322230929,0.011715185208310679,0.023993587992231426,0.021819103803556575,-0.004686151784467783,-0.004844496321605783,-0.00334018029555571,-0.0071289208779746465,-0.0030785746002600046,-0.0037997709932171735,0.015971591211680618,-0.009153717820587172,0.01789549462380515,-0.007641818264301913,0.011967560737690846,-0.012480669542324683,0.017462501883757184,0.019648695211096127,-0.004386066324845814,-0.007101337669238128,-0.010118282304774684,-0.006090405430448278,0.02159805552419685,0.015990695409947728,0.021764774720301368,0.017959761842588698,0.021690215653884147,-0.0051523109649549885,-0.0019051078177103858,agent10,1
-1,-0.0058150271734187025,-0.004437589583338074,-0.015270671494678752,-0.010474849993170365,-0.004877324405655951,-0.007911309015518835,-0.006933886497132099,0.011780513223755035,0.01599846256895796,-0.0069852114596380185,-0.011690130049661487,0.009926214615414783,-0.006910135901935897,-0.011132492685786751,0.013989319656739494,-0.008208595329589312,0.02199991068725586,0.015966680664501808,-0.0047771965608391816,-0.012613281214710495,0.02720871610857055,-0.008109267385547594,0.017693807702837672,-0.006715259699192605,-0.002968054521118794,-0.004710891086051628,0.013759407038984478,0.023932836624513384,0.01397708661396295,0.019312331055533705,0.017936054959704198,-0.01066523812340868,1,-0.005090223002519584,0.019972221342884185,-0.005006974633128333,-0.011821992576574441,-0.008057191173400164,0.021092366022858203,0.01528392309241316,-0.013580802839393074,0.009913499789375769,0.019819806315216147,0.019489599466129923,0.01595291076740495,-0.0058122228653315665,-0.013184276367067128,0.03157815770839291,0.02599947528268772,0.01382188099072175,-0.011571542245313675,0.021751400932460314,0.011614149224337292,-0.008092673512592224,0.015965924048975857,-0.007346814896271376,0.025991268517986388,0.011917419497492789,-0.006306861401344097,0.023530149880496933,-0.008523388493516823,-0.010001903339668767,0.015987341652114264,-0.006864140547804592,-0.006407965324933438,0.019768022565724054,0.019122897382799105,-0.007051999611242763,0.01770223473287224,-0.0015223729213279878,0.009951260975130147,0.013889496322230929,0.011715185208310679,0.023993587992231426,0.021819103803556575,-0.004686151784467783,-0.004844496321605783,-0.00334018029555571,-0.0071289208779746465,-0.0030785746002600046,-0.0037997709932171735,0.015971591211680618,-0.009153717820587172,0.01789549462380515,-0.007641818264301913,0.011967560737690846,-0.012480669542324683,0.017462501883757184,0.019648695211096127,-0.004386066324845814,-0.007101337669238128,-0.010118282304774684,-0.006090405430448278,0.02159805552419685,0.015990695409947728,0.021764774720301368,0.017959761842588698,0.021690215653884147,-0.0051523109649549885,-0.0019051078177103858,agent37,1
-1,-0.0058150271734187025,-0.004437589583338074,-0.015270671494678752,-0.010474849993170365,-0.004877324405655951,-0.007911309015518835,-0.006933886497132099,0.011780513223755035,0.01599846256895796,-0.0069852114596380185,-0.011690130049661487,0.009926214615414783,-0.006910135901935897,-0.011132492685786751,0.013989319656739494,-0.008208595329589312,0.02199991068725586,0.015966680664501808,-0.0047771965608391816,-0.012613281214710495,0.02720871610857055,-0.008109267385547594,0.017693807702837672,-0.006715259699192605,-0.002968054521118794,-0.004710891086051628,0.013759407038984478,0.023932836624513384,0.01397708661396295,0.019312331055533705,0.017936054959704198,-0.01066523812340868,1,-0.005090223002519584,0.019972221342884185,-0.005006974633128333,-0.011821992576574441,-0.008057191173400164,0.021092366022858203,0.01528392309241316,-0.013580802839393074,0.009913499789375769,0.019819806315216147,0.019489599466129923,0.01595291076740495,-0.0058122228653315665,-0.013184276367067128,0.03157815770839291,0.02599947528268772,0.01382188099072175,-0.011571542245313675,0.021751400932460314,0.011614149224337292,-0.008092673512592224,0.015965924048975857,-0.007346814896271376,0.025991268517986388,0.011917419497492789,-0.006306861401344097,0.023530149880496933,-0.008523388493516823,-0.010001903339668767,0.015987341652114264,-0.006864140547804592,-0.006407965324933438,0.019768022565724054,0.019122897382799105,-0.007051999611242763,0.01770223473287224,-0.0015223729213279878,0.009951260975130147,0.013889496322230929,0.011715185208310679,0.023993587992231426,0.021819103803556575,-0.004686151784467783,-0.004844496321605783,-0.00334018029555571,-0.0071289208779746465,-0.0030785746002600046,-0.0037997709932171735,0.015971591211680618,-0.009153717820587172,0.01789549462380515,-0.007641818264301913,0.011967560737690846,-0.012480669542324683,0.017462501883757184,0.019648695211096127,-0.004386066324845814,-0.007101337669238128,-0.010118282304774684,-0.006090405430448278,0.02159805552419685,0.015990695409947728,0.021764774720301368,0.017959761842588698,0.021690215653884147,-0.0051523109649549885,-0.0019051078177103858,agent12,1
-1,-0.0058150271734187025,-0.004437589583338074,-0.015270671494678752,-0.010474849993170365,-0.004877324405655951,-0.007911309015518835,-0.006933886497132099,0.011780513223755035,0.01599846256895796,-0.0069852114596380185,-0.011690130049661487,0.009926214615414783,-0.006910135901935897,-0.011132492685786751,0.013989319656739494,-0.008208595329589312,0.02199991068725586,0.015966680664501808,-0.0047771965608391816,-0.012613281214710495,0.02720871610857055,-0.008109267385547594,0.017693807702837672,-0.006715259699192605,-0.002968054521118794,-0.004710891086051628,0.013759407038984478,0.023932836624513384,0.01397708661396295,0.019312331055533705,0.017936054959704198,-0.01066523812340868,1,-0.005090223002519584,0.019972221342884185,-0.005006974633128333,-0.011821992576574441,-0.008057191173400164,0.021092366022858203,0.01528392309241316,-0.013580802839393074,0.009913499789375769,0.019819806315216147,0.019489599466129923,0.01595291076740495,-0.0058122228653315665,-0.013184276367067128,0.03157815770839291,0.02599947528268772,0.01382188099072175,-0.011571542245313675,0.021751400932460314,0.011614149224337292,-0.008092673512592224,0.015965924048975857,-0.007346814896271376,0.025991268517986388,0.011917419497492789,-0.006306861401344097,0.023530149880496933,-0.008523388493516823,-0.010001903339668767,0.015987341652114264,-0.006864140547804592,-0.006407965324933438,0.019768022565724054,0.019122897382799105,-0.007051999611242763,0.01770223473287224,-0.0015223729213279878,0.009951260975130147,0.013889496322230929,0.011715185208310679,0.023993587992231426,0.021819103803556575,-0.004686151784467783,-0.004844496321605783,-0.00334018029555571,-0.0071289208779746465,-0.0030785746002600046,-0.0037997709932171735,0.015971591211680618,-0.009153717820587172,0.01789549462380515,-0.007641818264301913,0.011967560737690846,-0.012480669542324683,0.017462501883757184,0.019648695211096127,-0.004386066324845814,-0.007101337669238128,-0.010118282304774684,-0.006090405430448278,0.02159805552419685,0.015990695409947728,0.021764774720301368,0.017959761842588698,0.021690215653884147,-0.0051523109649549885,-0.0019051078177103858,agent99,1
-1,-0.0058150271734187025,-0.004437589583338074,-0.015270671494678752,-0.010474849993170365,-0.004877324405655951,-0.007911309015518835,-0.006933886497132099,0.011780513223755035,0.01599846256895796,-0.0069852114596380185,-0.011690130049661487,0.009926214615414783,-0.006910135901935897,-0.011132492685786751,0.013989319656739494,-0.008208595329589312,0.02199991068725586,0.015966680664501808,-0.0047771965608391816,-0.012613281214710495,0.02720871610857055,-0.008109267385547594,0.017693807702837672,-0.006715259699192605,-0.002968054521118794,-0.004710891086051628,0.013759407038984478,0.023932836624513384,0.01397708661396295,0.019312331055533705,0.017936054959704198,-0.01066523812340868,1,-0.005090223002519584,0.021972221342884186,-0.005006974633128333,-0.011821992576574441,-0.008057191173400164,0.021092366022858203,0.01528392309241316,-0.013580802839393074,0.009913499789375769,0.019819806315216147,0.019489599466129923,0.01595291076740495,-0.0058122228653315665,-0.013184276367067128,0.03157815770839291,0.02599947528268772,0.01382188099072175,-0.011571542245313675,0.021751400932460314,0.011614149224337292,-0.008092673512592224,0.015965924048975857,-0.007346814896271376,0.025991268517986388,0.011917419497492789,-0.006306861401344097,0.023530149880496933,-0.008523388493516823,-0.010001903339668767,0.015987341652114264,-0.006864140547804592,-0.006407965324933438,0.019768022565724054,0.019122897382799105,-0.007051999611242763,0.01770223473287224,-0.0015223729213279878,0.009951260975130147,0.013889496322230929,0.011715185208310679,0.023993587992231426,0.021819103803556575,-0.004686151784467783,-0.004844496321605783,-0.00334018029555571,-0.0071289208779746465,-0.0030785746002600046,-0.0037997709932171735,0.015971591211680618,-0.009153717820587172,0.01789549462380515,-0.007641818264301913,0.011967560737690846,-0.012480669542324683,0.017462501883757184,0.019648695211096127,-0.004386066324845814,-0.007101337669238128,-0.010118282304774684,-0.006090405430448278,0.02159805552419685,0.015990695409947728,0.021764774720301368,0.017959761842588698,0.021690215653884147,-0.0051523109649549885,-0.0019051078177103858,agent34,-1
-1,-0.0058150271734187025,-0.004437589583338074,-0.015270671494678752,-0.010474849993170365,-0.004877324405655951,-0.007911309015518835,-0.006933886497132099,0.011780513223755035,0.01599846256895796,-0.0069852114596380185,-0.011690130049661487,0.009926214615414783,-0.006910135901935897,-0.011132492685786751,0.013989319656739494,-0.008208595329589312,0.02199991068725586,0.015966680664501808,-0.0047771965608391816,-0.012613281214710495,0.02720871610857055,-0.008109267385547594,0.017693807702837672,-0.006715259699192605,-0.002968054521118794,-0.004710891086051628,0.013759407038984478,0.023932836624513384,0.01397708661396295,0.019312331055533705,0.017936054959704198,-0.01066523812340868,1,-0.005090223002519584,0.021972221342884186,-0.005006974633128333,-0.011821992576574441,-0.008057191173400164,0.021092366022858203,0.01528392309241316,-0.013580802839393074,0.009913499789375769,0.019819806315216147,0.019489599466129923,0.01595291076740495,-0.0058122228653315665,-0.013184276367067128,0.03157815770839291,0.02599947528268772,0.01382188099072175,-0.011571542245313675,0.021751400932460314,0.011614149224337292,-0.008092673512592224,0.015965924048975857,-0.007346814896271376,0.025991268517986388,0.011917419497492789,-0.006306861401344097,0.023530149880496933,-0.008523388493516823,-0.010001903339668767,0.015987341652114264,-0.006864140547804592,-0.006407965324933438,0.019768022565724054,0.019122897382799105,-0.007051999611242763,0.01770223473287224,-0.0015223729213279878,0.009951260975130147,0.013889496322230929,0.011715185208310679,0.023993587992231426,0.021819103803556575,-0.004686151784467783,-0.004844496321605783,-0.00334018029555571,-0.0071289208779746465,-0.0030785746002600046,-0.0037997709932171735,0.015971591211680618,-0.009153717820587172,0.01789549462380515,-0.007641818264301913,0.011967560737690846,-0.012480669542324683,0.017462501883757184,0.019648695211096127,-0.004386066324845814,-0.007101337669238128,-0.010118282304774684,-0.006090405430448278,0.02159805552419685,0.015990695409947728,0.021764774720301368,0.017959761842588698,0.021690215653884147,-0.0051523109649549885,-0.0019051078177103858,agent91,1
-1,-0.0058150271734187025,-0.004437589583338074,-0.015270671494678752,-0.010474849993170365,-0.004877324405655951,-0.007911309015518835,-0.006933886497132099,0.011780513223755035,0.01599846256895796,-0.0069852114596380185,-0.011690130049661487,0.009926214615414783,-0.006910135901935897,-0.011132492685786751,0.013989319656739494,-0.008208595329589312,0.02199991068725586,0.015966680664501808,-0.0047771965608391816,-0.012613281214710495,0.02720871610857055,-0.008109267385547594,0.017693807702837672,-0.006715259699192605,-0.002968054521118794,-0.004710891086051628,0.013759407038984478,0.023932836624513384,0.01397708661396295,0.019312331055533705,0.017936054959704198,-0.01066523812340868,1,-0.005090223002519584,0.021972221342884186,-0.005006974633128333,-0.011821992576574441,-0.008057191173400164,0.021092366022858203,0.01528392309241316,-0.013580802839393074,0.009913499789375769,0.019819806315216147,0.019489599466129923,0.01595291076740495,-0.0058122228653315665,-0.013184276367067128,0.03157815770839291,0.02599947528268772,0.01382188099072175,-0.011571542245313675,0.021751400932460314,0.011614149224337292,-0.008092673512592224,0.015965924048975857,-0.007346814896271376,0.025991268517986388,0.011917419497492789,-0.006306861401344097,0.023530149880496933,-0.008523388493516823,-0.010001903339668767,0.015987341652114264,-0.006864140547804592,-0.006407965324933438,0.019768022565724054,0.019122897382799105,-0.007051999611242763,0.01770223473287224,-0.0015223729213279878,0.009951260975130147,0.013889496322230929,0.011715185208310679,0.023993587992231426,0.021819103803556575,-0.004686151784467783,-0.004844496321605783,-0.00334018029555571,-0.0071289208779746465,-0.0030785746002600046,-0.0037997709932171735,0.015971591211680618,-0.009153717820587172,0.01789549462380515,-0.007641818264301913,0.011967560737690846,-0.012480669542324683,0.017462501883757184,0.019648695211096127,-0.004386066324845814,-0.007101337669238128,-0.010118282304774684,-0.006090405430448278,0.02159805552419685,0.015990695409947728,0.021764774720301368,0.017959761842588698,0.021690215653884147,-0.0051523109649549885,-0.0019051078177103858,agent98,1
-1,-0.0058150271734187025,-0.004437589583338074,-0.015270671494678752,-0.010474849993170365,-0.004877324405655951,-0.007911309015518835,-0.006933886497132099,0.011780513223755035,0.01599846256895796,-0.0069852114596380185,-0.011690130049661487,0.009926214615414783,-0.006910135901935897,-0.011132492685786751,0.013989319656739494,-0.008208595329589312,0.02199991068725586,0.015966680664501808,-0.0047771965608391816,-0.012613281214710495,0.02720871610857055,-0.008109267385547594,0.017693807702837672,-0.006715259699192605,-0.002968054521118794,-0.004710891086051628,0.013759407038984478,0.023932836624513384,0.01397708661396295,0.019312331055533705,0.017936054959704198,-0.01066523812340868,1,-0.005090223002519584,0.021972221342884186,-0.005006974633128333,-0.011821992576574441,-0.008057191173400164,0.021092366022858203,0.01528392309241316,-0.013580802839393074,0.009913499789375769,0.019819806315216147,0.019489599466129923,0.01595291076740495,-0.0058122228653315665,-0.013184276367067128,0.03157815770839291,0.02599947528268772,0.01382188099072175,-0.011571542245313675,0.021751400932460314,0.011614149224337292,-0.008092673512592224,0.015965924048975857,-0.007346814896271376,0.025991268517986388,0.011917419497492789,-0.006306861401344097,0.023530149880496933,-0.008523388493516823,-0.010001903339668767,0.015987341652114264,-0.006864140547804592,-0.006407965324933438,0.019768022565724054,0.019122897382799105,-0.007051999611242763,0.01770223473287224,-0.0015223729213279878,0.009951260975130147,0.013889496322230929,0.011715185208310679,0.023993587992231426,0.021819103803556575,-0.004686151784467783,-0.004844496321605783,-0.00334018029555571,-0.0071289208779746465,-0.0030785746002600046,-0.0037997709932171735,0.015971591211680618,-0.009153717820587172,0.01789549462380515,-0.007641818264301913,0.013967251821093415,-0.012480669542324683,0.017462501883757184,0.019648695211096127,-0.004386066324845814,-0.007101337669238128,-0.010118282304774684,-0.006090405430448278,0.02159805552419685,0.015990695409947728,0.021764774720301368,0.017959761842588698,0.021690215653884147,-0.0051523109649549885,-0.0019051078177103858,agent85,-0.9751437493804858
-1,-0.0058150271734187025,-0.004437589583338074,-0.015270671494678752,-0.010474849993170365,-0.004877324405655951,-0.007911309015518835,-0.006933886497132099,0.011780513223755035,0.01599846256895796,-0.0069852114596380185,-0.011690130049661487,0.009926214615414783,-0.006910135901935897,-0.011132492685786751,0.013989319656739494,-0.008208595329589312,0.02199991068725586,0.015966680664501808,-0.0047771965608391816,-0.012613281214710495,0.02720871610857055,-0.008109267385547594,0.017693807702837672,-0.006715259699192605,-0.002968054521118794,-0.004710891086051628,0.013759407038984478,0.023932836624513384,0.01397708661396295,0.019312331055533705,0.017936054959704198,-0.01066523812340868,1,-0.005090223002519584,0.021972221342884186,-0.005006974633128333,-0.011821992576574441,-0.008057191173400164,0.021092366022858203,0.01528392309241316,-0.013580802839393074,0.009913499789375769,0.019819806315216147,0.019489599466129923,0.01595291076740495,-0.0058122228653315665,-0.013184276367067128,0.03157815770839291,0.02599947528268772,0.01382188099072175,-0.011571542245313675,0.021751400932460314,0.011614149224337292,-0.008092673512592224,0.015965924048975857,-0.007346814896271376,0.025991268517986388,0.011917419497492789,-0.006306861401344097,0.023530149880496933,-0.008523388493516823,-0.010001903339668767,0.015987341652114264,-0.006864140547804592,-0.006407965324933438,0.019768022565724054,0.019122897382799105,-0.007051999611242763,0.01770223473287224,-0.0015223729213279878,0.009951260975130147,0.013889496322230929,0.011715185208310679,0.023993587992231426,0.021819103803556575,-0.004686151784467783,-0.004844496321605783,-0.00334018029555571,-0.0071289208779746465,-0.0030785746002600046,-0.0037997709932171735,0.015971591211680618,-0.009153717820587172,0.01789549462380515,-0.007641818264301913,0.013967251821093415,-0.012480669542324683,0.017462501883757184,0.019648695211096127,-0.004386066324845814,-0.007101337669238128,-0.010118282304774684,-0.006090405430448278,0.02159805552419685,0.015990695409947728,0.021764774720301368,0.017959761842588698,0.021690215653884147,-0.0051523109649549885,-0.0019051078177103858,agent64,1
-1,-0.0058150271734187025,-0.004437589583338074,-0.015270671494678752,-0.010474849993170365,-0.004877324405655951,-0.007911309015518835,-0.006933886497132099,0.011780513223755035,0.01599846256895796,-0.0069852114596380185,-0.011690130049661487,0.009926214615414783,-0.006910135901935897,-0.011132492685786751,0.013989319656739494,-0.008208595329589312,0.02199991068725586,0.015966680664501808,-0.0047771965608391816,-0.012613281214710495,0.02720871610857055,-0.008109267385547594,0.017693807702837672,-0.006715259699192605,-0.002968054521118794,-0.004710891086051628,0.013759407038984478,0.023932836624513384,0.01397708661396295,0.019312331055533705,0.017936054959704198,-0.01066523812340868,1,-0.005090223002519584,0.021972221342884186,-0.005006974633128333,-0.011821992576574441,-0.008057191173400164,0.021092366022858203,0.01528392309241316,-0.013580802839393074,0.009913499789375769,0.019819806315216147,0.019489599466129923,0.01595291076740495,-0.0058122228653315665,-0.013184276367067128,0.03157815770839291,0.02599947528268772,0.01382188099072175,-0.011571542245313675,0.021751400932460314,0.011614149224337292,-0.008092673512592224,0.015965924048975857,-0.007346814896271376,0.025991268517986388,0.011917419497492789,-0.006306861401344097,0.023530149880496933,-0.008523388493516823,-0.010001903339668767,0.015987341652114264,-0.006864140547804592,-0.006407965324933438,0.019768022565724054,0.019122897382799105,-0.007051999611242763,0.01770223473287224,-0.0015223729213279878,0.009951260975130147,0.013889496322230929,0.011715185208310679,0.023993587992231426,0.021819103803556575,-0.004686151784467783,-0.004844496321605783,-0.00334018029555571,-0.0071289208779746465,-0.0030785746002600046,-0.0037997709932171735,0.015971591211680618,-0.009153717820587172,0.01789549462380515,-0.007641818264301913,0.013967251821093415,-0.012480669542324683,0.017462501883757184,0.019648695211096127,-0.004386066324845814,-0.007101337669238128,-0.010118282304774684,-0.006090405430448278,0.02159805552419685,0.015990695409947728,0.021764774720301368,0.017959761842588698,0.021690215653884147,-0.0051523109649549885,-0.0019051078177103858,agent91,1
-1,-0.0058150271734187025,-0.004437589583338074,-0.015270671494678752,-0.011090070502129356,-0.004877324405655951,-0.007911309015518835,-0.006933886497132099,0.011780513223755035,0.01599846256895796,-0.0069852114596380185,-0.011690130049661487,0.009926214615414783,-0.006910135901935897,-0.011132492685786751,0.013989319656739494,-0.008208595329589312,0.02199991068725586,0.015966680664501808,-0.0047771965608391816,-0.012613281214710495,0.02720871610857055,-0.008109267385547594,0.017693807702837672,-0.006715259699192605,-0.002968054521118794,-0.004710891086051628,0.013759407038984478,0.023932836624513384,0.01397708661396295,0.019312331055533705,0.017936054959704198,-0.01066523812340868,1,-0.005090223002519584,0.021972221342884186,-0.005006974633128333,-0.011821992576574441,-0.008057191173400164,0.021092366022858203,0.01528392309241316,-0.013580802839393074,0.009913499789375769,0.019819806315216147,0.019489599466129923,0.01595291076740495,-0.0058122228653315665,-0.013184276367067128,0.03157815770839291,0.02599947528268772,0.01382188099072175,-0.011571542245313675,0.021751400932460314,0.011614149224337292,-0.008092673512592224,0.015965924048975857,-0.007346814896271376,0.025991268517986388,0.011917419497492789,-0.006306861401344097,0.023530149880496933,-0.008523388493516823,-0.010001903339668767,0.015987341652114264,-0.006864140547804592,-0.006407965324933438,0.019768022565724054,0.019122897382799105,-0.007051999611242763,0.01770223473287224,-0.0015223729213279878,0.009951260975130147,0.013889496322230929,0.011715185208310679,0.023993587992231426,0.021819103803556575,-0.004686151784467783,-0.004844496321605783,-0.00334018029555571,-0.0071289208779746465,-0.0030785746002600046,-0.0037997709932171735,0.015971591211680618,-0.009153717820587172,0.01789549462380515,-0.007641818264301913,0.013967251821093415,-0.012480669542324683,0.017462501883757184,0.019648695211096127,-0.004386066324845814,-0.007101337669238128,-0.010118282304774684,-0.006090405430448278,0.02159805552419685,0.015990695409947728,0.021764774720301368,0.017959761842588698,0.021690215653884147,-0.0051523109649549885,-0.0019051078177103858,agent3,0.6641992014425493
-1,-0.0058150271734187025,-0.004437589583338074,-0.015270671494678752,-0.011090070502129356,-0.004877324405655951,-0.007911309015518835,-0.006933886497132099,0.011780513223755035,0.01599846256895796,-0.0069852114596380185,-0.011690130049661487,0.009926214615414783,-0.006910135901935897,-0.011132492685786751,0.013989319656739494,-0.008208595329589312,0.02199991068725586,0.015966680664501808,-0.0047771965608391816,-0.012613281214710495,0.02920871610857055,-0.008109267385547594,0.017693807702837672,-0.006715259699192605,-0.002968054521118794,-0.004710891086051628,0.013759407038984478,0.023932836624513384,0.01397708661396295,0.019312331055533705,0.017936054959704198,-0.01066523812340868,1,-0.005090223002519584,0.021972221342884186,-0.005006974633128333,-0.011821992576574441,-0.008057191173400164,0.021092366022858203,0.01528392309241316,-0.013580802839393074,0.009913499789375769,0.019819806315216147,0.019489599466129923,0.01595291076740495,-0.0058122228653315665,-0.013184276367067128,0.03157815770839291,0.02599947528268772,0.01382188099072175,-0.011571542245313675,0.021751400932460314,0.011614149224337292,-0.008092673512592224,0.015965924048975857,-0.007346814896271376,0.025991268517986388,0.011917419497492789,-0.006306861401344097,0.023530149880496933,-0.008523388493516823,-0.010001903339668767,0.015987341652114264,-0.006864140547804592,-0.006407965324933438,0.019768022565724054,0.019122897382799105,-0.007051999611242763,0.01770223473287224,-0.0015223729213279878,0.009951260975130147,0.013889496322230929,0.011715185208310679,0.023993587992231426,0.021819103803556575,-0.004686151784467783,-0.004844496321605783,-0.00334018029555571,-0.0071289208779746465,-0.0030785746002600046,-0.0037997709932171735,0.015971591211680618,-0.009153717820587172,0.01789549462380515,-0.007641818264301913,0.013967251821093415,-0.012480669542324683,0.017462501883757184,0.019648695211096127,-0.004386066324845814,-0.007101337669238128,-0.010118282304774684,-0.006090405430448278,0.02159805552419685,0.015990695409947728,0.021764774720301368,0.017959761842588698,0.021690215653884147,-0.0051523109649549885,-0.0019051078177103858,agent20,-1
-1,-0.0058150271734187025,-0.004437589583338074,-0.015270671494678752,-0.011090070502129356,-0.004877324405655951,-0.007911309015518835,-0.006933886497132099,0.011780513223755035,0.01599846256895796,-0.0069852114596380185,-0.011690130049661487,0.009926214615414783,-0.006910135901935897,-0.011132492685786751,0.013989319656739494,-0.008208595329589312,0.02199991068725586,0.015966680664501808,-0.0047771965608391816,-0.012613281214710495,0.02920871610857055,-0.008109267385547594,0.017693807702837672,-0.006715259699192605,-0.002968054521118794,-0.004710891086051628,0.013759407038984478,0.023932836624513384,0.01397708661396295,0.019312331055533705,0.017936054959704198,-0.01066523812340868,1,-0.005090223002519584,0.021972221342884186,-0.005006974633128333,-0.011821992576574441,-0.008057191173400164,0.021092366022858203,0.01528392309241316,-0.013580802839393074,0.009913499789375769,0.019819806315216147,0.019489599466129923,0.01595291076740495,-0.0058122228653315665,-0.013184276367067128,0.03157815770839291,0.02599947528268772,0.01382188099072175,-0.011571542245313675,0.021751400932460314,0.011614149224337292,-0.008092673512592224,0.015965924048975857,-0.007346814896271376,0.025991268517986388,0.011917419497492789,-0.006306861401344097,0.023530149880496933,-0.008523388493516823,-0.010001903339668767,0.015987341652114264,-0.006864140547804592,-0.006407965324933438,0.019768022565724054,0.019122897382799105,-0.007051999611242763,0.01770223473287224,-0.0015223729213279878,0.009951260975130147,0.013889496322230929,0.011715185208310679,0.023993587992231426,0.021819103803556575,-0.004686151784467783,-0.004844496321605783,-0.00334018029555571,-0.0071289208779746465,-0.0030785746002600046,-0.0037997709932171735,0.015971591211680618,-0.009153717820587172,0.01789549462380515,-0.007641818264301913,0.013967251821093415,-0.012480669542324683,0.017462501883757184,0.019648695211096127,-0.004386066324845814,-0.007101337669238128,-0.010118282304774684,-0.006090405430448278,0.02159805552419685,0.015990695409947728,0.021764774720301368,0.017959761842588698,0.021690215653884147,-0.0051523109649549885,-0.0019051078177103858,agent60,1
-1,-0.0058150271734187025,-0.004437589583338074,-0.015270671494678752,-0.011090070502129356,-0.004877324405655951,-0.007911309015518835,-0.006933886497132099,0.011780513223755035,0.01599846256895796,-0.0069852114596380185,-0.011690130049661487,0.009926214615414783,-0.006910135901935897,-0.011132492685786751,0.013989319656739494,-0.008208595329589312,0.02199991068725586,0.015966680664501808,-0.0047771965608391816,-0.012613281214710495,0.02920871610857055,-0.008109267385547594,0.017693807702837672,-0.006715259699192605,-0.002968054521118794,-0.004710891086051628,0.013759407038984478,0.023932836624513384,0.01397708661396295,0.019312331055533705,0.017936054959704198,-0.01066523812340868,1,-0.005090223002519584,0.021972221342884186,-0.005006974633128333,-0.011821992576574441,-0.008057191173400164,0.021092366022858203,0.01528392309241316,-0.013580802839393074,0.009913499789375769,0.019819806315216147,0.019489599466129923,0.01595291076740495,-0.0058122228653315665,-0.013184276367067128,0.03157815770839291,0.02599947528268772,0.01382188099072175,-0.011571542245313675,0.021751400932460314,0.011614149224337292,-0.008092673512592224,0.015965924048975857,-0.007346814896271376,0.025991268517986388,0.011917419497492789,-0.006306861401344097,0.023530149880496933,-0.008523388493516823,-0.010001903339668767,0.015987341652114264,-0.006864140547804592,-0.006407965324933438,0.019768022565724054,0.019122897382799105,-0.007051999611242763,0.01770223473287224,-0.0015223729213279878,0.009951260975130147,0.013889496322230929,0.011715185208310679,0.023993587992231426,0.021819103803556575,-0.004686151784467783,-0.004844496321605783,-0.00334018029555571,-0.0071289208779746465,-0.0030785746002600046,-0.0037997709932171735,0.015971591211680618,-0.009153717820587172,0.01789549462380515,-0.007641818264301913,0.013967251821093415,-0.012480669542324683,0.017462501883757184,0.019648695211096127,-0.004386066324845814,-0.007101337669238128,-0.010118282304774684,-0.006090405430448278,0.02159805552419685,0.015990695409947728,0.021764774720301368,0.017959761842588698,0.021690215653884147,-0.0051523109649549885,-0.0019051078177103858,agent25,1
-1,-0.0058150271734187025,-0.004437589583338074,-0.015270671494678752,-0.011090070502129356,-0.004877324405655951,-0.007911309015518835,-0.006933886497132099,0.011780513223755035,0.01599846256895796,-0.0069852114596380185,-0.011690130049661487,0.009926214615414783,-0.006910135901935897,-0.011132492685786751,0.013989319656739494,-0.008208595329589312,0.02199991068725586,0.015966680664501808,-0.0047771965608391816,-0.012613281214710495,0.02920871610857055,-0.008109267385547594,0.017693807702837672,-0.006715259699192605,-0.002968054521118794,-0.004710891086051628,0.013759407038984478,0.023932836624513384,0.01397708661396295,0.019312331055533705,0.017936054959704198,-0.01066523812340868,1,-0.005090223002519584,0.021972221342884186,-0.005006974633128333,-0.011821992576574441,-0.008057191173400164,0.021092366022858203,0.01528392309241316,-0.013580802839393074,0.009913499789375769,0.019819806315216147,0.019489599466129923,0.01595291076740495,-0.0058122228653315665,-0.013184276367067128,0.03157815770839291,0.02599947528268772,0.01382188099072175,-0.011571542245313675,0.021751400932460314,0.011614149224337292,-0.008092673512592224,0.015965924048975857,-0.007346814896271376,0.025991268517986388,0.011917419497492789,-0.006306861401344097,0.023530149880496933,-0.008523388493516823,-0.010001903339668767,0.015987341652114264,-0.006864140547804592,-0.006407965324933438,0.019768022565724054,0.019122897382799105,-0.007051999611242763,0.01770223473287224,-0.0015223729213279878,0.009951260975130147,0.013889496322230929,0.011715185208310679,0.025993587992231428,0.021819103803556575,-0.004686151784467783,-0.004844496321605783,-0.00334018029555571,-0.0071289208779746465,-0.0030785746002600046,-0.0037997709932171735,0.015971591211680618,-0.009153717820587172,0.01789549462380515,-0.007641818264301913,0.013967251821093415,-0.012480669542324683,0.017462501883757184,0.019648695211096127,-0.004386066324845814,-0.007101337669238128,-0.010118282304774684,-0.006090405430448278,0.02159805552419685,0.015990695409947728,0.021764774720301368,0.017959761842588698,0.021690215653884147,-0.0051523109649549885,-0.0019051078177103858,agent73,-1
-1,-0.0058150271734187025,-0.004437589583338074,-0.015270671494678752,-0.011090070502129356,-0.004877324405655951,-0.007911309015518835,-0.006933886497132099,0.011780513223755035,0.01599846256895796,-0.0069852114596380185,-0.011690130049661487,0.009926214615414783,-0.006910135901935897,-0.011132492685786751,0.013989319656739494,-0.008208595329589312,0.02199991068725586,0.015966680664501808,-0.0047771965608391816,-0.012613281214710495,0.02920871610857055,-0.008109267385547594,0.017693807702837672,-0.006715259699192605,-0.002968054521118794,-0.004710891086051628,0.013759407038984478,0.023932836624513384,0.01397708661396295,0.019312331055533705,0.017936054959704198,-0.01066523812340868,1,-0.005090223002519584,0.021972221342884186,-0.005006974633128333,-0.011821992576574441,-0.008057191173400164,0.021092366022858203,0.01528392309241316,-0.013580802839393074,0.009913499789375769,0.019819806315216147,0.019489599466129923,0.01595291076740495,-0.0058122228653315665,-0.013184276367067128,0.03157815770839291,0.02599947528268772,0.01382188099072175,-0.011571542245313675,0.021751400932460314,0.011614149224337292,-0.008092673512592224,0.015965924048975857,-0.007346814896271376,0.025991268517986388,0.011917419497492789,-0.006306861401344097,0.023530149880496933,-0.008523388493516823,-0.010001903339668767,0.015987341652114264,-0.006864140547804592,-0.006407965324933438,0.019768022565724054,0.019122897382799105,-0.007051999611242763,0.01770223473287224,-0.0015223729213279878,0.009951260975130147,0.013889496322230929,0.011715185208310679,0.025993587992231428,0.021819103803556575,-0.004686151784467783,-0.004844496321605783,-0.00334018029555571,-0.0071289208779746465,-0.0030785746002600046,-0.0037997709932171735,0.015971591211680618,-0.009153717820587172,0.01789549462380515,-0.007641818264301913,0.013967251821093415,-0.012480669542324683,0.017462501883757184,0.019648695211096127,-0.004386066324845814,-0.007101337669238128,-0.010118282304774684,-0.006090405430448278,0.02159805552419685,0.015990695409947728,0.021764774720301368,0.017959761842588698,0.021690215653884147,-0.0051523109649549885,-0.0019051078177103858,agent31,1
-1,-0.0058150271734187025,-0.004437589583338074,-0.015270671494678752,-0.011090070502129356,-0.004877324405655951,-0.007911309015518835,-0.006933886497132099,0.011780513223755035,0.01599846256895796,-0.0069852114596380185,-0.011690130049661487,0.009926214615414783,-0.006910135901935897,-0.011132492685786751,0.013989319656739494,-0.008208595329589312,0.02199991068725586,0.015966680664501808,-0.0047771965608391816,-0.012613281214710495,0.02920871610857055,-0.008109267385547594,0.017693807702837672,-0.006715259699192605,-0.002968054521118794,-0.004710891086051628,0.013759407038984478,0.023932836624513384,0.01397708661396295,0.019312331055533705,0.017936054959704198,-0.01066523812340868,1,-0.005090223002519584,0.021972221342884186,-0.005006974633128333,-0.011821992576574441,-0.008057191173400164,0.021092366022858203,0.01528392309241316,-0.013580802839393074,0.009913499789375769,0.019819806315216147,0.019489599466129923,0.01595291076740495,-0.0058122228653315665,-0.013184276367067128,0.03157815770839291,0.02599947528268772,0.01382188099072175,-0.011571542245313675,0.021751400932460314,0.011614149224337292,-0.008092673512592224,0.015965924048975857,-0.007346814896271376,0.025991268517986388,0.011917419497492789,-0.006306861401344097,0.023530149880496933,-0.008523388493516823,-0.010001903339668767,0.015987341652114264,-0.006864140547804592,-0.006407965324933438,0.019768022565724054,0.019122897382799105,-0.007051999611242763,0.01770223473287224,-0.0015223729213279878,0.009951260975130147,0.013889496322230929,0.011715185208310679,0.025993587992231428,0.021819103803556575,-0.004686151784467783,-0.004844496321605783,-0.00334018029555571,-0.0071289208779746465,-0.0030785746002600046,-0.0037997709932171735,0.01797159121168062,-0.009153717820587172,0.01789549462380515,-0.007641818264301913,0.013967251821093415,-0.012480669542324683,0.017462501883757184,0.019648695211096127,-0.004386066324845814,-0.007101337669238128,-0.010118282304774684,-0.006090405430448278,0.02159805552419685,0.015990695409947728,0.021764774720301368,0.017959761842588698,0.021690215653884147,-0.0051523109649549885,-0.0019051078177103858,agent81,-1
-1,-0.0058150271734187025,-0.004437589583338074,-0.015270671494678752,-0.011090070502129356,-0.004877324405655951,-0.007911309015518835,-0.006933886497132099,0.011780513223755035,0.01599846256895796,-0.0069852114596380185,-0.011690130049661487,0.009926214615414783,-0.006910135901935897,-0.011132492685786751,0.013989319656739494,-0.008208595329589312,0.02199991068725586,0.015966680664501808,-0.0047771965608391816,-0.012613281214710495,0.02920871610857055,-0.008109267385547594,0.017693807702837672,-0.006715259699192605,-0.002968054521118794,-0.004710891086051628,0.013759407038984478,0.023932836624513384,0.01397708661396295,0.019312331055533705,0.017936054959704198,-0.01066523812340868,1,-0.005090223002519584,0.021972221342884186,-0.005006974633128333,-0.011821992576574441,-0.008057191173400164,0.021092366022858203,0.01528392309241316,-0.013580802839393074,0.009913499789375769,0.019819806315216147,0.019489599466129923,0.01595291076740495,-0.0058122228653315665,-0.013184276367067128,0.03157815770839291,0.02599947528268772,0.01382188099072175,-0.011571542245313675,0.021751400932460314,0.011614149224337292,-0.008092673512592224,0.015965924048975857,-0.007346814896271376,0.025991268517986388,0.011917419497492789,-0.006306861401344097,0.023530149880496933,-0.008523388493516823,-0.010001903339668767,0.015987341652114264,-0.006864140547804592,-0.006407965324933438,0.019768022565724054,0.019122897382799105,-0.007051999611242763,0.01770223473287224,-0.0015223729213279878,0.009951260975130147,0.013889496322230929,0.011715185208310679,0.025993587992231428,0.021819103803556575,-0.004686151784467783,-0.004844496321605783,-0.00334018029555571,-0.0071289208779746465,-0.0030785746002600046,-0.0037997709932171735,0.01797159121168062,-0.009153717820587172,0.01789549462380515,-0.007641818264301913,0.013967251821093415,-0.012480669542324683,0.017462501883757184,0.019648695211096127,-0.004386066324845814,-0.007101337669238128,-0.010118282304774684,-0.006090405430448278,0.02159805552419685,0.015990695409947728,0.021764774720301368,0.017959761842588698,0.021690215653884147,-0.0051523109649549885,-0.0019051078177103858,agent99,1
-1,-0.0058150271734187025,-0.004437589583338074,-0.015270671494678752,-0.011090070502129356,-0.004877324405655951,-0.007911309015518835,-0.006933886497132099,0.011780513223755035,0.01599846256895796,-0.0069852114596380185,-0.011690130049661487,0.009926214615414783,-0.006910135901935897,-0.011132492685786751,0.013989319656739494,-0.008208595329589312,0.02199991068725586,0.015966680664501808,-0.0047771965608391816,-0.012613281214710495,0.031208716108570553,-0.008109267385547594,0.017693807702837672,-0.006715259699192605,-0.002968054521118794,-0.004710891086051628,0.013759407038984478,0.023932836624513384,0.01397708661396295,0.019312331055533705,0.017936054959704198,-0.01066523812340868,1,-0.005090223002519584,0.021972221342884186,-0.005006974633128333,-0.011821992576574441,-0.008057191173400164,0.021092366022858203,0.01528392309241316,-0.013580802839393074,0.009913499789375769,0.019819806315216147,0.019489599466129923,0.01595291076740495,-0.0058122228653315665,-0.013184276367067128,0.03157815770839291,0.02599947528268772,0.01382188099072175,-0.011571542245313675,0.021751400932460314,0.011614149224337292,-0.008092673512592224,0.015965924048975857,-0.007346814896271376,0.025991268517986388,0.011917419497492789,-0.006306861401344097,0.023530149880496933,-0.008523388493516823,-0.010001903339668767,0.015987341652114264,-0.006864140547804592,-0.006407965324933438,0.019768022565724054,0.019122897382799105,-0.007051999611242763,0.01770223473287224,-0.0015223729213279878,0.009951260975130147,0.013889496322230929,0.011715185208310679,0.025993587992231428,0.021819103803556575,-0.004686151784467783,-0.004844496321605783,-0.00334018029555571,-0.0071289208779746465,-0.0030785746002600046,-0.0037997709932171735,0.01797159121168062,-0.009153717820587172,0.01789549462380515,-0.007641818264301913,0.013967251821093415,-0.012480669542324683,0.017462501883757184,0.019648695211096127,-0.004386066324845814,-0.007101337669238128,-0.010118282304774684,-0.006090405430448278,0.02159805552419685,0.015990695409947728,0.021764774720301368,0.017959761842588698,0.021690215653884147,-0.0051523109649549885,-0.0019051078177103858,agent20,-1
-1,-0.0058150271734187025,-0.004437589583338074,-0.015270671494678752,-0.011090070502129356,-0.004877324405655951,-0.007911309015518835,-0.006933886497132099,0.011780513223755035,0.01599846256895796,-0.0069852114596380185,-0.011690130049661487,0.009926214615414783,-0.006910135901935897,-0.011132492685786751,0.013989319656739494,-0.008208595329589312,0.02199991068725586,0.017966680664501807,-0.0047771965608391816,-0.012613281214710495,0.031208716108570553,-0.008109267385547594,0.017693807702837672,-0.006715259699192605,-0.002968054521118794,-0.004710891086051628,0.013759407038984478,0.023932836624513384,0.01397708661396295,0.019312331055533705,0.017936054959704198,-0.01066523812340868,1,-0.005090223002519584,0.021972221342884186,-0.005006974633128333,-0.011821992576574441,-0.008057191173400164,0.021092366022858203,0.01528392309241316,-0.013580802839393074,0.009913499789375769,0.019819806315216147,0.019489599466129923,0.01595291076740495,-0.0058122228653315665,-0.013184276367067128,0.03157815770839291,0.02599947528268772,0.01382188099072175,-0.011571542245313675,0.021751400932460314,0.011614149224337292,-0.008092673512592224,0.015965924048975857,-0.007346814896271376,0.025991268517986388,0.011917419497492789,-0.006306861401344097,0.023530149880496933,-0.008523388493516823,-0.010001903339668767,0.015987341652114264,-0.006864140547804592,-0.006407965324933438,0.019768022565724054,0.019122897382799105,-0.007051999611242763,0.01770223473287224,-0.0015223729213279878,0.009951260975130147,0.013889496322230929,0.011715185208310679,0.025993587992231428,0.021819103803556575,-0.004686151784467783,-0.004844496321605783,-0.00334018029555571,-0.0071289208779746465,-0.0030785746002600046,-0.0037997709932171735,0.01797159121168062,-0.009153717820587172,0.01789549462380515,-0.007641818264301913,0.013967251821093415,-0.012480669542324683,0.017462501883757184,0.019648695211096127,-0.004386066324845814,-0.007101337669238128,-0.010118282304774684,-0.006090405430448278,0.02159805552419685,0.015990695409947728,0.021764774720301368,0.017959761842588698,0.021690215653884147,-0.0051523109649549885,-0.0019051078177103858,agent17,-1
-1,-0.0058150271734187025,-0.004437589583338074,-0.015270671494678752,-0.011090070502129356,-0.004877324405655951,-0.007911309015518835,-0.006933886497132099,0.011780513223755035,0.01599846256895796,-0.0069852114596380185,-0.011690130049661487,0.009926214615414783,-0.006910135901935897,-0.011132492685786751,0.013989319656739494,-0.008208595329589312,0.02199991068725586,0.017966680664501807,-0.0047771965608391816,-0.012613281214710495,0.031208716108570553,-0.008109267385547594,0.017693807702837672,-0.006715259699192605,-0.002968054521118794,-0.004710891086051628,0.013759407038984478,0.023932836624513384,0.01397708661396295,0.019312331055533705,0.017936054959704198,-0.01066523812340868,1,-0.005090223002519584,0.023972221342884188,-0.005006974633128333,-0.011821992576574441,-0.008057191173400164,0.021092366022858203,0.01528392309241316,-0.013580802839393074,0.009913499789375769,0.019819806315216147,0.019489599466129923,0.01595291076740495,-0.0058122228653315665,-0.013184276367067128,0.03157815770839291,0.02599947528268772,0.01382188099072175,-0.011571542245313675,0.021751400932460314,0.011614149224337292,-0.008092673512592224,0.015965924048975857,-0.007346814896271376,0.025991268517986388,0.011917419497492789,-0.006306861401344097,0.023530149880496933,-0.008523388493516823,-0.010001903339668767,0.015987341652114264,-0.006864140547804592,-0.006407965324933438,0.019768022565724054,0.019122897382799105,-0.007051999611242763,0.01770223473287224,-0.0015223729213279878,0.009951260975130147,0.013889496322230929,0.011715185208310679,0.025993587992231428,0.021819103803556575,-0.004686151784467783,-0.004844496321605783,-0.00334018029555571,-0.0071289208779746465,-0.0030785746002600046,-0.0037997709932171735,0.01797159121168062,-0.009153717820587172,0.01789549462380515,-0.007641818264301913,0.013967251821093415,-0.012480669542324683,0.017462501883757184,0.019648695211096127,-0.004386066324845814,-0.007101337669238128,-0.010118282304774684,-0.006090405430448278,0.02159805552419685,0.015990695409947728,0.021764774720301368,0.017959761842588698,0.021690215653884147,-0.0051523109649549885,-0.0019051078177103858,agent34,-1
-1,-0.0058150271734187025,-0.004437589583338074,-0.015270671494678752,-0.011090070502129356,-0.004877324405655951,-0.007911309015518835,-0.006933886497132099,0.011780513223755035,0.01599846256895796,-0.0069852114596380185,-0.011690130049661487,0.009926214615414783,-0.006910135901935897,-0.011132492685786751,0.013989319656739494,-0.008208595329589312,0.02199991068725586,0.017966680664501807,-0.0047771965608391816,-0.012613281214710495,0.031208716108570553,-0.008109267385547594,0.017693807702837672,-0.006715259699192605,-0.002968054521118794,-0.004710891086051628,0.013759407038984478,0.023932836624513384,0.01397708661396295,0.019312331055533705,0.017936054959704198,-0.01066523812340868,1,-0.005090223002519584,0.023972221342884188,-0.005006974633128333,-0.011821992576574441,-0.008057191173400164,0.021092366022858203,0.01528392309241316,-0.013580802839393074,0.009913499789375769,0.019819806315216147,0.019489599466129923,0.01595291076740495,-0.0058122228653315665,-0.013184276367067128,0.03157815770839291,0.02599947528268772,0.01382188099072175,-0.011571542245313675,0.021751400932460314,0.011614149224337292,-0.008092673512592224,0.015965924048975857,-0.007346814896271376,0.025991268517986388,0.011917419497492789,-0.006306861401344097,0.023530149880496933,-0.008523388493516823,-0.010001903339668767,0.015987341652114264,-0.006864140547804592,-0.006407965324933438,0.019768022565724054,0.019122897382799105,-0.007051999611242763,0.01770223473287224,-0.0015223729213279878,0.009951260975130147,0.013889496322230929,0.011715185208310679,0.025993587992231428,0.021819103803556575,-0.004686151784467783,-0.004844496321605783,-0.00334018029555571,-0.0071289208779746465,-0.0030785746002600046,-0.0037997709932171735,0.01797159121168062,-0.009153717820587172,0.01789549462380515,-0.007641818264301913,0.013967251821093415,-0.012480669542324683,0.017462501883757184,0.019648695211096127,-0.004386066324845814,-0.007101337669238128,-0.010118282304774684,-0.006090405430448278,0.02159805552419685,0.015990695409947728,0.021764774720301368,0.017959761842588698,0.021690215653884147,-0.0051523109649549885,-0.0019051078177103858,agent5,1
-1,-0.0058150271734187025,-0.004437589583338074,-0.015270671494678752,-0.011090070502129356,-0.004877324405655951,-0.007911309015518835,-0.006933886497132099,0.011780513223755035,0.01599846256895796,-0.0069852114596380185,-0.011690130049661487,0.009926214615414783,-0.006910135901935897,-0.011132492685786751,0.013989319656739494,-0.008208595329589312,0.02199991068725586,0.017966680664501807,-0.0047771965608391816,-0.012613281214710495,0.031208716108570553,-0.008109267385547594,0.017693807702837672,-0.006715259699192605,-0.002968054521118794,-0.004710891086051628,0.013759407038984478,0.023932836624513384,0.01397708661396295,0.019312331055533705,0.017936054959704198,-0.01066523812340868,1,-0.005090223002519584,0.023972221342884188,-0.005006974633128333,-0.011821992576574441,-0.008057191173400164,0.021092366022858203,0.01528392309241316,-0.013580802839393074,0.009913499789375769,0.019819806315216147,0.019489599466129923,0.01595291076740495,-0.0058122228653315665,-0.013184276367067128,0.03157815770839291,0.02599947528268772,0.01382188099072175,-0.011571542245313675,0.021751400932460314,0.011614149224337292,-0.008092673512592224,0.015965924048975857,-0.007346814896271376,0.025991268517986388,0.011917419497492789,-0.006306861401344097,0.023530149880496933,-0.008523388493516823,-0.010001903339668767,0.015987341652114264,-0.006864140547804592,-0.006407965324933438,0.019768022565724054,0.019122897382799105,-0.007051999611242763,0.01770223473287224,-0.0015223729213279878,0.009951260975130147,0.013889496322230929,0.011715185208310679,0.025993587992231428,0.021819103803556575,-0.004686151784467783,-0.004844496321605783,-0.00334018029555571,-0.0071289208779746465,-0.0030785746002600046,-0.0037997709932171735,0.01797159121168062,-0.009153717820587172,0.01789549462380515,-0.007641818264301913,0.013967251821093415,-0.012480669542324683,0.017462501883757184,0.019648695211096127,-0.004386066324845814,-0.007101337669238128,-0.010118282304774684,-0.006090405430448278,0.02159805552419685,0.015990695409947728,0.021764774720301368,0.017959761842588698,0.021690215653884147,-0.0051523109649549885,-0.0019051078177103858,agent89,1
-1,-0.0058150271734187025,-0.004437589583338074,-0.015270671494678752,-0.011090070502129356,-0.004877324405655951,-0.007911309015518835,-0.006933886497132099,0.011780513223755035,0.01599846256895796,-0.0069852114596380185,-0.011690130049661487,0.009926214615414783,-0.006910135901935897,-0.011132492685786751,0.013989319656739494,-0.008208595329589312,0.02199991068725586,0.017966680664501807,-0.0047771965608391816,-0.012613281214710495,0.031208716108570553,-0.008109267385547594,0.017693807702837672,-0.006715259699192605,-0.002968054521118794,-0.004710891086051628,0.013759407038984478,0.023932836624513384,0.01397708661396295,0.019312331055533705,0.017936054959704198,-0.01066523812340868,1,-0.005090223002519584,0.023972221342884188,-0.005006974633128333,-0.011821992576574441,-0.008057191173400164,0.021092366022858203,0.01528392309241316,-0.013580802839393074,0.009913499789375769,0.019819806315216147,0.019489599466129923,0.01595291076740495,-0.0058122228653315665,-0.013184276367067128,0.03157815770839291,0.02599947528268772,0.01382188099072175,-0.011571542245313675,0.021751400932460314,0.011614149224337292,-0.008092673512592224,0.015965924048975857,-0.007346814896271376,0.025991268517986388,0.011917419497492789,-0.006306861401344097,0.023530149880496933,-0.008523388493516823,-0.010001903339668767,0.015987341652114264,-0.006864140547804592,-0.006407965324933438,0.019768022565724054,0.019122897382799105,-0.007051999611242763,0.01770223473287224,-0.0015223729213279878,0.009951260975130147,0.013889496322230929,0.011715185208310679,0.025993587992231428,0.021819103803556575,-0.004686151784467783,-0.004844496321605783,-0.00334018029555571,-0.0071289208779746465,-0.0030785746002600046,-0.0037997709932171735,0.01797159121168062,-0.009153717820587172,0.01789549462380515,-0.007641818264301913,0.013967251821093415,-0.012480669542324683,0.019437447649320053,0.019648695211096127,-0.004386066324845814,-0.007101337669238128,-0.010118282304774684,-0.006090405430448278,0.02159805552419685,0.015990695409947728,0.021764774720301368,0.017959761842588698,0.021690215653884147,-0.0051523109649549885,-0.0019051078177103858,agent87,-0.7761507898734865
-1,-0.0058150271734187025,-0.004437589583338074,-0.015270671494678752,-0.011090070502129356,-0.004877324405655951,-0.007911309015518835,-0.006933886497132099,0.011780513223755035,0.01599846256895796,-0.0069852114596380185,-0.011690130049661487,0.009926214615414783,-0.006910135901935897,-0.011132492685786751,0.013989319656739494,-0.008208595329589312,0.02199991068725586,0.017966680664501807,-0.0047771965608391816,-0.012613281214710495,0.031208716108570553,-0.008109267385547594,0.017693807702837672,-0.006715259699192605,-0.002968054521118794,-0.004710891086051628,0.013759407038984478,0.023932836624513384,0.01397708661396295,0.019312331055533705,0.017936054959704198,-0.01066523812340868,1,-0.005090223002519584,0.023972221342884188,-0.005006974633128333,-0.011821992576574441,-0.008057191173400164,0.021092366022858203,0.01528392309241316,-0.013580802839393074,0.009913499789375769,0.019819806315216147,0.019489599466129923,0.01595291076740495,-0.0058122228653315665,-0.013184276367067128,0.03157815770839291,0.02599947528268772,0.01382188099072175,-0.011571542245313675,0.021751400932460314,0.011614149224337292,-0.008092673512592224,0.015965924048975857,-0.007346814896271376,0.025991268517986388,0.011917419497492789,-0.006306861401344097,0.023530149880496933,-0.008523388493516823,-0.010001903339668767,0.015987341652114264,-0.006864140547804592,-0.006407965324933438,0.019768022565724054,0.019122897382799105,-0.007051999611242763,0.01770223473287224,-0.0015223729213279878,0.009951260975130147,0.013889496322230929,0.011715185208310679,0.025993587992231428,0.021819103803556575,-0.004686151784467783,-0.004844496321605783,-0.00334018029555571,-0.0071289208779746465,-0.0030785746002600046,-0.0037997709932171735,0.01797159121168062,-0.009153717820587172,0.01789549462380515,-0.007641818264301913,0.013967251821093415,-0.012480669542324683,0.019437447649320053,0.019648695211096127,-0.004386066324845814,-0.007101337669238128,-0.010118282304774684,-0.006090405430448278,0.02159805552419685,0.015990695409947728,0.021764774720301368,0.017959761842588698,0.021690215653884147,-0.0051523109649549885,-0.0019051078177103858,agent90,1
-1,-0.0058150271734187025,-0.004437589583338074,-0.015270671494678752,-0.011090070502129356,-0.004877324405655951,-0.007911309015518835,-0.006933886497132099,0.011780513223755035,0.01599846256895796,-0.0069852114596380185,-0.011690130049661487,0.009926214615414783,-0.006910135901935897,-0.011132492685786751,0.013989319656739494,-0.008208595329589312,0.02199991068725586,0.017966680664501807,-0.0047771965608391816,-0.012613281214710495,0.031208716108570553,-0.008109267385547594,0.017693807702837672,-0.006715259699192605,-0.002968054521118794,-0.004710891086051628,0.013759407038984478,0.023932836624513384,0.01397708661396295,0.019312331055533705,0.017936054959704198,-0.01066523812340868,1,-0.005090223002519584,0.023972221342884188,-0.005006974633128333,-0.011821992576574441,-0.008057191173400164,0.021092366022858203,0.01528392309241316,-0.013580802839393074,0.009913499789375769,0.019819806315216147,0.019489599466129923,0.01595291076740495,-0.0058122228653315665,-0.013184276367067128,0.03157815770839291,0.02599947528268772,0.01382188099072175,-0.011571542245313675,0.021751400932460314,0.011614149224337292,-0.008092673512592224,0.015965924048975857,-0.007346814896271376,0.025991268517986388,0.011917419497492789,-0.006306861401344097,0.023530149880496933,-0.008523388493516823,-0.010001903339668767,0.015987341652114264,-0.006864140547804592,-0.006407965324933438,0.019768022565724054,0.019122897382799105,-0.007051999611242763,0.01770223473287224,-0.0015223729213279878,0.009951260975130147,0.013889496322230929,0.011715185208310679,0.02799358799223143,0.021819103803556575,-0.004686151784467783,-0.004844496321605783,-0.00334018029555571,-0.0071289208779746465,-0.0030785746002600046,-0.0037997709932171735,0.01797159121168062,-0.009153717820587172,0.01789549462380515,-0.007641818264301913,0.013967251821093415,-0.012480669542324683,0.019437447649320053,0.019648695211096127,-0.004386066324845814,-0.007101337669238128,-0.010118282304774684,-0.006090405430448278,0.02159805552419685,0.015990695409947728,0.021764774720301368,0.017959761842588698,0.021690215653884147,-0.0051523109649549885,-0.0019051078177103858,agent73,-1
-1,-0.0058150271734187025,-0.004437589583338074,-0.015270671494678752,-0.011090070502129356,-0.004877324405655951,-0.007911309015518835,-0.006933886497132099,0.011780513223755035,0.01599846256895796,-0.0069852114596380185,-0.011690130049661487,0.009926214615414783,-0.006910135901935897,-0.011132492685786751,0.013989319656739494,-0.008208595329589312,0.02199991068725586,0.017966680664501807,-0.0047771965608391816,-0.012613281214710495,0.031208716108570553,-0.008109267385547594,0.017693807702837672,-0.006715259699192605,-0.002968054521118794,-0.004710891086051628,0.013759407038984478,0.023932836624513384,0.01397708661396295,0.019312331055533705,0.017936054959704198,-0.01066523812340868,1,-0.005090223002519584,0.023972221342884188,-0.005006974633128333,-0.011821992576574441,-0.008057191173400164,0.021092366022858203,0.01528392309241316,-0.013580802839393074,0.009913499789375769,0.019819806315216147,0.019489599466129923,0.01595291076740495,-0.0058122228653315665,-0.013184276367067128,0.03157815770839291,0.02599947528268772,0.01382188099072175,-0.011571542245313675,0.021751400932460314,0.011614149224337292,-0.008092673512592224,0.015965924048975857,-0.007346814896271376,0.025991268517986388,0.011917419497492789,-0.006306861401344097,0.023530149880496933,-0.008523388493516823,-0.010001903339668767,0.015987341652114264,-0.006864140547804592,-0.006407965324933438,0.019768022565724054,0.019122897382799105,-0.007051999611242763,0.01770223473287224,-0.0015223729213279878,0.009951260975130147,0.013889496322230929,0.011715185208310679,0.02799358799223143,0.021819103803556575,-0.004686151784467783,-0.004844496321605783,-0.00334018029555571,-0.0071289208779746465,-0.0030785746002600046,-0.0037997709932171735,0.01797159121168062,-0.009153717820587172,0.01789549462380515,-0.007641818264301913,0.013967251821093415,-0.012480669542324683,0.019437447649320053,0.019648695211096127,-0.004386066324845814,-0.007101337669238128,-0.010118282304774684,-0.006090405430448278,0.02159805552419685,0.015990695409947728,0.021764774720301368,0.017959761842588698,0.021690215653884147,-0.0051523109649549885,-0.0019051078177103858,agent53,1
-1,-0.0058150271734187025,-0.004437589583338074,-0.015270671494678752,-0.011090070502129356,-0.004877324405655951,-0.007911309015518835,-0.006933886497132099,0.011780513223755035,0.01599846256895796,-0.0069852114596380185,-0.011690130049661487,0.009926214615414783,-0.006910135901935897,-0.011132492685786751,0.013989319656739494,-0.008208595329589312,0.02199991068725586,0.017966680664501807,-0.0047771965608391816,-0.012613281214710495,0.031208716108570553,-0.008109267385547594,0.017693807702837672,-0.006715259699192605,-0.002968054521118794,-0.004710891086051628,0.013759407038984478,0.023932836624513384,0.01397708661396295,0.019312331055533705,0.017936054959704198,-0.01066523812340868,1,-0.005090223002519584,0.023972221342884188,-0.005006974633128333,-0.011821992576574441,-0.008057191173400164,0.021092366022858203,0.01528392309241316,-0.013580802839393074,0.009913499789375769,0.019819806315216147,0.019489599466129923,0.01595291076740495,-0.0058122228653315665,-0.013184276367067128,0.03157815770839291,0.02599947528268772,0.01382188099072175,-0.011571542245313675,0.021751400932460314,0.011614149224337292,-0.008092673512592224,0.015965924048975857,-0.007346814896271376,0.025991268517986388,0.011917419497492789,-0.006306861401344097,0.023530149880496933,-0.008523388493516823,-0.010001903339668767,0.015987341652114264,-0.006864140547804592,-0.006407965324933438,0.019768022565724054,0.019122897382799105,-0.007051999611242763,0.01770223473287224,-0.0015223729213279878,0.009951260975130147,0.013889496322230929,0.011715185208310679,0.02799358799223143,0.021819103803556575,-0.004686151784467783,-0.004844496321605783,-0.00334018029555571,-0.0071289208779746465,-0.0030785746002600046,-0.0037997709932171735,0.01797159121168062,-0.009153717820587172,0.01789549462380515,-0.007641818264301913,0.013967251821093415,-0.012480669542324683,0.019437447649320053,0.019648695211096127,-0.004386066324845814,-0.007101337669238128,-0.010118282304774684,-0.006090405430448278,0.02159805552419685,0.015990695409947728,0.021764774720301368,0.017959761842588698,0.021690215653884147,-0.0051523109649549885,-0.0019051078177103858,agent1,1
-1,-0.0058150271734187025,-0.004437589583338074,-0.015270671494678752,-0.011090070502129356,-0.004877324405655951,-0.007911309015518835,-0.006933886497132099,0.011780513223755035,0.01599846256895796,-0.0069852114596380185,-0.011690130049661487,0.009926214615414783,-0.006910135901935897,-0.011132492685786751,0.013989319656739494,-0.008208595329589312,0.02199991068725586,0.017966680664501807,-0.0047771965608391816,-0.012613281214710495,0.031208716108570553,-0.008109267385547594,0.017693807702837672,-0.006715259699192605,-0.002968054521118794,-0.004710891086051628,0.013759407038984478,0.023932836624513384,0.01397708661396295,0.019312331055533705,0.017936054959704198,-0.01066523812340868,1,-0.005090223002519584,0.023972221342884188,-0.005006974633128333,-0.011821992576574441,-0.008057191173400164,0.021092366022858203,0.01528392309241316,-0.013580802839393074,0.009913499789375769,0.019819806315216147,0.019489599466129923,0.01595291076740495,-0.0058122228653315665,-0.013184276367067128,0.03157815770839291,0.02599947528268772,0.01382188099072175,-0.011571542245313675,0.021751400932460314,0.011614149224337292,-0.008092673512592224,0.015965924048975857,-0.007346814896271376,0.025991268517986388,0.011917419497492789,-0.006306861401344097,0.023530149880496933,-0.008523388493516823,-0.010001903339668767,0.015987341652114264,-0.006864140547804592,-0.006407965324933438,0.019768022565724054,0.019122897382799105,-0.007051999611242763,0.01770223473287224,-0.0015223729213279878,0.009951260975130147,0.013889496322230929,0.011715185208310679,0.02799358799223143,0.021819103803556575,-0.004686151784467783,-0.004844496321605783,-0.00334018029555571,-0.0071289208779746465,-0.0030785746002600046,-0.0037997709932171735,0.01797159121168062,-0.009153717820587172,0.01789549462380515,-0.007641818264301913,0.013967251821093415,-0.012480669542324683,0.019437447649320053,0.019648695211096127,-0.004386066324845814,-0.007101337669238128,-0.010118282304774684,-0.006090405430448278,0.02159805552419685,0.015990695409947728,0.02376477472030137,0.017959761842588698,0.021690215653884147,-0.0051523109649549885,-0.0019051078177103858,agent95,-1
-1,-0.0058150271734187025,-0.004437589583338074,-0.015270671494678752,-0.011090070502129356,-0.004877324405655951,-0.007911309015518835,-0.006933886497132099,0.011780513223755035,0.01599846256895796,-0.0069852114596380185,-0.011690130049661487,0.009926214615414783,-0.006910135901935897,-0.011132492685786751,0.013989319656739494,-0.008208595329589312,0.02199991068725586,0.017966680664501807,-0.0047771965608391816,-0.012613281214710495,0.031208716108570553,-0.008109267385547594,0.017693807702837672,-0.006715259699192605,-0.002968054521118794,-0.004710891086051628,0.013759407038984478,0.023932836624513384,0.01397708661396295,0.019312331055533705,0.017936054959704198,-0.01066523812340868,1,-0.005090223002519584,0.023972221342884188,-0.005006974633128333,-0.011821992576574441,-0.008057191173400164,0.021092366022858203,0.01528392309241316,-0.013580802839393074,0.009913499789375769,0.019819806315216147,0.019489599466129923,0.01595291076740495,-0.0058122228653315665,-0.013184276367067128,0.03157815770839291,0.02599947528268772,0.01382188099072175,-0.011571542245313675,0.021751400932460314,0.011614149224337292,-0.008092673512592224,0.015965924048975857,-0.007346814896271376,0.025991268517986388,0.011917419497492789,-0.006306861401344097,0.023530149880496933,-0.008523388493516823,-0.010001903339668767,0.015987341652114264,-0.006864140547804592,-0.006407965324933438,0.019768022565724054,0.019122897382799105,-0.007051999611242763,0.01770223473287224,-0.0015223729213279878,0.009951260975130147,0.013889496322230929,0.011715185208310679,0.02799358799223143,0.021819103803556575,-0.004686151784467783,-0.004844496321605783,-0.00334018029555571,-0.0071289208779746465,-0.0030785746002600046,-0.0037997709932171735,0.01797159121168062,-0.009153717820587172,0.01789549462380515,-0.007641818264301913,0.013967251821093415,-0.012480669542324683,0.019437447649320053,0.019648695211096127,-0.004386066324845814,-0.007101337669238128,-0.010118282304774684,-0.006090405430448278,0.02159805552419685,0.015990695409947728,0.02376477472030137,0.017959761842588698,0.021690215653884147,-0.0051523109649549885,-0.0019051078177103858,agent55,1
-1,-0.0058150271734187025,-0.004437589583338074,-0.015270671494678752,-0.011090070502129356,-0.004877324405655951,-0.007911309015518835,-0.006933886497132099,0.011780513223755035,0.01599846256895796,-0.0069852114596380185,-0.011690130049661487,0.009926214615414783,-0.006910135901935897,-0.011132492685786751,0.013989319656739494,-0.008208595329589312,0.02199991068725586,0.017966680664501807,-0.0047771965608391816,-0.012613281214710495,0.031208716108570553,-0.008109267385547594,0.017693807702837672,-0.006715259699192605,-0.002968054521118794,-0.004710891086051628,0.013759407038984478,0.023932836624513384,0.01397708661396295,0.019312331055533705,0.017936054959704198,-0.01066523812340868,1,-0.005090223002519584,0.023972221342884188,-0.005006974633128333,-0.011821992576574441,-0.008057191173400164,0.023092366022858204,0.01528392309241316,-0.013580802839393074,0.009913499789375769,0.019819806315216147,0.019489599466129923,0.01595291076740495,-0.0058122228653315665,-0.013184276367067128,0.03157815770839291,0.02599947528268772,0.01382188099072175,-0.011571542245313675,0.021751400932460314,0.011614149224337292,-0.008092673512592224,0.015965924048975857,-0.007346814896271376,0.025991268517986388,0.011917419497492789,-0.006306861401344097,0.023530149880496933,-0.008523388493516823,-0.010001903339668767,0.015987341652114264,-0.006864140547804592,-0.006407965324933438,0.019768022565724054,0.019122897382799105,-0.007051999611242763,0.01770223473287224,-0.0015223729213279878,0.009951260975130147,0.013889496322230929,0.011715185208310679,0.02799358799223143,0.021819103803556575,-0.004686151784467783,-0.004844496321605783,-0.00334018029555571,-0.0071289208779746465,-0.0030785746002600046,-0.0037997709932171735,0.01797159121168062,-0.009153717820587172,0.01789549462380515,-0.007641818264301913,0.013967251821093415,-0.012480669542324683,0.019437447649320053,0.019648695211096127,-0.004386066324845814,-0.007101337669238128,-0.010118282304774684,-0.006090405430448278,0.02159805552419685,0.015990695409947728,0.02376477472030137,0.017959761842588698,0.021690215653884147,-0.0051523109649549885,-0.0019051078177103858,agent38,-1
-1,-0.0058150271734187025,-0.004437589583338074,-0.015270671494678752,-0.011090070502129356,-0.004877324405655951,-0.007911309015518835,-0.006933886497132099,0.011780513223755035,0.01599846256895796,-0.0069852114596380185,-0.011690130049661487,0.009926214615414783,-0.006910135901935897,-0.011132492685786751,0.013989319656739494,-0.008208595329589312,0.02199991068725586,0.017966680664501807,-0.0047771965608391816,-0.012613281214710495,0.031208716108570553,-0.008109267385547594,0.017693807702837672,-0.006715259699192605,-0.002968054521118794,-0.004710891086051628,0.013759407038984478,0.023932836624513384,0.01397708661396295,0.019312331055533705,0.017936054959704198,-0.01066523812340868,1,-0.005090223002519584,0.023972221342884188,-0.005006974633128333,-0.011821992576574441,-0.008057191173400164,0.023092366022858204,0.01528392309241316,-0.013580802839393074,0.009913499789375769,0.019819806315216147,0.019489599466129923,0.01595291076740495,-0.0058122228653315665,-0.013184276367067128,0.03157815770839291,0.02599947528268772,0.01382188099072175,-0.011571542245313675,0.021751400932460314,0.011614149224337292,-0.008092673512592224,0.015965924048975857,-0.007346814896271376,0.025991268517986388,0.011917419497492789,-0.006306861401344097,0.023530149880496933,-0.008523388493516823,-0.010001903339668767,0.015987341652114264,-0.006864140547804592,-0.006407965324933438,0.019768022565724054,0.019122897382799105,-0.007051999611242763,0.01770223473287224,-0.0015223729213279878,0.009951260975130147,0.013889496322230929,0.011715185208310679,0.02799358799223143,0.021819103803556575,-0.004686151784467783,-0.004844496321605783,-0.00334018029555571,-0.0071289208779746465,-0.0030785746002600046,-0.0037997709932171735,0.01797159121168062,-0.009153717820587172,0.01789549462380515,-0.007641818264301913,0.013967251821093415,-0.012480669542324683,0.019437447649320053,0.019648695211096127,-0.004386066324845814,-0.007101337669238128,-0.010118282304774684,-0.006090405430448278,0.02159805552419685,0.015990695409947728,0.02376477472030137,0.017959761842588698,0.021690215653884147,-0.0051523109649549885,-0.0019051078177103858,agent58,1
-1,-0.0058150271734187025,-0.004437589583338074,-0.015270671494678752,-0.011090070502129356,-0.004877324405655951,-0.007911309015518835,-0.006933886497132099,0.011780513223755035,0.01599846256895796,-0.0069852114596380185,-0.011690130049661487,0.009926214615414783,-0.006910135901935897,-0.011132492685786751,0.013989319656739494,-0.008208595329589312,0.02199991068725586,0.017966680664501807,-0.0047771965608391816,-0.012613281214710495,0.031208716108570553,-0.008109267385547594,0.017693807702837672,-0.006715259699192605,-0.002968054521118794,-0.004710891086051628,0.013759407038984478,0.023932836624513384,0.01397708661396295,0.019312331055533705,0.017936054959704198,-0.01066523812340868,1,-0.005090223002519584,0.023972221342884188,-0.005006974633128333,-0.011821992576574441,-0.008057191173400164,0.023092366022858204,0.01528392309241316,-0.013580802839393074,0.009913499789375769,0.019819806315216147,0.019489599466129923,0.01595291076740495,-0.0058122228653315665,-0.013184276367067128,0.03157815770839291,0.02599947528268772,0.01382188099072175,-0.011571542245313675,0.021751400932460314,0.011614149224337292,-0.008092673512592224,0.015965924048975857,-0.007346814896271376,0.025991268517986388,0.011917419497492789,-0.006306861401344097,0.023530149880496933,-0.008523388493516823,-0.010001903339668767,0.015987341652114264,-0.006864140547804592,-0.006407965324933438,0.019768022565724054,0.019122897382799105,-0.007051999611242763,0.01770223473287224,-0.0015223729213279878,0.009951260975130147,0.013889496322230929,0.011715185208310679,0.02799358799223143,0.021819103803556575,-0.004686151784467783,-0.004844496321605783,-0.00334018029555571,-0.0071289208779746465,-0.0030785746002600046,-0.0037997709932171735,0.01797159121168062,-0.009153717820587172,0.01789549462380515,-0.007641818264301913,0.013967251821093415,-0.012480669542324683,0.019437447649320053,0.019648695211096127,-0.004386066324845814,-0.007101337669238128,-0.010118282304774684,-0.006090405430448278,0.02159805552419685,0.015990695409947728,0.02376477472030137,0.017959761842588698,0.021690215653884147,-0.0051523109649549885,-0.0019051078177103858,agent77,1
-1,-0.0058150271734187025,-0.004437589583338074,-0.015270671494678752,-0.011090070502129356,-0.004877324405655951,-0.007911309015518835,-0.006933886497132099,0.011780513223755035,0.01599846256895796,-0.0069852114596380185,-0.011690130049661487,0.009926214615414783,-0.006910135901935897,-0.011132492685786751,0.013989319656739494,-0.008208595329589312,0.02199991068725586,0.017966680664501807,-0.0047771965608391816,-0.012613281214710495,0.031208716108570553,-0.008109267385547594,0.017693807702837672,-0.006715259699192605,-0.002968054521118794,-0.004710891086051628,0.013759407038984478,0.023932836624513384,0.01397708661396295,0.019312331055533705,0.017936054959704198,-0.01066523812340868,1,-0.005090223002519584,0.023972221342884188,-0.005006974633128333,-0.011821992576574441,-0.008057191173400164,0.023092366022858204,0.01528392309241316,-0.013580802839393074,0.009913499789375769,0.019819806315216147,0.019489599466129923,0.01595291076740495,-0.0058122228653315665,-0.013184276367067128,0.03157815770839291,0.02599947528268772,0.01382188099072175,-0.011571542245313675,0.021751400932460314,0.011614149224337292,-0.008092673512592224,0.015965924048975857,-0.007346814896271376,0.025991268517986388,0.011917419497492789,-0.006306861401344097,0.023530149880496933,-0.008523388493516823,-0.010001903339668767,0.015987341652114264,-0.006864140547804592,-0.006407965324933438,0.019768022565724054,0.019122897382799105,-0.007051999611242763,0.01770223473287224,-0.0015223729213279878,0.009951260975130147,0.013889496322230929,0.011715185208310679,0.02799358799223143,0.021819103803556575,-0.004686151784467783,-0.004844496321605783,-0.00334018029555571,-0.0071289208779746465,-0.0030785746002600046,-0.0037997709932171735,0.01797159121168062,-0.009153717820587172,0.01789549462380515,-0.007641818264301913,0.013967251821093415,-0.012480669542324683,0.019437447649320053,0.019648695211096127,-0.004386066324845814,-0.007101337669238128,-0.010118282304774684,-0.006090405430448278,0.02159805552419685,0.015990695409947728,0.02376477472030137,0.017959761842588698,0.021690215653884147,-0.0051523109649549885,-0.0019051078177103858,agent21,1
-1,-0.0058150271734187025,-0.004437589583338074,-0.015270671494678752,-0.011090070502129356,-0.004877324405655951,-0.007911309015518835,-0.006933886497132099,0.011780513223755035,0.017998462568957957,-0.0069852114596380185,-0.011690130049661487,0.009926214615414783,-0.006910135901935897,-0.011132492685786751,0.013989319656739494,-0.008208595329589312,0.02199991068725586,0.017966680664501807,-0.0047771965608391816,-0.012613281214710495,0.031208716108570553,-0.008109267385547594,0.017693807702837672,-0.006715259699192605,-0.002968054521118794,-0.004710891086051628,0.013759407038984478,0.023932836624513384,0.01397708661396295,0.019312331055533705,0.017936054959704198,-0.01066523812340868,1,-0.005090223002519584,0.023972221342884188,-0.005006974633128333,-0.011821992576574441,-0.008057191173400164,0.023092366022858204,0.01528392309241316,-0.013580802839393074,0.009913499789375769,0.019819806315216147,0.019489599466129923,0.01595291076740495,-0.0058122228653315665,-0.013184276367067128,0.03157815770839291,0.02599947528268772,0.01382188099072175,-0.011571542245313675,0.021751400932460314,0.011614149224337292,-0.008092673512592224,0.015965924048975857,-0.007346814896271376,0.025991268517986388,0.011917419497492789,-0.006306861401344097,0.023530149880496933,-0.008523388493516823,-0.010001903339668767,0.015987341652114264,-0.006864140547804592,-0.006407965324933438,0.019768022565724054,0.019122897382799105,-0.007051999611242763,0.01770223473287224,-0.0015223729213279878,0.009951260975130147,0.013889496322230929,0.011715185208310679,0.02799358799223143,0.021819103803556575,-0.004686151784467783,-0.004844496321605783,-0.00334018029555571,-0.0071289208779746465,-0.0030785746002600046,-0.0037997709932171735,0.01797159121168062,-0.009153717820587172,0.01789549462380515,-0.007641818264301913,0.013967251821093415,-0.012480669542324683,0.019437447649320053,0.019648695211096127,-0.004386066324845814,-0.007101337669238128,-0.010118282304774684,-0.006090405430448278,0.02159805552419685,0.015990695409947728,0.02376477472030137,0.017959761842588698,0.021690215653884147,-0.0051523109649549885,-0.0019051078177103858,agent8,-1
-1,-0.0058150271734187025,-0.004437589583338074,-0.015270671494678752,-0.011090070502129356,-0.004877324405655951,-0.007911309015518835,-0.006933886497132099,0.011780513223755035,0.017998462568957957,-0.0069852114596380185,-0.011690130049661487,0.009926214615414783,-0.006910135901935897,-0.011132492685786751,0.013989319656739494,-0.008208595329589312,0.02199991068725586,0.017966680664501807,-0.0047771965608391816,-0.012613281214710495,0.033208716108570555,-0.008109267385547594,0.017693807702837672,-0.006715259699192605,-0.002968054521118794,-0.004710891086051628,0.013759407038984478,0.023932836624513384,0.01397708661396295,0.019312331055533705,0.017936054959704198,-0.01066523812340868,1,-0.005090223002519584,0.023972221342884188,-0.005006974633128333,-0.011821992576574441,-0.008057191173400164,0.023092366022858204,0.01528392309241316,-0.013580802839393074,0.009913499789375769,0.019819806315216147,0.019489599466129923,0.01595291076740495,-0.0058122228653315665,-0.013184276367067128,0.03157815770839291,0.02599947528268772,0.01382188099072175,-0.011571542245313675,0.021751400932460314,0.011614149224337292,-0.008092673512592224,0.015965924048975857,-0.007346814896271376,0.025991268517986388,0.011917419497492789,-0.006306861401344097,0.023530149880496933,-0.008523388493516823,-0.010001903339668767,0.015987341652114264,-0.006864140547804592,-0.006407965324933438,0.019768022565724054,0.019122897382799105,-0.007051999611242763,0.01770223473287224,-0.0015223729213279878,0.009951260975130147,0.013889496322230929,0.011715185208310679,0.02799358799223143,0.021819103803556575,-0.004686151784467783,-0.004844496321605783,-0.00334018029555571,-0.0071289208779746465,-0.0030785746002600046,-0.0037997709932171735,0.01797159121168062,-0.009153717820587172,0.01789549462380515,-0.007641818264301913,0.013967251821093415,-0.012480669542324683,0.019437447649320053,0.019648695211096127,-0.004386066324845814,-0.007101337669238128,-0.010118282304774684,-0.006090405430448278,0.02159805552419685,0.015990695409947728,0.02376477472030137,0.017959761842588698,0.021690215653884147,-0.0051523109649549885,-0.0019051078177103858,agent20,-1
-1,-0.0058150271734187025,-0.004437589583338074,-0.015270671494678752,-0.011090070502129356,-0.004877324405655951,-0.007911309015518835,-0.006933886497132099,0.011780513223755035,0.017998462568957957,-0.0069852114596380185,-0.011690130049661487,0.009926214615414783,-0.006910135901935897,-0.011132492685786751,0.013989319656739494,-0.008208595329589312,0.02199991068725586,0.017966680664501807,-0.0047771965608391816,-0.012613281214710495,0.033208716108570555,-0.008109267385547594,0.017693807702837672,-0.006715259699192605,-0.002968054521118794,-0.004710891086051628,0.013759407038984478,0.023932836624513384,0.01397708661396295,0.019312331055533705,0.017936054959704198,-0.01066523812340868,1,-0.005090223002519584,0.023972221342884188,-0.005006974633128333,-0.011821992576574441,-0.008057191173400164,0.023092366022858204,0.01528392309241316,-0.013580802839393074,0.009913499789375769,0.019819806315216147,0.019489599466129923,0.01595291076740495,-0.0058122228653315665,-0.013184276367067128,0.03157815770839291,0.02599947528268772,0.01382188099072175,-0.011571542245313675,0.021751400932460314,0.011614149224337292,-0.008092673512592224,0.015965924048975857,-0.007346814896271376,0.025991268517986388,0.011917419497492789,-0.006306861401344097,0.023530149880496933,-0.008523388493516823,-0.010001903339668767,0.015987341652114264,-0.006864140547804592,-0.006407965324933438,0.019768022565724054,0.019122897382799105,-0.007051999611242763,0.01770223473287224,-0.0015223729213279878,0.009951260975130147,0.013889496322230929,0.011715185208310679,0.02799358799223143,0.021819103803556575,-0.004686151784467783,-0.004844496321605783,-0.00334018029555571,-0.0071289208779746465,-0.0030785746002600046,-0.0037997709932171735,0.01797159121168062,-0.009153717820587172,0.01789549462380515,-0.007641818264301913,0.013967251821093415,-0.012480669542324683,0.019437447649320053,0.019648695211096127,-0.004386066324845814,-0.007101337669238128,-0.010118282304774684,-0.006090405430448278,0.02159805552419685,0.015990695409947728,0.02376477472030137,0.017959761842588698,0.021690215653884147,-0.0051523109649549885,-0.0019051078177103858,agent2,1
-1,-0.0058150271734187025,-0.004437589583338074,-0.015270671494678752,-0.011090070502129356,-0.004877324405655951,-0.007911309015518835,-0.006933886497132099,0.011780513223755035,0.017998462568957957,-0.0069852114596380185,-0.011690130049661487,0.009926214615414783,-0.006910135901935897,-0.011132492685786751,0.013989319656739494,-0.008208595329589312,0.02199991068725586,0.017966680664501807,-0.0047771965608391816,-0.012613281214710495,0.033208716108570555,-0.008109267385547594,0.017693807702837672,-0.006715259699192605,-0.002968054521118794,-0.004710891086051628,0.013759407038984478,0.023932836624513384,0.01397708661396295,0.019312331055533705,0.017936054959704198,-0.01066523812340868,1,-0.005090223002519584,0.023972221342884188,-0.005006974633128333,-0.011821992576574441,-0.008057191173400164,0.023092366022858204,0.01528392309241316,-0.013580802839393074,0.009913499789375769,0.019819806315216147,0.019489599466129923,0.01595291076740495,-0.0058122228653315665,-0.013184276367067128,0.03157815770839291,0.02599947528268772,0.01382188099072175,-0.011571542245313675,0.021751400932460314,0.011614149224337292,-0.008092673512592224,0.015965924048975857,-0.007346814896271376,0.025991268517986388,0.011917419497492789,-0.006306861401344097,0.023530149880496933,-0.008523388493516823,-0.010001903339668767,0.015987341652114264,-0.006864140547804592,-0.006407965324933438,0.019768022565724054,0.019122897382799105,-0.007051999611242763,0.01770223473287224,-0.0015223729213279878,0.009951260975130147,0.013889496322230929,0.011715185208310679,0.02799358799223143,0.021819103803556575,-0.004686151784467783,-0.004844496321605783,-0.00334018029555571,-0.0071289208779746465,-0.0030785746002600046,-0.0037997709932171735,0.01797159121168062,-0.009153717820587172,0.01789549462380515,-0.007641818264301913,0.013967251821093415,-0.012480669542324683,0.021415262194235646,0.019648695211096127,-0.004386066324845814,-0.007101337669238128,-0.010118282304774684,-0.006090405430448278,0.02159805552419685,0.015990695409947728,0.02376477472030137,0.017959761842588698,0.021690215653884147,-0.0051523109649549885,-0.0019051078177103858,agent87,-0.7893559633675413
-1,-0.0058150271734187025,-0.004437589583338074,-0.015270671494678752,-0.011090070502129356,-0.004877324405655951,-0.007911309015518835,-0.006933886497132099,0.011780513223755035,0.017998462568957957,-0.0069852114596380185,-0.011690130049661487,0.009926214615414783,-0.006910135901935897,-0.011132492685786751,0.013989319656739494,-0.008208595329589312,0.02199991068725586,0.017966680664501807,-0.0047771965608391816,-0.012613281214710495,0.033208716108570555,-0.008109267385547594,0.017693807702837672,-0.006715259699192605,-0.002968054521118794,-0.004710891086051628,0.013759407038984478,0.023932836624513384,0.01397708661396295,0.019312331055533705,0.017936054959704198,-0.01066523812340868,1,-0.005090223002519584,0.023972221342884188,-0.005006974633128333,-0.011821992576574441,-0.008057191173400164,0.023092366022858204,0.01528392309241316,-0.013580802839393074,0.009913499789375769,0.019819806315216147,0.019489599466129923,0.01595291076740495,-0.0058122228653315665,-0.013184276367067128,0.03157815770839291,0.02599947528268772,0.01382188099072175,-0.011571542245313675,0.021751400932460314,0.011614149224337292,-0.008092673512592224,0.015965924048975857,-0.007346814896271376,0.025991268517986388,0.011917419497492789,-0.006306861401344097,0.023530149880496933,-0.008523388493516823,-0.010001903339668767,0.015987341652114264,-0.006864140547804592,-0.006407965324933438,0.019768022565724054,0.019122897382799105,-0.007051999611242763,0.01770223473287224,-0.0015223729213279878,0.009951260975130147,0.013889496322230929,0.011715185208310679,0.02799358799223143,0.021819103803556575,-0.004686151784467783,-0.004844496321605783,-0.00334018029555571,-0.0071289208779746465,-0.0030785746002600046,-0.0037997709932171735,0.01797159121168062,-0.009153717820587172,0.01789549462380515,-0.007641818264301913,0.013967251821093415,-0.012480669542324683,0.021415262194235646,0.019648695211096127,-0.004386066324845814,-0.007101337669238128,-0.010118282304774684,-0.006090405430448278,0.02159805552419685,0.015990695409947728,0.02376477472030137,0.017959761842588698,0.021690215653884147,-0.0051523109649549885,-0.0019051078177103858,agent4,1
-1,-0.0058150271734187025,-0.004437589583338074,-0.015270671494678752,-0.011090070502129356,-0.004877324405655951,-0.007911309015518835,-0.006933886497132099,0.011780513223755035,0.017998462568957957,-0.0069852114596380185,-0.011690130049661487,0.009926214615414783,-0.006910135901935897,-0.011132492685786751,0.013989319656739494,-0.008208595329589312,0.02199991068725586,0.017966680664501807,-0.0047771965608391816,-0.012613281214710495,0.033208716108570555,-0.008109267385547594,0.017693807702837672,-0.006715259699192605,-0.002968054521118794,-0.004710891086051628,0.013759407038984478,0.023932836624513384,0.01397708661396295,0.019312331055533705,0.017936054959704198,-0.01066523812340868,1,-0.005090223002519584,0.023972221342884188,-0.005006974633128333,-0.011821992576574441,-0.008057191173400164,0.023092366022858204,0.01528392309241316,-0.013580802839393074,0.009913499789375769,0.019819806315216147,0.019489599466129923,0.01595291076740495,-0.0058122228653315665,-0.013184276367067128,0.03157815770839291,0.02599947528268772,0.01382188099072175,-0.011571542245313675,0.021751400932460314,0.011614149224337292,-0.008092673512592224,0.015965924048975857,-0.007346814896271376,0.025991268517986388,0.011917419497492789,-0.006306861401344097,0.023530149880496933,-0.008523388493516823,-0.010001903339668767,0.015987341652114264,-0.006864140547804592,-0.006407965324933438,0.019768022565724054,0.019122897382799105,-0.007051999611242763,0.01770223473287224,-0.0015223729213279878,0.009951260975130147,0.013889496322230929,0.011715185208310679,0.02799358799223143,0.021819103803556575,-0.004686151784467783,-0.004844496321605783,-0.00334018029555571,-0.0071289208779746465,-0.0030785746002600046,-0.0037997709932171735,0.01797159121168062,-0.009153717820587172,0.01789549462380515,-0.007641818264301913,0.013967251821093415,-0.012480669542324683,0.021415262194235646,0.019648695211096127,-0.004386066324845814,-0.007101337669238128,-0.010118282304774684,-0.006090405430448278,0.02159805552419685,0.015990695409947728,0.02376477472030137,0.017959761842588698,0.021690215653884147,-0.0051523109649549885,-0.0019051078177103858,agent67,1
-1,-0.0058150271734187025,-0.004437589583338074,-0.015270671494678752,-0.011090070502129356,-0.004877324405655951,-0.007911309015518835,-0.006933886497132099,0.011780513223755035,0.017998462568957957,-0.0069852114596380185,-0.011690130049661487,0.009926214615414783,-0.006910135901935897,-0.011132492685786751,0.013989319656739494,-0.008208595329589312,0.02199991068725586,0.017966680664501807,-0.0047771965608391816,-0.012613281214710495,0.033208716108570555,-0.008109267385547594,0.017693807702837672,-0.006715259699192605,-0.002968054521118794,-0.004710891086051628,0.013759407038984478,0.023932836624513384,0.01397708661396295,0.019312331055533705,0.017936054959704198,-0.01066523812340868,1,-0.005090223002519584,0.023972221342884188,-0.005006974633128333,-0.011821992576574441,-0.008057191173400164,0.023092366022858204,0.01528392309241316,-0.013580802839393074,0.009913499789375769,0.019819806315216147,0.019489599466129923,0.01595291076740495,-0.0058122228653315665,-0.013184276367067128,0.03157815770839291,0.02599947528268772,0.01382188099072175,-0.011571542245313675,0.021751400932460314,0.011614149224337292,-0.008092673512592224,0.015965924048975857,-0.007346814896271376,0.025991268517986388,0.011917419497492789,-0.006306861401344097,0.023530149880496933,-0.008523388493516823,-0.010001903339668767,0.015987341652114264,-0.006864140547804592,-0.006407965324933438,0.019768022565724054,0.019122897382799105,-0.007051999611242763,0.01770223473287224,-0.0015223729213279878,0.009951260975130147,0.013889496322230929,0.011715185208310679,0.02799358799223143,0.021819103803556575,-0.004686151784467783,-0.004844496321605783,-0.00334018029555571,-0.0071289208779746465,-0.0030785746002600046,-0.0037997709932171735,0.01797159121168062,-0.009153717820587172,0.01789549462380515,-0.007641818264301913,0.013967251821093415,-0.012480669542324683,0.021415262194235646,0.019648695211096127,-0.004386066324845814,-0.007101337669238128,-0.010118282304774684,-0.006090405430448278,0.02159805552419685,0.015990695409947728,0.02376477472030137,0.017959761842588698,0.021690215653884147,-0.0051523109649549885,-0.0019051078177103858,agent79,1
-1,-0.0058150271734187025,-0.004437589583338074,-0.015270671494678752,-0.011090070502129356,-0.004877324405655951,-0.007911309015518835,-0.006933886497132099,0.011780513223755035,0.017998462568957957,-0.0069852114596380185,-0.011690130049661487,0.009926214615414783,-0.006910135901935897,-0.011132492685786751,0.013989319656739494,-0.008208595329589312,0.02199991068725586,0.017966680664501807,-0.0047771965608391816,-0.012613281214710495,0.033208716108570555,-0.008109267385547594,0.017693807702837672,-0.006715259699192605,-0.002968054521118794,-0.004710891086051628,0.013759407038984478,0.023932836624513384,0.01397708661396295,0.019312331055533705,0.017936054959704198,-0.01066523812340868,1,-0.005090223002519584,0.023972221342884188,-0.005006974633128333,-0.011821992576574441,-0.008057191173400164,0.023092366022858204,0.01528392309241316,-0.013580802839393074,0.009913499789375769,0.019819806315216147,0.019489599466129923,0.01595291076740495,-0.0058122228653315665,-0.013184276367067128,0.03157815770839291,0.02599947528268772,0.01382188099072175,-0.011571542245313675,0.021751400932460314,0.011614149224337292,-0.008092673512592224,0.015965924048975857,-0.007346814896271376,0.025991268517986388,0.011917419497492789,-0.006306861401344097,0.023530149880496933,-0.008523388493516823,-0.010001903339668767,0.015987341652114264,-0.006864140547804592,-0.006407965324933438,0.019768022565724054,0.019122897382799105,-0.007051999611242763,0.01770223473287224,-0.0015223729213279878,0.009951260975130147,0.013889496322230929,0.011715185208310679,0.02799358799223143,0.021819103803556575,-0.004686151784467783,-0.004844496321605783,-0.00334018029555571,-0.0071289208779746465,-0.0030785746002600046,-0.0037997709932171735,0.01797159121168062,-0.009153717820587172,0.01789549462380515,-0.007641818264301913,0.013967251821093415,-0.012480669542324683,0.021415262194235646,0.019648695211096127,-0.004386066324845814,-0.007101337669238128,-0.010118282304774684,-0.006090405430448278,0.02159805552419685,0.015990695409947728,0.02376477472030137,0.017959761842588698,0.021690215653884147,-0.0051523109649549885,-0.0019051078177103858,agent89,1
-1,-0.0058150271734187025,-0.004437589583338074,-0.015270671494678752,-0.011090070502129356,-0.004877324405655951,-0.007911309015518835,-0.006933886497132099,0.011780513223755035,0.017998462568957957,-0.0069852114596380185,-0.011690130049661487,0.009926214615414783,-0.006910135901935897,-0.011132492685786751,0.013989319656739494,-0.008208595329589312,0.02199991068725586,0.017966680664501807,-0.0047771965608391816,-0.012613281214710495,0.033208716108570555,-0.008109267385547594,0.017693807702837672,-0.006715259699192605,-0.002968054521118794,-0.004710891086051628,0.013759407038984478,0.023932836624513384,0.01397708661396295,0.019312331055533705,0.0199360549597042,-0.01066523812340868,1,-0.005090223002519584,0.023972221342884188,-0.005006974633128333,-0.011821992576574441,-0.008057191173400164,0.023092366022858204,0.01528392309241316,-0.013580802839393074,0.009913499789375769,0.019819806315216147,0.019489599466129923,0.01595291076740495,-0.0058122228653315665,-0.013184276367067128,0.03157815770839291,0.02599947528268772,0.01382188099072175,-0.011571542245313675,0.021751400932460314,0.011614149224337292,-0.008092673512592224,0.015965924048975857,-0.007346814896271376,0.025991268517986388,0.011917419497492789,-0.006306861401344097,0.023530149880496933,-0.008523388493516823,-0.010001903339668767,0.015987341652114264,-0.006864140547804592,-0.006407965324933438,0.019768022565724054,0.019122897382799105,-0.007051999611242763,0.01770223473287224,-0.0015223729213279878,0.009951260975130147,0.013889496322230929,0.011715185208310679,0.02799358799223143,0.021819103803556575,-0.004686151784467783,-0.004844496321605783,-0.00334018029555571,-0.0071289208779746465,-0.0030785746002600046,-0.0037997709932171735,0.01797159121168062,-0.009153717820587172,0.01789549462380515,-0.007641818264301913,0.013967251821093415,-0.012480669542324683,0.021415262194235646,0.019648695211096127,-0.004386066324845814,-0.007101337669238128,-0.010118282304774684,-0.006090405430448278,0.02159805552419685,0.015990695409947728,0.02376477472030137,0.017959761842588698,0.021690215653884147,-0.0051523109649549885,-0.0019051078177103858,agent30,-1
-1,-0.0058150271734187025,-0.004437589583338074,-0.015270671494678752,-0.011090070502129356,-0.004877324405655951,-0.007911309015518835,-0.006933886497132099,0.011780513223755035,0.017998462568957957,-0.0069852114596380185,-0.011690130049661487,0.009926214615414783,-0.006910135901935897,-0.011132492685786751,0.013989319656739494,-0.008208595329589312,0.02199991068725586,0.017966680664501807,-0.0047771965608391816,-0.012613281214710495,0.033208716108570555,-0.008109267385547594,0.017693807702837672,-0.006715259699192605,-0.002968054521118794,-0.004710891086051628,0.013759407038984478,0.023932836624513384,0.01397708661396295,0.019312331055533705,0.0199360549597042,-0.01066523812340868,1,-0.005090223002519584,0.023972221342884188,-0.005006974633128333,-0.011821992576574441,-0.008057191173400164,0.023092366022858204,0.01528392309241316,-0.013580802839393074,0.009913499789375769,0.019819806315216147,0.019489599466129923,0.01595291076740495,-0.0058122228653315665,-0.013184276367067128,0.03157815770839291,0.02599947528268772,0.01382188099072175,-0.011571542245313675,0.021751400932460314,0.011614149224337292,-0.008092673512592224,0.015965924048975857,-0.007346814896271376,0.025991268517986388,0.011917419497492789,-0.006306861401344097,0.023530149880496933,-0.008523388493516823,-0.010001903339668767,0.015987341652114264,-0.006864140547804592,-0.006407965324933438,0.019768022565724054,0.019122897382799105,-0.007051999611242763,0.01770223473287224,-0.0015223729213279878,0.009951260975130147,0.013889496322230929,0.011715185208310679,0.02799358799223143,0.021819103803556575,-0.004686151784467783,-0.004844496321605783,-0.00334018029555571,-0.0071289208779746465,-0.0030785746002600046,-0.0037997709932171735,0.01797159121168062,-0.009153717820587172,0.01789549462380515,-0.007641818264301913,0.013967251821093415,-0.012480669542324683,0.021415262194235646,0.019648695211096127,-0.004386066324845814,-0.007101337669238128,-0.010118282304774684,-0.006090405430448278,0.02159805552419685,0.015990695409947728,0.02576477472030137,0.017959761842588698,0.021690215653884147,-0.0051523109649549885,-0.0019051078177103858,agent95,-1
-1,-0.0058150271734187025,-0.004437589583338074,-0.015270671494678752,-0.011090070502129356,-0.004877324405655951,-0.007911309015518835,-0.006933886497132099,0.011780513223755035,0.017998462568957957,-0.0069852114596380185,-0.011690130049661487,0.009926214615414783,-0.006910135901935897,-0.011132492685786751,0.013989319656739494,-0.008208595329589312,0.02199991068725586,0.017966680664501807,-0.0047771965608391816,-0.012613281214710495,0.033208716108570555,-0.008109267385547594,0.017693807702837672,-0.006715259699192605,-0.002968054521118794,-0.004710891086051628,0.013759407038984478,0.023932836624513384,0.01397708661396295,0.019312331055533705,0.0199360549597042,-0.01066523812340868,1,-0.005090223002519584,0.023972221342884188,-0.005006974633128333,-0.011821992576574441,-0.008057191173400164,0.023092366022858204,0.01528392309241316,-0.013580802839393074,0.009913499789375769,0.019819806315216147,0.019489599466129923,0.01595291076740495,-0.0058122228653315665,-0.013184276367067128,0.03157815770839291,0.02599947528268772,0.01382188099072175,-0.011571542245313675,0.023749219309353947,0.011614149224337292,-0.008092673512592224,0.015965924048975857,-0.007346814896271376,0.025991268517986388,0.011917419497492789,-0.006306861401344097,0.023530149880496933,-0.008523388493516823,-0.010001903339668767,0.015987341652114264,-0.006864140547804592,-0.006407965324933438,0.019768022565724054,0.019122897382799105,-0.007051999611242763,0.01770223473287224,-0.0015223729213279878,0.009951260975130147,0.013889496322230929,0.011715185208310679,0.02799358799223143,0.021819103803556575,-0.004686151784467783,-0.004844496321605783,-0.00334018029555571,-0.0071289208779746465,-0.0030785746002600046,-0.0037997709932171735,0.01797159121168062,-0.009153717820587172,0.01789549462380515,-0.007641818264301913,0.013967251821093415,-0.012480669542324683,0.021415262194235646,0.019648695211096127,-0.004386066324845814,-0.007101337669238128,-0.010118282304774684,-0.006090405430448278,0.02159805552419685,0.015990695409947728,0.02576477472030137,0.017959761842588698,0.021690215653884147,-0.0051523109649549885,-0.0019051078177103858,agent51,-0.9339451272597326
-1,-0.0058150271734187025,-0.004437589583338074,-0.015270671494678752,-0.011090070502129356,-0.004877324405655951,-0.007911309015518835,-0.006933886497132099,0.011780513223755035,0.017998462568957957,-0.0069852114596380185,-0.011690130049661487,0.009926214615414783,-0.006910135901935897,-0.011132492685786751,0.013989319656739494,-0.008208595329589312,0.02199991068725586,0.017966680664501807,-0.0047771965608391816,-0.012613281214710495,0.033208716108570555,-0.008109267385547594,0.017693807702837672,-0.006715259699192605,-0.002968054521118794,-0.004710891086051628,0.013759407038984478,0.023932836624513384,0.01397708661396295,0.019312331055533705,0.0199360549597042,-0.01066523812340868,1,-0.005090223002519584,0.023972221342884188,-0.005006974633128333,-0.011821992576574441,-0.008057191173400164,0.023092366022858204,0.01528392309241316,-0.013580802839393074,0.009913499789375769,0.019819806315216147,0.019489599466129923,0.01595291076740495,-0.0058122228653315665,-0.013184276367067128,0.03157815770839291,0.02599947528268772,0.01382188099072175,-0.011571542245313675,0.023749219309353947,0.011614149224337292,-0.008092673512592224,0.015965924048975857,-0.007346814896271376,0.025991268517986388,0.011917419497492789,-0.006306861401344097,0.023530149880496933,-0.008523388493516823,-0.010001903339668767,0.015987341652114264,-0.006864140547804592,-0.006407965324933438,0.019768022565724054,0.019122897382799105,-0.007051999611242763,0.01770223473287224,-0.0015223729213279878,0.009951260975130147,0.013889496322230929,0.011715185208310679,0.02799358799223143,0.021819103803556575,-0.004686151784467783,-0.004844496321605783,-0.00334018029555571,-0.0071289208779746465,-0.0030785746002600046,-0.0037997709932171735,0.01797159121168062,-0.009153717820587172,0.01789549462380515,-0.007641818264301913,0.013967251821093415,-0.012480669542324683,0.021415262194235646,0.019648695211096127,-0.004386066324845814,-0.007101337669238128,-0.010118282304774684,-0.006090405430448278,0.02159805552419685,0.015990695409947728,0.02576477472030137,0.017959761842588698,0.021690215653884147,-0.0051523109649549885,-0.0019051078177103858,agent15,1
-1,-0.0058150271734187025,-0.004437589583338074,-0.015270671494678752,-0.011090070502129356,-0.004877324405655951,-0.007911309015518835,-0.006933886497132099,0.011780513223755035,0.017998462568957957,-0.0069852114596380185,-0.011690130049661487,0.009926214615414783,-0.006910135901935897,-0.011132492685786751,0.013989319656739494,-0.008208595329589312,0.02199991068725586,0.017966680664501807,-0.0047771965608391816,-0.012613281214710495,0.033208716108570555,-0.008109267385547594,0.017693807702837672,-0.006715259699192605,-0.002968054521118794,-0.004710891086051628,0.013759407038984478,0.023932836624513384,0.01397708661396295,0.019312331055533705,0.0199360549597042,-0.01066523812340868,1,-0.005090223002519584,0.023972221342884188,-0.005006974633128333,-0.011821992576574441,-0.008057191173400164,0.023092366022858204,0.01528392309241316,-0.013580802839393074,0.011913499789375769,0.019819806315216147,0.019489599466129923,0.01595291076740495,-0.0058122228653315665,-0.013184276367067128,0.03157815770839291,0.02599947528268772,0.01382188099072175,-0.011571542245313675,0.023749219309353947,0.011614149224337292,-0.008092673512592224,0.015965924048975857,-0.007346814896271376,0.025991268517986388,0.011917419497492789,-0.006306861401344097,0.023530149880496933,-0.008523388493516823,-0.010001903339668767,0.015987341652114264,-0.006864140547804592,-0.006407965324933438,0.019768022565724054,0.019122897382799105,-0.007051999611242763,0.01770223473287224,-0.0015223729213279878,0.009951260975130147,0.013889496322230929,0.011715185208310679,0.02799358799223143,0.021819103803556575,-0.004686151784467783,-0.004844496321605783,-0.00334018029555571,-0.0071289208779746465,-0.0030785746002600046,-0.0037997709932171735,0.01797159121168062,-0.009153717820587172,0.01789549462380515,-0.007641818264301913,0.013967251821093415,-0.012480669542324683,0.021415262194235646,0.019648695211096127,-0.004386066324845814,-0.007101337669238128,-0.010118282304774684,-0.006090405430448278,0.02159805552419685,0.015990695409947728,0.02576477472030137,0.017959761842588698,0.021690215653884147,-0.0051523109649549885,-0.0019051078177103858,agent41,-1
-1,-0.0058150271734187025,-0.004437589583338074,-0.015270671494678752,-0.011090070502129356,-0.004877324405655951,-0.007911309015518835,-0.006933886497132099,0.011780513223755035,0.017998462568957957,-0.0069852114596380185,-0.011690130049661487,0.009926214615414783,-0.006910135901935897,-0.011132492685786751,0.013989319656739494,-0.008208595329589312,0.02199991068725586,0.017966680664501807,-0.0047771965608391816,-0.012613281214710495,0.033208716108570555,-0.008109267385547594,0.017693807702837672,-0.006715259699192605,-0.002968054521118794,-0.004710891086051628,0.013759407038984478,0.023932836624513384,0.01397708661396295,0.019312331055533705,0.0199360549597042,-0.01066523812340868,1,-0.005090223002519584,0.023972221342884188,-0.005006974633128333,-0.011821992576574441,-0.008057191173400164,0.023092366022858204,0.01528392309241316,-0.013580802839393074,0.011913499789375769,0.019819806315216147,0.019489599466129923,0.01595291076740495,-0.0058122228653315665,-0.013184276367067128,0.03157815770839291,0.02599947528268772,0.01382188099072175,-0.011571542245313675,0.023749219309353947,0.011614149224337292,-0.008092673512592224,0.015965924048975857,-0.007346814896271376,0.025991268517986388,0.011917419497492789,-0.006306861401344097,0.023530149880496933,-0.008523388493516823,-0.010001903339668767,0.015987341652114264,-0.006864140547804592,-0.006407965324933438,0.019768022565724054,0.019122897382799105,-0.007051999611242763,0.01770223473287224,-0.0015223729213279878,0.009951260975130147,0.013889496322230929,0.011715185208310679,0.02799358799223143,0.021819103803556575,-0.004686151784467783,-0.004844496321605783,-0.00334018029555571,-0.0071289208779746465,-0.0030785746002600046,-0.0037997709932171735,0.01797159121168062,-0.009153717820587172,0.01789549462380515,-0.007641818264301913,0.013967251821093415,-0.012480669542324683,0.021415262194235646,0.019648695211096127,-0.004386066324845814,-0.007101337669238128,-0.010118282304774684,-0.006090405430448278,0.02159805552419685,0.015990695409947728,0.02576477472030137,0.017959761842588698,0.021690215653884147,-0.0051523109649549885,-0.0019051078177103858,agent6,1
-1,-0.0058150271734187025,-0.004437589583338074,-0.015270671494678752,-0.011090070502129356,-0.004877324405655951,-0.007911309015518835,-0.006933886497132099,0.011780513223755035,0.017998462568957957,-0.0069852114596380185,-0.011690130049661487,0.009926214615414783,-0.006910135901935897,-0.011132492685786751,0.013989319656739494,-0.008208595329589312,0.02199991068725586,0.017966680664501807,-0.0047771965608391816,-0.012613281214710495,0.033208716108570555,-0.008109267385547594,0.017693807702837672,-0.006715259699192605,-0.002968054521118794,-0.004710891086051628,0.013759407038984478,0.023932836624513384,0.01397708661396295,0.019312331055533705,0.0199360549597042,-0.01066523812340868,1,-0.005090223002519584,0.023972221342884188,-0.005006974633128333,-0.011821992576574441,-0.008057191173400164,0.023092366022858204,0.01528392309241316,-0.013580802839393074,0.011913499789375769,0.019819806315216147,0.019489599466129923,0.01595291076740495,-0.0058122228653315665,-0.013184276367067128,0.03157815770839291,0.02599947528268772,0.01382188099072175,-0.011571542245313675,0.023749219309353947,0.011614149224337292,-0.008092673512592224,0.015965924048975857,-0.007346814896271376,0.025991268517986388,0.011917419497492789,-0.006306861401344097,0.023530149880496933,-0.008523388493516823,-0.010001903339668767,0.015987341652114264,-0.006864140547804592,-0.006407965324933438,0.019768022565724054,0.019122897382799105,-0.007051999611242763,0.01770223473287224,-0.0015223729213279878,0.009951260975130147,0.013889496322230929,0.011715185208310679,0.02799358799223143,0.021819103803556575,-0.004686151784467783,-0.004844496321605783,-0.00334018029555571,-0.0071289208779746465,-0.0030785746002600046,-0.0037997709932171735,0.01797159121168062,-0.009153717820587172,0.01789549462380515,-0.007641818264301913,0.013967251821093415,-0.012480669542324683,0.021415262194235646,0.019648695211096127,-0.004386066324845814,-0.007101337669238128,-0.010118282304774684,-0.006090405430448278,0.02159805552419685,0.015990695409947728,0.02576477472030137,0.017959761842588698,0.021690215653884147,-0.0051523109649549885,-0.0019051078177103858,agent35,1
-1,-0.0058150271734187025,-0.004437589583338074,-0.015270671494678752,-0.011090070502129356,-0.004877324405655951,-0.007911309015518835,-0.006933886497132099,0.011780513223755035,0.017998462568957957,-0.0069852114596380185,-0.011690130049661487,0.009926214615414783,-0.006910135901935897,-0.011132492685786751,0.013989319656739494,-0.008208595329589312,0.02199991068725586,0.017966680664501807,-0.0047771965608391816,-0.012613281214710495,0.033208716108570555,-0.008109267385547594,0.017693807702837672,-0.006715259699192605,-0.002968054521118794,-0.004710891086051628,0.013759407038984478,0.023932836624513384,0.01397708661396295,0.019312331055533705,0.0199360549597042,-0.01066523812340868,1,-0.005090223002519584,0.023972221342884188,-0.005006974633128333,-0.011821992576574441,-0.008057191173400164,0.023092366022858204,0.01528392309241316,-0.013580802839393074,0.011913499789375769,0.019819806315216147,0.019489599466129923,0.01595291076740495,-0.0058122228653315665,-0.013184276367067128,0.03157815770839291,0.02599947528268772,0.01382188099072175,-0.011571542245313675,0.023749219309353947,0.011614149224337292,-0.008092673512592224,0.015965924048975857,-0.007346814896271376,0.025991268517986388,0.011917419497492789,-0.006306861401344097,0.023530149880496933,-0.008523388493516823,-0.010001903339668767,0.015987341652114264,-0.006864140547804592,-0.006407965324933438,0.019768022565724054,0.019122897382799105,-0.007051999611242763,0.01770223473287224,-0.0015223729213279878,0.011951260975130147,0.013889496322230929,0.011715185208310679,0.02799358799223143,0.021819103803556575,-0.004686151784467783,-0.004844496321605783,-0.00334018029555571,-0.0071289208779746465,-0.0030785746002600046,-0.0037997709932171735,0.01797159121168062,-0.009153717820587172,0.01789549462380515,-0.007641818264301913,0.013967251821093415,-0.012480669542324683,0.021415262194235646,0.019648695211096127,-0.004386066324845814,-0.007101337669238128,-0.010118282304774684,-0.006090405430448278,0.02159805552419685,0.015990695409947728,0.02576477472030137,0.017959761842588698,0.021690215653884147,-0.0051523109649549885,-0.0019051078177103858,agent70,-1
-1,-0.0058150271734187025,-0.004437589583338074,-0.015270671494678752,-0.011090070502129356,-0.004877324405655951,-0.007911309015518835,-0.006933886497132099,0.011780513223755035,0.017998462568957957,-0.0069852114596380185,-0.011690130049661487,0.009926214615414783,-0.006910135901935897,-0.011132492685786751,0.013989319656739494,-0.008208595329589312,0.02199991068725586,0.017966680664501807,-0.0047771965608391816,-0.012613281214710495,0.033208716108570555,-0.008109267385547594,0.017693807702837672,-0.006715259699192605,-0.002968054521118794,-0.004710891086051628,0.013759407038984478,0.023932836624513384,0.01397708661396295,0.019312331055533705,0.0199360549597042,-0.01066523812340868,1,-0.005090223002519584,0.023972221342884188,-0.005006974633128333,-0.011821992576574441,-0.008057191173400164,0.023092366022858204,0.01528392309241316,-0.013580802839393074,0.011913499789375769,0.019819806315216147,0.019489599466129923,0.01595291076740495,-0.0058122228653315665,-0.013184276367067128,0.03157815770839291,0.02599947528268772,0.01382188099072175,-0.011571542245313675,0.023749219309353947,0.011614149224337292,-0.008092673512592224,0.015965924048975857,-0.007346814896271376,0.025991268517986388,0.011917419497492789,-0.006306861401344097,0.023530149880496933,-0.008523388493516823,-0.010001903339668767,0.015987341652114264,-0.006864140547804592,-0.006407965324933438,0.019768022565724054,0.019122897382799105,-0.007051999611242763,0.01770223473287224,-0.0015223729213279878,0.011951260975130147,0.013889496322230929,0.011715185208310679,0.02799358799223143,0.021819103803556575,-0.004686151784467783,-0.004844496321605783,-0.00334018029555571,-0.0071289208779746465,-0.0030785746002600046,-0.0037997709932171735,0.01797159121168062,-0.009153717820587172,0.01789549462380515,-0.007641818264301913,0.013967251821093415,-0.012480669542324683,0.021415262194235646,0.019648695211096127,-0.004386066324845814,-0.007101337669238128,-0.010118282304774684,-0.006090405430448278,0.02159805552419685,0.015990695409947728,0.02576477472030137,0.017959761842588698,0.021690215653884147,-0.0051523109649549885,-0.0019051078177103858,agent25,1
-1,-0.0058150271734187025,-0.004437589583338074,-0.015270671494678752,-0.011090070502129356,-0.004877324405655951,-0.007911309015518835,-0.006933886497132099,0.011780513223755035,0.017998462568957957,-0.0069852114596380185,-0.011690130049661487,0.009926214615414783,-0.006910135901935897,-0.011132492685786751,0.013989319656739494,-0.008208595329589312,0.02199991068725586,0.017966680664501807,-0.0047771965608391816,-0.012613281214710495,0.033208716108570555,-0.008109267385547594,0.017693807702837672,-0.006715259699192605,-0.002968054521118794,-0.004710891086051628,0.013759407038984478,0.023932836624513384,0.01397708661396295,0.019312331055533705,0.0219360549597042,-0.01066523812340868,1,-0.005090223002519584,0.023972221342884188,-0.005006974633128333,-0.011821992576574441,-0.008057191173400164,0.023092366022858204,0.01528392309241316,-0.013580802839393074,0.011913499789375769,0.019819806315216147,0.019489599466129923,0.01595291076740495,-0.0058122228653315665,-0.013184276367067128,0.03157815770839291,0.02599947528268772,0.01382188099072175,-0.011571542245313675,0.023749219309353947,0.011614149224337292,-0.008092673512592224,0.015965924048975857,-0.007346814896271376,0.025991268517986388,0.011917419497492789,-0.006306861401344097,0.023530149880496933,-0.008523388493516823,-0.010001903339668767,0.015987341652114264,-0.006864140547804592,-0.006407965324933438,0.019768022565724054,0.019122897382799105,-0.007051999611242763,0.01770223473287224,-0.0015223729213279878,0.011951260975130147,0.013889496322230929,0.011715185208310679,0.02799358799223143,0.021819103803556575,-0.004686151784467783,-0.004844496321605783,-0.00334018029555571,-0.0071289208779746465,-0.0030785746002600046,-0.0037997709932171735,0.01797159121168062,-0.009153717820587172,0.01789549462380515,-0.007641818264301913,0.013967251821093415,-0.012480669542324683,0.021415262194235646,0.019648695211096127,-0.004386066324845814,-0.007101337669238128,-0.010118282304774684,-0.006090405430448278,0.02159805552419685,0.015990695409947728,0.02576477472030137,0.017959761842588698,0.021690215653884147,-0.0051523109649549885,-0.0019051078177103858,agent30,-1
-1,-0.0058150271734187025,-0.004437589583338074,-0.015270671494678752,-0.011090070502129356,-0.004877324405655951,-0.007911309015518835,-0.006933886497132099,0.011780513223755035,0.017998462568957957,-0.0069852114596380185,-0.011690130049661487,0.009926214615414783,-0.006910135901935897,-0.011132492685786751,0.013989319656739494,-0.008208595329589312,0.02199991068725586,0.017966680664501807,-0.0047771965608391816,-0.012613281214710495,0.033208716108570555,-0.008109267385547594,0.017693807702837672,-0.006715259699192605,-0.002968054521118794,-0.004710891086051628,0.013759407038984478,0.023932836624513384,0.01397708661396295,0.019312331055533705,0.0219360549597042,-0.01066523812340868,1,-0.005090223002519584,0.023972221342884188,-0.005006974633128333,-0.011821992576574441,-0.008057191173400164,0.023092366022858204,0.01528392309241316,-0.013580802839393074,0.011913499789375769,0.019819806315216147,0.019489599466129923,0.01595291076740495,-0.0058122228653315665,-0.013184276367067128,0.03157815770839291,0.02599947528268772,0.01382188099072175,-0.011571542245313675,0.023749219309353947,0.011614149224337292,-0.008092673512592224,0.015965924048975857,-0.007346814896271376,0.025991268517986388,0.011917419497492789,-0.006306861401344097,0.023530149880496933,-0.008523388493516823,-0.010001903339668767,0.015987341652114264,-0.006864140547804592,-0.006407965324933438,0.019768022565724054,0.019122897382799105,-0.007051999611242763,0.01770223473287224,-0.0015223729213279878,0.011951260975130147,0.013889496322230929,0.011715185208310679,0.02799358799223143,0.021819103803556575,-0.004686151784467783,-0.004844496321605783,-0.00334018029555571,-0.0071289208779746465,-0.0030785746002600046,-0.0037997709932171735,0.01797159121168062,-0.009153717820587172,0.01789549462380515,-0.007641818264301913,0.013967251821093415,-0.012480669542324683,0.021415262194235646,0.019648695211096127,-0.004386066324845814,-0.007101337669238128,-0.010118282304774684,-0.006090405430448278,0.02159805552419685,0.01799069540994773,0.02576477472030137,0.017959761842588698,0.021690215653884147,-0.0051523109649549885,-0.0019051078177103858,agent94,-1
-1,-0.0058150271734187025,-0.004437589583338074,-0.015270671494678752,-0.011090070502129356,-0.004877324405655951,-0.007911309015518835,-0.006933886497132099,0.011780513223755035,0.017998462568957957,-0.0069852114596380185,-0.011690130049661487,0.009926214615414783,-0.006910135901935897,-0.011132492685786751,0.013989319656739494,-0.008208595329589312,0.02199991068725586,0.017966680664501807,-0.0047771965608391816,-0.012613281214710495,0.033208716108570555,-0.008109267385547594,0.017693807702837672,-0.006715259699192605,-0.002968054521118794,-0.004710891086051628,0.013759407038984478,0.023932836624513384,0.01397708661396295,0.019312331055533705,0.0219360549597042,-0.01066523812340868,1,-0.005090223002519584,0.023972221342884188,-0.005006974633128333,-0.011821992576574441,-0.008057191173400164,0.023092366022858204,0.01528392309241316,-0.013580802839393074,0.011913499789375769,0.019819806315216147,0.019489599466129923,0.01595291076740495,-0.0058122228653315665,-0.013184276367067128,0.03157815770839291,0.02599947528268772,0.01382188099072175,-0.011571542245313675,0.023749219309353947,0.011614149224337292,-0.008092673512592224,0.015965924048975857,-0.007346814896271376,0.025991268517986388,0.011917419497492789,-0.006306861401344097,0.023530149880496933,-0.008523388493516823,-0.010001903339668767,0.015987341652114264,-0.006864140547804592,-0.006407965324933438,0.019768022565724054,0.019122897382799105,-0.007051999611242763,0.01770223473287224,-0.0015223729213279878,0.011951260975130147,0.013889496322230929,0.011715185208310679,0.02799358799223143,0.021819103803556575,-0.004686151784467783,-0.004844496321605783,-0.00334018029555571,-0.0071289208779746465,-0.0030785746002600046,-0.0037997709932171735,0.01797159121168062,-0.009153717820587172,0.01789549462380515,-0.007641818264301913,0.013967251821093415,-0.012480669542324683,0.021415262194235646,0.019648695211096127,-0.004386066324845814,-0.007101337669238128,-0.010118282304774684,-0.006090405430448278,0.02159805552419685,0.01799069540994773,0.02576477472030137,0.017959761842588698,0.021690215653884147,-0.0051523109649549885,-0.0019051078177103858,agent4,1
-1,-0.0058150271734187025,-0.004437589583338074,-0.015270671494678752,-0.011090070502129356,-0.004877324405655951,-0.007911309015518835,-0.006933886497132099,0.011780513223755035,0.017998462568957957,-0.0069852114596380185,-0.011690130049661487,0.009926214615414783,-0.006910135901935897,-0.011132492685786751,0.013989319656739494,-0.008208595329589312,0.02199991068725586,0.017966680664501807,-0.0047771965608391816,-0.012613281214710495,0.033208716108570555,-0.008109267385547594,0.017693807702837672,-0.006715259699192605,-0.002968054521118794,-0.004710891086051628,0.013759407038984478,0.023932836624513384,0.01397708661396295,0.019312331055533705,0.0219360549597042,-0.01066523812340868,1,-0.005090223002519584,0.023972221342884188,-0.005006974633128333,-0.011821992576574441,-0.008057191173400164,0.023092366022858204,0.01528392309241316,-0.013580802839393074,0.011913499789375769,0.019819806315216147,0.019489599466129923,0.01595291076740495,-0.0058122228653315665,-0.013184276367067128,0.03157815770839291,0.02599947528268772,0.01382188099072175,-0.011571542245313675,0.023749219309353947,0.011614149224337292,-0.008092673512592224,0.015965924048975857,-0.007346814896271376,0.025991268517986388,0.011917419497492789,-0.006306861401344097,0.023530149880496933,-0.008523388493516823,-0.010001903339668767,0.015987341652114264,-0.006864140547804592,-0.006407965324933438,0.019768022565724054,0.019122897382799105,-0.007051999611242763,0.01770223473287224,-0.0015223729213279878,0.011951260975130147,0.013889496322230929,0.011715185208310679,0.02799358799223143,0.021819103803556575,-0.004686151784467783,-0.004844496321605783,-0.00334018029555571,-0.0071289208779746465,-0.0030785746002600046,-0.0037997709932171735,0.01797159121168062,-0.009153717820587172,0.01789549462380515,-0.007641818264301913,0.013967251821093415,-0.012480669542324683,0.021415262194235646,0.019648695211096127,-0.004386066324845814,-0.007101337669238128,-0.010118282304774684,-0.006090405430448278,0.02159805552419685,0.01799069540994773,0.02576477472030137,0.017959761842588698,0.021690215653884147,-0.0051523109649549885,-0.0019051078177103858,agent0,1
-1,-0.0058150271734187025,-0.004437589583338074,-0.015270671494678752,-0.011090070502129356,-0.004877324405655951,-0.007911309015518835,-0.006933886497132099,0.011780513223755035,0.017998462568957957,-0.0069852114596380185,-0.011690130049661487,0.009926214615414783,-0.006910135901935897,-0.011132492685786751,0.013989319656739494,-0.008208595329589312,0.02199991068725586,0.017966680664501807,-0.0047771965608391816,-0.012613281214710495,0.033208716108570555,-0.008109267385547594,0.017693807702837672,-0.006715259699192605,-0.002968054521118794,-0.004710891086051628,0.013759407038984478,0.023932836624513384,0.01397708661396295,0.019312331055533705,0.0219360549597042,-0.01066523812340868,1,-0.005090223002519584,0.023972221342884188,-0.005006974633128333,-0.011821992576574441,-0.008057191173400164,0.023092366022858204,0.01528392309241316,-0.013580802839393074,0.011913499789375769,0.019819806315216147,0.019489599466129923,0.01595291076740495,-0.0058122228653315665,-0.013184276367067128,0.03157815770839291,0.02599947528268772,0.01382188099072175,-0.011571542245313675,0.023749219309353947,0.011614149224337292,-0.008092673512592224,0.01796592404897586,-0.007346814896271376,0.025991268517986388,0.011917419497492789,-0.006306861401344097,0.023530149880496933,-0.008523388493516823,-0.010001903339668767,0.015987341652114264,-0.006864140547804592,-0.006407965324933438,0.019768022565724054,0.019122897382799105,-0.007051999611242763,0.01770223473287224,-0.0015223729213279878,0.011951260975130147,0.013889496322230929,0.011715185208310679,0.02799358799223143,0.021819103803556575,-0.004686151784467783,-0.004844496321605783,-0.00334018029555571,-0.0071289208779746465,-0.0030785746002600046,-0.0037997709932171735,0.01797159121168062,-0.009153717820587172,0.01789549462380515,-0.007641818264301913,0.013967251821093415,-0.012480669542324683,0.021415262194235646,0.019648695211096127,-0.004386066324845814,-0.007101337669238128,-0.010118282304774684,-0.006090405430448278,0.02159805552419685,0.01799069540994773,0.02576477472030137,0.017959761842588698,0.021690215653884147,-0.0051523109649549885,-0.0019051078177103858,agent54,-1
-1,-0.0058150271734187025,-0.004437589583338074,-0.015270671494678752,-0.011090070502129356,-0.004877324405655951,-0.007911309015518835,-0.006933886497132099,0.011780513223755035,0.017998462568957957,-0.0069852114596380185,-0.011690130049661487,0.009926214615414783,-0.006910135901935897,-0.011132492685786751,0.013989319656739494,-0.008208595329589312,0.02199991068725586,0.017966680664501807,-0.0047771965608391816,-0.012613281214710495,0.033208716108570555,-0.008109267385547594,0.017693807702837672,-0.006715259699192605,-0.002968054521118794,-0.004710891086051628,0.013759407038984478,0.023932836624513384,0.01397708661396295,0.019312331055533705,0.0219360549597042,-0.01066523812340868,1,-0.005090223002519584,0.023972221342884188,-0.005006974633128333,-0.011821992576574441,-0.008057191173400164,0.023092366022858204,0.01528392309241316,-0.013580802839393074,0.011913499789375769,0.019819806315216147,0.019489599466129923,0.01595291076740495,-0.0058122228653315665,-0.013184276367067128,0.03157815770839291,0.02599947528268772,0.01382188099072175,-0.011571542245313675,0.023749219309353947,0.011614149224337292,-0.008092673512592224,0.01796592404897586,-0.007346814896271376,0.025991268517986388,0.011917419497492789,-0.006306861401344097,0.023530149880496933,-0.008523388493516823,-0.010001903339668767,0.015987341652114264,-0.006864140547804592,-0.006407965324933438,0.019768022565724054,0.021122897382799107,-0.007051999611242763,0.01770223473287224,-0.0015223729213279878,0.011951260975130147,0.013889496322230929,0.011715185208310679,0.02799358799223143,0.021819103803556575,-0.004686151784467783,-0.004844496321605783,-0.00334018029555571,-0.0071289208779746465,-0.0030785746002600046,-0.0037997709932171735,0.01797159121168062,-0.009153717820587172,0.01789549462380515,-0.007641818264301913,0.013967251821093415,-0.012480669542324683,0.021415262194235646,0.019648695211096127,-0.004386066324845814,-0.007101337669238128,-0.010118282304774684,-0.006090405430448278,0.02159805552419685,0.01799069540994773,0.02576477472030137,0.017959761842588698,0.021690215653884147,-0.0051523109649549885,-0.0019051078177103858,agent66,-1
-1,-0.0058150271734187025,-0.004437589583338074,-0.015270671494678752,-0.011090070502129356,-0.004877324405655951,-0.007911309015518835,-0.006933886497132099,0.011780513223755035,0.017998462568957957,-0.0069852114596380185,-0.011690130049661487,0.009926214615414783,-0.006910135901935897,-0.011132492685786751,0.013989319656739494,-0.008208595329589312,0.02199991068725586,0.017966680664501807,-0.0047771965608391816,-0.012613281214710495,0.033208716108570555,-0.008109267385547594,0.017693807702837672,-0.006715259699192605,-0.002968054521118794,-0.004710891086051628,0.013759407038984478,0.023932836624513384,0.01397708661396295,0.019312331055533705,0.0219360549597042,-0.01066523812340868,1,-0.005090223002519584,0.023972221342884188,-0.005006974633128333,-0.011821992576574441,-0.008057191173400164,0.023092366022858204,0.01528392309241316,-0.013580802839393074,0.011913499789375769,0.019819806315216147,0.019489599466129923,0.01595291076740495,-0.0058122228653315665,-0.013184276367067128,0.03157815770839291,0.02599947528268772,0.01382188099072175,-0.011571542245313675,0.023749219309353947,0.011614149224337292,-0.008092673512592224,0.01796592404897586,-0.007346814896271376,0.025991268517986388,0.011917419497492789,-0.006306861401344097,0.023530149880496933,-0.008523388493516823,-0.010001903339668767,0.015987341652114264,-0.006864140547804592,-0.006407965324933438,0.019768022565724054,0.021122897382799107,-0.007051999611242763,0.01770223473287224,-0.0015223729213279878,0.011951260975130147,0.013889496322230929,0.011715185208310679,0.02799358799223143,0.021819103803556575,-0.004686151784467783,-0.004844496321605783,-0.00334018029555571,-0.0071289208779746465,-0.0030785746002600046,-0.0037997709932171735,0.01797159121168062,-0.009153717820587172,0.019895494623805153,-0.007641818264301913,0.013967251821093415,-0.012480669542324683,0.021415262194235646,0.019648695211096127,-0.004386066324845814,-0.007101337669238128,-0.010118282304774684,-0.006090405430448278,0.02159805552419685,0.01799069540994773,0.02576477472030137,0.017959761842588698,0.021690215653884147,-0.0051523109649549885,-0.0019051078177103858,agent83,-1
-1,-0.0058150271734187025,-0.004437589583338074,-0.015270671494678752,-0.011090070502129356,-0.004877324405655951,-0.007911309015518835,-0.006933886497132099,0.011780513223755035,0.017998462568957957,-0.0069852114596380185,-0.011690130049661487,0.009926214615414783,-0.006910135901935897,-0.011132492685786751,0.013989319656739494,-0.008208595329589312,0.02199991068725586,0.017966680664501807,-0.0047771965608391816,-0.012613281214710495,0.033208716108570555,-0.008109267385547594,0.017693807702837672,-0.006715259699192605,-0.002968054521118794,-0.004710891086051628,0.013759407038984478,0.023932836624513384,0.01397708661396295,0.021312331055533706,0.0219360549597042,-0.01066523812340868,1,-0.005090223002519584,0.023972221342884188,-0.005006974633128333,-0.011821992576574441,-0.008057191173400164,0.023092366022858204,0.01528392309241316,-0.013580802839393074,0.011913499789375769,0.019819806315216147,0.019489599466129923,0.01595291076740495,-0.0058122228653315665,-0.013184276367067128,0.03157815770839291,0.02599947528268772,0.01382188099072175,-0.011571542245313675,0.023749219309353947,0.011614149224337292,-0.008092673512592224,0.01796592404897586,-0.007346814896271376,0.025991268517986388,0.011917419497492789,-0.006306861401344097,0.023530149880496933,-0.008523388493516823,-0.010001903339668767,0.015987341652114264,-0.006864140547804592,-0.006407965324933438,0.019768022565724054,0.021122897382799107,-0.007051999611242763,0.01770223473287224,-0.0015223729213279878,0.011951260975130147,0.013889496322230929,0.011715185208310679,0.02799358799223143,0.021819103803556575,-0.004686151784467783,-0.004844496321605783,-0.00334018029555571,-0.0071289208779746465,-0.0030785746002600046,-0.0037997709932171735,0.01797159121168062,-0.009153717820587172,0.019895494623805153,-0.007641818264301913,0.013967251821093415,-0.012480669542324683,0.021415262194235646,0.019648695211096127,-0.004386066324845814,-0.007101337669238128,-0.010118282304774684,-0.006090405430448278,0.02159805552419685,0.01799069540994773,0.02576477472030137,0.017959761842588698,0.021690215653884147,-0.0051523109649549885,-0.0019051078177103858,agent29,-1
-1,-0.0058150271734187025,-0.004437589583338074,-0.015270671494678752,-0.011090070502129356,-0.004877324405655951,-0.007911309015518835,-0.006933886497132099,0.011780513223755035,0.017998462568957957,-0.0069852114596380185,-0.011690130049661487,0.009926214615414783,-0.006910135901935897,-0.011132492685786751,0.013989319656739494,-0.008208595329589312,0.02199991068725586,0.017966680664501807,-0.0047771965608391816,-0.012613281214710495,0.033208716108570555,-0.008109267385547594,0.017693807702837672,-0.006715259699192605,-0.002968054521118794,-0.004710891086051628,0.013759407038984478,0.023932836624513384,0.01397708661396295,0.021312331055533706,0.0219360549597042,-0.01066523812340868,1,-0.005090223002519584,0.023972221342884188,-0.005006974633128333,-0.011821992576574441,-0.008057191173400164,0.023092366022858204,0.01528392309241316,-0.013580802839393074,0.011913499789375769,0.019819806315216147,0.019489599466129923,0.01595291076740495,-0.0058122228653315665,-0.013184276367067128,0.03157815770839291,0.02599947528268772,0.01382188099072175,-0.011571542245313675,0.023749219309353947,0.011614149224337292,-0.008092673512592224,0.01796592404897586,-0.007346814896271376,0.025991268517986388,0.011917419497492789,-0.006306861401344097,0.023530149880496933,-0.008523388493516823,-0.010001903339668767,0.015987341652114264,-0.006864140547804592,-0.006407965324933438,0.019768022565724054,0.021122897382799107,-0.007051999611242763,0.01770223473287224,-0.0015223729213279878,0.011951260975130147,0.013889496322230929,0.011715185208310679,0.02999358799223143,0.021819103803556575,-0.004686151784467783,-0.004844496321605783,-0.00334018029555571,-0.0071289208779746465,-0.0030785746002600046,-0.0037997709932171735,0.01797159121168062,-0.009153717820587172,0.019895494623805153,-0.007641818264301913,0.013967251821093415,-0.012480669542324683,0.021415262194235646,0.019648695211096127,-0.004386066324845814,-0.007101337669238128,-0.010118282304774684,-0.006090405430448278,0.02159805552419685,0.01799069540994773,0.02576477472030137,0.017959761842588698,0.021690215653884147,-0.0051523109649549885,-0.0019051078177103858,agent73,-1
-1,-0.0058150271734187025,-0.004437589583338074,-0.015270671494678752,-0.011090070502129356,-0.004877324405655951,-0.007911309015518835,-0.006933886497132099,0.011780513223755035,0.017998462568957957,-0.0069852114596380185,-0.011690130049661487,0.009926214615414783,-0.006910135901935897,-0.011132492685786751,0.013989319656739494,-0.008208595329589312,0.02199991068725586,0.017966680664501807,-0.0047771965608391816,-0.012613281214710495,0.033208716108570555,-0.008109267385547594,0.017693807702837672,-0.006715259699192605,-0.002968054521118794,-0.004710891086051628,0.013759407038984478,0.023932836624513384,0.01397708661396295,0.021312331055533706,0.0219360549597042,-0.01066523812340868,1,-0.005090223002519584,0.023972221342884188,-0.005006974633128333,-0.011821992576574441,-0.008057191173400164,0.023092366022858204,0.01528392309241316,-0.013580802839393074,0.011913499789375769,0.019819806315216147,0.019489599466129923,0.01595291076740495,-0.0058122228653315665,-0.013184276367067128,0.03157815770839291,0.02599947528268772,0.01382188099072175,-0.011571542245313675,0.023749219309353947,0.011614149224337292,-0.008092673512592224,0.01796592404897586,-0.007346814896271376,0.025991268517986388,0.011917419497492789,-0.006306861401344097,0.023530149880496933,-0.008523388493516823,-0.010001903339668767,0.015987341652114264,-0.006864140547804592,-0.006407965324933438,0.019768022565724054,0.021122897382799107,-0.007051999611242763,0.01770223473287224,-0.0015223729213279878,0.011951260975130147,0.013889496322230929,0.011715185208310679,0.02999358799223143,0.021819103803556575,-0.004686151784467783,-0.004844496321605783,-0.00334018029555571,-0.0071289208779746465,-0.0030785746002600046,-0.0037997709932171735,0.01797159121168062,-0.009153717820587172,0.019895494623805153,-0.007641818264301913,0.013967251821093415,-0.012480669542324683,0.021415262194235646,0.019648695211096127,-0.004386066324845814,-0.007101337669238128,-0.010118282304774684,-0.006090405430448278,0.02159805552419685,0.01799069540994773,0.02576477472030137,0.017959761842588698,0.021690215653884147,-0.0051523109649549885,-0.0019051078177103858,agent23,1
-1,-0.0058150271734187025,-0.004437589583338074,-0.015270671494678752,-0.011090070502129356,-0.004877324405655951,-0.007911309015518835,-0.006933886497132099,0.011780513223755035,0.017998462568957957,-0.0069852114596380185,-0.011690130049661487,0.009926214615414783,-0.006910135901935897,-0.011132492685786751,0.013989319656739494,-0.008208595329589312,0.02199991068725586,0.017966680664501807,-0.0047771965608391816,-0.012613281214710495,0.033208716108570555,-0.008109267385547594,0.017693807702837672,-0.006715259699192605,-0.002968054521118794,-0.004710891086051628,0.013759407038984478,0.025932836624513386,0.01397708661396295,0.021312331055533706,0.0219360549597042,-0.01066523812340868,1,-0.005090223002519584,0.023972221342884188,-0.005006974633128333,-0.011821992576574441,-0.008057191173400164,0.023092366022858204,0.01528392309241316,-0.013580802839393074,0.011913499789375769,0.019819806315216147,0.019489599466129923,0.01595291076740495,-0.0058122228653315665,-0.013184276367067128,0.03157815770839291,0.02599947528268772,0.01382188099072175,-0.011571542245313675,0.023749219309353947,0.011614149224337292,-0.008092673512592224,0.01796592404897586,-0.007346814896271376,0.025991268517986388,0.011917419497492789,-0.006306861401344097,0.023530149880496933,-0.008523388493516823,-0.010001903339668767,0.015987341652114264,-0.006864140547804592,-0.006407965324933438,0.019768022565724054,0.021122897382799107,-0.007051999611242763,0.01770223473287224,-0.0015223729213279878,0.011951260975130147,0.013889496322230929,0.011715185208310679,0.02999358799223143,0.021819103803556575,-0.004686151784467783,-0.004844496321605783,-0.00334018029555571,-0.0071289208779746465,-0.0030785746002600046,-0.0037997709932171735,0.01797159121168062,-0.009153717820587172,0.019895494623805153,-0.007641818264301913,0.013967251821093415,-0.012480669542324683,0.021415262194235646,0.019648695211096127,-0.004386066324845814,-0.007101337669238128,-0.010118282304774684,-0.006090405430448278,0.02159805552419685,0.01799069540994773,0.02576477472030137,0.017959761842588698,0.021690215653884147,-0.0051523109649549885,-0.0019051078177103858,agent27,-1
-1,-0.0058150271734187025,-0.004437589583338074,-0.015270671494678752,-0.011090070502129356,-0.004877324405655951,-0.007911309015518835,-0.006933886497132099,0.011780513223755035,0.017998462568957957,-0.0069852114596380185,-0.011690130049661487,0.009926214615414783,-0.006910135901935897,-0.011132492685786751,0.013989319656739494,-0.008208595329589312,0.02199991068725586,0.017966680664501807,-0.0047771965608391816,-0.012613281214710495,0.033208716108570555,-0.008109267385547594,0.017693807702837672,-0.006715259699192605,-0.002968054521118794,-0.004710891086051628,0.013759407038984478,0.027932836624513388,0.01397708661396295,0.021312331055533706,0.0219360549597042,-0.01066523812340868,1,-0.005090223002519584,0.023972221342884188,-0.005006974633128333,-0.011821992576574441,-0.008057191173400164,0.023092366022858204,0.01528392309241316,-0.013580802839393074,0.011913499789375769,0.019819806315216147,0.019489599466129923,0.01595291076740495,-0.0058122228653315665,-0.013184276367067128,0.03157815770839291,0.02599947528268772,0.01382188099072175,-0.011571542245313675,0.023749219309353947,0.011614149224337292,-0.008092673512592224,0.01796592404897586,-0.007346814896271376,0.025991268517986388,0.011917419497492789,-0.006306861401344097,0.023530149880496933,-0.008523388493516823,-0.010001903339668767,0.015987341652114264,-0.006864140547804592,-0.006407965324933438,0.019768022565724054,0.021122897382799107,-0.007051999611242763,0.01770223473287224,-0.0015223729213279878,0.011951260975130147,0.013889496322230929,0.011715185208310679,0.02999358799223143,0.021819103803556575,-0.004686151784467783,-0.004844496321605783,-0.00334018029555571,-0.0071289208779746465,-0.0030785746002600046,-0.0037997709932171735,0.01797159121168062,-0.009153717820587172,0.019895494623805153,-0.007641818264301913,0.013967251821093415,-0.012480669542324683,0.021415262194235646,0.019648695211096127,-0.004386066324845814,-0.007101337669238128,-0.010118282304774684,-0.006090405430448278,0.02159805552419685,0.01799069540994773,0.02576477472030137,0.017959761842588698,0.021690215653884147,-0.0051523109649549885,-0.0019051078177103858,agent27,-1
-1,-0.0058150271734187025,-0.004437589583338074,-0.015270671494678752,-0.011090070502129356,-0.004877324405655951,-0.007911309015518835,-0.006933886497132099,0.011780513223755035,0.017998462568957957,-0.0069852114596380185,-0.011690130049661487,0.009926214615414783,-0.006910135901935897,-0.011132492685786751,0.013989319656739494,-0.008208595329589312,0.02199991068725586,0.017966680664501807,-0.0047771965608391816,-0.012613281214710495,0.033208716108570555,-0.008109267385547594,0.017693807702837672,-0.006715259699192605,-0.002968054521118794,-0.004710891086051628,0.013759407038984478,0.027932836624513388,0.01397708661396295,0.021312331055533706,0.0219360549597042,-0.01066523812340868,1,-0.005090223002519584,0.023972221342884188,-0.005006974633128333,-0.011821992576574441,-0.008057191173400164,0.023092366022858204,0.01528392309241316,-0.013580802839393074,0.011913499789375769,0.019819806315216147,0.019489599466129923,0.01595291076740495,-0.0058122228653315665,-0.013184276367067128,0.03157815770839291,0.02599947528268772,0.01382188099072175,-0.011571542245313675,0.023749219309353947,0.011614149224337292,-0.008092673512592224,0.01796592404897586,-0.007346814896271376,0.025991268517986388,0.011917419497492789,-0.006306861401344097,0.023530149880496933,-0.008523388493516823,-0.010001903339668767,0.015987341652114264,-0.006864140547804592,-0.006407965324933438,0.019768022565724054,0.021122897382799107,-0.007051999611242763,0.01770223473287224,-0.0015223729213279878,0.011951260975130147,0.013889496322230929,0.011715185208310679,0.02999358799223143,0.021819103803556575,-0.004686151784467783,-0.004844496321605783,-0.00334018029555571,-0.0071289208779746465,-0.0030785746002600046,-0.0037997709932171735,0.01797159121168062,-0.009153717820587172,0.019895494623805153,-0.007641818264301913,0.013967251821093415,-0.012480669542324683,0.021415262194235646,0.019648695211096127,-0.004386066324845814,-0.007101337669238128,-0.010118282304774684,-0.006090405430448278,0.02159805552419685,0.01799069540994773,0.02576477472030137,0.017959761842588698,0.021690215653884147,-0.0051523109649549885,-0.0019051078177103858,agent45,1
-1,-0.0058150271734187025,-0.004437589583338074,-0.015270671494678752,-0.011090070502129356,-0.004877324405655951,-0.007911309015518835,-0.006933886497132099,0.011780513223755035,0.017998462568957957,-0.0069852114596380185,-0.011690130049661487,0.009926214615414783,-0.006910135901935897,-0.011132492685786751,0.013989319656739494,-0.008208595329589312,0.02199991068725586,0.017966680664501807,-0.0047771965608391816,-0.012613281214710495,0.033208716108570555,-0.008109267385547594,0.017693807702837672,-0.006715259699192605,-0.002968054521118794,-0.004710891086051628,0.013759407038984478,0.027932836624513388,0.01397708661396295,0.021312331055533706,0.0219360549597042,-0.01066523812340868,1,-0.005090223002519584,0.023972221342884188,-0.005006974633128333,-0.011821992576574441,-0.008057191173400164,0.023092366022858204,0.01528392309241316,-0.013580802839393074,0.011913499789375769,0.019819806315216147,0.019489599466129923,0.01595291076740495,-0.0058122228653315665,-0.013184276367067128,0.03157815770839291,0.02599947528268772,0.01382188099072175,-0.011571542245313675,0.023749219309353947,0.011614149224337292,-0.008092673512592224,0.01796592404897586,-0.007346814896271376,0.025991268517986388,0.011917419497492789,-0.006306861401344097,0.023530149880496933,-0.008523388493516823,-0.010001903339668767,0.015987341652114264,-0.006864140547804592,-0.006407965324933438,0.019768022565724054,0.021122897382799107,-0.007051999611242763,0.01770223473287224,-0.0015223729213279878,0.011951260975130147,0.013889496322230929,0.011715185208310679,0.02999358799223143,0.021819103803556575,-0.004686151784467783,-0.004844496321605783,-0.00334018029555571,-0.0071289208779746465,-0.0030785746002600046,-0.0037997709932171735,0.01797159121168062,-0.009153717820587172,0.019895494623805153,-0.007641818264301913,0.013967251821093415,-0.012480669542324683,0.021415262194235646,0.019648695211096127,-0.004386066324845814,-0.007101337669238128,-0.010118282304774684,-0.006090405430448278,0.02159805552419685,0.01799069540994773,0.02576477472030137,0.017959761842588698,0.021690215653884147,-0.0051523109649549885,-0.0019051078177103858,agent92,1
-1,-0.0058150271734187025,-0.004437589583338074,-0.015270671494678752,-0.011090070502129356,-0.004877324405655951,-0.007911309015518835,-0.006933886497132099,0.011780513223755035,0.017998462568957957,-0.0069852114596380185,-0.011690130049661487,0.009926214615414783,-0.006910135901935897,-0.011132492685786751,0.013989319656739494,-0.008208595329589312,0.02199991068725586,0.017966680664501807,-0.0047771965608391816,-0.012613281214710495,0.033208716108570555,-0.008109267385547594,0.017693807702837672,-0.006715259699192605,-0.002968054521118794,-0.004710891086051628,0.013759407038984478,0.027932836624513388,0.01397708661396295,0.021312331055533706,0.0219360549597042,-0.01066523812340868,1,-0.005090223002519584,0.023972221342884188,-0.005006974633128333,-0.011821992576574441,-0.008057191173400164,0.025092366022858206,0.01528392309241316,-0.013580802839393074,0.011913499789375769,0.019819806315216147,0.019489599466129923,0.01595291076740495,-0.0058122228653315665,-0.013184276367067128,0.03157815770839291,0.02599947528268772,0.01382188099072175,-0.011571542245313675,0.023749219309353947,0.011614149224337292,-0.008092673512592224,0.01796592404897586,-0.007346814896271376,0.025991268517986388,0.011917419497492789,-0.006306861401344097,0.023530149880496933,-0.008523388493516823,-0.010001903339668767,0.015987341652114264,-0.006864140547804592,-0.006407965324933438,0.019768022565724054,0.021122897382799107,-0.007051999611242763,0.01770223473287224,-0.0015223729213279878,0.011951260975130147,0.013889496322230929,0.011715185208310679,0.02999358799223143,0.021819103803556575,-0.004686151784467783,-0.004844496321605783,-0.00334018029555571,-0.0071289208779746465,-0.0030785746002600046,-0.0037997709932171735,0.01797159121168062,-0.009153717820587172,0.019895494623805153,-0.007641818264301913,0.013967251821093415,-0.012480669542324683,0.021415262194235646,0.019648695211096127,-0.004386066324845814,-0.007101337669238128,-0.010118282304774684,-0.006090405430448278,0.02159805552419685,0.01799069540994773,0.02576477472030137,0.017959761842588698,0.021690215653884147,-0.0051523109649549885,-0.0019051078177103858,agent38,-1
-1,-0.0058150271734187025,-0.004437589583338074,-0.015270671494678752,-0.011090070502129356,-0.004877324405655951,-0.007911309015518835,-0.006933886497132099,0.011780513223755035,0.017998462568957957,-0.0069852114596380185,-0.011690130049661487,0.009926214615414783,-0.006910135901935897,-0.011132492685786751,0.013989319656739494,-0.008208595329589312,0.02199991068725586,0.017966680664501807,-0.0047771965608391816,-0.012613281214710495,0.033208716108570555,-0.008109267385547594,0.017693807702837672,-0.006715259699192605,-0.002968054521118794,-0.004710891086051628,0.013759407038984478,0.027932836624513388,0.01397708661396295,0.021312331055533706,0.0219360549597042,-0.01066523812340868,1,-0.005090223002519584,0.023972221342884188,-0.005006974633128333,-0.011821992576574441,-0.008057191173400164,0.025092366022858206,0.01528392309241316,-0.013580802839393074,0.011913499789375769,0.019819806315216147,0.019489599466129923,0.01595291076740495,-0.0058122228653315665,-0.013184276367067128,0.03157815770839291,0.02599947528268772,0.01382188099072175,-0.011571542245313675,0.023749219309353947,0.011614149224337292,-0.008092673512592224,0.01796592404897586,-0.007346814896271376,0.025991268517986388,0.011917419497492789,-0.006306861401344097,0.023530149880496933,-0.008523388493516823,-0.010001903339668767,0.015987341652114264,-0.006864140547804592,-0.006407965324933438,0.019768022565724054,0.021122897382799107,-0.007051999611242763,0.01770223473287224,-0.0015223729213279878,0.011951260975130147,0.013889496322230929,0.011715185208310679,0.02999358799223143,0.021819103803556575,-0.004686151784467783,-0.004844496321605783,-0.00334018029555571,-0.0071289208779746465,-0.0030785746002600046,-0.0037997709932171735,0.01797159121168062,-0.009153717820587172,0.019895494623805153,-0.007641818264301913,0.013967251821093415,-0.012480669542324683,0.021415262194235646,0.019648695211096127,-0.004386066324845814,-0.007101337669238128,-0.010118282304774684,-0.006090405430448278,0.02359300144444664,0.01799069540994773,0.02576477472030137,0.017959761842588698,0.021690215653884147,-0.0051523109649549885,-0.0019051078177103858,agent93,-0.8994606569525342
-1,-0.0058150271734187025,-0.004437589583338074,-0.015270671494678752,-0.011090070502129356,-0.004877324405655951,-0.007911309015518835,-0.006933886497132099,0.011780513223755035,0.017998462568957957,-0.0069852114596380185,-0.011690130049661487,0.009926214615414783,-0.006910135901935897,-0.011132492685786751,0.013989319656739494,-0.008208595329589312,0.02199991068725586,0.017966680664501807,-0.0047771965608391816,-0.012613281214710495,0.033208716108570555,-0.008109267385547594,0.017693807702837672,-0.006715259699192605,-0.002968054521118794,-0.004710891086051628,0.013759407038984478,0.027932836624513388,0.01397708661396295,0.021312331055533706,0.0219360549597042,-0.01066523812340868,1,-0.005090223002519584,0.023972221342884188,-0.005006974633128333,-0.011821992576574441,-0.008057191173400164,0.025092366022858206,0.01528392309241316,-0.013580802839393074,0.011913499789375769,0.019819806315216147,0.019489599466129923,0.01595291076740495,-0.0058122228653315665,-0.013184276367067128,0.03157815770839291,0.02599947528268772,0.01382188099072175,-0.011571542245313675,0.023749219309353947,0.011614149224337292,-0.008092673512592224,0.01796592404897586,-0.007346814896271376,0.025991268517986388,0.011917419497492789,-0.006306861401344097,0.023530149880496933,-0.008523388493516823,-0.010001903339668767,0.015987341652114264,-0.006864140547804592,-0.006407965324933438,0.019768022565724054,0.021122897382799107,-0.007051999611242763,0.01770223473287224,-0.0015223729213279878,0.011951260975130147,0.013889496322230929,0.011715185208310679,0.02999358799223143,0.021819103803556575,-0.004686151784467783,-0.004844496321605783,-0.00334018029555571,-0.0071289208779746465,-0.0030785746002600046,-0.0037997709932171735,0.01797159121168062,-0.009153717820587172,0.019895494623805153,-0.007641818264301913,0.013967251821093415,-0.012480669542324683,0.021415262194235646,0.019648695211096127,-0.004386066324845814,-0.007101337669238128,-0.010118282304774684,-0.006090405430448278,0.02359300144444664,0.01799069540994773,0.02576477472030137,0.017959761842588698,0.021690215653884147,-0.0051523109649549885,-0.0019051078177103858,agent40,1
-1,-0.0058150271734187025,-0.004437589583338074,-0.015270671494678752,-0.011090070502129356,-0.004877324405655951,-0.007911309015518835,-0.006933886497132099,0.011780513223755035,0.017998462568957957,-0.0069852114596380185,-0.011690130049661487,0.009926214615414783,-0.006910135901935897,-0.011132492685786751,0.013989319656739494,-0.008208595329589312,0.02199991068725586,0.017966680664501807,-0.0047771965608391816,-0.012613281214710495,0.033208716108570555,-0.008109267385547594,0.017693807702837672,-0.006715259699192605,-0.002968054521118794,-0.004710891086051628,0.013759407038984478,0.027932836624513388,0.01397708661396295,0.021312331055533706,0.0219360549597042,-0.01066523812340868,1,-0.005090223002519584,0.023972221342884188,-0.005006974633128333,-0.011821992576574441,-0.008057191173400164,0.025092366022858206,0.01528392309241316,-0.013580802839393074,0.011913499789375769,0.019819806315216147,0.019489599466129923,0.01595291076740495,-0.0058122228653315665,-0.013184276367067128,0.03157815770839291,0.02599947528268772,0.01382188099072175,-0.011571542245313675,0.023749219309353947,0.011614149224337292,-0.008092673512592224,0.01796592404897586,-0.007346814896271376,0.025991268517986388,0.011917419497492789,-0.006306861401344097,0.023530149880496933,-0.008523388493516823,-0.010001903339668767,0.015987341652114264,-0.006864140547804592,-0.006407965324933438,0.019768022565724054,0.021122897382799107,-0.007051999611242763,0.01770223473287224,-0.0015223729213279878,0.011951260975130147,0.013889496322230929,0.011715185208310679,0.02999358799223143,0.021819103803556575,-0.004686151784467783,-0.004844496321605783,-0.00334018029555571,-0.0071289208779746465,-0.0030785746002600046,-0.0037997709932171735,0.01797159121168062,-0.009153717820587172,0.019895494623805153,-0.007641818264301913,0.013967251821093415,-0.012480669542324683,0.023399028068247098,0.019648695211096127,-0.004386066324845814,-0.007101337669238128,-0.010118282304774684,-0.006090405430448278,0.02359300144444664,0.01799069540994773,0.02576477472030137,0.017959761842588698,0.021690215653884147,-0.0051523109649549885,-0.0019051078177103858,agent87,-0.8198105109139309
-1,-0.0058150271734187025,-0.004437589583338074,-0.015270671494678752,-0.011090070502129356,-0.004877324405655951,-0.007911309015518835,-0.006933886497132099,0.011780513223755035,0.017998462568957957,-0.0069852114596380185,-0.011690130049661487,0.009926214615414783,-0.006910135901935897,-0.011132492685786751,0.013989319656739494,-0.008208595329589312,0.02199991068725586,0.017966680664501807,-0.0047771965608391816,-0.012613281214710495,0.033208716108570555,-0.008109267385547594,0.017693807702837672,-0.006715259699192605,-0.002968054521118794,-0.004710891086051628,0.013759407038984478,0.027932836624513388,0.01397708661396295,0.021312331055533706,0.0219360549597042,-0.01066523812340868,1,-0.005090223002519584,0.023972221342884188,-0.005006974633128333,-0.011821992576574441,-0.008057191173400164,0.025092366022858206,0.01528392309241316,-0.013580802839393074,0.011913499789375769,0.019819806315216147,0.019489599466129923,0.01595291076740495,-0.0058122228653315665,-0.013184276367067128,0.03157815770839291,0.02599947528268772,0.01382188099072175,-0.011571542245313675,0.023749219309353947,0.011614149224337292,-0.008092673512592224,0.01796592404897586,-0.007346814896271376,0.025991268517986388,0.011917419497492789,-0.006306861401344097,0.023530149880496933,-0.008523388493516823,-0.010001903339668767,0.017987341652114262,-0.006864140547804592,-0.006407965324933438,0.019768022565724054,0.021122897382799107,-0.007051999611242763,0.01770223473287224,-0.0015223729213279878,0.011951260975130147,0.013889496322230929,0.011715185208310679,0.02999358799223143,0.021819103803556575,-0.004686151784467783,-0.004844496321605783,-0.00334018029555571,-0.0071289208779746465,-0.0030785746002600046,-0.0037997709932171735,0.01797159121168062,-0.009153717820587172,0.019895494623805153,-0.007641818264301913,0.013967251821093415,-0.012480669542324683,0.023399028068247098,0.019648695211096127,-0.004386066324845814,-0.007101337669238128,-0.010118282304774684,-0.006090405430448278,0.02359300144444664,0.01799069540994773,0.02576477472030137,0.017959761842588698,0.021690215653884147,-0.0051523109649549885,-0.0019051078177103858,agent62,-1
-1,-0.0058150271734187025,-0.004437589583338074,-0.015270671494678752,-0.011090070502129356,-0.004877324405655951,-0.007911309015518835,-0.006933886497132099,0.011780513223755035,0.017998462568957957,-0.0069852114596380185,-0.011690130049661487,0.009926214615414783,-0.006910135901935897,-0.011132492685786751,0.013989319656739494,-0.008208595329589312,0.02199991068725586,0.017966680664501807,-0.0047771965608391816,-0.012613281214710495,0.033208716108570555,-0.008109267385547594,0.017693807702837672,-0.006715259699192605,-0.002968054521118794,-0.004710891086051628,0.013759407038984478,0.027932836624513388,0.01597708661396295,0.021312331055533706,0.0219360549597042,-0.01066523812340868,1,-0.005090223002519584,0.023972221342884188,-0.005006974633128333,-0.011821992576574441,-0.008057191173400164,0.025092366022858206,0.01528392309241316,-0.013580802839393074,0.011913499789375769,0.019819806315216147,0.019489599466129923,0.01595291076740495,-0.0058122228653315665,-0.013184276367067128,0.03157815770839291,0.02599947528268772,0.01382188099072175,-0.011571542245313675,0.023749219309353947,0.011614149224337292,-0.008092673512592224,0.01796592404897586,-0.007346814896271376,0.025991268517986388,0.011917419497492789,-0.006306861401344097,0.023530149880496933,-0.008523388493516823,-0.010001903339668767,0.017987341652114262,-0.006864140547804592,-0.006407965324933438,0.019768022565724054,0.021122897382799107,-0.007051999611242763,0.01770223473287224,-0.0015223729213279878,0.011951260975130147,0.013889496322230929,0.011715185208310679,0.02999358799223143,0.021819103803556575,-0.004686151784467783,-0.004844496321605783,-0.00334018029555571,-0.0071289208779746465,-0.0030785746002600046,-0.0037997709932171735,0.01797159121168062,-0.009153717820587172,0.019895494623805153,-0.007641818264301913,0.013967251821093415,-0.012480669542324683,0.023399028068247098,0.019648695211096127,-0.004386066324845814,-0.007101337669238128,-0.010118282304774684,-0.006090405430448278,0.02359300144444664,0.01799069540994773,0.02576477472030137,0.017959761842588698,0.021690215653884147,-0.0051523109649549885,-0.0019051078177103858,agent28,-1
-1,-0.0058150271734187025,-0.004437589583338074,-0.015270671494678752,-0.011090070502129356,-0.004877324405655951,-0.007911309015518835,-0.006933886497132099,0.011780513223755035,0.017998462568957957,-0.0069852114596380185,-0.011690130049661487,0.009926214615414783,-0.006910135901935897,-0.011132492685786751,0.013989319656739494,-0.008208595329589312,0.02199991068725586,0.017966680664501807,-0.0047771965608391816,-0.012613281214710495,0.033208716108570555,-0.008109267385547594,0.017693807702837672,-0.006715259699192605,-0.002968054521118794,-0.004710891086051628,0.013759407038984478,0.027932836624513388,0.01597708661396295,0.021312331055533706,0.0219360549597042,-0.01066523812340868,1,-0.005090223002519584,0.023972221342884188,-0.005006974633128333,-0.011821992576574441,-0.008057191173400164,0.025092366022858206,0.01528392309241316,-0.013580802839393074,0.011913499789375769,0.019819806315216147,0.019489599466129923,0.01595291076740495,-0.0058122228653315665,-0.013184276367067128,0.03157815770839291,0.02599947528268772,0.01382188099072175,-0.011571542245313675,0.023749219309353947,0.011614149224337292,-0.008092673512592224,0.01796592404897586,-0.007346814896271376,0.025991268517986388,0.011917419497492789,-0.006306861401344097,0.023530149880496933,-0.008523388493516823,-0.010001903339668767,0.017987341652114262,-0.006864140547804592,-0.006407965324933438,0.019768022565724054,0.021122897382799107,-0.007051999611242763,0.01770223473287224,-0.0015223729213279878,0.011951260975130147,0.013889496322230929,0.011715185208310679,0.02999358799223143,0.021819103803556575,-0.004686151784467783,-0.004844496321605783,-0.00334018029555571,-0.0071289208779746465,-0.0030785746002600046,-0.0037997709932171735,0.01797159121168062,-0.009153717820587172,0.019895494623805153,-0.007641818264301913,0.013967251821093415,-0.012480669542324683,0.023399028068247098,0.019648695211096127,-0.004386066324845814,-0.007101337669238128,-0.010118282304774684,-0.006090405430448278,0.02359300144444664,0.01799069540994773,0.02576477472030137,0.017959761842588698,0.021690215653884147,-0.0051523109649549885,-0.0019051078177103858,agent6,1
-1,-0.0058150271734187025,-0.004437589583338074,-0.015270671494678752,-0.011090070502129356,-0.004877324405655951,-0.007911309015518835,-0.006933886497132099,0.013780513223755035,0.017998462568957957,-0.0069852114596380185,-0.011690130049661487,0.009926214615414783,-0.006910135901935897,-0.011132492685786751,0.013989319656739494,-0.008208595329589312,0.02199991068725586,0.017966680664501807,-0.0047771965608391816,-0.012613281214710495,0.033208716108570555,-0.008109267385547594,0.017693807702837672,-0.006715259699192605,-0.002968054521118794,-0.004710891086051628,0.013759407038984478,0.027932836624513388,0.01597708661396295,0.021312331055533706,0.0219360549597042,-0.01066523812340868,1,-0.005090223002519584,0.023972221342884188,-0.005006974633128333,-0.011821992576574441,-0.008057191173400164,0.025092366022858206,0.01528392309241316,-0.013580802839393074,0.011913499789375769,0.019819806315216147,0.019489599466129923,0.01595291076740495,-0.0058122228653315665,-0.013184276367067128,0.03157815770839291,0.02599947528268772,0.01382188099072175,-0.011571542245313675,0.023749219309353947,0.011614149224337292,-0.008092673512592224,0.01796592404897586,-0.007346814896271376,0.025991268517986388,0.011917419497492789,-0.006306861401344097,0.023530149880496933,-0.008523388493516823,-0.010001903339668767,0.017987341652114262,-0.006864140547804592,-0.006407965324933438,0.019768022565724054,0.021122897382799107,-0.007051999611242763,0.01770223473287224,-0.0015223729213279878,0.011951260975130147,0.013889496322230929,0.011715185208310679,0.02999358799223143,0.021819103803556575,-0.004686151784467783,-0.004844496321605783,-0.00334018029555571,-0.0071289208779746465,-0.0030785746002600046,-0.0037997709932171735,0.01797159121168062,-0.009153717820587172,0.019895494623805153,-0.007641818264301913,0.013967251821093415,-0.012480669542324683,0.023399028068247098,0.019648695211096127,-0.004386066324845814,-0.007101337669238128,-0.010118282304774684,-0.006090405430448278,0.02359300144444664,0.01799069540994773,0.02576477472030137,0.017959761842588698,0.021690215653884147,-0.0051523109649549885,-0.0019051078177103858,agent7,-1
-1,-0.0058150271734187025,-0.004437589583338074,-0.015270671494678752,-0.011090070502129356,-0.004877324405655951,-0.007911309015518835,-0.006933886497132099,0.013780513223755035,0.017998462568957957,-0.0069852114596380185,-0.011690130049661487,0.009926214615414783,-0.006910135901935897,-0.011132492685786751,0.013989319656739494,-0.008208595329589312,0.02199991068725586,0.017966680664501807,-0.0047771965608391816,-0.012613281214710495,0.033208716108570555,-0.008109267385547594,0.017693807702837672,-0.006715259699192605,-0.002968054521118794,-0.004710891086051628,0.013759407038984478,0.027932836624513388,0.01597708661396295,0.021312331055533706,0.0219360549597042,-0.01066523812340868,1,-0.005090223002519584,0.023972221342884188,-0.005006974633128333,-0.011821992576574441,-0.008057191173400164,0.025092366022858206,0.01528392309241316,-0.013580802839393074,0.013913499789375769,0.019819806315216147,0.019489599466129923,0.01595291076740495,-0.0058122228653315665,-0.013184276367067128,0.03157815770839291,0.02599947528268772,0.01382188099072175,-0.011571542245313675,0.023749219309353947,0.011614149224337292,-0.008092673512592224,0.01796592404897586,-0.007346814896271376,0.025991268517986388,0.011917419497492789,-0.006306861401344097,0.023530149880496933,-0.008523388493516823,-0.010001903339668767,0.017987341652114262,-0.006864140547804592,-0.006407965324933438,0.019768022565724054,0.021122897382799107,-0.007051999611242763,0.01770223473287224,-0.0015223729213279878,0.011951260975130147,0.013889496322230929,0.011715185208310679,0.02999358799223143,0.021819103803556575,-0.004686151784467783,-0.004844496321605783,-0.00334018029555571,-0.0071289208779746465,-0.0030785746002600046,-0.0037997709932171735,0.01797159121168062,-0.009153717820587172,0.019895494623805153,-0.007641818264301913,0.013967251821093415,-0.012480669542324683,0.023399028068247098,0.019648695211096127,-0.004386066324845814,-0.007101337669238128,-0.010118282304774684,-0.006090405430448278,0.02359300144444664,0.01799069540994773,0.02576477472030137,0.017959761842588698,0.021690215653884147,-0.0051523109649549885,-0.0019051078177103858,agent41,-1
-1,-0.0058150271734187025,-0.004437589583338074,-0.015270671494678752,-0.011090070502129356,-0.004877324405655951,-0.007911309015518835,-0.006933886497132099,0.013780513223755035,0.017998462568957957,-0.0069852114596380185,-0.011690130049661487,0.009926214615414783,-0.006910135901935897,-0.011132492685786751,0.013989319656739494,-0.008208595329589312,0.02199991068725586,0.017966680664501807,-0.0047771965608391816,-0.012613281214710495,0.033208716108570555,-0.008109267385547594,0.017693807702837672,-0.006715259699192605,-0.002968054521118794,-0.004710891086051628,0.013759407038984478,0.027932836624513388,0.01597708661396295,0.021312331055533706,0.0219360549597042,-0.01066523812340868,1,-0.005090223002519584,0.023972221342884188,-0.005006974633128333,-0.011821992576574441,-0.008057191173400164,0.025092366022858206,0.01528392309241316,-0.013580802839393074,0.013913499789375769,0.019819806315216147,0.019489599466129923,0.01595291076740495,-0.0058122228653315665,-0.013184276367067128,0.03157815770839291,0.02599947528268772,0.01382188099072175,-0.011571542245313675,0.023749219309353947,0.011614149224337292,-0.008092673512592224,0.01796592404897586,-0.007346814896271376,0.025991268517986388,0.011917419497492789,-0.006306861401344097,0.023530149880496933,-0.008523388493516823,-0.010001903339668767,0.017987341652114262,-0.006864140547804592,-0.006407965324933438,0.019768022565724054,0.021122897382799107,-0.007051999611242763,0.01770223473287224,-0.0015223729213279878,0.011951260975130147,0.013889496322230929,0.011715185208310679,0.02999358799223143,0.021819103803556575,-0.004686151784467783,-0.004844496321605783,-0.00334018029555571,-0.0071289208779746465,-0.0030785746002600046,-0.0037997709932171735,0.01797159121168062,-0.009153717820587172,0.019895494623805153,-0.007641818264301913,0.013967251821093415,-0.012480669542324683,0.023399028068247098,0.02164869521109613,-0.004386066324845814,-0.007101337669238128,-0.010118282304774684,-0.006090405430448278,0.02359300144444664,0.01799069540994773,0.02576477472030137,0.017959761842588698,0.021690215653884147,-0.0051523109649549885,-0.0019051078177103858,agent88,-1
-1,-0.0058150271734187025,-0.004437589583338074,-0.015270671494678752,-0.011090070502129356,-0.004877324405655951,-0.007911309015518835,-0.006933886497132099,0.013780513223755035,0.017998462568957957,-0.0069852114596380185,-0.011690130049661487,0.009926214615414783,-0.006910135901935897,-0.011132492685786751,0.013989319656739494,-0.008208595329589312,0.02199991068725586,0.017966680664501807,-0.0047771965608391816,-0.012613281214710495,0.033208716108570555,-0.008109267385547594,0.017693807702837672,-0.006715259699192605,-0.002968054521118794,-0.004710891086051628,0.013759407038984478,0.027932836624513388,0.01597708661396295,0.021312331055533706,0.0219360549597042,-0.01066523812340868,1,-0.005090223002519584,0.023972221342884188,-0.005006974633128333,-0.011821992576574441,-0.008057191173400164,0.025092366022858206,0.01528392309241316,-0.013580802839393074,0.013913499789375769,0.019819806315216147,0.019489599466129923,0.01595291076740495,-0.0058122228653315665,-0.013184276367067128,0.03157815770839291,0.02599947528268772,0.01382188099072175,-0.011571542245313675,0.023749219309353947,0.011614149224337292,-0.008092673512592224,0.01796592404897586,-0.007346814896271376,0.025991268517986388,0.011917419497492789,-0.006306861401344097,0.023530149880496933,-0.008523388493516823,-0.010001903339668767,0.017987341652114262,-0.006864140547804592,-0.006407965324933438,0.019768022565724054,0.021122897382799107,-0.007051999611242763,0.01770223473287224,-0.0015223729213279878,0.011951260975130147,0.013889496322230929,0.011715185208310679,0.02999358799223143,0.021819103803556575,-0.004686151784467783,-0.004844496321605783,-0.00334018029555571,-0.0071289208779746465,-0.0030785746002600046,-0.0037997709932171735,0.01797159121168062,-0.009153717820587172,0.019895494623805153,-0.007641818264301913,0.013967251821093415,-0.012480669542324683,0.023399028068247098,0.02164869521109613,-0.004386066324845814,-0.007101337669238128,-0.010118282304774684,-0.006090405430448278,0.02359300144444664,0.01799069540994773,0.02576477472030137,0.017959761842588698,0.021690215653884147,-0.0051523109649549885,-0.0019051078177103858,agent91,1
-1,-0.0058150271734187025,-0.004437589583338074,-0.015270671494678752,-0.011090070502129356,-0.004877324405655951,-0.007911309015518835,-0.006933886497132099,0.013780513223755035,0.017998462568957957,-0.0069852114596380185,-0.011690130049661487,0.009926214615414783,-0.006910135901935897,-0.011132492685786751,0.013989319656739494,-0.008208595329589312,0.02199991068725586,0.017966680664501807,-0.0047771965608391816,-0.012613281214710495,0.033208716108570555,-0.008109267385547594,0.017693807702837672,-0.006715259699192605,-0.002968054521118794,-0.004710891086051628,0.013759407038984478,0.02993283662451339,0.01597708661396295,0.021312331055533706,0.0219360549597042,-0.01066523812340868,1,-0.005090223002519584,0.023972221342884188,-0.005006974633128333,-0.011821992576574441,-0.008057191173400164,0.025092366022858206,0.01528392309241316,-0.013580802839393074,0.013913499789375769,0.019819806315216147,0.019489599466129923,0.01595291076740495,-0.0058122228653315665,-0.013184276367067128,0.03157815770839291,0.02599947528268772,0.01382188099072175,-0.011571542245313675,0.023749219309353947,0.011614149224337292,-0.008092673512592224,0.01796592404897586,-0.007346814896271376,0.025991268517986388,0.011917419497492789,-0.006306861401344097,0.023530149880496933,-0.008523388493516823,-0.010001903339668767,0.017987341652114262,-0.006864140547804592,-0.006407965324933438,0.019768022565724054,0.021122897382799107,-0.007051999611242763,0.01770223473287224,-0.0015223729213279878,0.011951260975130147,0.013889496322230929,0.011715185208310679,0.02999358799223143,0.021819103803556575,-0.004686151784467783,-0.004844496321605783,-0.00334018029555571,-0.0071289208779746465,-0.0030785746002600046,-0.0037997709932171735,0.01797159121168062,-0.009153717820587172,0.019895494623805153,-0.007641818264301913,0.013967251821093415,-0.012480669542324683,0.023399028068247098,0.02164869521109613,-0.004386066324845814,-0.007101337669238128,-0.010118282304774684,-0.006090405430448278,0.02359300144444664,0.01799069540994773,0.02576477472030137,0.017959761842588698,0.021690215653884147,-0.0051523109649549885,-0.0019051078177103858,agent27,-1
-1,-0.0058150271734187025,-0.004437589583338074,-0.015270671494678752,-0.011090070502129356,-0.004877324405655951,-0.007911309015518835,-0.006933886497132099,0.013780513223755035,0.017998462568957957,-0.0069852114596380185,-0.011690130049661487,0.009926214615414783,-0.006910135901935897,-0.011132492685786751,0.013989319656739494,-0.008208595329589312,0.02199991068725586,0.017966680664501807,-0.0047771965608391816,-0.012613281214710495,0.033208716108570555,-0.008109267385547594,0.017693807702837672,-0.006715259699192605,-0.002968054521118794,-0.004710891086051628,0.013759407038984478,0.02993283662451339,0.01597708661396295,0.021312331055533706,0.0219360549597042,-0.01066523812340868,1,-0.005090223002519584,0.023972221342884188,-0.005006974633128333,-0.011821992576574441,-0.008057191173400164,0.025092366022858206,0.01528392309241316,-0.013580802839393074,0.013913499789375769,0.019819806315216147,0.019489599466129923,0.01595291076740495,-0.0058122228653315665,-0.013184276367067128,0.03157815770839291,0.02599947528268772,0.01382188099072175,-0.011571542245313675,0.023749219309353947,0.011614149224337292,-0.008092673512592224,0.01796592404897586,-0.007346814896271376,0.025991268517986388,0.011917419497492789,-0.006306861401344097,0.023530149880496933,-0.008523388493516823,-0.010001903339668767,0.017987341652114262,-0.006864140547804592,-0.006407965324933438,0.019768022565724054,0.021122897382799107,-0.007051999611242763,0.01770223473287224,-0.0015223729213279878,0.011951260975130147,0.013889496322230929,0.011715185208310679,0.02999358799223143,0.021819103803556575,-0.004686151784467783,-0.004844496321605783,-0.00334018029555571,-0.0071289208779746465,-0.0030785746002600046,-0.0037997709932171735,0.01797159121168062,-0.009153717820587172,0.019895494623805153,-0.007641818264301913,0.013967251821093415,-0.012480669542324683,0.025384224866680155,0.02164869521109613,-0.004386066324845814,-0.007101337669238128,-0.010118282304774684,-0.006090405430448278,0.02359300144444664,0.01799069540994773,0.02576477472030137,0.017959761842588698,0.021690215653884147,-0.0051523109649549885,-0.0019051078177103858,agent87,-0.8279348869355491
-1,-0.0058150271734187025,-0.004437589583338074,-0.015270671494678752,-0.011090070502129356,-0.004877324405655951,-0.007911309015518835,-0.006933886497132099,0.013780513223755035,0.017998462568957957,-0.0069852114596380185,-0.011690130049661487,0.009926214615414783,-0.006910135901935897,-0.011132492685786751,0.013989319656739494,-0.008208595329589312,0.02199991068725586,0.017966680664501807,-0.0047771965608391816,-0.012613281214710495,0.033208716108570555,-0.008109267385547594,0.017693807702837672,-0.006715259699192605,-0.002968054521118794,-0.004710891086051628,0.013759407038984478,0.02993283662451339,0.01597708661396295,0.021312331055533706,0.0219360549597042,-0.01066523812340868,1,-0.005090223002519584,0.023972221342884188,-0.005006974633128333,-0.011821992576574441,-0.008057191173400164,0.025092366022858206,0.01528392309241316,-0.013580802839393074,0.013913499789375769,0.019819806315216147,0.019489599466129923,0.01595291076740495,-0.0058122228653315665,-0.013184276367067128,0.03157815770839291,0.02599947528268772,0.01382188099072175,-0.011571542245313675,0.023749219309353947,0.011614149224337292,-0.008092673512592224,0.01796592404897586,-0.007346814896271376,0.025991268517986388,0.011917419497492789,-0.006306861401344097,0.02552597489512897,-0.008523388493516823,-0.010001903339668767,0.017987341652114262,-0.006864140547804592,-0.006407965324933438,0.019768022565724054,0.021122897382799107,-0.007051999611242763,0.01770223473287224,-0.0015223729213279878,0.011951260975130147,0.013889496322230929,0.011715185208310679,0.02999358799223143,0.021819103803556575,-0.004686151784467783,-0.004844496321605783,-0.00334018029555571,-0.0071289208779746465,-0.0030785746002600046,-0.0037997709932171735,0.01797159121168062,-0.009153717820587172,0.019895494623805153,-0.007641818264301913,0.013967251821093415,-0.012480669542324683,0.025384224866680155,0.02164869521109613,-0.004386066324845814,-0.007101337669238128,-0.010118282304774684,-0.006090405430448278,0.02359300144444664,0.01799069540994773,0.02576477472030137,0.017959761842588698,0.021690215653884147,-0.0051523109649549885,-0.0019051078177103858,agent59,-0.9086218257135431
-1,-0.0058150271734187025,-0.004437589583338074,-0.015270671494678752,-0.011090070502129356,-0.004877324405655951,-0.007911309015518835,-0.006933886497132099,0.013780513223755035,0.017998462568957957,-0.0069852114596380185,-0.011690130049661487,0.009926214615414783,-0.006910135901935897,-0.011132492685786751,0.013989319656739494,-0.008208595329589312,0.02199991068725586,0.017966680664501807,-0.0047771965608391816,-0.012613281214710495,0.033208716108570555,-0.008109267385547594,0.017693807702837672,-0.006715259699192605,-0.002968054521118794,-0.004710891086051628,0.013759407038984478,0.02993283662451339,0.01597708661396295,0.021312331055533706,0.0219360549597042,-0.01066523812340868,1,-0.005090223002519584,0.023972221342884188,-0.005006974633128333,-0.011821992576574441,-0.008057191173400164,0.025092366022858206,0.01528392309241316,-0.013580802839393074,0.013913499789375769,0.019819806315216147,0.019489599466129923,0.01595291076740495,-0.0058122228653315665,-0.013184276367067128,0.03157815770839291,0.02599947528268772,0.01382188099072175,-0.011571542245313675,0.023749219309353947,0.011614149224337292,-0.008092673512592224,0.01796592404897586,-0.007346814896271376,0.025991268517986388,0.011917419497492789,-0.006306861401344097,0.02552597489512897,-0.008523388493516823,-0.010001903339668767,0.017987341652114262,-0.006864140547804592,-0.006407965324933438,0.019768022565724054,0.021122897382799107,-0.007051999611242763,0.01770223473287224,-0.0015223729213279878,0.011951260975130147,0.013889496322230929,0.011715185208310679,0.02999358799223143,0.021819103803556575,-0.004686151784467783,-0.004844496321605783,-0.00334018029555571,-0.0071289208779746465,-0.0030785746002600046,-0.0037997709932171735,0.01797159121168062,-0.009153717820587172,0.019895494623805153,-0.007641818264301913,0.013967251821093415,-0.012480669542324683,0.025384224866680155,0.02164869521109613,-0.004386066324845814,-0.007101337669238128,-0.010118282304774684,-0.006090405430448278,0.02359300144444664,0.01799069540994773,0.02576477472030137,0.017959761842588698,0.021690215653884147,-0.0051523109649549885,-0.0019051078177103858,agent90,1
-1,-0.0058150271734187025,-0.004437589583338074,-0.015270671494678752,-0.011090070502129356,-0.004877324405655951,-0.007911309015518835,-0.006933886497132099,0.013780513223755035,0.017998462568957957,-0.0069852114596380185,-0.011690130049661487,0.009926214615414783,-0.006910135901935897,-0.011132492685786751,0.013989319656739494,-0.008208595329589312,0.02199991068725586,0.017966680664501807,-0.0047771965608391816,-0.012613281214710495,0.033208716108570555,-0.008109267385547594,0.017693807702837672,-0.006715259699192605,-0.002968054521118794,-0.004710891086051628,0.013759407038984478,0.02993283662451339,0.01597708661396295,0.021312331055533706,0.0219360549597042,-0.01066523812340868,1,-0.005090223002519584,0.023972221342884188,-0.005006974633128333,-0.011821992576574441,-0.008057191173400164,0.025092366022858206,0.01528392309241316,-0.013580802839393074,0.013913499789375769,0.019819806315216147,0.019489599466129923,0.01595291076740495,-0.0058122228653315665,-0.013184276367067128,0.03157815770839291,0.02599947528268772,0.01382188099072175,-0.011571542245313675,0.023749219309353947,0.011614149224337292,-0.008092673512592224,0.01796592404897586,-0.007346814896271376,0.025991268517986388,0.011917419497492789,-0.006306861401344097,0.02552597489512897,-0.008523388493516823,-0.010001903339668767,0.017987341652114262,-0.006864140547804592,-0.006407965324933438,0.019768022565724054,0.021122897382799107,-0.007051999611242763,0.01770223473287224,-0.0015223729213279878,0.011951260975130147,0.013889496322230929,0.011715185208310679,0.02999358799223143,0.021819103803556575,-0.004686151784467783,-0.004844496321605783,-0.00334018029555571,-0.0071289208779746465,-0.0030785746002600046,-0.0037997709932171735,0.01797159121168062,-0.009153717820587172,0.019895494623805153,-0.007641818264301913,0.013967251821093415,-0.012480669542324683,0.025384224866680155,0.02164869521109613,-0.004386066324845814,-0.007101337669238128,-0.010118282304774684,-0.006090405430448278,0.02359300144444664,0.01799069540994773,0.02576477472030137,0.017959761842588698,0.021690215653884147,-0.0051523109649549885,-0.0019051078177103858,agent53,1
-1,-0.0058150271734187025,-0.004437589583338074,-0.015270671494678752,-0.011090070502129356,-0.004877324405655951,-0.007911309015518835,-0.006933886497132099,0.013780513223755035,0.017998462568957957,-0.0069852114596380185,-0.011690130049661487,0.009926214615414783,-0.006910135901935897,-0.011132492685786751,0.013989319656739494,-0.008208595329589312,0.02199991068725586,0.017966680664501807,-0.0047771965608391816,-0.012613281214710495,0.033208716108570555,-0.008109267385547594,0.017693807702837672,-0.006715259699192605,-0.002968054521118794,-0.004710891086051628,0.013759407038984478,0.02993283662451339,0.01597708661396295,0.021312331055533706,0.0219360549597042,-0.01066523812340868,1,-0.005090223002519584,0.023972221342884188,-0.005006974633128333,-0.011821992576574441,-0.008057191173400164,0.025092366022858206,0.01528392309241316,-0.013580802839393074,0.013913499789375769,0.019819806315216147,0.019489599466129923,0.01595291076740495,-0.0058122228653315665,-0.013184276367067128,0.03157815770839291,0.02599947528268772,0.01382188099072175,-0.011571542245313675,0.023749219309353947,0.011614149224337292,-0.008092673512592224,0.01796592404897586,-0.007346814896271376,0.025991268517986388,0.011917419497492789,-0.006306861401344097,0.02552597489512897,-0.008523388493516823,-0.010001903339668767,0.017987341652114262,-0.006864140547804592,-0.006407965324933438,0.019768022565724054,0.021122897382799107,-0.007051999611242763,0.01770223473287224,-0.0015223729213279878,0.011951260975130147,0.013889496322230929,0.011715185208310679,0.02999358799223143,0.021819103803556575,-0.004686151784467783,-0.004844496321605783,-0.00334018029555571,-0.0071289208779746465,-0.0030785746002600046,-0.0037997709932171735,0.01797159121168062,-0.009153717820587172,0.019895494623805153,-0.007641818264301913,0.013967251821093415,-0.012480669542324683,0.025384224866680155,0.02164869521109613,-0.004386066324845814,-0.007101337669238128,-0.010118282304774684,-0.006090405430448278,0.02359300144444664,0.01799069540994773,0.02576477472030137,0.017959761842588698,0.021690215653884147,-0.0051523109649549885,-0.0019051078177103858,agent21,1
-1,-0.0058150271734187025,-0.004437589583338074,-0.015270671494678752,-0.011090070502129356,-0.004877324405655951,-0.007911309015518835,-0.006933886497132099,0.013780513223755035,0.017998462568957957,-0.0069852114596380185,-0.011690130049661487,0.009926214615414783,-0.006910135901935897,-0.011132492685786751,0.013989319656739494,-0.008208595329589312,0.02199991068725586,0.017966680664501807,-0.0047771965608391816,-0.012613281214710495,0.033208716108570555,-0.008109267385547594,0.017693807702837672,-0.006715259699192605,-0.002968054521118794,-0.004710891086051628,0.013759407038984478,0.02993283662451339,0.01597708661396295,0.021312331055533706,0.0219360549597042,-0.01066523812340868,1,-0.005090223002519584,0.023972221342884188,-0.005006974633128333,-0.011821992576574441,-0.008057191173400164,0.025092366022858206,0.01528392309241316,-0.013580802839393074,0.013913499789375769,0.019819806315216147,0.019489599466129923,0.01595291076740495,-0.0058122228653315665,-0.013184276367067128,0.03157815770839291,0.02599947528268772,0.01382188099072175,-0.011571542245313675,0.023749219309353947,0.011614149224337292,-0.008092673512592224,0.01796592404897586,-0.007346814896271376,0.025991268517986388,0.011917419497492789,-0.006306861401344097,0.02552597489512897,-0.008523388493516823,-0.010001903339668767,0.017987341652114262,-0.006864140547804592,-0.006407965324933438,0.019768022565724054,0.021122897382799107,-0.007051999611242763,0.01770223473287224,-0.0015223729213279878,0.011951260975130147,0.013889496322230929,0.011715185208310679,0.02999358799223143,0.021819103803556575,-0.004686151784467783,-0.004844496321605783,-0.00334018029555571,-0.0071289208779746465,-0.0030785746002600046,-0.0037997709932171735,0.01797159121168062,-0.009153717820587172,0.019895494623805153,-0.007641818264301913,0.013967251821093415,-0.012480669542324683,0.025384224866680155,0.02164869521109613,-0.004386066324845814,-0.007101337669238128,-0.010118282304774684,-0.006090405430448278,0.02359300144444664,0.01799069540994773,0.02576477472030137,0.017959761842588698,0.021690215653884147,-0.0051523109649549885,-0.0019051078177103858,agent5,1
-1,-0.0058150271734187025,-0.004437589583338074,-0.015270671494678752,-0.011090070502129356,-0.004877324405655951,-0.007911309015518835,-0.006933886497132099,0.013780513223755035,0.017998462568957957,-0.0069852114596380185,-0.011690130049661487,0.009926214615414783,-0.006910135901935897,-0.011132492685786751,0.013989319656739494,-0.008208595329589312,0.02199991068725586,0.017966680664501807,-0.0047771965608391816,-0.012613281214710495,0.033208716108570555,-0.008109267385547594,0.017693807702837672,-0.006715259699192605,-0.002968054521118794,-0.004710891086051628,0.013759407038984478,0.02993283662451339,0.01597708661396295,0.021312331055533706,0.0219360549597042,-0.01066523812340868,1,-0.005090223002519584,0.023972221342884188,-0.005006974633128333,-0.011821992576574441,-0.008057191173400164,0.025092366022858206,0.01528392309241316,-0.013580802839393074,0.013913499789375769,0.019819806315216147,0.019489599466129923,0.01595291076740495,-0.0058122228653315665,-0.013184276367067128,0.03157815770839291,0.02599947528268772,0.01382188099072175,-0.011571542245313675,0.023749219309353947,0.011614149224337292,-0.008092673512592224,0.01796592404897586,-0.007346814896271376,0.025991268517986388,0.011917419497492789,-0.006306861401344097,0.02552597489512897,-0.008523388493516823,-0.010001903339668767,0.017987341652114262,-0.006864140547804592,-0.006407965324933438,0.019768022565724054,0.021122897382799107,-0.007051999611242763,0.01770223473287224,-0.0015223729213279878,0.011951260975130147,0.013889496322230929,0.011715185208310679,0.02999358799223143,0.021819103803556575,-0.004686151784467783,-0.004844496321605783,-0.00334018029555571,-0.0071289208779746465,-0.0030785746002600046,-0.0037997709932171735,0.01797159121168062,-0.009153717820587172,0.019895494623805153,-0.007641818264301913,0.013967251821093415,-0.012480669542324683,0.025384224866680155,0.02164869521109613,-0.004386066324845814,-0.007101337669238128,-0.010118282304774684,-0.006090405430448278,0.02359300144444664,0.01799069540994773,0.02576477472030137,0.017959761842588698,0.021690215653884147,-0.0051523109649549885,-0.0019051078177103858,agent10,1
