opinion_rating,agent0,agent1,agent2,agent3,agent4,agent5,agent6,agent7,agent8,agent9,agent10,agent11,agent12,agent13,agent14,agent15,agent16,agent17,agent18,agent19,agent20,agent21,agent22,agent23,agent24,agent25,agent26,agent27,agent28,agent29,agent30,agent31,agent32,agent33,agent34,agent35,agent36,agent37,agent38,agent39,agent40,agent41,agent42,agent43,agent44,agent45,agent46,agent47,agent48,agent49,agent50,agent51,agent52,agent53,agent54,agent55,agent56,agent57,agent58,agent59,agent60,agent61,agent62,agent63,agent64,agent65,agent66,agent67,agent68,agent69,agent70,agent71,agent72,agent73,agent74,agent75,agent76,agent77,agent78,agent79,agent80,agent81,agent82,agent83,agent84,agent85,agent86,agent87,agent88,agent89,agent90,agent91,agent92,agent93,agent94,agent95,agent96,agent97,agent98,agent99,tweeter,tweet_rating
-0.3911064519766443,0.0,0.0,0.0,0.0,0.0,0.0,0.0,0.0,0.0,0.0,0.0,0.0,0.0,0.0,0.0,0.0,1,0.0,0.0,0.0,0.0,0.0,0.0,0.0,0.0,0.0,0.0,0.0,0.0,0.0,0.0,0.0,0.0,0.0,0.0,0.0,0.0,0.0,0.0,0.0,0.0,0.0,0.0,0.0,0.0,0.0,0.0,0.0,0.0,0.0,0.0,0.0,0.0,0.0,0.0,0.0,0.0,0.0,0.0,0.0,0.0,0.0,0.0,0.0,0.0,0.0,0.0,0.0,0.0,0.0,0.0,0.0,0.0,0.0,0.0,0.0,0.0,0.0,0.0,0.0,0.0,0.0,0.0,0.0,0.0,0.0,0.0,0.0,0.0,0.0,0.0,0.0,0.0,0.0,0.0,0.0,0.0,0.0,0.0,0.0,,
-0.3901064519766443,0.0,0.0,0.0,0.0,0.0,0.0,0.0,0.0,0.0,0.0,0.0,0.0,0.0,0.0,0.0,0.0,1,0.0,0.0,0.0,0.0,0.0,0.0,0.0,0.0,0.0,0.0,0.0,0.0,0.0,0.0,0.0,0.0,0.0,0.0,0.0,0.0,0.0,0.0,0.0,0.0,0.0,0.0,0.0,0.0,0.0,0.0,0.0019752573015948916,0.0,0.0,0.0,0.0,0.0,0.0,0.0,0.0,0.0,0.0,0.0,0.0,0.0,0.0,0.0,0.0,0.0,0.0,0.0,0.0,0.0,0.0,0.0,0.0,0.0,0.0,0.0,0.0,0.0,0.0,0.0,0.0,0.0,0.0,0.0,0.0,0.0,0.0,0.0,0.0,0.0,0.0,0.0,0.0,0.0,0.0,0.0,0.0,0.0,0.0,0.0,0.0,agent47,-0.16865331801306893
-0.3891064519766443,0.0,0.0,0.0,0.0,0.0,0.0,0.0,0.0,0.0,0.0,0.0,0.0,0.0,0.0,0.0,0.0,1,0.0,0.0,0.0,0.0,0.0,0.0,0.0,0.0,0.0,0.0,0.0,0.0,0.0,0.0,0.0,0.0,0.0,0.0,0.0,0.0,0.0,0.0,0.0,0.0,0.0,0.0,0.0,0.0,0.0,0.0,0.0019752573015948916,0.0,0.0,0.0,0.0,0.0,0.0,0.0,0.0,0.0,0.0,0.0,0.0,0.0,0.0,0.0,0.0,0.0,0.0,0.0,0.0,0.0,0.0,0.0,0.0019772466558247463,0.0,0.0,0.0,0.0,0.0,0.0,0.0,0.0,0.0,0.0,0.0,0.0,0.0,0.0,0.0,0.0,0.0,0.0,0.0,0.0,0.0,0.0,0.0,0.0,0.0,0.0,0.0,0.0,agent71,-0.6034294192129642
-0.3881064519766443,0.0,0.0,0.0,0.0,0.0,0.0,0.0,0.0,0.0,0.0,0.0,0.0,0.0,0.0,0.001998613399002546,0.0,1,0.0,0.0,0.0,0.0,0.0,0.0,0.0,0.0,0.0,0.0,0.0,0.0,0.0,0.0,0.0,0.0,0.0,0.0,0.0,0.0,0.0,0.0,0.0,0.0,0.0,0.0,0.0,0.0,0.0,0.0,0.0019752573015948916,0.0,0.0,0.0,0.0,0.0,0.0,0.0,0.0,0.0,0.0,0.0,0.0,0.0,0.0,0.0,0.0,0.0,0.0,0.0,0.0,0.0,0.0,0.0,0.0019772466558247463,0.0,0.0,0.0,0.0,0.0,0.0,0.0,0.0,0.0,0.0,0.0,0.0,0.0,0.0,0.0,0.0,0.0,0.0,0.0,0.0,0.0,0.0,0.0,0.0,0.0,0.0,0.0,0.0,agent14,-0.3364452518867489
-0.3871064519766443,0.0,0.0,0.0,0.0,0.0,0.0,0.0,0.0,0.0,0.0,0.0,0.0,0.0,0.0,0.001998613399002546,0.0,1,0.0,0.0,0.0,0.0,0.0,0.0,0.0,0.0,0.0,0.0,0.0,0.0,0.0,0.0,0.0,0.0,0.0,0.0,0.0,0.0,0.0,0.0,0.0,0.0,0.0,0.0,0.0,0.0,0.0,0.0,0.0019752573015948916,0.0,0.0,0.0,0.0,0.0,-0.001647030522883332,0.0,0.0,0.0,0.0,0.0,0.0,0.0,0.0,0.0,0.0,0.0,0.0,0.0,0.0,0.0,0.0,0.0,0.0019772466558247463,0.0,0.0,0.0,0.0,0.0,0.0,0.0,0.0,0.0,0.0,0.0,0.0,0.0,0.0,0.0,0.0,0.0,0.0,0.0,0.0,0.0,0.0,0.0,0.0,0.0,0.0,0.0,0.0,agent53,0.4520952822713492
-0.3861064519766443,0.0,0.0,0.0,0.0,0.0,0.0,0.0,0.0,0.0,0.0,0.0,0.0,0.0,0.0,0.001998613399002546,0.0,1,0.0,0.0,0.0,0.0,0.0,0.0,0.0,0.0,0.0,0.0,0.0,0.0,0.0,0.0,0.0,0.0,0.0,0.0,0.0,0.0,0.0,0.0,0.0,0.0,0.0,0.0,0.0,0.0,0.0,0.0,0.0019752573015948916,0.0,0.0,0.0,0.0,0.0,-0.001647030522883332,0.0,0.0,0.0,0.0,0.0,0.0,0.0,0.0,0.0,0.0,0.0,0.0,0.0,0.0,0.0,0.0,0.0,0.0019772466558247463,0.0,0.001999197420934895,0.0,0.0,0.0,0.0,0.0,0.0,0.0,0.0,0.0,0.0,0.0,0.0,0.0,0.0,0.0,0.0,0.0,0.0,0.0,0.0,0.0,0.0,0.0,0.0,0.0,0.0,agent73,-0.42717087672242293
-0.38710809900716714,0.0,0.0,0.0,0.0,0.0,0.0,0.0,0.0,0.0,0.0,0.0,0.0,0.0,0.0,0.001998613399002546,0.0,1,0.0,0.0,0.0,0.0,0.0,0.0,0.0,0.0,0.0,0.0,0.0,0.0,0.0,0.0,0.0,0.0,0.0,0.0,0.0,0.0,0.0,0.0,0.0,0.0,0.0,0.0,0.0,0.0,0.0,0.0,0.0019752573015948916,0.0,0.0,0.0,0.0,0.0,-0.0032949007475009118,0.0,0.0,0.0,0.0,0.0,0.0,0.0,0.0,0.0,0.0,0.0,0.0,0.0,0.0,0.0,0.0,0.0,0.0019772466558247463,0.0,0.001999197420934895,0.0,0.0,0.0,0.0,0.0,0.0,0.0,0.0,0.0,0.0,0.0,0.0,0.0,0.0,0.0,0.0,0.0,0.0,0.0,0.0,0.0,0.0,0.0,0.0,0.0,0.0,agent53,0.4530952822713492
-0.38811007426446875,0.0,0.0,0.0,0.0,0.0,0.0,0.0,0.0,0.0,0.0,0.0,0.0,0.0,0.0,0.001998613399002546,0.0,1,0.0,0.0,0.0,0.0,0.0,0.0,0.0,0.0,0.0,0.0,0.0,0.0,0.0,0.0,0.0,0.0,0.0,0.0,0.0,0.0,0.0,0.0,0.0,0.0,0.0,0.0,0.0,0.0,0.0,0.0,0.003950736592098283,0.0,0.0,0.0,0.0,0.0,-0.0032949007475009118,0.0,0.0,0.0,0.0,0.0,0.0,0.0,0.0,0.0,0.0,0.0,0.0,0.0,0.0,0.0,0.0,0.0,0.0019772466558247463,0.0,0.001999197420934895,0.0,0.0,0.0,0.0,0.0,0.0,0.0,0.0,0.0,0.0,0.0,0.0,0.0,0.0,0.0,0.0,0.0,0.0,0.0,0.0,0.0,0.0,0.0,0.0,0.0,0.0,agent47,-0.16565512658815376
-0.38711007426446875,0.0,0.0,0.0,0.0,0.0,0.0,0.0,0.0,0.0,0.0,0.0,0.0,0.0,0.0,0.001998613399002546,0.0,1,0.0,0.0,0.0,0.0,0.0,0.001966966388311888,0.0,0.0,0.0,0.0,0.0,0.0,0.0,0.0,0.0,0.0,0.0,0.0,0.0,0.0,0.0,0.0,0.0,0.0,0.0,0.0,0.0,0.0,0.0,0.0,0.003950736592098283,0.0,0.0,0.0,0.0,0.0,-0.0032949007475009118,0.0,0.0,0.0,0.0,0.0,0.0,0.0,0.0,0.0,0.0,0.0,0.0,0.0,0.0,0.0,0.0,0.0,0.0019772466558247463,0.0,0.001999197420934895,0.0,0.0,0.0,0.0,0.0,0.0,0.0,0.0,0.0,0.0,0.0,0.0,0.0,0.0,0.0,0.0,0.0,0.0,0.0,0.0,0.0,0.0,0.0,0.0,0.0,0.0,agent22,-0.13107462267028902
-0.38611007426446875,0.0,0.0,0.0,0.0,0.0,0.0,0.0,0.0,0.0,0.0,0.0,0.0,0.0,0.0,0.001998613399002546,0.0,1,0.0,0.0,0.0,0.0,0.0,0.001966966388311888,0.0,0.0,0.0,0.0,0.0,0.0,0.0,0.0,0.0,0.0,0.0,0.0,0.0,0.0,0.0,0.0,0.0,0.0,0.0,0.0,0.0,0.0,0.0,0.0,0.003950736592098283,0.0,0.0,0.0,0.0,0.0,-0.0032949007475009118,0.0,0.0,0.0,0.0,0.0,0.0,0.0,0.0,0.0,0.0,0.0,0.0,0.0,0.0,0.0,0.0,0.0,0.0019772466558247463,0.0,0.001999197420934895,0.0,0.0,0.0,0.0,0.0,0.0,0.0,0.0,0.0,0.0,0.0,0.0,0.0,0.0019373019236979734,0.0,0.0,0.0,0.0,0.0,0.0,0.0,0.0,0.0,0.0,0.0,0.0,agent87,-0.032996882468323836
-0.38511007426446875,0.0,0.0,0.0,0.0,0.0,0.0,0.0,0.0,0.0,0.0,0.0,0.0,0.0,0.0,0.001998613399002546,0.0,1,0.0,0.0,0.0,0.0,0.0,0.001966966388311888,0.0,0.0,0.0,0.0,0.0,0.0019967382595592036,0.0,0.0,0.0,0.0,0.0,0.0,0.0,0.0,0.0,0.0,0.0,0.0,0.0,0.0,0.0,0.0,0.0,0.0,0.003950736592098283,0.0,0.0,0.0,0.0,0.0,-0.0032949007475009118,0.0,0.0,0.0,0.0,0.0,0.0,0.0,0.0,0.0,0.0,0.0,0.0,0.0,0.0,0.0,0.0,0.0,0.0019772466558247463,0.0,0.001999197420934895,0.0,0.0,0.0,0.0,0.0,0.0,0.0,0.0,0.0,0.0,0.0,0.0,0.0,0.0019373019236979734,0.0,0.0,0.0,0.0,0.0,0.0,0.0,0.0,0.0,0.0,0.0,0.0,agent28,-0.3053420058116889
-0.38411007426446875,0.0,0.0,0.0,0.0,0.0,0.0,0.0,0.0,0.0,0.0,0.0,0.0,0.0,0.0,0.001998613399002546,0.0,1,0.0,0.0,0.0,0.0,0.0,0.001966966388311888,0.0,0.0,0.0,0.0,0.0,0.0019967382595592036,0.0,0.0,0.0,0.0,0.0,0.0,0.0,0.0,0.0,0.0,0.0,0.0,0.0,0.0,0.0,0.0,0.0,0.0,0.003950736592098283,0.0,0.0,0.0,0.0,0.0,-0.0032949007475009118,0.0,0.0,0.0,0.0,0.0,0.0,0.0,0.0,0.0,0.0,0.0,0.0,0.0,0.0,0.0,0.0,0.0,0.0019772466558247463,0.0,0.001999197420934895,0.0,0.0,0.0,0.0,0.0,0.0,0.0,0.0,0.0,0.0,0.0,0.0,0.0,0.0019373019236979734,0.0,0.0,0.0,0.0,0.0,0.0,0.0,0.001971634396567589,0.0,0.0,0.0,0.0,agent95,-0.6232932115030695
-0.38311007426446875,0.0,0.0,0.0,0.0,0.0,0.0,0.0,0.0,0.0,0.0,0.0,0.0,0.0,0.0,0.001998613399002546,0.0,1,0.0,0.0,0.0,0.0,0.0,0.001966966388311888,0.0,0.0,0.0,0.0,0.0,0.0019967382595592036,0.0,0.0,0.0,0.0,0.0,0.0,0.0,0.0,0.0,0.0,0.0,0.0,0.0,0.0,0.0,0.0,0.0,0.0,0.003950736592098283,0.0,0.0,0.0,0.0,0.0,-0.0032949007475009118,0.0,-0.0016920571793416078,0.0,0.0,0.0,0.0,0.0,0.0,0.0,0.0,0.0,0.0,0.0,0.0,0.0,0.0,0.0,0.0019772466558247463,0.0,0.001999197420934895,0.0,0.0,0.0,0.0,0.0,0.0,0.0,0.0,0.0,0.0,0.0,0.0,0.0,0.0019373019236979734,0.0,0.0,0.0,0.0,0.0,0.0,0.0,0.001971634396567589,0.0,0.0,0.0,0.0,agent55,0.40067374394076427
-0.38211007426446875,0.0,0.0,0.0,0.0,0.0,0.0,0.0,0.0,0.0,0.0,0.0,0.0,0.0,0.0,0.001998613399002546,0.0,1,0.0,0.0,0.0,0.0,0.0,0.001966966388311888,0.0,0.0,0.0,0.0,0.0,0.0019967382595592036,0.0,0.0,0.0,0.0,0.0,0.0,0.0,0.0,0.0,0.0,0.0,0.0,0.0,0.0,0.0,0.0,0.0,0.0,0.003950736592098283,0.0,0.0,0.0,0.0,0.0,-0.0032949007475009118,0.0,-0.0016920571793416078,0.0,0.0,0.0,0.0,0.0,0.0,0.0,0.0,0.0,0.0,0.0,0.0,0.0,0.0,0.0,0.0019772466558247463,0.0,0.001999197420934895,0.0,0.0,0.0,0.0,0.0,0.0,-0.0014593764139710116,0.0,0.0,0.0,0.0,0.0,0.0,0.0019373019236979734,0.0,0.0,0.0,0.0,0.0,0.0,0.0,0.001971634396567589,0.0,0.0,0.0,0.0,agent80,0.6567202830813712
-0.38111007426446875,0.0,0.0,0.0,0.0,0.0,0.0,0.0,0.0,0.0,0.0,0.0,0.0,0.0,0.0,0.001998613399002546,0.0,1,0.0,0.0,0.0,0.0,0.0,0.001966966388311888,0.0,0.0,0.0,0.0,0.0,0.0019967382595592036,0.0,0.0,0.0,0.0,0.0,0.0,0.0,0.0,0.0,0.0,0.0,0.0,0.0,0.0,0.0,0.0,0.0,0.0,0.003950736592098283,0.0,0.0,0.0,0.0,0.0,-0.0032949007475009118,0.0,-0.0016920571793416078,0.0,0.0,0.0,0.0,0.0,0.0,0.0,0.0,0.0,0.0,0.0,0.0,0.0,0.0,0.0,0.0019772466558247463,0.0,0.001999197420934895,0.0,0.0,0.0,0.0,0.0,0.0,-0.0014593764139710116,0.0,-0.0013015866980146335,0.0,0.0,0.0,0.0,0.0019373019236979734,0.0,0.0,0.0,0.0,0.0,0.0,0.0,0.001971634396567589,0.0,0.0,0.0,0.0,agent82,0.799764116997331
-0.38011007426446874,0.0,0.0,0.0,0.0,0.0,0.0,0.0,0.0,0.0,0.0,0.0,0.0,0.0,0.0,0.001998613399002546,0.0,1,0.0,0.0,0.0,0.0,0.0,0.001966966388311888,-0.0014310738820284537,0.0,0.0,0.0,0.0,0.0019967382595592036,0.0,0.0,0.0,0.0,0.0,0.0,0.0,0.0,0.0,0.0,0.0,0.0,0.0,0.0,0.0,0.0,0.0,0.0,0.003950736592098283,0.0,0.0,0.0,0.0,0.0,-0.0032949007475009118,0.0,-0.0016920571793416078,0.0,0.0,0.0,0.0,0.0,0.0,0.0,0.0,0.0,0.0,0.0,0.0,0.0,0.0,0.0,0.0019772466558247463,0.0,0.001999197420934895,0.0,0.0,0.0,0.0,0.0,0.0,-0.0014593764139710116,0.0,-0.0013015866980146335,0.0,0.0,0.0,0.0,0.0019373019236979734,0.0,0.0,0.0,0.0,0.0,0.0,0.0,0.001971634396567589,0.0,0.0,0.0,0.0,agent23,0.6855914940961917
-0.37911007426446874,0.0,0.0,0.0,0.0,0.0,0.0,0.0,0.0,0.0,0.0,0.0,0.0,0.0,0.0,0.001998613399002546,0.0,1,0.0,0.0,0.0,0.0,0.0,0.001966966388311888,-0.0014310738820284537,0.0,0.0,0.0,0.0,0.0019967382595592036,0.0,0.0,0.0,0.0,0.0,0.0,0.0,0.0,0.0,0.0,0.0,0.0,0.0,0.0,0.0,0.0,0.0,0.0,0.003950736592098283,0.0,0.0,0.0,0.0019768091906067543,0.0,-0.0032949007475009118,0.0,-0.0016920571793416078,0.0,0.0,0.0,0.0,0.0,0.0,0.0,0.0,0.0,0.0,0.0,0.0,0.0,0.0,0.0,0.0019772466558247463,0.0,0.001999197420934895,0.0,0.0,0.0,0.0,0.0,0.0,-0.0014593764139710116,0.0,-0.0013015866980146335,0.0,0.0,0.0,0.0,0.0019373019236979734,0.0,0.0,0.0,0.0,0.0,0.0,0.0,0.001971634396567589,0.0,0.0,0.0,0.0,agent51,-0.16474615252618985
-0.37811007426446874,0.0,0.0,0.0,0.0,0.0,0.0,0.0,0.0,0.0,0.0,0.0,0.0,0.0,0.0,0.001998613399002546,0.0,1,0.0,0.0,0.0,0.0,0.0,0.001966966388311888,-0.0014310738820284537,0.0,0.0,0.0,0.0,0.0019967382595592036,0.0,0.0,0.0,0.0,0.0,0.0,0.0,0.0,0.0,0.0,0.0,0.0,0.0,0.0,0.0,0.0,0.0,0.0,0.003950736592098283,0.0,0.0,0.0,0.0019768091906067543,0.0,-0.0032949007475009118,0.0,-0.0016920571793416078,0.0,0.0,0.0,0.0,0.0,0.0,0.0,0.0,0.0,0.001960234400610413,0.0,0.0,0.0,0.0,0.0,0.0019772466558247463,0.0,0.001999197420934895,0.0,0.0,0.0,0.0,0.0,0.0,-0.0014593764139710116,0.0,-0.0013015866980146335,0.0,0.0,0.0,0.0,0.0019373019236979734,0.0,0.0,0.0,0.0,0.0,0.0,0.0,0.001971634396567589,0.0,0.0,0.0,0.0,agent65,-0.6611228377684899
-0.37711007426446874,0.0,0.0,0.0,0.0,0.0,0.0,0.0,0.0,0.0,0.0,0.0,0.0,0.0,0.0,0.001998613399002546,0.0,1,0.0,0.0,-0.001247875489556204,0.0,0.0,0.001966966388311888,-0.0014310738820284537,0.0,0.0,0.0,0.0,0.0019967382595592036,0.0,0.0,0.0,0.0,0.0,0.0,0.0,0.0,0.0,0.0,0.0,0.0,0.0,0.0,0.0,0.0,0.0,0.0,0.003950736592098283,0.0,0.0,0.0,0.0019768091906067543,0.0,-0.0032949007475009118,0.0,-0.0016920571793416078,0.0,0.0,0.0,0.0,0.0,0.0,0.0,0.0,0.0,0.001960234400610413,0.0,0.0,0.0,0.0,0.0,0.0019772466558247463,0.0,0.001999197420934895,0.0,0.0,0.0,0.0,0.0,0.0,-0.0014593764139710116,0.0,-0.0013015866980146335,0.0,0.0,0.0,0.0,0.0019373019236979734,0.0,0.0,0.0,0.0,0.0,0.0,0.0,0.001971634396567589,0.0,0.0,0.0,0.0,agent19,0.8483682259461758
-0.37611007426446874,0.0,0.0,0.0,0.0,0.0,0.0,0.0,0.0,0.0,0.0,0.0,0.0,0.0,0.0,0.001998613399002546,0.0,1,0.0,0.0,-0.001247875489556204,0.0,0.0,0.001966966388311888,-0.0014310738820284537,0.0,0.0,0.0,0.0,0.0019967382595592036,0.0,0.0,0.0,0.0,0.0,0.0,0.0,0.0,0.0,0.0,0.0,0.0,0.0,0.0,0.0,0.0,0.0,0.0,0.003950736592098283,0.001999990949165531,0.0,0.0,0.0019768091906067543,0.0,-0.0032949007475009118,0.0,-0.0016920571793416078,0.0,0.0,0.0,0.0,0.0,0.0,0.0,0.0,0.0,0.001960234400610413,0.0,0.0,0.0,0.0,0.0,0.0019772466558247463,0.0,0.001999197420934895,0.0,0.0,0.0,0.0,0.0,0.0,-0.0014593764139710116,0.0,-0.0013015866980146335,0.0,0.0,0.0,0.0,0.0019373019236979734,0.0,0.0,0.0,0.0,0.0,0.0,0.0,0.001971634396567589,0.0,0.0,0.0,0.0,agent48,-0.37285546864960173
-0.37511007426446874,0.0,0.0,0.0,0.0,0.0,0.0,0.0,0.0,0.0,0.0,0.0,0.0,0.0,0.0,0.001998613399002546,0.0,1,0.0,0.0,-0.001247875489556204,0.0,0.0,0.001966966388311888,-0.0014310738820284537,0.0,0.0,0.0,0.0,0.0019967382595592036,0.0,0.0,0.0,0.0,0.0,0.0,0.0,0.0,0.0,0.0,0.0,0.0,0.0,0.0,0.0,0.0,0.0,0.0,0.003950736592098283,0.001999990949165531,0.0,0.0,0.0019768091906067543,0.0,-0.0032949007475009118,0.0,-0.0016920571793416078,0.0,0.0,0.0,0.0,0.0,0.0,0.0,0.0,0.0,0.001960234400610413,0.0,0.0,0.0,0.0,0.0,0.0019772466558247463,0.0,0.001999197420934895,0.0,0.0,0.0,0.0,0.0,0.0,-0.0014593764139710116,0.0,-0.0013015866980146335,0.0,0.0,0.0,0.0,0.0019373019236979734,0.0,0.0,0.0,0.0,-0.0013970813392681775,0.0,0.0,0.001971634396567589,0.0,0.0,0.0,0.0,agent92,0.7219961689850836
-0.37411007426446874,0.0,0.0,0.0,0.0,0.0,0.0,0.0,0.0,0.0,0.0,0.0,0.0,0.0,0.0,0.001998613399002546,0.0,1,0.0,-0.0010545361418281838,-0.001247875489556204,0.0,0.0,0.001966966388311888,-0.0014310738820284537,0.0,0.0,0.0,0.0,0.0019967382595592036,0.0,0.0,0.0,0.0,0.0,0.0,0.0,0.0,0.0,0.0,0.0,0.0,0.0,0.0,0.0,0.0,0.0,0.0,0.003950736592098283,0.001999990949165531,0.0,0.0,0.0019768091906067543,0.0,-0.0032949007475009118,0.0,-0.0016920571793416078,0.0,0.0,0.0,0.0,0.0,0.0,0.0,0.0,0.0,0.001960234400610413,0.0,0.0,0.0,0.0,0.0,0.0019772466558247463,0.0,0.001999197420934895,0.0,0.0,0.0,0.0,0.0,0.0,-0.0014593764139710116,0.0,-0.0013015866980146335,0.0,0.0,0.0,0.0,0.0019373019236979734,0.0,0.0,0.0,0.0,-0.0013970813392681775,0.0,0.0,0.001971634396567589,0.0,0.0,0.0,0.0,agent18,1
-0.37311007426446874,0.0,0.0,0.0,0.0,0.0,0.0,0.0,0.0,0.0,0.0,0.0,0.0,0.0,0.0,0.001998613399002546,0.0,1,0.0,-0.0010545361418281838,-0.001247875489556204,0.0,0.0,0.001966966388311888,-0.0014310738820284537,0.0,0.0,0.0,0.0,0.0019967382595592036,0.0,0.0,0.0,0.0,0.0,0.0,0.0,0.0,0.0,0.0,0.0,0.0,0.0,0.0,0.0,0.0,0.0,0.0,0.003950736592098283,0.001999990949165531,0.0,0.0,0.0019768091906067543,0.0,-0.0032949007475009118,0.0,-0.0016920571793416078,0.0,0.0,0.0,0.0,-0.0017361951482007922,0.0,0.0,0.0,0.0,0.001960234400610413,0.0,0.0,0.0,0.0,0.0,0.0019772466558247463,0.0,0.001999197420934895,0.0,0.0,0.0,0.0,0.0,0.0,-0.0014593764139710116,0.0,-0.0013015866980146335,0.0,0.0,0.0,0.0,0.0019373019236979734,0.0,0.0,0.0,0.0,-0.0013970813392681775,0.0,0.0,0.001971634396567589,0.0,0.0,0.0,0.0,agent60,0.3522573971977492
-0.37411205107365936,0.0,0.0,0.0,0.0,0.0,0.0,0.0,0.0,0.0,0.0,0.0,0.0,0.0,0.0,0.001998613399002546,0.0,1,0.0,-0.0010545361418281838,-0.001247875489556204,0.0,0.0,0.001966966388311888,-0.0014310738820284537,0.0,0.0,0.0,0.0,0.0019967382595592036,0.0,0.0,0.0,0.0,0.0,0.0,0.0,0.0,0.0,0.0,0.0,0.0,0.0,0.0,0.0,0.0,0.0,0.0,0.003950736592098283,0.001999990949165531,0.0,0.0,0.0039538332451352475,0.0,-0.0032949007475009118,0.0,-0.0016920571793416078,0.0,0.0,0.0,0.0,-0.0017361951482007922,0.0,0.0,0.0,0.0,0.001960234400610413,0.0,0.0,0.0,0.0,0.0,0.0019772466558247463,0.0,0.001999197420934895,0.0,0.0,0.0,0.0,0.0,0.0,-0.0014593764139710116,0.0,-0.0013015866980146335,0.0,0.0,0.0,0.0,0.0019373019236979734,0.0,0.0,0.0,0.0,-0.0013970813392681775,0.0,0.0,0.001971634396567589,0.0,0.0,0.0,0.0,agent51,-0.15874615252618984
-0.37311205107365936,0.0,0.0,0.0,0.0,0.0,0.0,0.0,0.0,0.0,0.0,0.0,0.0,0.0,0.0,0.001998613399002546,-0.0010559080355470706,1,0.0,-0.0010545361418281838,-0.001247875489556204,0.0,0.0,0.001966966388311888,-0.0014310738820284537,0.0,0.0,0.0,0.0,0.0019967382595592036,0.0,0.0,0.0,0.0,0.0,0.0,0.0,0.0,0.0,0.0,0.0,0.0,0.0,0.0,0.0,0.0,0.0,0.0,0.003950736592098283,0.001999990949165531,0.0,0.0,0.0039538332451352475,0.0,-0.0032949007475009118,0.0,-0.0016920571793416078,0.0,0.0,0.0,0.0,-0.0017361951482007922,0.0,0.0,0.0,0.0,0.001960234400610413,0.0,0.0,0.0,0.0,0.0,0.0019772466558247463,0.0,0.001999197420934895,0.0,0.0,0.0,0.0,0.0,0.0,-0.0014593764139710116,0.0,-0.0013015866980146335,0.0,0.0,0.0,0.0,0.0019373019236979734,0.0,0.0,0.0,0.0,-0.0013970813392681775,0.0,0.0,0.001971634396567589,0.0,0.0,0.0,0.0,agent15,1
-0.37211205107365936,0.0,0.0,0.0,0.0,0.0,0.0,0.0,0.0,0.0,0.0,0.0,0.0,0.0,0.0,0.001998613399002546,-0.0010559080355470706,1,0.0,-0.0010545361418281838,-0.001247875489556204,0.0,0.0,0.001966966388311888,-0.0014310738820284537,0.0,0.0,0.0,0.0,0.0019967382595592036,0.0,0.0,0.0,0.0,0.0,0.0,0.0,0.0,0.0,0.0,0.0,0.0,0.0,0.0,0.0,0.0,0.0,0.0,0.003950736592098283,0.001999990949165531,0.0,0.0,0.0039538332451352475,0.0,-0.0032949007475009118,0.0,-0.0016920571793416078,0.0,0.0,0.0,0.0019623741139972793,-0.0017361951482007922,0.0,0.0,0.0,0.0,0.001960234400610413,0.0,0.0,0.0,0.0,0.0,0.0019772466558247463,0.0,0.001999197420934895,0.0,0.0,0.0,0.0,0.0,0.0,-0.0014593764139710116,0.0,-0.0013015866980146335,0.0,0.0,0.0,0.0,0.0019373019236979734,0.0,0.0,0.0,0.0,-0.0013970813392681775,0.0,0.0,0.001971634396567589,0.0,0.0,0.0,0.0,agent59,-0.09879148675985944
-0.37111205107365935,0.0,0.0,-0.001709713041918388,0.0,0.0,0.0,0.0,0.0,0.0,0.0,0.0,0.0,0.0,0.0,0.001998613399002546,-0.0010559080355470706,1,0.0,-0.0010545361418281838,-0.001247875489556204,0.0,0.0,0.001966966388311888,-0.0014310738820284537,0.0,0.0,0.0,0.0,0.0019967382595592036,0.0,0.0,0.0,0.0,0.0,0.0,0.0,0.0,0.0,0.0,0.0,0.0,0.0,0.0,0.0,0.0,0.0,0.0,0.003950736592098283,0.001999990949165531,0.0,0.0,0.0039538332451352475,0.0,-0.0032949007475009118,0.0,-0.0016920571793416078,0.0,0.0,0.0,0.0019623741139972793,-0.0017361951482007922,0.0,0.0,0.0,0.0,0.001960234400610413,0.0,0.0,0.0,0.0,0.0,0.0019772466558247463,0.0,0.001999197420934895,0.0,0.0,0.0,0.0,0.0,0.0,-0.0014593764139710116,0.0,-0.0013015866980146335,0.0,0.0,0.0,0.0,0.0019373019236979734,0.0,0.0,0.0,0.0,-0.0013970813392681775,0.0,0.0,0.001971634396567589,0.0,0.0,0.0,0.0,agent2,0.38984196076906563
-0.37011205107365935,0.0,0.0,-0.001709713041918388,0.0,0.0,0.0,0.0,0.0,0.0,0.0,0.0,0.0,0.0,0.0,0.001998613399002546,-0.0010559080355470706,1,0.0,-0.0010545361418281838,-0.001247875489556204,0.0,0.0,0.001966966388311888,-0.0014310738820284537,0.0,0.0,0.0,0.0,0.0019967382595592036,0.0,0.0,0.0,0.0,0.0,0.0,0.0,0.0,0.0,0.0,0.0,0.0,0.0,0.0,0.0,0.0,0.0,0.0,0.003950736592098283,0.001999990949165531,0.0,0.0,0.0039538332451352475,0.0,-0.0032949007475009118,0.0,-0.0016920571793416078,0.0,0.0,0.0,0.0019623741139972793,-0.0017361951482007922,0.0,0.0,0.0,0.0,0.001960234400610413,0.0,0.0,0.0,0.0,0.0,0.0019772466558247463,0.0,0.001999197420934895,0.0,0.0,0.0,0.0,0.0,0.0,-0.0014593764139710116,0.0,-0.0013015866980146335,0.0,0.0,0.0,0.0,0.0019373019236979734,0.0,0.0,0.0,0.0,-0.0013970813392681775,0.0,0.0,0.001971634396567589,0.0,0.0019556267639318286,0.0,0.0,agent97,-0.6690155121753105
-0.36911205107365935,0.0,0.0,-0.001709713041918388,0.0,0.0,0.0,0.0,0.0,0.0,0.0,0.0,0.0,0.0,0.0,0.001998613399002546,-0.0010559080355470706,1,0.0,-0.0010545361418281838,-0.001247875489556204,0.0,0.0,0.001966966388311888,-0.0014310738820284537,0.0,0.0,0.0,0.0,0.0019967382595592036,0.0,0.0,0.0,0.0,0.0,0.0,0.0,0.0,0.0,0.0,0.0,0.0,0.0,0.0,0.0,0.0,0.0,0.0,0.003950736592098283,0.001999990949165531,0.0,0.0,0.0039538332451352475,0.0,-0.0032949007475009118,0.0,-0.0016920571793416078,0.0,0.0,0.0,0.0019623741139972793,-0.0017361951482007922,0.0,0.001998674558406731,0.0,0.0,0.001960234400610413,0.0,0.0,0.0,0.0,0.0,0.0019772466558247463,0.0,0.001999197420934895,0.0,0.0,0.0,0.0,0.0,0.0,-0.0014593764139710116,0.0,-0.0013015866980146335,0.0,0.0,0.0,0.0,0.0019373019236979734,0.0,0.0,0.0,0.0,-0.0013970813392681775,0.0,0.0,0.001971634396567589,0.0,0.0019556267639318286,0.0,0.0,agent62,-0.31862532281736317
-0.36911205107365935,0.0,0.0,-0.001709713041918388,0.0,0.0,0.0,0.0,0.0,0.0,0.0,0.0,0.0,0.0,0.0,0.001998613399002546,-0.0010559080355470706,1,0.0,-0.0010545361418281838,-0.001247875489556204,0.0,0.0,0.001966966388311888,-0.0014310738820284537,0.0,0.0,0.0,0.0,0.0019967382595592036,0.0,0.0,0.0,0.0,0.0,0.0,0.0,0.0,0.0,0.0,0.0,0.0,0.0,0.0,0.0,0.0,0.0,0.0,0.003950736592098283,0.001999990949165531,0.0,0.0,0.0039538332451352475,0.0,-0.0032949007475009118,0.0,-0.0016920571793416078,0.0,0.0,0.0,0.0019623741139972793,-0.0017361951482007922,0.0,0.001998674558406731,0.0,0.0,0.001960234400610413,0.0,0.0,0.0,0.0,0.0,0.0019772466558247463,0.0,0.001999197420934895,0.0,0.0,0.0,0.0,0.0,0.0,-0.0014593764139710116,0.0,-0.0013015866980146335,0.0,0.0,0.0,0.0,0.0019373019236979734,0.0,0.0,0.0,0.0,-0.0013970813392681775,0.0,0.0,0.001971634396567589,0.0,0.0019556267639318286,0.0,0.0,agent16,-0.36911205107365935
-0.37011348214754136,0.0,0.0,-0.001709713041918388,0.0,0.0,0.0,0.0,0.0,0.0,0.0,0.0,0.0,0.0,0.0,0.001998613399002546,-0.0010559080355470706,1,0.0,-0.0010545361418281838,-0.001247875489556204,0.0,0.0,0.001966966388311888,-0.0028600084972666513,0.0,0.0,0.0,0.0,0.0019967382595592036,0.0,0.0,0.0,0.0,0.0,0.0,0.0,0.0,0.0,0.0,0.0,0.0,0.0,0.0,0.0,0.0,0.0,0.0,0.003950736592098283,0.001999990949165531,0.0,0.0,0.0039538332451352475,0.0,-0.0032949007475009118,0.0,-0.0016920571793416078,0.0,0.0,0.0,0.0019623741139972793,-0.0017361951482007922,0.0,0.001998674558406731,0.0,0.0,0.001960234400610413,0.0,0.0,0.0,0.0,0.0,0.0019772466558247463,0.0,0.001999197420934895,0.0,0.0,0.0,0.0,0.0,0.0,-0.0014593764139710116,0.0,-0.0013015866980146335,0.0,0.0,0.0,0.0,0.0019373019236979734,0.0,0.0,0.0,0.0,-0.0013970813392681775,0.0,0.0,0.001971634396567589,0.0,0.0019556267639318286,0.0,0.0,agent23,0.699593132559135
-0.37111548213849055,0.0,0.0,-0.001709713041918388,0.0,0.0,0.0,0.0,0.0,0.0,0.0,0.0,0.0,0.0,0.0,0.001998613399002546,-0.0010559080355470706,1,0.0,-0.0010545361418281838,-0.001247875489556204,0.0,0.0,0.001966966388311888,-0.0028600084972666513,0.0,0.0,0.0,0.0,0.0019967382595592036,0.0,0.0,0.0,0.0,0.0,0.0,0.0,0.0,0.0,0.0,0.0,0.0,0.0,0.0,0.0,0.0,0.0,0.0,0.003950736592098283,0.003999981898354193,0.0,0.0,0.0039538332451352475,0.0,-0.0032949007475009118,0.0,-0.0016920571793416078,0.0,0.0,0.0,0.0019623741139972793,-0.0017361951482007922,0.0,0.001998674558406731,0.0,0.0,0.001960234400610413,0.0,0.0,0.0,0.0,0.0,0.0019772466558247463,0.0,0.001999197420934895,0.0,0.0,0.0,0.0,0.0,0.0,-0.0014593764139710116,0.0,-0.0013015866980146335,0.0,0.0,0.0,0.0,0.0019373019236979734,0.0,0.0,0.0,0.0,-0.0013970813392681775,0.0,0.0,0.001971634396567589,0.0,0.0019556267639318286,0.0,0.0,agent48,-0.36585888196925576
-0.37011548213849055,0.0,0.0,-0.001709713041918388,0.0,0.0,0.0,0.0,0.0,0.0,0.0,0.0,0.0,0.0,0.0,0.001998613399002546,-0.0010559080355470706,1,0.0,-0.0010545361418281838,-0.001247875489556204,0.0,0.0,0.001966966388311888,-0.0028600084972666513,0.0,0.0,0.0,0.0,0.0019967382595592036,0.0,0.0,0.0,0.0,0.0,0.0,0.0,0.0,0.0,0.0,0.0,0.0,0.0,0.0,0.0,0.0,0.0,0.0,0.003950736592098283,0.003999981898354193,0.0,0.0,0.0039538332451352475,0.0,-0.0032949007475009118,0.0,-0.0016920571793416078,0.0,0.0,0.0,0.0019623741139972793,-0.0017361951482007922,0.0,0.001998674558406731,0.0,0.0,0.001960234400610413,0.0,0.0,0.0,0.0,0.0,0.0019772466558247463,0.0,0.001999197420934895,0.0,0.0,0.0,0.0,0.0,0.0,-0.0014593764139710116,0.0,-0.0013015866980146335,0.0,0.0,0.0,0.0,0.0019373019236979734,0.0,0.0,-0.0013886450937778366,0.0,-0.0013970813392681775,0.0,0.0,0.001971634396567589,0.0,0.0019556267639318286,0.0,0.0,agent90,0.7346466136327141
-0.37111687921982983,0.0,0.0,-0.001709713041918388,0.0,0.0,0.0,0.0,0.0,0.0,0.0,0.0,0.0,0.0,0.0,0.001998613399002546,-0.0010559080355470706,1,0.0,-0.0010545361418281838,-0.001247875489556204,0.0,0.0,0.001966966388311888,-0.0028600084972666513,0.0,0.0,0.0,0.0,0.0019967382595592036,0.0,0.0,0.0,0.0,0.0,0.0,0.0,0.0,0.0,0.0,0.0,0.0,0.0,0.0,0.0,0.0,0.0,0.0,0.003950736592098283,0.003999981898354193,0.0,0.0,0.0039538332451352475,0.0,-0.0032949007475009118,0.0,-0.0016920571793416078,0.0,0.0,0.0,0.0019623741139972793,-0.0017361951482007922,0.0,0.001998674558406731,0.0,0.0,0.001960234400610413,0.0,0.0,0.0,0.0,0.0,0.0019772466558247463,0.0,0.001999197420934895,0.0,0.0,0.0,0.0,0.0,0.0,-0.0014593764139710116,0.0,-0.0013015866980146335,0.0,0.0,0.0,0.0,0.0019373019236979734,0.0,0.0,-0.0013886450937778366,0.0,-0.0027875445367785312,0.0,0.0,0.001971634396567589,0.0,0.0019556267639318286,0.0,0.0,agent92,0.7340011806192511
-0.37011687921982983,0.0,0.0,-0.001709713041918388,0.0,0.0,0.0,0.0,0.0,0.0,0.0,0.0,0.0,0.0,0.0,0.001998613399002546,-0.0010559080355470706,1,0.0,-0.0010545361418281838,-0.001247875489556204,0.0,-0.0017212889468303497,0.001966966388311888,-0.0028600084972666513,0.0,0.0,0.0,0.0,0.0019967382595592036,0.0,0.0,0.0,0.0,0.0,0.0,0.0,0.0,0.0,0.0,0.0,0.0,0.0,0.0,0.0,0.0,0.0,0.0,0.003950736592098283,0.003999981898354193,0.0,0.0,0.0039538332451352475,0.0,-0.0032949007475009118,0.0,-0.0016920571793416078,0.0,0.0,0.0,0.0019623741139972793,-0.0017361951482007922,0.0,0.001998674558406731,0.0,0.0,0.001960234400610413,0.0,0.0,0.0,0.0,0.0,0.0019772466558247463,0.0,0.001999197420934895,0.0,0.0,0.0,0.0,0.0,0.0,-0.0014593764139710116,0.0,-0.0013015866980146335,0.0,0.0,0.0,0.0,0.0019373019236979734,0.0,0.0,-0.0013886450937778366,0.0,-0.0027875445367785312,0.0,0.0,0.001971634396567589,0.0,0.0019556267639318286,0.0,0.0,agent21,0.37549018365816134
-0.36911687921982983,0.0,0.0,-0.001709713041918388,0.0,0.0,0.0,0.0,0.0,0.0,0.0,0.0,0.0,0.0,0.0,0.001998613399002546,-0.0010559080355470706,1,0.0,-0.0010545361418281838,-0.001247875489556204,0.0,-0.0017212889468303497,0.001966966388311888,-0.0028600084972666513,0.0,0.0,0.0,0.0,0.0019967382595592036,0.0,0.0,0.0,0.0,0.0,0.001996770147824311,0.0,0.0,0.0,0.0,0.0,0.0,0.0,0.0,0.0,0.0,0.0,0.0,0.003950736592098283,0.003999981898354193,0.0,0.0,0.0039538332451352475,0.0,-0.0032949007475009118,0.0,-0.0016920571793416078,0.0,0.0,0.0,0.0019623741139972793,-0.0017361951482007922,0.0,0.001998674558406731,0.0,0.0,0.001960234400610413,0.0,0.0,0.0,0.0,0.0,0.0019772466558247463,0.0,0.001999197420934895,0.0,0.0,0.0,0.0,0.0,0.0,-0.0014593764139710116,0.0,-0.0013015866980146335,0.0,0.0,0.0,0.0,0.0019373019236979734,0.0,0.0,-0.0013886450937778366,0.0,-0.0027875445367785312,0.0,0.0,0.001971634396567589,0.0,0.0019556267639318286,0.0,0.0,agent34,-0.4504891651856912
-0.36811687921982983,0.0,0.0,-0.001709713041918388,0.0,0.0,0.0,0.0,0.0,0.0,0.0,0.0,0.0,0.0,0.0,0.001998613399002546,-0.0010559080355470706,1,0.0,-0.0010545361418281838,-0.001247875489556204,0.0,-0.0017212889468303497,0.001966966388311888,-0.0028600084972666513,0.0,0.0,0.0,0.0,0.0019967382595592036,0.0,0.0,0.0,0.0,0.0,0.001996770147824311,0.0,0.0,0.0,0.0,0.0018166113470287613,0.0,0.0,0.0,0.0,0.0,0.0,0.0,0.003950736592098283,0.003999981898354193,0.0,0.0,0.0039538332451352475,0.0,-0.0032949007475009118,0.0,-0.0016920571793416078,0.0,0.0,0.0,0.0019623741139972793,-0.0017361951482007922,0.0,0.001998674558406731,0.0,0.0,0.001960234400610413,0.0,0.0,0.0,0.0,0.0,0.0019772466558247463,0.0,0.001999197420934895,0.0,0.0,0.0,0.0,0.0,0.0,-0.0014593764139710116,0.0,-0.0013015866980146335,0.0,0.0,0.0,0.0,0.0019373019236979734,0.0,0.0,-0.0013886450937778366,0.0,-0.0027875445367785312,0.0,0.0,0.001971634396567589,0.0,0.0019556267639318286,0.0,0.0,agent39,-0.9747383005239951
-0.36911818080652786,0.0,0.0,-0.001709713041918388,0.0,0.0,0.0,0.0,0.0,0.0,0.0,0.0,0.0,0.0,0.0,0.001998613399002546,-0.0010559080355470706,1,0.0,-0.0010545361418281838,-0.001247875489556204,0.0,-0.0017212889468303497,0.001966966388311888,-0.0028600084972666513,0.0,0.0,0.0,0.0,0.0019967382595592036,0.0,0.0,0.0,0.0,0.0,0.001996770147824311,0.0,0.0,0.0,0.0,0.0018166113470287613,0.0,0.0,0.0,0.0,0.0,0.0,0.0,0.003950736592098283,0.003999981898354193,0.0,0.0,0.0039538332451352475,0.0,-0.0032949007475009118,0.0,-0.0016920571793416078,0.0,0.0,0.0,0.0019623741139972793,-0.0017361951482007922,0.0,0.001998674558406731,0.0,0.0,0.001960234400610413,0.0,0.0,0.0,0.0,0.0,0.0019772466558247463,0.0,0.001999197420934895,0.0,0.0,0.0,0.0,0.0,0.0,-0.0014593764139710116,0.0,-0.0025936701764600707,0.0,0.0,0.0,0.0,0.0019373019236979734,0.0,0.0,-0.0013886450937778366,0.0,-0.0027875445367785312,0.0,0.0,0.001971634396567589,0.0,0.0019556267639318286,0.0,0.0,agent82,0.8217709487325056
-0.36811818080652786,0.0,0.0,-0.001709713041918388,0.0,0.0,0.0,0.0,0.0,0.0,0.0,0.0,0.0,0.0,0.0,0.001998613399002546,-0.0010559080355470706,1,0.0,-0.0010545361418281838,-0.001247875489556204,0.0,-0.0017212889468303497,0.001966966388311888,-0.0028600084972666513,0.0,0.0,0.0,0.0,0.0019967382595592036,0.0,0.0,0.0,0.0,0.0,0.001996770147824311,0.0,0.0,0.0,0.0,0.0018166113470287613,0.0,0.0,0.0,0.0,0.0,0.0,0.0,0.003950736592098283,0.003999981898354193,0.0,-0.0017773830030490048,0.0039538332451352475,0.0,-0.0032949007475009118,0.0,-0.0016920571793416078,0.0,0.0,0.0,0.0019623741139972793,-0.0017361951482007922,0.0,0.001998674558406731,0.0,0.0,0.001960234400610413,0.0,0.0,0.0,0.0,0.0,0.0019772466558247463,0.0,0.001999197420934895,0.0,0.0,0.0,0.0,0.0,0.0,-0.0014593764139710116,0.0,-0.0025936701764600707,0.0,0.0,0.0,0.0,0.0019373019236979734,0.0,0.0,-0.0013886450937778366,0.0,-0.0027875445367785312,0.0,0.0,0.001971634396567589,0.0,0.0019556267639318286,0.0,0.0,agent50,0.29814038519468156
-0.36711818080652786,0.0,0.0,-0.001709713041918388,0.0,0.0,0.0,0.0,0.0,0.0,0.0,0.0,0.0,0.0,0.0,0.001998613399002546,-0.0010559080355470706,1,0.0,-0.0010545361418281838,-0.001247875489556204,0.0,-0.0017212889468303497,0.001966966388311888,-0.0028600084972666513,0.0,0.0,0.0,0.0,0.0019967382595592036,0.0,0.0,0.0,0.0,0.0,0.001996770147824311,0.0,0.0,0.0,0.0,0.0018166113470287613,0.0,0.0,0.0,0.0,0.0,0.0,0.0,0.003950736592098283,0.003999981898354193,0.0,-0.0017773830030490048,0.0039538332451352475,0.0,-0.0032949007475009118,0.0,-0.0016920571793416078,0.0,0.0,0.0,0.0019623741139972793,-0.0017361951482007922,0.0,0.001998674558406731,0.0,0.0,0.001960234400610413,0.0,0.0,0.0,0.0,0.0,0.0019772466558247463,0.0,0.001999197420934895,0.0,0.0,0.0,0.0,0.0,0.0,-0.0014593764139710116,0.0,-0.0025936701764600707,0.001979449882216973,0.0,0.0,0.0,0.0019373019236979734,0.0,0.0,-0.0013886450937778366,0.0,-0.0027875445367785312,0.0,0.0,0.001971634396567589,0.0,0.0019556267639318286,0.0,0.0,agent83,-0.5708501111136557
-0.36611818080652786,0.0,0.0,-0.001709713041918388,0.0,0.0,0.0,0.0,0.0,0.0,0.0,0.0,0.0,0.0,0.0,0.001998613399002546,-0.0010559080355470706,1,0.0,-0.0010545361418281838,-0.001247875489556204,0.0,-0.0017212889468303497,0.001966966388311888,-0.0028600084972666513,0.0,0.0,0.0,0.0,0.0019967382595592036,0.0,0.0,0.0,0.0,0.0,0.001996770147824311,0.0,0.0,0.0,0.0,0.0018166113470287613,0.0,0.0,0.0,0.0,0.0,0.0,0.0,0.003950736592098283,0.003999981898354193,0.0,-0.0017773830030490048,0.0039538332451352475,0.0,-0.0032949007475009118,0.0,-0.0016920571793416078,0.0,0.0,0.0,0.0019623741139972793,-0.0017361951482007922,0.0,0.001998674558406731,0.0,0.0,0.001960234400610413,0.0,0.0,0.0,0.0,0.0,0.0019772466558247463,0.0,0.001999197420934895,0.0,0.0,0.0,0.0,0.0,0.0,-0.0014593764139710116,0.001996025113806187,-0.0025936701764600707,0.001979449882216973,0.0,0.0,0.0,0.0019373019236979734,0.0,0.0,-0.0013886450937778366,0.0,-0.0027875445367785312,0.0,0.0,0.001971634396567589,0.0,0.0019556267639318286,0.0,0.0,agent81,-0.2779566847018414
-0.36712015244092444,0.0,0.0,-0.001709713041918388,0.0,0.0,0.0,0.0,0.0,0.0,0.0,0.0,0.0,0.0,0.0,0.001998613399002546,-0.0010559080355470706,1,0.0,-0.0010545361418281838,-0.001247875489556204,0.0,-0.0017212889468303497,0.001966966388311888,-0.0028600084972666513,0.0,0.0,0.0,0.0,0.0019967382595592036,0.0,0.0,0.0,0.0,0.0,0.001996770147824311,0.0,0.0,0.0,0.0,0.0018166113470287613,0.0,0.0,0.0,0.0,0.0,0.0,0.0,0.003950736592098283,0.003999981898354193,0.0,-0.0017773830030490048,0.0039538332451352475,0.0,-0.0032949007475009118,0.0,-0.0016920571793416078,0.0,0.0,0.0,0.0019623741139972793,-0.0017361951482007922,0.0,0.001998674558406731,0.0,0.0,0.001960234400610413,0.0,0.0,0.0,0.0,0.0,0.0019772466558247463,0.0,0.001999197420934895,0.0,0.0,0.0,0.0,0.0,0.0,-0.0014593764139710116,0.001996025113806187,-0.0025936701764600707,0.001979449882216973,0.0,0.0,0.0,0.0019373019236979734,0.0,0.0,-0.0013886450937778366,0.0,-0.0027875445367785312,0.0,0.0,0.003943269030369942,0.0,0.0019556267639318286,0.0,0.0,agent95,-0.6043003220247466
-0.3681221492110723,0.0,0.0,-0.001709713041918388,0.0,0.0,0.0,0.0,0.0,0.0,0.0,0.0,0.0,0.0,0.0,0.001998613399002546,-0.0010559080355470706,1,0.0,-0.0010545361418281838,-0.001247875489556204,0.0,-0.0017212889468303497,0.001966966388311888,-0.0028600084972666513,0.0,0.0,0.0,0.0,0.0019967382595592036,0.0,0.0,0.0,0.0,0.0,0.003993459430150076,0.0,0.0,0.0,0.0,0.0018166113470287613,0.0,0.0,0.0,0.0,0.0,0.0,0.0,0.003950736592098283,0.003999981898354193,0.0,-0.0017773830030490048,0.0039538332451352475,0.0,-0.0032949007475009118,0.0,-0.0016920571793416078,0.0,0.0,0.0,0.0019623741139972793,-0.0017361951482007922,0.0,0.001998674558406731,0.0,0.0,0.001960234400610413,0.0,0.0,0.0,0.0,0.0,0.0019772466558247463,0.0,0.001999197420934895,0.0,0.0,0.0,0.0,0.0,0.0,-0.0014593764139710116,0.001996025113806187,-0.0025936701764600707,0.001979449882216973,0.0,0.0,0.0,0.0019373019236979734,0.0,0.0,-0.0013886450937778366,0.0,-0.0027875445367785312,0.0,0.0,0.003943269030369942,0.0,0.0019556267639318286,0.0,0.0,agent34,-0.4484923549948092
-0.3691238589241142,0.0,0.0,-0.0034101945671150165,0.0,0.0,0.0,0.0,0.0,0.0,0.0,0.0,0.0,0.0,0.0,0.001998613399002546,-0.0010559080355470706,1,0.0,-0.0010545361418281838,-0.001247875489556204,0.0,-0.0017212889468303497,0.001966966388311888,-0.0028600084972666513,0.0,0.0,0.0,0.0,0.0019967382595592036,0.0,0.0,0.0,0.0,0.0,0.003993459430150076,0.0,0.0,0.0,0.0,0.0018166113470287613,0.0,0.0,0.0,0.0,0.0,0.0,0.0,0.003950736592098283,0.003999981898354193,0.0,-0.0017773830030490048,0.0039538332451352475,0.0,-0.0032949007475009118,0.0,-0.0016920571793416078,0.0,0.0,0.0,0.0019623741139972793,-0.0017361951482007922,0.0,0.001998674558406731,0.0,0.0,0.001960234400610413,0.0,0.0,0.0,0.0,0.0,0.0019772466558247463,0.0,0.001999197420934895,0.0,0.0,0.0,0.0,0.0,0.0,-0.0014593764139710116,0.001996025113806187,-0.0025936701764600707,0.001979449882216973,0.0,0.0,0.0,0.0019373019236979734,0.0,0.0,-0.0013886450937778366,0.0,-0.0027875445367785312,0.0,0.0,0.003943269030369942,0.0,0.0019556267639318286,0.0,0.0,agent2,0.40585262402558997
-0.3681238589241142,0.0,0.0,-0.0034101945671150165,0.0,0.0,0.0,0.0,0.0,0.0,0.0,0.0,0.0,0.0,0.0,0.001998613399002546,-0.0010559080355470706,1,0.0,-0.0010545361418281838,-0.001247875489556204,0.0,-0.0017212889468303497,0.001966966388311888,-0.0028600084972666513,0.0,0.0,0.0,0.0,0.0019967382595592036,0.0,0.0,0.0,0.0,0.0,0.003993459430150076,0.0,0.0,0.0,0.0,0.0018166113470287613,0.0,0.0,0.0,0.0,0.0,0.0,0.0,0.003950736592098283,0.003999981898354193,0.0,-0.0017773830030490048,0.0039538332451352475,0.0,-0.0032949007475009118,0.0,-0.0016920571793416078,0.0,0.0,-0.0016433700502195446,0.0019623741139972793,-0.0017361951482007922,0.0,0.001998674558406731,0.0,0.0,0.001960234400610413,0.0,0.0,0.0,0.0,0.0,0.0019772466558247463,0.0,0.001999197420934895,0.0,0.0,0.0,0.0,0.0,0.0,-0.0014593764139710116,0.001996025113806187,-0.0025936701764600707,0.001979449882216973,0.0,0.0,0.0,0.0019373019236979734,0.0,0.0,-0.0013886450937778366,0.0,-0.0027875445367785312,0.0,0.0,0.003943269030369942,0.0,0.0019556267639318286,0.0,0.0,agent58,0.47542329758102203
-0.3671238589241142,0.0,0.0,-0.0034101945671150165,0.0,0.0,0.0,0.0,0.0,0.0,0.0,0.0,0.0,0.0,0.0,0.001998613399002546,-0.0010559080355470706,1,0.0,-0.0010545361418281838,-0.001247875489556204,0.0,-0.0017212889468303497,0.001966966388311888,-0.0028600084972666513,0.0,0.0,0.0,0.0,0.0019967382595592036,0.0,0.0,0.0,0.0,0.0,0.003993459430150076,0.0,0.0,0.0,0.0,0.0018166113470287613,0.0,0.0,0.0,0.0,0.0,0.0,0.0,0.003950736592098283,0.003999981898354193,0.0,-0.0017773830030490048,0.0039538332451352475,0.0,-0.0032949007475009118,0.0,-0.0016920571793416078,0.0,0.0,-0.0016433700502195446,0.0019623741139972793,-0.0017361951482007922,0.0,0.001998674558406731,-0.001833773777101207,0.0,0.001960234400610413,0.0,0.0,0.0,0.0,0.0,0.0019772466558247463,0.0,0.001999197420934895,0.0,0.0,0.0,0.0,0.0,0.0,-0.0014593764139710116,0.001996025113806187,-0.0025936701764600707,0.001979449882216973,0.0,0.0,0.0,0.0019373019236979734,0.0,0.0,-0.0013886450937778366,0.0,-0.0027875445367785312,0.0,0.0,0.003943269030369942,0.0,0.0019556267639318286,0.0,0.0,agent63,0.2084630346119651
-0.36812664646865095,0.0,0.0,-0.0034101945671150165,0.0,0.0,0.0,0.0,0.0,0.0,0.0,0.0,0.0,0.0,0.0,0.001998613399002546,-0.0010559080355470706,1,0.0,-0.0010545361418281838,-0.001247875489556204,0.0,-0.0017212889468303497,0.001966966388311888,-0.0028600084972666513,0.0,0.0,0.0,0.0,0.0019967382595592036,0.0,0.0,0.0,0.0,0.0,0.003993459430150076,0.0,0.0,0.0,0.0,0.0018166113470287613,0.0,0.0,0.0,0.0,0.0,0.0,0.0,0.003950736592098283,0.003999981898354193,0.0,-0.0017773830030490048,0.0039538332451352475,0.0,-0.0032949007475009118,0.0,-0.0016920571793416078,0.0,0.0,-0.0016433700502195446,0.0019623741139972793,-0.0017361951482007922,0.0,0.001998674558406731,-0.001833773777101207,0.0,0.001960234400610413,0.0,0.0,0.0,0.0,0.0,0.0019772466558247463,0.0,0.001999197420934895,0.0,0.0,0.0,0.0,0.0,0.0,-0.0014593764139710116,0.001996025113806187,-0.0025936701764600707,0.001979449882216973,0.0,0.0,0.0,0.0019373019236979734,0.0,0.0,-0.0013886450937778366,0.0,-0.004168013798123572,0.0,0.0,0.003943269030369942,0.0,0.0019556267639318286,0.0,0.0,agent92,0.7460075247453595
-0.36712664646865095,0.0,0.0,-0.0034101945671150165,0.0,0.0,0.0,0.0,0.0,0.0,0.0,0.0,0.0,0.0,0.0,0.001998613399002546,-0.0010559080355470706,1,0.0,-0.0010545361418281838,-0.001247875489556204,0.0,-0.0017212889468303497,0.001966966388311888,-0.0028600084972666513,0.0,0.0,0.0,0.0,0.0019967382595592036,0.0,0.0,0.0,0.0,0.0,0.003993459430150076,0.0,0.0,0.0,0.0018245934949410719,0.0018166113470287613,0.0,0.0,0.0,0.0,0.0,0.0,0.0,0.003950736592098283,0.003999981898354193,0.0,-0.0017773830030490048,0.0039538332451352475,0.0,-0.0032949007475009118,0.0,-0.0016920571793416078,0.0,0.0,-0.0016433700502195446,0.0019623741139972793,-0.0017361951482007922,0.0,0.001998674558406731,-0.001833773777101207,0.0,0.001960234400610413,0.0,0.0,0.0,0.0,0.0,0.0019772466558247463,0.0,0.001999197420934895,0.0,0.0,0.0,0.0,0.0,0.0,-0.0014593764139710116,0.001996025113806187,-0.0025936701764600707,0.001979449882216973,0.0,0.0,0.0,0.0019373019236979734,0.0,0.0,-0.0013886450937778366,0.0,-0.004168013798123572,0.0,0.0,0.003943269030369942,0.0,0.0019556267639318286,0.0,0.0,agent38,-0.9604213451768671
-0.3681286237153068,0.0,0.0,-0.0034101945671150165,0.0,0.0,0.0,0.0,0.0,0.0,0.0,0.0,0.0,0.0,0.0,0.001998613399002546,-0.0010559080355470706,1,0.0,-0.0010545361418281838,-0.001247875489556204,0.0,-0.0017212889468303497,0.001966966388311888,-0.0028600084972666513,0.0,0.0,0.0,0.0,0.0019967382595592036,0.0,0.0,0.0,0.0,0.0,0.003993459430150076,0.0,0.0,0.0,0.0018245934949410719,0.0018166113470287613,0.0,0.0,0.0,0.0,0.0,0.0,0.0,0.003950736592098283,0.003999981898354193,0.0,-0.0017773830030490048,0.0039538332451352475,0.0,-0.0032949007475009118,0.0,-0.0016920571793416078,0.0,0.0,-0.0016433700502195446,0.0019623741139972793,-0.0017361951482007922,0.0,0.001998674558406731,-0.001833773777101207,0.0,0.001960234400610413,0.0,0.0,0.0,0.0,0.0,0.003954493702631344,0.0,0.001999197420934895,0.0,0.0,0.0,0.0,0.0,0.0,-0.0014593764139710116,0.001996025113806187,-0.0025936701764600707,0.001979449882216973,0.0,0.0,0.0,0.0019373019236979734,0.0,0.0,-0.0013886450937778366,0.0,-0.004168013798123572,0.0,0.0,0.003943269030369942,0.0,0.0019556267639318286,0.0,0.0,agent71,-0.5804477808806106
-0.36912967962334237,0.0,0.0,-0.0034101945671150165,0.0,0.0,0.0,0.0,0.0,0.0,0.0,0.0,0.0,0.0,0.0,0.001998613399002546,-0.002120020070032501,1,0.0,-0.0010545361418281838,-0.001247875489556204,0.0,-0.0017212889468303497,0.001966966388311888,-0.0028600084972666513,0.0,0.0,0.0,0.0,0.0019967382595592036,0.0,0.0,0.0,0.0,0.0,0.003993459430150076,0.0,0.0,0.0,0.0018245934949410719,0.0018166113470287613,0.0,0.0,0.0,0.0,0.0,0.0,0.0,0.003950736592098283,0.003999981898354193,0.0,-0.0017773830030490048,0.0039538332451352475,0.0,-0.0032949007475009118,0.0,-0.0016920571793416078,0.0,0.0,-0.0016433700502195446,0.0019623741139972793,-0.0017361951482007922,0.0,0.001998674558406731,-0.001833773777101207,0.0,0.001960234400610413,0.0,0.0,0.0,0.0,0.0,0.003954493702631344,0.0,0.001999197420934895,0.0,0.0,0.0,0.0,0.0,0.0,-0.0014593764139710116,0.001996025113806187,-0.0025936701764600707,0.001979449882216973,0.0,0.0,0.0,0.0019373019236979734,0.0,0.0,-0.0013886450937778366,0.0,-0.004168013798123572,0.0,0.0,0.003943269030369942,0.0,0.0019556267639318286,0.0,0.0,agent15,1
-0.36812967962334237,0.0,0.0,-0.0034101945671150165,0.0,0.0,0.0,0.0,0.0,0.0,-0.00166760485741008,0.0,0.0,0.0,0.0,0.001998613399002546,-0.002120020070032501,1,0.0,-0.0010545361418281838,-0.001247875489556204,0.0,-0.0017212889468303497,0.001966966388311888,-0.0028600084972666513,0.0,0.0,0.0,0.0,0.0019967382595592036,0.0,0.0,0.0,0.0,0.0,0.003993459430150076,0.0,0.0,0.0,0.0018245934949410719,0.0018166113470287613,0.0,0.0,0.0,0.0,0.0,0.0,0.0,0.003950736592098283,0.003999981898354193,0.0,-0.0017773830030490048,0.0039538332451352475,0.0,-0.0032949007475009118,0.0,-0.0016920571793416078,0.0,0.0,-0.0016433700502195446,0.0019623741139972793,-0.0017361951482007922,0.0,0.001998674558406731,-0.001833773777101207,0.0,0.001960234400610413,0.0,0.0,0.0,0.0,0.0,0.003954493702631344,0.0,0.001999197420934895,0.0,0.0,0.0,0.0,0.0,0.0,-0.0014593764139710116,0.001996025113806187,-0.0025936701764600707,0.001979449882216973,0.0,0.0,0.0,0.0019373019236979734,0.0,0.0,-0.0013886450937778366,0.0,-0.004168013798123572,0.0,0.0,0.003943269030369942,0.0,0.0019556267639318286,0.0,0.0,agent9,0.44621704734613554
-0.36712967962334236,0.0,0.0,-0.0034101945671150165,0.0,0.0,0.0,0.0,0.0,0.0,-0.00166760485741008,0.0,0.0,0.0,0.0,0.001998613399002546,-0.002120020070032501,1,0.0,-0.0010545361418281838,-0.001247875489556204,0.0,-0.0017212889468303497,0.001966966388311888,-0.0028600084972666513,0.0,0.0,0.0,0.0,0.0019967382595592036,0.0,0.0,0.0,0.0,0.0,0.003993459430150076,0.0,0.0,-0.0013151911946112595,0.0018245934949410719,0.0018166113470287613,0.0,0.0,0.0,0.0,0.0,0.0,0.0,0.003950736592098283,0.003999981898354193,0.0,-0.0017773830030490048,0.0039538332451352475,0.0,-0.0032949007475009118,0.0,-0.0016920571793416078,0.0,0.0,-0.0016433700502195446,0.0019623741139972793,-0.0017361951482007922,0.0,0.001998674558406731,-0.001833773777101207,0.0,0.001960234400610413,0.0,0.0,0.0,0.0,0.0,0.003954493702631344,0.0,0.001999197420934895,0.0,0.0,0.0,0.0,0.0,0.0,-0.0014593764139710116,0.001996025113806187,-0.0025936701764600707,0.001979449882216973,0.0,0.0,0.0,0.0019373019236979734,0.0,0.0,-0.0013886450937778366,0.0,-0.004168013798123572,0.0,0.0,0.003943269030369942,0.0,0.0019556267639318286,0.0,0.0,agent37,0.8021769514684758
-0.36612967962334236,0.0,0.0,-0.0034101945671150165,0.0,0.0,0.0,0.0,0.0,0.0,-0.00166760485741008,0.0,0.0,0.0,0.0,0.001998613399002546,-0.002120020070032501,1,0.0,-0.0010545361418281838,-0.001247875489556204,0.0,-0.0017212889468303497,0.001966966388311888,-0.0028600084972666513,0.0,0.0,0.0,0.0,0.0019967382595592036,0.0,0.0,0.0,0.0,0.0,0.003993459430150076,0.0,0.0,-0.0013151911946112595,0.0018245934949410719,0.0018166113470287613,0.0,0.0,0.0,0.0,0.0,0.0,0.0,0.003950736592098283,0.003999981898354193,0.001972349244276269,-0.0017773830030490048,0.0039538332451352475,0.0,-0.0032949007475009118,0.0,-0.0016920571793416078,0.0,0.0,-0.0016433700502195446,0.0019623741139972793,-0.0017361951482007922,0.0,0.001998674558406731,-0.001833773777101207,0.0,0.001960234400610413,0.0,0.0,0.0,0.0,0.0,0.003954493702631344,0.0,0.001999197420934895,0.0,0.0,0.0,0.0,0.0,0.0,-0.0014593764139710116,0.001996025113806187,-0.0025936701764600707,0.001979449882216973,0.0,0.0,0.0,0.0019373019236979734,0.0,0.0,-0.0013886450937778366,0.0,-0.004168013798123572,0.0,0.0,0.003943269030369942,0.0,0.0019556267639318286,0.0,0.0,agent49,-0.1319669456550062
-0.36512967962334236,0.0,0.0,-0.0034101945671150165,0.0,0.0,0.0,0.0,0.0,0.0,-0.00166760485741008,0.0,0.0,0.0,0.0,0.001998613399002546,-0.002120020070032501,1,0.0,-0.0010545361418281838,-0.001247875489556204,0.0,-0.0017212889468303497,0.001966966388311888,-0.0028600084972666513,0.0,0.0,0.0,0.0,0.0019967382595592036,0.0,0.0019917834680472832,0.0,0.0,0.0,0.003993459430150076,0.0,0.0,-0.0013151911946112595,0.0018245934949410719,0.0018166113470287613,0.0,0.0,0.0,0.0,0.0,0.0,0.0,0.003950736592098283,0.003999981898354193,0.001972349244276269,-0.0017773830030490048,0.0039538332451352475,0.0,-0.0032949007475009118,0.0,-0.0016920571793416078,0.0,0.0,-0.0016433700502195446,0.0019623741139972793,-0.0017361951482007922,0.0,0.001998674558406731,-0.001833773777101207,0.0,0.001960234400610413,0.0,0.0,0.0,0.0,0.0,0.003954493702631344,0.0,0.001999197420934895,0.0,0.0,0.0,0.0,0.0,0.0,-0.0014593764139710116,0.001996025113806187,-0.0025936701764600707,0.001979449882216973,0.0,0.0,0.0,0.0019373019236979734,0.0,0.0,-0.0013886450937778366,0.0,-0.004168013798123572,0.0,0.0,0.003943269030369942,0.0,0.0019556267639318286,0.0,0.0,agent30,-0.49432119223409865
-0.366131639857743,0.0,0.0,-0.0034101945671150165,0.0,0.0,0.0,0.0,0.0,0.0,-0.00166760485741008,0.0,0.0,0.0,0.0,0.001998613399002546,-0.002120020070032501,1,0.0,-0.0010545361418281838,-0.001247875489556204,0.0,-0.0017212889468303497,0.001966966388311888,-0.0028600084972666513,0.0,0.0,0.0,0.0,0.0019967382595592036,0.0,0.0019917834680472832,0.0,0.0,0.0,0.003993459430150076,0.0,0.0,-0.0013151911946112595,0.0018245934949410719,0.0018166113470287613,0.0,0.0,0.0,0.0,0.0,0.0,0.0,0.003950736592098283,0.003999981898354193,0.001972349244276269,-0.0017773830030490048,0.0039538332451352475,0.0,-0.0032949007475009118,0.0,-0.0016920571793416078,0.0,0.0,-0.0016433700502195446,0.0019623741139972793,-0.0017361951482007922,0.0,0.001998674558406731,-0.001833773777101207,0.0,0.003920469523771989,0.0,0.0,0.0,0.0,0.0,0.003954493702631344,0.0,0.001999197420934895,0.0,0.0,0.0,0.0,0.0,0.0,-0.0014593764139710116,0.001996025113806187,-0.0025936701764600707,0.001979449882216973,0.0,0.0,0.0,0.0019373019236979734,0.0,0.0,-0.0013886450937778366,0.0,-0.004168013798123572,0.0,0.0,0.003943269030369942,0.0,0.0019556267639318286,0.0,0.0,agent65,-0.6471398809935215
-0.365131639857743,0.0,0.0,-0.0034101945671150165,0.0,0.0,0.0,0.0,0.0,0.0,-0.00166760485741008,0.0,0.0,0.0,0.0,0.001998613399002546,-0.002120020070032501,1,0.0,-0.0010545361418281838,-0.001247875489556204,0.0,-0.0017212889468303497,0.001966966388311888,-0.0028600084972666513,0.0,0.0,0.0,0.0,0.0019967382595592036,0.0,0.0019917834680472832,0.0,0.0,0.0,0.003993459430150076,0.0,0.0,-0.0013151911946112595,0.0018245934949410719,0.0018166113470287613,0.0,0.0,0.0,0.0,0.0,0.0,0.0,0.003950736592098283,0.003999981898354193,0.001972349244276269,-0.0017773830030490048,0.0039538332451352475,0.0,-0.0032949007475009118,0.0,-0.0016920571793416078,0.0,0.0,-0.0016433700502195446,0.0019623741139972793,-0.0017361951482007922,0.0,0.001998674558406731,-0.001833773777101207,0.0,0.003920469523771989,0.0,0.0,0.0,0.0,0.0,0.003954493702631344,0.0,0.001999197420934895,0.0,0.0,0.0,0.0,0.0,0.0,-0.0014593764139710116,0.001996025113806187,-0.0025936701764600707,0.001979449882216973,0.0,0.0,-0.0018191129134028834,0.0019373019236979734,0.0,0.0,-0.0013886450937778366,0.0,-0.004168013798123572,0.0,0.0,0.003943269030369942,0.0,0.0019556267639318286,0.0,0.0,agent86,0.23534502069878532
-0.3661330285028368,0.0,0.0,-0.0034101945671150165,0.0,0.0,0.0,0.0,0.0,0.0,-0.00166760485741008,0.0,0.0,0.0,0.0,0.001998613399002546,-0.002120020070032501,1,0.0,-0.0010545361418281838,-0.001247875489556204,0.0,-0.0017212889468303497,0.001966966388311888,-0.0028600084972666513,0.0,0.0,0.0,0.0,0.0019967382595592036,0.0,0.0019917834680472832,0.0,0.0,0.0,0.003993459430150076,0.0,0.0,-0.0013151911946112595,0.0018245934949410719,0.0018166113470287613,0.0,0.0,0.0,0.0,0.0,0.0,0.0,0.003950736592098283,0.003999981898354193,0.001972349244276269,-0.0017773830030490048,0.0039538332451352475,0.0,-0.0032949007475009118,0.0,-0.0016920571793416078,0.0,0.0,-0.0016433700502195446,0.0019623741139972793,-0.0017361951482007922,0.0,0.001998674558406731,-0.001833773777101207,0.0,0.003920469523771989,0.0,0.0,0.0,0.0,0.0,0.003954493702631344,0.0,0.001999197420934895,0.0,0.0,0.0,0.0,0.0,0.0,-0.0014593764139710116,0.001996025113806187,-0.0025936701764600707,0.001979449882216973,0.0,0.0,-0.0018191129134028834,0.0019373019236979734,0.0,0.0,-0.00275831107053088,0.0,-0.004168013798123572,0.0,0.0,0.003943269030369942,0.0,0.0019556267639318286,0.0,0.0,agent90,0.7576631083014713
-0.3671348622766139,0.0,0.0,-0.0034101945671150165,0.0,0.0,0.0,0.0,0.0,0.0,-0.00166760485741008,0.0,0.0,0.0,0.0,0.001998613399002546,-0.002120020070032501,1,0.0,-0.0010545361418281838,-0.001247875489556204,0.0,-0.0017212889468303497,0.001966966388311888,-0.0028600084972666513,0.0,0.0,0.0,0.0,0.0019967382595592036,0.0,0.0019917834680472832,0.0,0.0,0.0,0.003993459430150076,0.0,0.0,-0.0013151911946112595,0.0018245934949410719,0.0018166113470287613,0.0,0.0,0.0,0.0,0.0,0.0,0.0,0.003950736592098283,0.003999981898354193,0.001972349244276269,-0.0017773830030490048,0.0039538332451352475,0.0,-0.0032949007475009118,0.0,-0.0016920571793416078,0.0,0.0,-0.0016433700502195446,0.0019623741139972793,-0.0017361951482007922,0.0,0.001998674558406731,-0.003662306203757337,0.0,0.003920469523771989,0.0,0.0,0.0,0.0,0.0,0.003954493702631344,0.0,0.001999197420934895,0.0,0.0,0.0,0.0,0.0,0.0,-0.0014593764139710116,0.001996025113806187,-0.0025936701764600707,0.001979449882216973,0.0,0.0,-0.0018191129134028834,0.0019373019236979734,0.0,0.0,-0.00275831107053088,0.0,-0.004168013798123572,0.0,0.0,0.003943269030369942,0.0,0.0019556267639318286,0.0,0.0,agent63,0.2194736199291465
-0.36813652988147133,0.0,0.0,-0.0034101945671150165,0.0,0.0,0.0,0.0,0.0,0.0,-0.0033311118416208723,0.0,0.0,0.0,0.0,0.001998613399002546,-0.002120020070032501,1,0.0,-0.0010545361418281838,-0.001247875489556204,0.0,-0.0017212889468303497,0.001966966388311888,-0.0028600084972666513,0.0,0.0,0.0,0.0,0.0019967382595592036,0.0,0.0019917834680472832,0.0,0.0,0.0,0.003993459430150076,0.0,0.0,-0.0013151911946112595,0.0018245934949410719,0.0018166113470287613,0.0,0.0,0.0,0.0,0.0,0.0,0.0,0.003950736592098283,0.003999981898354193,0.001972349244276269,-0.0017773830030490048,0.0039538332451352475,0.0,-0.0032949007475009118,0.0,-0.0016920571793416078,0.0,0.0,-0.0016433700502195446,0.0019623741139972793,-0.0017361951482007922,0.0,0.001998674558406731,-0.003662306203757337,0.0,0.003920469523771989,0.0,0.0,0.0,0.0,0.0,0.003954493702631344,0.0,0.001999197420934895,0.0,0.0,0.0,0.0,0.0,0.0,-0.0014593764139710116,0.001996025113806187,-0.0025936701764600707,0.001979449882216973,0.0,0.0,-0.0018191129134028834,0.0019373019236979734,0.0,0.0,-0.00275831107053088,0.0,-0.004168013798123572,0.0,0.0,0.003943269030369942,0.0,0.0019556267639318286,0.0,0.0,agent9,0.4532223962262994
-0.36913825117041815,0.0,0.0,-0.0034101945671150165,0.0,0.0,0.0,0.0,0.0,0.0,-0.0033311118416208723,0.0,0.0,0.0,0.0,0.001998613399002546,-0.002120020070032501,1,0.0,-0.0010545361418281838,-0.001247875489556204,0.0,-0.0034266469015856414,0.001966966388311888,-0.0028600084972666513,0.0,0.0,0.0,0.0,0.0019967382595592036,0.0,0.0019917834680472832,0.0,0.0,0.0,0.003993459430150076,0.0,0.0,-0.0013151911946112595,0.0018245934949410719,0.0018166113470287613,0.0,0.0,0.0,0.0,0.0,0.0,0.0,0.003950736592098283,0.003999981898354193,0.001972349244276269,-0.0017773830030490048,0.0039538332451352475,0.0,-0.0032949007475009118,0.0,-0.0016920571793416078,0.0,0.0,-0.0016433700502195446,0.0019623741139972793,-0.0017361951482007922,0.0,0.001998674558406731,-0.003662306203757337,0.0,0.003920469523771989,0.0,0.0,0.0,0.0,0.0,0.003954493702631344,0.0,0.001999197420934895,0.0,0.0,0.0,0.0,0.0,0.0,-0.0014593764139710116,0.001996025113806187,-0.0025936701764600707,0.001979449882216973,0.0,0.0,-0.0018191129134028834,0.0019373019236979734,0.0,0.0,-0.00275831107053088,0.0,-0.004168013798123572,0.0,0.0,0.003943269030369942,0.0,0.0019556267639318286,0.0,0.0,agent21,0.3995118860547675
-0.36813825117041815,0.0,0.0,-0.0034101945671150165,0.0,0.0,0.0,0.0,0.0,0.0,-0.0033311118416208723,0.0,0.0,0.0,0.0,0.001998613399002546,-0.002120020070032501,1,0.0,-0.0010545361418281838,-0.001247875489556204,0.0,-0.0034266469015856414,0.001966966388311888,-0.0028600084972666513,0.0,0.0,0.0,0.0,0.0019967382595592036,0.0,0.0019917834680472832,0.0,0.0,0.0,0.003993459430150076,0.0,0.0,-0.0013151911946112595,0.0018245934949410719,0.0018166113470287613,0.0,0.0,0.0,0.0,0.0,0.0,0.0,0.003950736592098283,0.003999981898354193,0.001972349244276269,-0.0017773830030490048,0.0039538332451352475,0.0,-0.0032949007475009118,0.0,-0.0016920571793416078,0.0,0.0,-0.0016433700502195446,0.0019623741139972793,-0.0017361951482007922,0.0,0.001998674558406731,-0.003662306203757337,0.0,0.003920469523771989,0.0,0.0,0.0,0.0,0.0,0.003954493702631344,0.0,0.001999197420934895,0.0,0.0,0.0,0.0,0.0,0.0,-0.0014593764139710116,0.001996025113806187,-0.0025936701764600707,0.001979449882216973,0.0,0.0,-0.0018191129134028834,0.0019373019236979734,0.0,0.0,-0.00275831107053088,-0.0018544235886886963,-0.004168013798123572,0.0,0.0,0.003943269030369942,0.0,0.0019556267639318286,0.0,0.0,agent91,0.17044753683979963
-0.36713825117041815,0.0,0.0,-0.0034101945671150165,0.0,0.0,0.0,0.0,0.0,0.0,-0.0033311118416208723,0.0,0.0,0.0,0.0,0.001998613399002546,-0.002120020070032501,1,0.0,-0.0010545361418281838,-0.001247875489556204,0.0,-0.0034266469015856414,0.001966966388311888,-0.0028600084972666513,0.0,0.0,0.0,0.0,0.0019967382595592036,0.0,0.0019917834680472832,0.0,0.0,0.0,0.003993459430150076,0.0,0.0,-0.0013151911946112595,0.0018245934949410719,0.0018166113470287613,0.0,0.0,0.0,0.0,0.0,0.0,0.0,0.003950736592098283,0.003999981898354193,0.001972349244276269,-0.0017773830030490048,0.0039538332451352475,0.0,-0.0032949007475009118,0.0,-0.0016920571793416078,0.0,0.0,-0.0016433700502195446,0.0019623741139972793,-0.0017361951482007922,0.0,0.001998674558406731,-0.003662306203757337,0.0,0.003920469523771989,0.0,0.0,0.0,0.0,0.0,0.003954493702631344,0.0019457053157315553,0.001999197420934895,0.0,0.0,0.0,0.0,0.0,0.0,-0.0014593764139710116,0.001996025113806187,-0.0025936701764600707,0.001979449882216973,0.0,0.0,-0.0018191129134028834,0.0019373019236979734,0.0,0.0,-0.00275831107053088,-0.0018544235886886963,-0.004168013798123572,0.0,0.0,0.003943269030369942,0.0,0.0019556267639318286,0.0,0.0,agent72,-0.038609241010630124
-0.36613825117041815,0.0,0.0,-0.0034101945671150165,0.0,0.0,0.0,0.0,0.0,0.0,-0.0033311118416208723,0.0,0.0,0.0,0.0,0.001998613399002546,-0.002120020070032501,1,0.0,-0.0010545361418281838,-0.001247875489556204,0.001878648829416895,-0.0034266469015856414,0.001966966388311888,-0.0028600084972666513,0.0,0.0,0.0,0.0,0.0019967382595592036,0.0,0.0019917834680472832,0.0,0.0,0.0,0.003993459430150076,0.0,0.0,-0.0013151911946112595,0.0018245934949410719,0.0018166113470287613,0.0,0.0,0.0,0.0,0.0,0.0,0.0,0.003950736592098283,0.003999981898354193,0.001972349244276269,-0.0017773830030490048,0.0039538332451352475,0.0,-0.0032949007475009118,0.0,-0.0016920571793416078,0.0,0.0,-0.0016433700502195446,0.0019623741139972793,-0.0017361951482007922,0.0,0.001998674558406731,-0.003662306203757337,0.0,0.003920469523771989,0.0,0.0,0.0,0.0,0.0,0.003954493702631344,0.0019457053157315553,0.001999197420934895,0.0,0.0,0.0,0.0,0.0,0.0,-0.0014593764139710116,0.001996025113806187,-0.0025936701764600707,0.001979449882216973,0.0,0.0,-0.0018191129134028834,0.0019373019236979734,0.0,0.0,-0.00275831107053088,-0.0018544235886886963,-0.004168013798123572,0.0,0.0,0.003943269030369942,0.0,0.0019556267639318286,0.0,0.0,agent20,-0.8597865447493264
-0.36714010559400684,0.0,0.0,-0.0034101945671150165,0.0,0.0,0.0,0.0,0.0,0.0,-0.0033311118416208723,0.0,0.0,0.0,0.0,0.001998613399002546,-0.002120020070032501,1,0.0,-0.0010545361418281838,-0.001247875489556204,0.001878648829416895,-0.0034266469015856414,0.001966966388311888,-0.0028600084972666513,0.0,0.0,0.0,0.0,0.0019967382595592036,0.0,0.0019917834680472832,0.0,0.0,0.0,0.003993459430150076,0.0,0.0,-0.0013151911946112595,0.0018245934949410719,0.0018166113470287613,0.0,0.0,0.0,0.0,0.0,0.0,0.0,0.003950736592098283,0.003999981898354193,0.001972349244276269,-0.0017773830030490048,0.0039538332451352475,0.0,-0.0032949007475009118,0.0,-0.0016920571793416078,0.0,0.0,-0.0016433700502195446,0.0019623741139972793,-0.0017361951482007922,0.0,0.001998674558406731,-0.003662306203757337,0.0,0.003920469523771989,0.0,0.0,0.0,0.0,0.0,0.003954493702631344,0.0019457053157315553,0.001999197420934895,0.0,0.0,0.0,0.0,0.0,0.0,-0.0014593764139710116,0.001996025113806187,-0.0025936701764600707,0.001979449882216973,0.0,0.0,-0.0018191129134028834,0.0019373019236979734,0.0,0.0,-0.00275831107053088,-0.003709386263165403,-0.004168013798123572,0.0,0.0,0.003943269030369942,0.0,0.0019556267639318286,0.0,0.0,agent91,0.17244753683979963
-0.36614010559400684,0.0,0.0,-0.0034101945671150165,0.0,0.0,0.0,0.0,0.0,0.0,-0.0033311118416208723,0.0,0.0,0.0,-0.0018565144042683606,0.001998613399002546,-0.002120020070032501,1,0.0,-0.0010545361418281838,-0.001247875489556204,0.001878648829416895,-0.0034266469015856414,0.001966966388311888,-0.0028600084972666513,0.0,0.0,0.0,0.0,0.0019967382595592036,0.0,0.0019917834680472832,0.0,0.0,0.0,0.003993459430150076,0.0,0.0,-0.0013151911946112595,0.0018245934949410719,0.0018166113470287613,0.0,0.0,0.0,0.0,0.0,0.0,0.0,0.003950736592098283,0.003999981898354193,0.001972349244276269,-0.0017773830030490048,0.0039538332451352475,0.0,-0.0032949007475009118,0.0,-0.0016920571793416078,0.0,0.0,-0.0016433700502195446,0.0019623741139972793,-0.0017361951482007922,0.0,0.001998674558406731,-0.003662306203757337,0.0,0.003920469523771989,0.0,0.0,0.0,0.0,0.0,0.003954493702631344,0.0019457053157315553,0.001999197420934895,0.0,0.0,0.0,0.0,0.0,0.0,-0.0014593764139710116,0.001996025113806187,-0.0025936701764600707,0.001979449882216973,0.0,0.0,-0.0018191129134028834,0.0019373019236979734,0.0,0.0,-0.00275831107053088,-0.003709386263165403,-0.004168013798123572,0.0,0.0,0.003943269030369942,0.0,0.0019556267639318286,0.0,0.0,agent13,0.16855681568077394
-0.3671411601301487,0.0,0.0,-0.0034101945671150165,0.0,0.0,0.0,0.0,0.0,0.0,-0.0033311118416208723,0.0,0.0,0.0,-0.0018565144042683606,0.001998613399002546,-0.002120020070032501,1,0.0,-0.002121366747771982,-0.001247875489556204,0.001878648829416895,-0.0034266469015856414,0.001966966388311888,-0.0028600084972666513,0.0,0.0,0.0,0.0,0.0019967382595592036,0.0,0.0019917834680472832,0.0,0.0,0.0,0.003993459430150076,0.0,0.0,-0.0013151911946112595,0.0018245934949410719,0.0018166113470287613,0.0,0.0,0.0,0.0,0.0,0.0,0.0,0.003950736592098283,0.003999981898354193,0.001972349244276269,-0.0017773830030490048,0.0039538332451352475,0.0,-0.0032949007475009118,0.0,-0.0016920571793416078,0.0,0.0,-0.0016433700502195446,0.0019623741139972793,-0.0017361951482007922,0.0,0.001998674558406731,-0.003662306203757337,0.0,0.003920469523771989,0.0,0.0,0.0,0.0,0.0,0.003954493702631344,0.0019457053157315553,0.001999197420934895,0.0,0.0,0.0,0.0,0.0,0.0,-0.0014593764139710116,0.001996025113806187,-0.0025936701764600707,0.001979449882216973,0.0,0.0,-0.0018191129134028834,0.0019373019236979734,0.0,0.0,-0.00275831107053088,-0.003709386263165403,-0.004168013798123572,0.0,0.0,0.003943269030369942,0.0,0.0019556267639318286,0.0,0.0,agent18,1
-0.3661411601301487,0.0,0.0,-0.0034101945671150165,0.0,0.0,0.0,0.0,0.0,0.0,-0.0033311118416208723,0.0,0.0,0.0,-0.0018565144042683606,0.001998613399002546,-0.002120020070032501,1,0.0,-0.002121366747771982,-0.001247875489556204,0.001878648829416895,-0.0034266469015856414,0.001966966388311888,-0.0028600084972666513,0.0,0.0,0.0,0.0,0.0019967382595592036,0.0,0.0019917834680472832,0.0,0.0,0.0,0.003993459430150076,0.0,0.0,-0.0013151911946112595,0.0018245934949410719,0.0018166113470287613,0.0,0.0,0.0,0.0,0.0,0.0,0.0,0.003950736592098283,0.003999981898354193,0.001972349244276269,-0.0017773830030490048,0.0039538332451352475,0.0,-0.0032949007475009118,0.0,-0.0016920571793416078,0.0,0.0,-0.0016433700502195446,0.0019623741139972793,-0.0017361951482007922,0.0,0.001998674558406731,-0.003662306203757337,0.0,0.003920469523771989,0.0,0.0,0.0,0.0,0.0,0.003954493702631344,0.0019457053157315553,0.001999197420934895,0.0,0.0,0.0,0.0,0.0,0.0,-0.0014593764139710116,0.001996025113806187,-0.0025936701764600707,0.001979449882216973,0.0,0.0,-0.0018191129134028834,0.0019373019236979734,0.0,0.0,-0.00275831107053088,-0.003709386263165403,-0.004168013798123572,0.0,0.0019987741810675516,0.003943269030369942,0.0,0.0019556267639318286,0.0,0.0,agent94,-0.3176271432773756
-0.3671431588047071,0.0,0.0,-0.0034101945671150165,0.0,0.0,0.0,0.0,0.0,0.0,-0.0033311118416208723,0.0,0.0,0.0,-0.0018565144042683606,0.001998613399002546,-0.002120020070032501,1,0.0,-0.002121366747771982,-0.001247875489556204,0.001878648829416895,-0.0034266469015856414,0.001966966388311888,-0.0028600084972666513,0.0,0.0,0.0,0.0,0.0019967382595592036,0.0,0.0019917834680472832,0.0,0.0,0.0,0.003993459430150076,0.0,0.0,-0.0013151911946112595,0.0018245934949410719,0.0018166113470287613,0.0,0.0,0.0,0.0,0.0,0.0,0.0,0.003950736592098283,0.003999981898354193,0.001972349244276269,-0.0017773830030490048,0.0039538332451352475,0.0,-0.0032949007475009118,0.0,-0.0016920571793416078,0.0,0.0,-0.0016433700502195446,0.0019623741139972793,-0.0017361951482007922,0.0,0.00399734914748649,-0.003662306203757337,0.0,0.003920469523771989,0.0,0.0,0.0,0.0,0.0,0.003954493702631344,0.0019457053157315553,0.001999197420934895,0.0,0.0,0.0,0.0,0.0,0.0,-0.0014593764139710116,0.001996025113806187,-0.0025936701764600707,0.001979449882216973,0.0,0.0,-0.0018191129134028834,0.0019373019236979734,0.0,0.0,-0.00275831107053088,-0.003709386263165403,-0.004168013798123572,0.0,0.0019987741810675516,0.003943269030369942,0.0,0.0019556267639318286,0.0,0.0,agent62,-0.31465502762358805
-0.3681450374535365,0.0,0.0,-0.0034101945671150165,0.0,0.0,0.0,0.0,0.0,0.0,-0.0033311118416208723,0.0,0.0,0.0,-0.0018565144042683606,0.001998613399002546,-0.002120020070032501,1,0.0,-0.002121366747771982,-0.001247875489556204,0.0037568051696190677,-0.0034266469015856414,0.001966966388311888,-0.0028600084972666513,0.0,0.0,0.0,0.0,0.0019967382595592036,0.0,0.0019917834680472832,0.0,0.0,0.0,0.003993459430150076,0.0,0.0,-0.0013151911946112595,0.0018245934949410719,0.0018166113470287613,0.0,0.0,0.0,0.0,0.0,0.0,0.0,0.003950736592098283,0.003999981898354193,0.001972349244276269,-0.0017773830030490048,0.0039538332451352475,0.0,-0.0032949007475009118,0.0,-0.0016920571793416078,0.0,0.0,-0.0016433700502195446,0.0019623741139972793,-0.0017361951482007922,0.0,0.00399734914748649,-0.003662306203757337,0.0,0.003920469523771989,0.0,0.0,0.0,0.0,0.0,0.003954493702631344,0.0019457053157315553,0.001999197420934895,0.0,0.0,0.0,0.0,0.0,0.0,-0.0014593764139710116,0.001996025113806187,-0.0025936701764600707,0.001979449882216973,0.0,0.0,-0.0018191129134028834,0.0019373019236979734,0.0,0.0,-0.00275831107053088,-0.003709386263165403,-0.004168013798123572,0.0,0.0019987741810675516,0.003943269030369942,0.0,0.0019556267639318286,0.0,0.0,agent20,-0.8607901172635382
-0.36914715747360655,0.0,0.0,-0.0034101945671150165,0.0,0.0,0.0,0.0,0.0,0.0,-0.0033311118416208723,0.0,0.0,0.0,-0.0018565144042683606,0.001998613399002546,-0.0031841096482781318,1,0.0,-0.002121366747771982,-0.001247875489556204,0.0037568051696190677,-0.0034266469015856414,0.001966966388311888,-0.0028600084972666513,0.0,0.0,0.0,0.0,0.0019967382595592036,0.0,0.0019917834680472832,0.0,0.0,0.0,0.003993459430150076,0.0,0.0,-0.0013151911946112595,0.0018245934949410719,0.0018166113470287613,0.0,0.0,0.0,0.0,0.0,0.0,0.0,0.003950736592098283,0.003999981898354193,0.001972349244276269,-0.0017773830030490048,0.0039538332451352475,0.0,-0.0032949007475009118,0.0,-0.0016920571793416078,0.0,0.0,-0.0016433700502195446,0.0019623741139972793,-0.0017361951482007922,0.0,0.00399734914748649,-0.003662306203757337,0.0,0.003920469523771989,0.0,0.0,0.0,0.0,0.0,0.003954493702631344,0.0019457053157315553,0.001999197420934895,0.0,0.0,0.0,0.0,0.0,0.0,-0.0014593764139710116,0.001996025113806187,-0.0025936701764600707,0.001979449882216973,0.0,0.0,-0.0018191129134028834,0.0019373019236979734,0.0,0.0,-0.00275831107053088,-0.003709386263165403,-0.004168013798123572,0.0,0.0019987741810675516,0.003943269030369942,0.0,0.0019556267639318286,0.0,0.0,agent15,1
-0.3701484053490961,0.0,0.0,-0.0034101945671150165,0.0,0.0,0.0,0.0,0.0,0.0,-0.0033311118416208723,0.0,0.0,0.0,-0.0018565144042683606,0.001998613399002546,-0.0031841096482781318,1,0.0,-0.002121366747771982,-0.002443262248762337,0.0037568051696190677,-0.0034266469015856414,0.001966966388311888,-0.0028600084972666513,0.0,0.0,0.0,0.0,0.0019967382595592036,0.0,0.0019917834680472832,0.0,0.0,0.0,0.003993459430150076,0.0,0.0,-0.0013151911946112595,0.0018245934949410719,0.0018166113470287613,0.0,0.0,0.0,0.0,0.0,0.0,0.0,0.003950736592098283,0.003999981898354193,0.001972349244276269,-0.0017773830030490048,0.0039538332451352475,0.0,-0.0032949007475009118,0.0,-0.0016920571793416078,0.0,0.0,-0.0016433700502195446,0.0019623741139972793,-0.0017361951482007922,0.0,0.00399734914748649,-0.003662306203757337,0.0,0.003920469523771989,0.0,0.0,0.0,0.0,0.0,0.003954493702631344,0.0019457053157315553,0.001999197420934895,0.0,0.0,0.0,0.0,0.0,0.0,-0.0014593764139710116,0.001996025113806187,-0.0025936701764600707,0.001979449882216973,0.0,0.0,-0.0018191129134028834,0.0019373019236979734,0.0,0.0,-0.00275831107053088,-0.003709386263165403,-0.004168013798123572,0.0,0.0019987741810675516,0.003943269030369942,0.0,0.0019556267639318286,0.0,0.0,agent19,0.8994057509964083
-0.37115234861812646,0.0,0.0,-0.0034101945671150165,0.0,0.0,0.0,0.0,0.0,0.0,-0.0033311118416208723,0.0,0.0,0.0,-0.0018565144042683606,0.001998613399002546,-0.0031841096482781318,1,0.0,-0.002121366747771982,-0.002443262248762337,0.0037568051696190677,-0.0034266469015856414,0.001966966388311888,-0.0028600084972666513,0.0,0.0,0.0,0.0,0.0019967382595592036,0.0,0.0019917834680472832,0.0,0.0,0.0,0.003993459430150076,0.0,0.0,-0.0013151911946112595,0.0018245934949410719,0.0018166113470287613,0.0,0.0,0.0,0.0,0.0,0.0,0.0,0.003950736592098283,0.003999981898354193,0.001972349244276269,-0.0017773830030490048,0.0039538332451352475,0.0,-0.0032949007475009118,0.0,-0.0016920571793416078,0.0,0.0,-0.0016433700502195446,0.0019623741139972793,-0.0017361951482007922,0.0,0.00399734914748649,-0.003662306203757337,0.0,0.003920469523771989,0.0,0.0,0.0,0.0,0.0,0.003954493702631344,0.0019457053157315553,0.001999197420934895,0.0,0.0,0.0,0.0,0.0,0.0,-0.0014593764139710116,0.001996025113806187,-0.0025936701764600707,0.001979449882216973,0.0,0.0,-0.0018191129134028834,0.0019373019236979734,0.0,0.0,-0.00275831107053088,-0.003709386263165403,-0.004168013798123572,0.0,0.0019987741810675516,0.0059151426394786445,0.0,0.0019556267639318286,0.0,0.0,agent95,-0.6073250943018583
-0.37015234861812646,0.0,0.0,-0.0034101945671150165,0.0,0.0,0.0,0.0,0.0,0.0,-0.0033311118416208723,0.0,0.0,0.0,-0.0018565144042683606,0.001998613399002546,-0.0031841096482781318,1,0.0,-0.002121366747771982,-0.002443262248762337,0.0037568051696190677,-0.0034266469015856414,0.001966966388311888,-0.0028600084972666513,0.0,0.0,0.0,0.0019948621762019285,0.0019967382595592036,0.0,0.0019917834680472832,0.0,0.0,0.0,0.003993459430150076,0.0,0.0,-0.0013151911946112595,0.0018245934949410719,0.0018166113470287613,0.0,0.0,0.0,0.0,0.0,0.0,0.0,0.003950736592098283,0.003999981898354193,0.001972349244276269,-0.0017773830030490048,0.0039538332451352475,0.0,-0.0032949007475009118,0.0,-0.0016920571793416078,0.0,0.0,-0.0016433700502195446,0.0019623741139972793,-0.0017361951482007922,0.0,0.00399734914748649,-0.003662306203757337,0.0,0.003920469523771989,0.0,0.0,0.0,0.0,0.0,0.003954493702631344,0.0019457053157315553,0.001999197420934895,0.0,0.0,0.0,0.0,0.0,0.0,-0.0014593764139710116,0.001996025113806187,-0.0025936701764600707,0.001979449882216973,0.0,0.0,-0.0018191129134028834,0.0019373019236979734,0.0,0.0,-0.00275831107053088,-0.003709386263165403,-0.004168013798123572,0.0,0.0019987741810675516,0.0059151426394786445,0.0,0.0019556267639318286,0.0,0.0,agent27,-0.26978347964868893
-0.37115629935471856,0.0,0.0,-0.0034101945671150165,0.0,0.0,0.0,0.0,0.0,0.0,-0.0033311118416208723,0.0,0.0,0.0,-0.0018565144042683606,0.001998613399002546,-0.0031841096482781318,1,0.0,-0.002121366747771982,-0.002443262248762337,0.0037568051696190677,-0.0034266469015856414,0.001966966388311888,-0.0028600084972666513,0.0,0.0,0.0,0.0019948621762019285,0.0019967382595592036,0.0,0.0019917834680472832,0.0,0.0,0.0,0.003993459430150076,0.0,0.0,-0.0013151911946112595,0.0018245934949410719,0.0018166113470287613,0.0,0.0,0.0,0.0,0.0,0.0,0.0,0.005925771152922993,0.003999981898354193,0.001972349244276269,-0.0017773830030490048,0.0039538332451352475,0.0,-0.0032949007475009118,0.0,-0.0016920571793416078,0.0,0.0,-0.0016433700502195446,0.0019623741139972793,-0.0017361951482007922,0.0,0.00399734914748649,-0.003662306203757337,0.0,0.003920469523771989,0.0,0.0,0.0,0.0,0.0,0.003954493702631344,0.0019457053157315553,0.001999197420934895,0.0,0.0,0.0,0.0,0.0,0.0,-0.0014593764139710116,0.001996025113806187,-0.0025936701764600707,0.001979449882216973,0.0,0.0,-0.0018191129134028834,0.0019373019236979734,0.0,0.0,-0.00275831107053088,-0.003709386263165403,-0.004168013798123572,0.0,0.0019987741810675516,0.0059151426394786445,0.0,0.0019556267639318286,0.0,0.0,agent47,-0.1467001650293728
-0.3721590576657891,0.0,0.0,-0.0034101945671150165,0.0,0.0,0.0,0.0,0.0,0.0,-0.0033311118416208723,0.0,0.0,0.0,-0.0018565144042683606,0.001998613399002546,-0.0031841096482781318,1,0.0,-0.002121366747771982,-0.002443262248762337,0.0037568051696190677,-0.0034266469015856414,0.001966966388311888,-0.0028600084972666513,0.0,0.0,0.0,0.0019948621762019285,0.0019967382595592036,0.0,0.0019917834680472832,0.0,0.0,0.0,0.003993459430150076,0.0,0.0,-0.0013151911946112595,0.0018245934949410719,0.0018166113470287613,0.0,0.0,0.0,0.0,0.0,0.0,0.0,0.005925771152922993,0.003999981898354193,0.001972349244276269,-0.0017773830030490048,0.0039538332451352475,0.0,-0.0032949007475009118,0.0,-0.0016920571793416078,0.0,0.0,-0.0016433700502195446,0.0019623741139972793,-0.0017361951482007922,0.0,0.00399734914748649,-0.003662306203757337,0.0,0.003920469523771989,0.0,0.0,0.0,0.0,0.0,0.003954493702631344,0.0019457053157315553,0.001999197420934895,0.0,0.0,0.0,0.0,0.0,0.0,-0.0014593764139710116,0.001996025113806187,-0.0025936701764600707,0.001979449882216973,0.0,0.0,-0.0018191129134028834,0.0019373019236979734,0.0,0.0,-0.004101833631803406,-0.003709386263165403,-0.004168013798123572,0.0,0.0019987741810675516,0.0059151426394786445,0.0,0.0019556267639318286,0.0,0.0,agent90,0.7746861319834427
-0.37316105252796533,0.0,0.0,-0.0034101945671150165,0.0,0.0,0.0,0.0,0.0,0.0,-0.0033311118416208723,0.0,0.0,0.0,-0.0018565144042683606,0.001998613399002546,-0.0031841096482781318,1,0.0,-0.002121366747771982,-0.002443262248762337,0.0037568051696190677,-0.0034266469015856414,0.001966966388311888,-0.0028600084972666513,0.0,0.0,0.0,0.003989825246376406,0.0019967382595592036,0.0,0.0019917834680472832,0.0,0.0,0.0,0.003993459430150076,0.0,0.0,-0.0013151911946112595,0.0018245934949410719,0.0018166113470287613,0.0,0.0,0.0,0.0,0.0,0.0,0.0,0.005925771152922993,0.003999981898354193,0.001972349244276269,-0.0017773830030490048,0.0039538332451352475,0.0,-0.0032949007475009118,0.0,-0.0016920571793416078,0.0,0.0,-0.0016433700502195446,0.0019623741139972793,-0.0017361951482007922,0.0,0.00399734914748649,-0.003662306203757337,0.0,0.003920469523771989,0.0,0.0,0.0,0.0,0.0,0.003954493702631344,0.0019457053157315553,0.001999197420934895,0.0,0.0,0.0,0.0,0.0,0.0,-0.0014593764139710116,0.001996025113806187,-0.0025936701764600707,0.001979449882216973,0.0,0.0,-0.0018191129134028834,0.0019373019236979734,0.0,0.0,-0.004101833631803406,-0.003709386263165403,-0.004168013798123572,0.0,0.0019987741810675516,0.0059151426394786445,0.0,0.0019556267639318286,0.0,0.0,agent27,-0.27179043880987064
-0.37216105252796533,0.0,0.0,-0.0034101945671150165,0.0,0.0,0.0,0.0,0.0,0.0,-0.0033311118416208723,0.0,0.0,0.0,-0.0018565144042683606,0.001998613399002546,-0.0031841096482781318,1,0.0,-0.002121366747771982,-0.002443262248762337,0.0037568051696190677,-0.0034266469015856414,0.001966966388311888,-0.0028600084972666513,0.0,0.0,0.0,0.003989825246376406,0.0019967382595592036,0.0,0.0019917834680472832,0.0,0.0,0.0,0.003993459430150076,0.0,0.0,-0.0013151911946112595,0.0018245934949410719,0.0018166113470287613,0.0,0.0,0.0,0.0,0.0,0.0,0.0,0.005925771152922993,0.003999981898354193,0.001972349244276269,-0.0017773830030490048,0.0039538332451352475,0.0,-0.0032949007475009118,0.0,-0.0016920571793416078,0.0,0.0,-0.0016433700502195446,0.0019623741139972793,-0.0017361951482007922,0.0,0.00399734914748649,-0.003662306203757337,0.0,0.003920469523771989,0.0,0.0,0.0019522539299356616,0.0,0.0,0.003954493702631344,0.0019457053157315553,0.001999197420934895,0.0,0.0,0.0,0.0,0.0,0.0,-0.0014593764139710116,0.001996025113806187,-0.0025936701764600707,0.001979449882216973,0.0,0.0,-0.0018191129134028834,0.0019373019236979734,0.0,0.0,-0.004101833631803406,-0.003709386263165403,-0.004168013798123572,0.0,0.0019987741810675516,0.0059151426394786445,0.0,0.0019556267639318286,0.0,0.0,agent68,-0.6821790781003856
-0.3731628299109684,0.0,0.0,-0.0034101945671150165,0.0,0.0,0.0,0.0,0.0,0.0,-0.0033311118416208723,0.0,0.0,0.0,-0.0018565144042683606,0.001998613399002546,-0.0031841096482781318,1,0.0,-0.002121366747771982,-0.002443262248762337,0.0037568051696190677,-0.0034266469015856414,0.001966966388311888,-0.0028600084972666513,0.0,0.0,0.0,0.003989825246376406,0.0019967382595592036,0.0,0.0019917834680472832,0.0,0.0,0.0,0.003993459430150076,0.0,0.0,-0.0013151911946112595,0.0018245934949410719,0.0018166113470287613,0.0,0.0,0.0,0.0,0.0,0.0,0.0,0.005925771152922993,0.003999981898354193,0.001972349244276269,-0.003526504421786183,0.0039538332451352475,0.0,-0.0032949007475009118,0.0,-0.0016920571793416078,0.0,0.0,-0.0016433700502195446,0.0019623741139972793,-0.0017361951482007922,0.0,0.00399734914748649,-0.003662306203757337,0.0,0.003920469523771989,0.0,0.0,0.0019522539299356616,0.0,0.0,0.003954493702631344,0.0019457053157315553,0.001999197420934895,0.0,0.0,0.0,0.0,0.0,0.0,-0.0014593764139710116,0.001996025113806187,-0.0025936701764600707,0.001979449882216973,0.0,0.0,-0.0018191129134028834,0.0019373019236979734,0.0,0.0,-0.004101833631803406,-0.003709386263165403,-0.004168013798123572,0.0,0.0019987741810675516,0.0059151426394786445,0.0,0.0019556267639318286,0.0,0.0,agent50,0.336187140471526
-0.3721628299109684,0.0,0.0,-0.0034101945671150165,0.0,0.0,0.0,0.0,0.0,0.0,-0.0033311118416208723,0.0,0.0,0.0,-0.0018565144042683606,0.001998613399002546,-0.0031841096482781318,1,0.0,-0.002121366747771982,-0.002443262248762337,0.0037568051696190677,-0.0034266469015856414,0.001966966388311888,-0.0028600084972666513,0.0,0.0,0.0,0.003989825246376406,0.0019967382595592036,0.0,0.0019917834680472832,0.0,0.0,0.0,0.003993459430150076,0.0,0.0,-0.0013151911946112595,0.0018245934949410719,0.0018166113470287613,0.0,0.0,0.0,0.0,0.0,0.0,0.0,0.005925771152922993,0.003999981898354193,0.001972349244276269,-0.003526504421786183,0.0039538332451352475,0.0,-0.0032949007475009118,0.0,-0.0016920571793416078,0.0,0.0,-0.0016433700502195446,0.0019623741139972793,-0.0017361951482007922,0.0,0.00399734914748649,-0.003662306203757337,0.0,0.003920469523771989,0.0,0.0,0.0019522539299356616,-0.0010572119212754504,0.0,0.003954493702631344,0.0019457053157315553,0.001999197420934895,0.0,0.0,0.0,0.0,0.0,0.0,-0.0014593764139710116,0.001996025113806187,-0.0025936701764600707,0.001979449882216973,0.0,0.0,-0.0018191129134028834,0.0019373019236979734,0.0,0.0,-0.004101833631803406,-0.003709386263165403,-0.004168013798123572,0.0,0.0019987741810675516,0.0059151426394786445,0.0,0.0019556267639318286,0.0,0.0,agent69,1
-0.3711628299109684,0.0,0.0,-0.0034101945671150165,0.0,0.0,0.0,0.0,0.0,0.0,-0.0033311118416208723,0.0,0.0,0.0,-0.0018565144042683606,0.001998613399002546,-0.0031841096482781318,1,0.0,-0.002121366747771982,-0.002443262248762337,0.0037568051696190677,-0.0034266469015856414,0.001966966388311888,-0.0028600084972666513,0.0,0.0,0.0,0.003989825246376406,0.0019967382595592036,0.0,0.0019917834680472832,0.0,0.0,0.0,0.003993459430150076,0.0,0.0,-0.0013151911946112595,0.0018245934949410719,0.0018166113470287613,0.0,0.0,0.0,0.0,0.001991772550819646,0.0,0.0,0.005925771152922993,0.003999981898354193,0.001972349244276269,-0.003526504421786183,0.0039538332451352475,0.0,-0.0032949007475009118,0.0,-0.0016920571793416078,0.0,0.0,-0.0016433700502195446,0.0019623741139972793,-0.0017361951482007922,0.0,0.00399734914748649,-0.003662306203757337,0.0,0.003920469523771989,0.0,0.0,0.0019522539299356616,-0.0010572119212754504,0.0,0.003954493702631344,0.0019457053157315553,0.001999197420934895,0.0,0.0,0.0,0.0,0.0,0.0,-0.0014593764139710116,0.001996025113806187,-0.0025936701764600707,0.001979449882216973,0.0,0.0,-0.0018191129134028834,0.0019373019236979734,0.0,0.0,-0.004101833631803406,-0.003709386263165403,-0.004168013798123572,0.0,0.0019987741810675516,0.0059151426394786445,0.0,0.0019556267639318286,0.0,0.0,agent44,-0.5004394776716098
-0.3721652731732171,0.0,0.0,-0.0034101945671150165,0.0,0.0,0.0,0.0,0.0,0.0,-0.0033311118416208723,0.0,0.0,0.0,-0.0018565144042683606,0.001998613399002546,-0.0031841096482781318,1,0.0,-0.002121366747771982,-0.0036245990503513247,0.0037568051696190677,-0.0034266469015856414,0.001966966388311888,-0.0028600084972666513,0.0,0.0,0.0,0.003989825246376406,0.0019967382595592036,0.0,0.0019917834680472832,0.0,0.0,0.0,0.003993459430150076,0.0,0.0,-0.0013151911946112595,0.0018245934949410719,0.0018166113470287613,0.0,0.0,0.0,0.0,0.001991772550819646,0.0,0.0,0.005925771152922993,0.003999981898354193,0.001972349244276269,-0.003526504421786183,0.0039538332451352475,0.0,-0.0032949007475009118,0.0,-0.0016920571793416078,0.0,0.0,-0.0016433700502195446,0.0019623741139972793,-0.0017361951482007922,0.0,0.00399734914748649,-0.003662306203757337,0.0,0.003920469523771989,0.0,0.0,0.0019522539299356616,-0.0010572119212754504,0.0,0.003954493702631344,0.0019457053157315553,0.001999197420934895,0.0,0.0,0.0,0.0,0.0,0.0,-0.0014593764139710116,0.001996025113806187,-0.0025936701764600707,0.001979449882216973,0.0,0.0,-0.0018191129134028834,0.0019373019236979734,0.0,0.0,-0.004101833631803406,-0.003709386263165403,-0.004168013798123572,0.0,0.0019987741810675516,0.0059151426394786445,0.0,0.0019556267639318286,0.0,0.0,agent19,0.9084177251233855
-0.3711652731732171,0.0,0.0,-0.0034101945671150165,0.0,0.0,0.0,0.0,0.0,0.001999697475056075,-0.0033311118416208723,0.0,0.0,0.0,-0.0018565144042683606,0.001998613399002546,-0.0031841096482781318,1,0.0,-0.002121366747771982,-0.0036245990503513247,0.0037568051696190677,-0.0034266469015856414,0.001966966388311888,-0.0028600084972666513,0.0,0.0,0.0,0.003989825246376406,0.0019967382595592036,0.0,0.0019917834680472832,0.0,0.0,0.0,0.003993459430150076,0.0,0.0,-0.0013151911946112595,0.0018245934949410719,0.0018166113470287613,0.0,0.0,0.0,0.0,0.001991772550819646,0.0,0.0,0.005925771152922993,0.003999981898354193,0.001972349244276269,-0.003526504421786183,0.0039538332451352475,0.0,-0.0032949007475009118,0.0,-0.0016920571793416078,0.0,0.0,-0.0016433700502195446,0.0019623741139972793,-0.0017361951482007922,0.0,0.00399734914748649,-0.003662306203757337,0.0,0.003920469523771989,0.0,0.0,0.0019522539299356616,-0.0010572119212754504,0.0,0.003954493702631344,0.0019457053157315553,0.001999197420934895,0.0,0.0,0.0,0.0,0.0,0.0,-0.0014593764139710116,0.001996025113806187,-0.0025936701764600707,0.001979449882216973,0.0,0.0,-0.0018191129134028834,0.0019373019236979734,0.0,0.0,-0.004101833631803406,-0.003709386263165403,-0.004168013798123572,0.0,0.0019987741810675516,0.0059151426394786445,0.0,0.0019556267639318286,0.0,0.0,agent8,-0.3967630350195667
-0.3721673945399649,0.0,0.0,-0.0034101945671150165,0.0,0.0,0.0,0.0,0.0,0.001999697475056075,-0.0033311118416208723,0.0,0.0,0.0,-0.0018565144042683606,0.001998613399002546,-0.0031841096482781318,1,0.0,-0.0031813196445938906,-0.0036245990503513247,0.0037568051696190677,-0.0034266469015856414,0.001966966388311888,-0.0028600084972666513,0.0,0.0,0.0,0.003989825246376406,0.0019967382595592036,0.0,0.0019917834680472832,0.0,0.0,0.0,0.003993459430150076,0.0,0.0,-0.0013151911946112595,0.0018245934949410719,0.0018166113470287613,0.0,0.0,0.0,0.0,0.001991772550819646,0.0,0.0,0.005925771152922993,0.003999981898354193,0.001972349244276269,-0.003526504421786183,0.0039538332451352475,0.0,-0.0032949007475009118,0.0,-0.0016920571793416078,0.0,0.0,-0.0016433700502195446,0.0019623741139972793,-0.0017361951482007922,0.0,0.00399734914748649,-0.003662306203757337,0.0,0.003920469523771989,0.0,0.0,0.0019522539299356616,-0.0010572119212754504,0.0,0.003954493702631344,0.0019457053157315553,0.001999197420934895,0.0,0.0,0.0,0.0,0.0,0.0,-0.0014593764139710116,0.001996025113806187,-0.0025936701764600707,0.001979449882216973,0.0,0.0,-0.0018191129134028834,0.0019373019236979734,0.0,0.0,-0.004101833631803406,-0.003709386263165403,-0.004168013798123572,0.0,0.0019987741810675516,0.0059151426394786445,0.0,0.0019556267639318286,0.0,0.0,agent18,1
-0.3711673945399649,0.0,0.0,-0.0034101945671150165,0.0,0.0,0.0,0.0,0.0,0.001999697475056075,-0.0033311118416208723,0.0,0.0,0.0,-0.0018565144042683606,0.001998613399002546,-0.0031841096482781318,1,0.0,-0.0031813196445938906,-0.0036245990503513247,0.0037568051696190677,-0.0034266469015856414,0.001966966388311888,-0.0028600084972666513,0.0,0.0,0.0,0.003989825246376406,0.0019967382595592036,0.0,0.0019917834680472832,0.0,0.0,0.0,0.003993459430150076,0.0,0.0,-0.0013151911946112595,0.0018245934949410719,0.0018166113470287613,0.0,0.0,0.0,0.0,0.001991772550819646,0.0,0.0,0.005925771152922993,0.003999981898354193,0.001972349244276269,-0.003526504421786183,0.0039538332451352475,0.0,-0.0032949007475009118,0.0,-0.0016920571793416078,0.0,0.0,-0.0016433700502195446,0.0019623741139972793,-0.0017361951482007922,0.0,0.00399734914748649,-0.003662306203757337,0.0,0.003920469523771989,0.0,0.0,0.0019522539299356616,-0.0010572119212754504,0.0,0.003954493702631344,0.0019457053157315553,0.001999197420934895,0.0,0.0,0.0,0.0,-0.0010585783206807022,0.0,-0.0014593764139710116,0.001996025113806187,-0.0025936701764600707,0.001979449882216973,0.0,0.0,-0.0018191129134028834,0.0019373019236979734,0.0,0.0,-0.004101833631803406,-0.003709386263165403,-0.004168013798123572,0.0,0.0019987741810675516,0.0059151426394786445,0.0,0.0019556267639318286,0.0,0.0,agent78,1
-0.37217101913901524,0.0,0.0,-0.0034101945671150165,0.0,0.0,0.0,0.0,0.0,0.001999697475056075,-0.0033311118416208723,0.0,0.0,0.0,-0.0018565144042683606,0.001998613399002546,-0.0031841096482781318,1,0.0,-0.0031813196445938906,-0.00480208164692187,0.0037568051696190677,-0.0034266469015856414,0.001966966388311888,-0.0028600084972666513,0.0,0.0,0.0,0.003989825246376406,0.0019967382595592036,0.0,0.0019917834680472832,0.0,0.0,0.0,0.003993459430150076,0.0,0.0,-0.0013151911946112595,0.0018245934949410719,0.0018166113470287613,0.0,0.0,0.0,0.0,0.001991772550819646,0.0,0.0,0.005925771152922993,0.003999981898354193,0.001972349244276269,-0.003526504421786183,0.0039538332451352475,0.0,-0.0032949007475009118,0.0,-0.0016920571793416078,0.0,0.0,-0.0016433700502195446,0.0019623741139972793,-0.0017361951482007922,0.0,0.00399734914748649,-0.003662306203757337,0.0,0.003920469523771989,0.0,0.0,0.0019522539299356616,-0.0010572119212754504,0.0,0.003954493702631344,0.0019457053157315553,0.001999197420934895,0.0,0.0,0.0,0.0,-0.0010585783206807022,0.0,-0.0014593764139710116,0.001996025113806187,-0.0025936701764600707,0.001979449882216973,0.0,0.0,-0.0018191129134028834,0.0019373019236979734,0.0,0.0,-0.004101833631803406,-0.003709386263165403,-0.004168013798123572,0.0,0.0019987741810675516,0.0059151426394786445,0.0,0.0019556267639318286,0.0,0.0,agent19,0.9114217083526609
-0.37317477594418486,0.0,0.0,-0.0034101945671150165,0.0,0.0,0.0,0.0,0.0,0.001999697475056075,-0.0033311118416208723,0.0,0.0,0.0,-0.0018565144042683606,0.001998613399002546,-0.0031841096482781318,1,0.0,-0.0031813196445938906,-0.00480208164692187,0.005635460534196455,-0.0034266469015856414,0.001966966388311888,-0.0028600084972666513,0.0,0.0,0.0,0.003989825246376406,0.0019967382595592036,0.0,0.0019917834680472832,0.0,0.0,0.0,0.003993459430150076,0.0,0.0,-0.0013151911946112595,0.0018245934949410719,0.0018166113470287613,0.0,0.0,0.0,0.0,0.001991772550819646,0.0,0.0,0.005925771152922993,0.003999981898354193,0.001972349244276269,-0.003526504421786183,0.0039538332451352475,0.0,-0.0032949007475009118,0.0,-0.0016920571793416078,0.0,0.0,-0.0016433700502195446,0.0019623741139972793,-0.0017361951482007922,0.0,0.00399734914748649,-0.003662306203757337,0.0,0.003920469523771989,0.0,0.0,0.0019522539299356616,-0.0010572119212754504,0.0,0.003954493702631344,0.0019457053157315553,0.001999197420934895,0.0,0.0,0.0,0.0,-0.0010585783206807022,0.0,-0.0014593764139710116,0.001996025113806187,-0.0025936701764600707,0.001979449882216973,0.0,0.0,-0.0018191129134028834,0.0019373019236979734,0.0,0.0,-0.004101833631803406,-0.003709386263165403,-0.004168013798123572,0.0,0.0019987741810675516,0.0059151426394786445,0.0,0.0019556267639318286,0.0,0.0,agent20,-0.8648060471721672
-0.37217477594418485,0.0,0.0,-0.0034101945671150165,0.0,0.0,0.0,0.0,0.0,0.001999697475056075,-0.0033311118416208723,0.0,0.0,0.0,-0.0018565144042683606,0.001998613399002546,-0.0031841096482781318,1,0.0,-0.0031813196445938906,-0.00480208164692187,0.005635460534196455,-0.0034266469015856414,0.001966966388311888,-0.0028600084972666513,0.0,0.0,0.0,0.003989825246376406,0.0019967382595592036,0.0,0.0019917834680472832,0.0,0.0,0.0,0.003993459430150076,0.0,0.0,-0.0013151911946112595,0.0018245934949410719,0.0018166113470287613,0.0,0.0,0.0,0.0,0.001991772550819646,0.0,0.0,0.005925771152922993,0.003999981898354193,0.001972349244276269,-0.003526504421786183,0.0039538332451352475,0.0,-0.0032949007475009118,0.0,-0.0016920571793416078,0.0,0.0,-0.0016433700502195446,0.0019623741139972793,-0.0017361951482007922,-0.0018637343515714453,0.00399734914748649,-0.003662306203757337,0.0,0.003920469523771989,0.0,0.0,0.0019522539299356616,-0.0010572119212754504,0.0,0.003954493702631344,0.0019457053157315553,0.001999197420934895,0.0,0.0,0.0,0.0,-0.0010585783206807022,0.0,-0.0014593764139710116,0.001996025113806187,-0.0025936701764600707,0.001979449882216973,0.0,0.0,-0.0018191129134028834,0.0019373019236979734,0.0,0.0,-0.004101833631803406,-0.003709386263165403,-0.004168013798123572,0.0,0.0019987741810675516,0.0059151426394786445,0.0,0.0019556267639318286,0.0,0.0,agent61,0.14887052559305639
-0.37317659505709827,0.0,0.0,-0.0034101945671150165,0.0,0.0,0.0,0.0,0.0,0.001999697475056075,-0.0033311118416208723,0.0,0.0,0.0,-0.0018565144042683606,0.001998613399002546,-0.0031841096482781318,1,0.0,-0.0031813196445938906,-0.00480208164692187,0.005635460534196455,-0.0034266469015856414,0.001966966388311888,-0.0028600084972666513,0.0,0.0,0.0,0.003989825246376406,0.0019967382595592036,0.0,0.0019917834680472832,0.0,0.0,0.0,0.003993459430150076,0.0,0.0,-0.0013151911946112595,0.0018245934949410719,0.0018166113470287613,0.0,0.0,0.0,0.0,0.001991772550819646,0.0,0.0,0.005925771152922993,0.003999981898354193,0.001972349244276269,-0.003526504421786183,0.0039538332451352475,0.0,-0.0032949007475009118,0.0,-0.0016920571793416078,0.0,0.0,-0.0016433700502195446,0.0019623741139972793,-0.0017361951482007922,-0.0018637343515714453,0.00399734914748649,-0.003662306203757337,0.0,0.003920469523771989,0.0,0.0,0.0019522539299356616,-0.0010572119212754504,0.0,0.003954493702631344,0.0019457053157315553,0.001999197420934895,0.0,0.0,0.0,0.0,-0.0010585783206807022,0.0,-0.0014593764139710116,0.001996025113806187,-0.0025936701764600707,0.001979449882216973,0.0,0.0,-0.003615227318153714,0.0019373019236979734,0.0,0.0,-0.004101833631803406,-0.003709386263165403,-0.004168013798123572,0.0,0.0019987741810675516,0.0059151426394786445,0.0,0.0019556267639318286,0.0,0.0,agent86,0.26639486825943615
-0.37217659505709827,0.0,0.0,-0.0034101945671150165,0.0,0.0,0.0,0.0,0.0,0.001999697475056075,-0.0033311118416208723,0.0,0.0,-0.0014803434419631619,-0.0018565144042683606,0.001998613399002546,-0.0031841096482781318,1,0.0,-0.0031813196445938906,-0.00480208164692187,0.005635460534196455,-0.0034266469015856414,0.001966966388311888,-0.0028600084972666513,0.0,0.0,0.0,0.003989825246376406,0.0019967382595592036,0.0,0.0019917834680472832,0.0,0.0,0.0,0.003993459430150076,0.0,0.0,-0.0013151911946112595,0.0018245934949410719,0.0018166113470287613,0.0,0.0,0.0,0.0,0.001991772550819646,0.0,0.0,0.005925771152922993,0.003999981898354193,0.001972349244276269,-0.003526504421786183,0.0039538332451352475,0.0,-0.0032949007475009118,0.0,-0.0016920571793416078,0.0,0.0,-0.0016433700502195446,0.0019623741139972793,-0.0017361951482007922,-0.0018637343515714453,0.00399734914748649,-0.003662306203757337,0.0,0.003920469523771989,0.0,0.0,0.0019522539299356616,-0.0010572119212754504,0.0,0.003954493702631344,0.0019457053157315553,0.001999197420934895,0.0,0.0,0.0,0.0,-0.0010585783206807022,0.0,-0.0014593764139710116,0.001996025113806187,-0.0025936701764600707,0.001979449882216973,0.0,0.0,-0.003615227318153714,0.0019373019236979734,0.0,0.0,-0.004101833631803406,-0.003709386263165403,-0.004168013798123572,0.0,0.0019987741810675516,0.0059151426394786445,0.0,0.0019556267639318286,0.0,0.0,agent12,0.6462904794841429
-0.3731813971387452,0.0,0.0,-0.0034101945671150165,0.0,0.0,0.0,0.0,0.0,0.001999697475056075,-0.0033311118416208723,0.0,0.0,-0.0014803434419631619,-0.0018565144042683606,0.001998613399002546,-0.0031841096482781318,1,0.0,-0.0031813196445938906,-0.0059731234614987085,0.005635460534196455,-0.0034266469015856414,0.001966966388311888,-0.0028600084972666513,0.0,0.0,0.0,0.003989825246376406,0.0019967382595592036,0.0,0.0019917834680472832,0.0,0.0,0.0,0.003993459430150076,0.0,0.0,-0.0013151911946112595,0.0018245934949410719,0.0018166113470287613,0.0,0.0,0.0,0.0,0.001991772550819646,0.0,0.0,0.005925771152922993,0.003999981898354193,0.001972349244276269,-0.003526504421786183,0.0039538332451352475,0.0,-0.0032949007475009118,0.0,-0.0016920571793416078,0.0,0.0,-0.0016433700502195446,0.0019623741139972793,-0.0017361951482007922,-0.0018637343515714453,0.00399734914748649,-0.003662306203757337,0.0,0.003920469523771989,0.0,0.0,0.0019522539299356616,-0.0010572119212754504,0.0,0.003954493702631344,0.0019457053157315553,0.001999197420934895,0.0,0.0,0.0,0.0,-0.0010585783206807022,0.0,-0.0014593764139710116,0.001996025113806187,-0.0025936701764600707,0.001979449882216973,0.0,0.0,-0.003615227318153714,0.0019373019236979734,0.0,0.0,-0.004101833631803406,-0.003709386263165403,-0.004168013798123572,0.0,0.0019987741810675516,0.0059151426394786445,0.0,0.0019556267639318286,0.0,0.0,agent19,0.9154244187846597
-0.3741824557170659,0.0,0.0,-0.0034101945671150165,0.0,0.0,0.0,0.0,0.0,0.001999697475056075,-0.0033311118416208723,0.0,0.0,-0.0014803434419631619,-0.0018565144042683606,0.001998613399002546,-0.0031841096482781318,1,0.0,-0.0031813196445938906,-0.0059731234614987085,0.005635460534196455,-0.0034266469015856414,0.001966966388311888,-0.0028600084972666513,0.0,0.0,0.0,0.003989825246376406,0.0019967382595592036,0.0,0.0019917834680472832,0.0,0.0,0.0,0.003993459430150076,0.0,0.0,-0.0013151911946112595,0.0018245934949410719,0.0018166113470287613,0.0,0.0,0.0,0.0,0.001991772550819646,0.0,0.0,0.005925771152922993,0.003999981898354193,0.001972349244276269,-0.003526504421786183,0.0039538332451352475,0.0,-0.0032949007475009118,0.0,-0.0016920571793416078,0.0,0.0,-0.0016433700502195446,0.0019623741139972793,-0.0017361951482007922,-0.0018637343515714453,0.00399734914748649,-0.003662306203757337,0.0,0.003920469523771989,0.0,0.0,0.0019522539299356616,-0.0010572119212754504,0.0,0.003954493702631344,0.0019457053157315553,0.001999197420934895,0.0,0.0,0.0,0.0,-0.0021157647459567443,0.0,-0.0014593764139710116,0.001996025113806187,-0.0025936701764600707,0.001979449882216973,0.0,0.0,-0.003615227318153714,0.0019373019236979734,0.0,0.0,-0.004101833631803406,-0.003709386263165403,-0.004168013798123572,0.0,0.0019987741810675516,0.0059151426394786445,0.0,0.0019556267639318286,0.0,0.0,agent78,1
-0.3731824557170659,0.0,0.0,-0.0034101945671150165,0.0,0.0,0.0,0.0,0.0,0.001999697475056075,-0.0033311118416208723,0.0,0.0,-0.0014803434419631619,-0.0018565144042683606,0.001998613399002546,-0.0031841096482781318,1,0.0,-0.0031813196445938906,-0.0059731234614987085,0.005635460534196455,-0.0034266469015856414,0.001966966388311888,-0.0028600084972666513,0.0,0.0,0.0,0.003989825246376406,0.0019967382595592036,0.0,0.0019917834680472832,0.0,0.0,0.0,0.003993459430150076,0.0,0.0,-0.0013151911946112595,0.0018245934949410719,0.0018166113470287613,0.0,0.0,0.0,0.0,0.001991772550819646,0.0,-0.0017578295835166378,0.005925771152922993,0.003999981898354193,0.001972349244276269,-0.003526504421786183,0.0039538332451352475,0.0,-0.0032949007475009118,0.0,-0.0016920571793416078,0.0,0.0,-0.0016433700502195446,0.0019623741139972793,-0.0017361951482007922,-0.0018637343515714453,0.00399734914748649,-0.003662306203757337,0.0,0.003920469523771989,0.0,0.0,0.0019522539299356616,-0.0010572119212754504,0.0,0.003954493702631344,0.0019457053157315553,0.001999197420934895,0.0,0.0,0.0,0.0,-0.0021157647459567443,0.0,-0.0014593764139710116,0.001996025113806187,-0.0025936701764600707,0.001979449882216973,0.0,0.0,-0.003615227318153714,0.0019373019236979734,0.0,0.0,-0.004101833631803406,-0.003709386263165403,-0.004168013798123572,0.0,0.0019987741810675516,0.0059151426394786445,0.0,0.0019556267639318286,0.0,0.0,agent46,0.3217635428824838
-0.3721824557170659,0.0,0.0,-0.0034101945671150165,0.0,-0.0010571849716554244,0.0,0.0,0.0,0.001999697475056075,-0.0033311118416208723,0.0,0.0,-0.0014803434419631619,-0.0018565144042683606,0.001998613399002546,-0.0031841096482781318,1,0.0,-0.0031813196445938906,-0.0059731234614987085,0.005635460534196455,-0.0034266469015856414,0.001966966388311888,-0.0028600084972666513,0.0,0.0,0.0,0.003989825246376406,0.0019967382595592036,0.0,0.0019917834680472832,0.0,0.0,0.0,0.003993459430150076,0.0,0.0,-0.0013151911946112595,0.0018245934949410719,0.0018166113470287613,0.0,0.0,0.0,0.0,0.001991772550819646,0.0,-0.0017578295835166378,0.005925771152922993,0.003999981898354193,0.001972349244276269,-0.003526504421786183,0.0039538332451352475,0.0,-0.0032949007475009118,0.0,-0.0016920571793416078,0.0,0.0,-0.0016433700502195446,0.0019623741139972793,-0.0017361951482007922,-0.0018637343515714453,0.00399734914748649,-0.003662306203757337,0.0,0.003920469523771989,0.0,0.0,0.0019522539299356616,-0.0010572119212754504,0.0,0.003954493702631344,0.0019457053157315553,0.001999197420934895,0.0,0.0,0.0,0.0,-0.0021157647459567443,0.0,-0.0014593764139710116,0.001996025113806187,-0.0025936701764600707,0.001979449882216973,0.0,0.0,-0.003615227318153714,0.0019373019236979734,0.0,0.0,-0.004101833631803406,-0.003709386263165403,-0.004168013798123572,0.0,0.0019987741810675516,0.0059151426394786445,0.0,0.0019556267639318286,0.0,0.0,agent4,1
-0.37318645306621334,0.0,0.0,-0.0034101945671150165,0.0,-0.0010571849716554244,0.0,0.0,0.0,0.001999697475056075,-0.0033311118416208723,0.0,0.0,-0.0014803434419631619,-0.0018565144042683606,0.001998613399002546,-0.0031841096482781318,1,0.0,-0.0031813196445938906,-0.0059731234614987085,0.005635460534196455,-0.0034266469015856414,0.001966966388311888,-0.0028600084972666513,0.0,0.0,0.0,0.003989825246376406,0.0019967382595592036,0.0,0.0019917834680472832,0.0,0.0,0.0,0.003993459430150076,0.0,0.0,-0.0013151911946112595,0.0018245934949410719,0.0018166113470287613,0.0,0.0,0.0,0.0,0.001991772550819646,0.0,-0.0017578295835166378,0.005925771152922993,0.003999981898354193,0.001972349244276269,-0.003526504421786183,0.0039538332451352475,0.0,-0.0032949007475009118,0.0,-0.0016920571793416078,0.0,0.0,-0.0016433700502195446,0.0019623741139972793,-0.0017361951482007922,-0.0018637343515714453,0.005995971702171091,-0.003662306203757337,0.0,0.003920469523771989,0.0,0.0,0.0019522539299356616,-0.0010572119212754504,0.0,0.003954493702631344,0.0019457053157315553,0.001999197420934895,0.0,0.0,0.0,0.0,-0.0021157647459567443,0.0,-0.0014593764139710116,0.001996025113806187,-0.0025936701764600707,0.001979449882216973,0.0,0.0,-0.003615227318153714,0.0019373019236979734,0.0,0.0,-0.004101833631803406,-0.003709386263165403,-0.004168013798123572,0.0,0.0019987741810675516,0.0059151426394786445,0.0,0.0019556267639318286,0.0,0.0,agent62,-0.3196954036870952
-0.3741900682935315,0.0,0.0,-0.0034101945671150165,0.0,-0.0010571849716554244,0.0,0.0,0.0,0.001999697475056075,-0.0033311118416208723,0.0,0.0,-0.0014803434419631619,-0.0018565144042683606,0.001998613399002546,-0.0031841096482781318,1,0.0,-0.0031813196445938906,-0.0059731234614987085,0.005635460534196455,-0.0034266469015856414,0.001966966388311888,-0.0028600084972666513,0.0,0.0,0.0,0.003989825246376406,0.0019967382595592036,0.0,0.0019917834680472832,0.0,0.0,0.0,0.003993459430150076,0.0,0.0,-0.0013151911946112595,0.0018245934949410719,0.0018166113470287613,0.0,0.0,0.0,0.0,0.001991772550819646,0.0,-0.0017578295835166378,0.005925771152922993,0.003999981898354193,0.001972349244276269,-0.003526504421786183,0.0039538332451352475,0.0,-0.0032949007475009118,0.0,-0.0016920571793416078,0.0,0.0,-0.0016433700502195446,0.0019623741139972793,-0.0017361951482007922,-0.0018637343515714453,0.005995971702171091,-0.003662306203757337,0.0,0.003920469523771989,0.0,0.0,0.0019522539299356616,-0.0010572119212754504,0.0,0.003954493702631344,0.0019457053157315553,0.001999197420934895,0.0,0.0,0.0,0.0,-0.0021157647459567443,0.0,-0.0014593764139710116,0.001996025113806187,-0.0025936701764600707,0.001979449882216973,0.0,0.0,-0.005406831569886538,0.0019373019236979734,0.0,0.0,-0.004101833631803406,-0.003709386263165403,-0.004168013798123572,0.0,0.0019987741810675516,0.0059151426394786445,0.0,0.0019556267639318286,0.0,0.0,agent86,0.27240745686041423
-0.3751921840582775,0.0,0.0,-0.0034101945671150165,0.0,-0.0010571849716554244,0.0,0.0,0.0,0.001999697475056075,-0.0033311118416208723,0.0,0.0,-0.0014803434419631619,-0.0018565144042683606,0.001998613399002546,-0.0031841096482781318,1,0.0,-0.0031813196445938906,-0.0059731234614987085,0.005635460534196455,-0.0034266469015856414,0.001966966388311888,-0.0028600084972666513,0.0,0.0,0.0,0.003989825246376406,0.0019967382595592036,0.0,0.0019917834680472832,0.0,0.0,0.0,0.003993459430150076,0.0,0.0,-0.0013151911946112595,0.0018245934949410719,0.0018166113470287613,0.0,0.0,0.0,0.0,0.001991772550819646,0.0,-0.0017578295835166378,0.005925771152922993,0.003999981898354193,0.001972349244276269,-0.003526504421786183,0.0039538332451352475,0.0,-0.0032949007475009118,0.0,-0.0016920571793416078,0.0,0.0,-0.0016433700502195446,0.0019623741139972793,-0.0017361951482007922,-0.0018637343515714453,0.005995971702171091,-0.003662306203757337,0.0,0.003920469523771989,0.0,0.0,0.0019522539299356616,-0.0010572119212754504,0.0,0.003954493702631344,0.0019457053157315553,0.001999197420934895,0.0,0.0,0.0,0.0,-0.003171565574058454,0.0,-0.0014593764139710116,0.001996025113806187,-0.0025936701764600707,0.001979449882216973,0.0,0.0,-0.005406831569886538,0.0019373019236979734,0.0,0.0,-0.004101833631803406,-0.003709386263165403,-0.004168013798123572,0.0,0.0019987741810675516,0.0059151426394786445,0.0,0.0019556267639318286,0.0,0.0,agent78,1
-0.3741921840582775,0.0,0.0,-0.0034101945671150165,0.0,-0.0010571849716554244,0.0,0.0,0.0019367467908285073,0.001999697475056075,-0.0033311118416208723,0.0,0.0,-0.0014803434419631619,-0.0018565144042683606,0.001998613399002546,-0.0031841096482781318,1,0.0,-0.0031813196445938906,-0.0059731234614987085,0.005635460534196455,-0.0034266469015856414,0.001966966388311888,-0.0028600084972666513,0.0,0.0,0.0,0.003989825246376406,0.0019967382595592036,0.0,0.0019917834680472832,0.0,0.0,0.0,0.003993459430150076,0.0,0.0,-0.0013151911946112595,0.0018245934949410719,0.0018166113470287613,0.0,0.0,0.0,0.0,0.001991772550819646,0.0,-0.0017578295835166378,0.005925771152922993,0.003999981898354193,0.001972349244276269,-0.003526504421786183,0.0039538332451352475,0.0,-0.0032949007475009118,0.0,-0.0016920571793416078,0.0,0.0,-0.0016433700502195446,0.0019623741139972793,-0.0017361951482007922,-0.0018637343515714453,0.005995971702171091,-0.003662306203757337,0.0,0.003920469523771989,0.0,0.0,0.0019522539299356616,-0.0010572119212754504,0.0,0.003954493702631344,0.0019457053157315553,0.001999197420934895,0.0,0.0,0.0,0.0,-0.003171565574058454,0.0,-0.0014593764139710116,0.001996025113806187,-0.0025936701764600707,0.001979449882216973,0.0,0.0,-0.005406831569886538,0.0019373019236979734,0.0,0.0,-0.004101833631803406,-0.003709386263165403,-0.004168013798123572,0.0,0.0019987741810675516,0.0059151426394786445,0.0,0.0019556267639318286,0.0,0.0,agent7,-0.730869591750958
-0.3731921840582775,0.0,0.0,-0.0034101945671150165,0.0,-0.0010571849716554244,0.0,0.0,0.0019367467908285073,0.001999697475056075,-0.0033311118416208723,0.0,0.0,-0.0014803434419631619,-0.0018565144042683606,0.001998613399002546,-0.0031841096482781318,1,0.0,-0.0031813196445938906,-0.0059731234614987085,0.005635460534196455,-0.0034266469015856414,0.001966966388311888,-0.0028600084972666513,0.0,0.0,0.0,0.003989825246376406,0.0019967382595592036,0.0,0.0019917834680472832,0.0,0.0,0.0,0.003993459430150076,0.0,0.0,-0.0013151911946112595,0.0018245934949410719,0.0018166113470287613,0.0,0.0,0.0,0.0,0.001991772550819646,0.0,-0.0017578295835166378,0.005925771152922993,0.003999981898354193,0.001972349244276269,-0.003526504421786183,0.0039538332451352475,0.0,-0.0032949007475009118,0.0,-0.0016920571793416078,0.0,0.0,-0.0016433700502195446,0.0019623741139972793,-0.0017361951482007922,-0.0018637343515714453,0.005995971702171091,-0.003662306203757337,0.0,0.003920469523771989,0.0,0.0,0.0019522539299356616,-0.0010572119212754504,0.0,0.003954493702631344,0.0019457053157315553,0.001999197420934895,0.0,0.0,0.0,0.0,-0.003171565574058454,0.0,-0.0014593764139710116,0.001996025113806187,-0.0025936701764600707,0.001979449882216973,0.0,0.0,-0.005406831569886538,0.0019373019236979734,0.0,0.0,-0.004101833631803406,-0.003709386263165403,-0.004168013798123572,0.001962659823397558,0.0019987741810675516,0.0059151426394786445,0.0,0.0019556267639318286,0.0,0.0,agent93,-0.10091512097964235
-0.37419571056269924,0.0,0.0,-0.0034101945671150165,0.0,-0.0010571849716554244,0.0,0.0,0.0019367467908285073,0.001999697475056075,-0.0033311118416208723,0.0,0.0,-0.0014803434419631619,-0.0018565144042683606,0.001998613399002546,-0.0031841096482781318,1,0.0,-0.0031813196445938906,-0.0059731234614987085,0.005635460534196455,-0.0034266469015856414,0.001966966388311888,-0.0028600084972666513,0.0,0.0,0.0,0.003989825246376406,0.0019967382595592036,0.0,0.0019917834680472832,0.0,0.0,0.0,0.003993459430150076,0.0,0.0,-0.0013151911946112595,0.0018245934949410719,0.0018166113470287613,0.0,0.0,0.0,0.0,0.001991772550819646,0.0,-0.0017578295835166378,0.005925771152922993,0.003999981898354193,0.001972349244276269,-0.005260479895097529,0.0039538332451352475,0.0,-0.0032949007475009118,0.0,-0.0016920571793416078,0.0,0.0,-0.0016433700502195446,0.0019623741139972793,-0.0017361951482007922,-0.0018637343515714453,0.005995971702171091,-0.003662306203757337,0.0,0.003920469523771989,0.0,0.0,0.0019522539299356616,-0.0010572119212754504,0.0,0.003954493702631344,0.0019457053157315553,0.001999197420934895,0.0,0.0,0.0,0.0,-0.003171565574058454,0.0,-0.0014593764139710116,0.001996025113806187,-0.0025936701764600707,0.001979449882216973,0.0,0.0,-0.005406831569886538,0.0019373019236979734,0.0,0.0,-0.004101833631803406,-0.003709386263165403,-0.004168013798123572,0.001962659823397558,0.0019987741810675516,0.0059151426394786445,0.0,0.0019556267639318286,0.0,0.0,agent50,0.35622474293019585
-0.3751977097601202,0.0,0.0,-0.0034101945671150165,0.0,-0.0010571849716554244,0.0,0.0,0.0019367467908285073,0.001999697475056075,-0.0033311118416208723,0.0,0.0,-0.0014803434419631619,-0.0018565144042683606,0.001998613399002546,-0.0031841096482781318,1,0.0,-0.0031813196445938906,-0.0059731234614987085,0.005635460534196455,-0.0034266469015856414,0.001966966388311888,-0.0028600084972666513,0.0,0.0,0.0,0.003989825246376406,0.0019967382595592036,0.0,0.0019917834680472832,0.0,0.0,0.0,0.003993459430150076,0.0,0.0,-0.0013151911946112595,0.0018245934949410719,0.0018166113470287613,0.0,0.0,0.0,0.0,0.001991772550819646,0.0,-0.0017578295835166378,0.005925771152922993,0.003999981898354193,0.001972349244276269,-0.005260479895097529,0.0039538332451352475,0.0,-0.0032949007475009118,0.0,-0.0016920571793416078,0.0,0.0,-0.0016433700502195446,0.0019623741139972793,-0.0017361951482007922,-0.0018637343515714453,0.005995971702171091,-0.003662306203757337,0.0,0.003920469523771989,0.0,0.0,0.0019522539299356616,-0.0010572119212754504,0.0,0.003954493702631344,0.0019457053157315553,0.003998394909078038,0.0,0.0,0.0,0.0,-0.003171565574058454,0.0,-0.0014593764139710116,0.001996025113806187,-0.0025936701764600707,0.001979449882216973,0.0,0.0,-0.005406831569886538,0.0019373019236979734,0.0,0.0,-0.004101833631803406,-0.003709386263165403,-0.004168013798123572,0.001962659823397558,0.0019987741810675516,0.0059151426394786445,0.0,0.0019556267639318286,0.0,0.0,agent73,-0.41425845776897147
-0.37619953435361514,0.0,0.0,-0.0034101945671150165,0.0,-0.0010571849716554244,0.0,0.0,0.0019367467908285073,0.001999697475056075,-0.0033311118416208723,0.0,0.0,-0.0014803434419631619,-0.0018565144042683606,0.001998613399002546,-0.0031841096482781318,1,0.0,-0.0031813196445938906,-0.0059731234614987085,0.005635460534196455,-0.0034266469015856414,0.001966966388311888,-0.0028600084972666513,0.0,0.0,0.0,0.003989825246376406,0.0019967382595592036,0.0,0.0019917834680472832,0.0,0.0,0.0,0.003993459430150076,0.0,0.0,-0.0013151911946112595,0.003648610612067495,0.0018166113470287613,0.0,0.0,0.0,0.0,0.001991772550819646,0.0,-0.0017578295835166378,0.005925771152922993,0.003999981898354193,0.001972349244276269,-0.005260479895097529,0.0039538332451352475,0.0,-0.0032949007475009118,0.0,-0.0016920571793416078,0.0,0.0,-0.0016433700502195446,0.0019623741139972793,-0.0017361951482007922,-0.0018637343515714453,0.005995971702171091,-0.003662306203757337,0.0,0.003920469523771989,0.0,0.0,0.0019522539299356616,-0.0010572119212754504,0.0,0.003954493702631344,0.0019457053157315553,0.003998394909078038,0.0,0.0,0.0,0.0,-0.003171565574058454,0.0,-0.0014593764139710116,0.001996025113806187,-0.0025936701764600707,0.001979449882216973,0.0,0.0,-0.005406831569886538,0.0019373019236979734,0.0,0.0,-0.004101833631803406,-0.003709386263165403,-0.004168013798123572,0.001962659823397558,0.0019987741810675516,0.0059151426394786445,0.0,0.0019556267639318286,0.0,0.0,agent38,-0.9684647371155548
-0.37720348884731775,0.0,0.0,-0.0034101945671150165,0.0,-0.0010571849716554244,0.0,0.0,0.0019367467908285073,0.001999697475056075,-0.0033311118416208723,0.0,0.0,-0.0014803434419631619,-0.0018565144042683606,0.001998613399002546,-0.0031841096482781318,1,0.0,-0.0031813196445938906,-0.0059731234614987085,0.005635460534196455,-0.0034266469015856414,0.001966966388311888,-0.0028600084972666513,0.0,0.0,0.0,0.003989825246376406,0.0019967382595592036,0.0,0.0019917834680472832,0.0,0.0,0.0,0.003993459430150076,0.0,0.0,-0.0013151911946112595,0.003648610612067495,0.0018166113470287613,0.0,0.0,0.0,0.0,0.001991772550819646,0.0,-0.0017578295835166378,0.005925771152922993,0.003999981898354193,0.001972349244276269,-0.005260479895097529,0.0039538332451352475,0.0,-0.0032949007475009118,0.0,-0.0016920571793416078,0.0,0.0,-0.0016433700502195446,0.0019623741139972793,-0.0017361951482007922,-0.0018637343515714453,0.005995971702171091,-0.003662306203757337,0.0,0.003920469523771989,0.0,0.0,0.0019522539299356616,-0.0010572119212754504,0.0,0.005931955688347722,0.0019457053157315553,0.003998394909078038,0.0,0.0,0.0,0.0,-0.003171565574058454,0.0,-0.0014593764139710116,0.001996025113806187,-0.0025936701764600707,0.001979449882216973,0.0,0.0,-0.005406831569886538,0.0019373019236979734,0.0,0.0,-0.004101833631803406,-0.003709386263165403,-0.004168013798123572,0.001962659823397558,0.0019987741810675516,0.0059151426394786445,0.0,0.0019556267639318286,0.0,0.0,agent71,-0.5885106941338857
-0.37620348884731775,0.0,0.0,-0.0034101945671150165,0.0,-0.0010571849716554244,0.0,0.0,0.0019367467908285073,0.001999697475056075,-0.0033311118416208723,0.0,0.0,-0.0014803434419631619,-0.0018565144042683606,0.001998613399002546,-0.0031841096482781318,1,0.0,-0.0031813196445938906,-0.0059731234614987085,0.005635460534196455,-0.0034266469015856414,0.001966966388311888,-0.0028600084972666513,0.0,0.0,0.0,0.003989825246376406,0.0019967382595592036,0.0,0.0019917834680472832,0.0,0.0,0.0,0.003993459430150076,0.0,0.0,-0.0013151911946112595,0.003648610612067495,0.0018166113470287613,0.0,0.0,0.0,0.0,0.001991772550819646,0.0,-0.0017578295835166378,0.005925771152922993,0.003999981898354193,0.001972349244276269,-0.005260479895097529,0.0039538332451352475,0.0,-0.0032949007475009118,0.0,-0.0016920571793416078,0.0,0.0,-0.0016433700502195446,0.0019623741139972793,-0.0017361951482007922,-0.0018637343515714453,0.005995971702171091,-0.003662306203757337,0.0,0.003920469523771989,0.0018510635219228509,0.0,0.0019522539299356616,-0.0010572119212754504,0.0,0.005931955688347722,0.0019457053157315553,0.003998394909078038,0.0,0.0,0.0,0.0,-0.003171565574058454,0.0,-0.0014593764139710116,0.001996025113806187,-0.0025936701764600707,0.001979449882216973,0.0,0.0,-0.005406831569886538,0.0019373019236979734,0.0,0.0,-0.004101833631803406,-0.003709386263165403,-0.004168013798123572,0.001962659823397558,0.0019987741810675516,0.0059151426394786445,0.0,0.0019556267639318286,0.0,0.0,agent66,-0.9229808758415923
-0.37520348884731775,0.0,0.0,-0.0034101945671150165,0.0,-0.0010571849716554244,0.0,0.0,0.0019367467908285073,0.001999697475056075,-0.0033311118416208723,0.0,0.0,-0.0014803434419631619,-0.0018565144042683606,0.001998613399002546,-0.0031841096482781318,1,0.0,-0.0031813196445938906,-0.0059731234614987085,0.005635460534196455,-0.0034266469015856414,0.001966966388311888,-0.0028600084972666513,0.0,0.0,0.0,0.003989825246376406,0.0019967382595592036,0.0,0.0019917834680472832,0.0,0.0,0.0,0.003993459430150076,0.0,0.0,-0.0013151911946112595,0.003648610612067495,0.0018166113470287613,0.0,0.0,0.0,0.0,0.001991772550819646,0.0,-0.0017578295835166378,0.005925771152922993,0.003999981898354193,0.001972349244276269,-0.005260479895097529,0.0039538332451352475,0.0,-0.0032949007475009118,0.0,-0.0016920571793416078,0.0,0.0,-0.0016433700502195446,0.0019623741139972793,-0.0017361951482007922,-0.0018637343515714453,0.005995971702171091,-0.003662306203757337,0.0,0.003920469523771989,0.0018510635219228509,0.0,0.0019522539299356616,-0.0010572119212754504,0.0,0.005931955688347722,0.0019457053157315553,0.003998394909078038,0.001961424536502571,0.0,0.0,0.0,-0.003171565574058454,0.0,-0.0014593764139710116,0.001996025113806187,-0.0025936701764600707,0.001979449882216973,0.0,0.0,-0.005406831569886538,0.0019373019236979734,0.0,0.0,-0.004101833631803406,-0.003709386263165403,-0.004168013798123572,0.001962659823397558,0.0019987741810675516,0.0059151426394786445,0.0,0.0019556267639318286,0.0,0.0,agent74,-0.6539640457931494
-0.3762054411012477,0.0,0.0,-0.0034101945671150165,0.0,-0.0010571849716554244,0.0,0.0,0.0019367467908285073,0.001999697475056075,-0.0033311118416208723,0.0,0.0,-0.0014803434419631619,-0.0018565144042683606,0.001998613399002546,-0.0031841096482781318,1,0.0,-0.0031813196445938906,-0.0059731234614987085,0.005635460534196455,-0.0034266469015856414,0.001966966388311888,-0.0028600084972666513,0.0,0.0,0.0,0.003989825246376406,0.0019967382595592036,0.0,0.0019917834680472832,0.0,0.0,0.0,0.003993459430150076,0.0,0.0,-0.0013151911946112595,0.003648610612067495,0.0018166113470287613,0.0,0.0,0.0,0.0,0.001991772550819646,0.0,-0.0017578295835166378,0.005925771152922993,0.003999981898354193,0.001972349244276269,-0.005260479895097529,0.0039538332451352475,0.0,-0.0032949007475009118,0.0,-0.0016920571793416078,0.0,0.0,-0.0016433700502195446,0.0019623741139972793,-0.0017361951482007922,-0.0018637343515714453,0.005995971702171091,-0.003662306203757337,0.0,0.003920469523771989,0.0018510635219228509,0.0,0.003904200690377859,-0.0010572119212754504,0.0,0.005931955688347722,0.0019457053157315553,0.003998394909078038,0.001961424536502571,0.0,0.0,0.0,-0.003171565574058454,0.0,-0.0014593764139710116,0.001996025113806187,-0.0025936701764600707,0.001979449882216973,0.0,0.0,-0.005406831569886538,0.0019373019236979734,0.0,0.0,-0.004101833631803406,-0.003709386263165403,-0.004168013798123572,0.001962659823397558,0.0019987741810675516,0.0059151426394786445,0.0,0.0019556267639318286,0.0,0.0,agent68,-0.6852139388576443
-0.37720936157077145,0.0,0.0,-0.0034101945671150165,0.0,-0.0010571849716554244,0.0,0.0,0.0019367467908285073,0.001999697475056075,-0.0033311118416208723,0.0,0.0,-0.0014803434419631619,-0.0018565144042683606,0.001998613399002546,-0.0031841096482781318,1,0.0,-0.0031813196445938906,-0.0059731234614987085,0.005635460534196455,-0.0034266469015856414,0.001966966388311888,-0.0028600084972666513,0.0,0.0,0.0,0.003989825246376406,0.0019967382595592036,0.0,0.0019917834680472832,0.0,0.0,0.0,0.003993459430150076,0.0,0.0,-0.0013151911946112595,0.003648610612067495,0.0018166113470287613,0.0,0.0,0.0,0.0,0.001991772550819646,0.0,-0.0017578295835166378,0.005925771152922993,0.003999981898354193,0.001972349244276269,-0.005260479895097529,0.0039538332451352475,0.0,-0.0032949007475009118,0.0,-0.0016920571793416078,0.0,0.0,-0.0016433700502195446,0.0019623741139972793,-0.0017361951482007922,-0.0018637343515714453,0.005995971702171091,-0.003662306203757337,0.0,0.005880989671243904,0.0018510635219228509,0.0,0.003904200690377859,-0.0010572119212754504,0.0,0.005931955688347722,0.0019457053157315553,0.003998394909078038,0.001961424536502571,0.0,0.0,0.0,-0.003171565574058454,0.0,-0.0014593764139710116,0.001996025113806187,-0.0025936701764600707,0.001979449882216973,0.0,0.0,-0.005406831569886538,0.0019373019236979734,0.0,0.0,-0.004101833631803406,-0.003709386263165403,-0.004168013798123572,0.001962659823397558,0.0019987741810675516,0.0059151426394786445,0.0,0.0019556267639318286,0.0,0.0,agent65,-0.6572031369212824
-0.37620936157077145,0.0,0.0,-0.0034101945671150165,0.0,-0.0010571849716554244,0.0,0.0,0.0019367467908285073,0.001999697475056075,-0.0033311118416208723,0.0,0.0,-0.0014803434419631619,-0.0018565144042683606,0.001998613399002546,-0.0031841096482781318,1,0.0,-0.0031813196445938906,-0.0059731234614987085,0.005635460534196455,-0.0034266469015856414,0.001966966388311888,-0.0028600084972666513,0.0,0.0,0.0,0.003989825246376406,0.0019967382595592036,0.0,0.0019917834680472832,0.0,0.0,0.0,0.003993459430150076,0.0,0.0,-0.0013151911946112595,0.003648610612067495,0.0018166113470287613,0.0,0.0,0.0,0.0,0.001991772550819646,0.0,-0.0017578295835166378,0.005925771152922993,0.003999981898354193,0.001972349244276269,-0.005260479895097529,0.0039538332451352475,0.0,-0.0032949007475009118,0.0,-0.0016920571793416078,0.0019994314018521838,0.0,-0.0016433700502195446,0.0019623741139972793,-0.0017361951482007922,-0.0018637343515714453,0.005995971702171091,-0.003662306203757337,0.0,0.005880989671243904,0.0018510635219228509,0.0,0.003904200690377859,-0.0010572119212754504,0.0,0.005931955688347722,0.0019457053157315553,0.003998394909078038,0.001961424536502571,0.0,0.0,0.0,-0.003171565574058454,0.0,-0.0014593764139710116,0.001996025113806187,-0.0025936701764600707,0.001979449882216973,0.0,0.0,-0.005406831569886538,0.0019373019236979734,0.0,0.0,-0.004101833631803406,-0.003709386263165403,-0.004168013798123572,0.001962659823397558,0.0019987741810675516,0.0059151426394786445,0.0,0.0019556267639318286,0.0,0.0,agent56,-0.3434870203763656
-0.37520936157077145,0.0,0.0,-0.0034101945671150165,0.0,-0.0010571849716554244,0.0,0.0,0.0019367467908285073,0.001999697475056075,-0.0033311118416208723,0.0,0.0,-0.0014803434419631619,-0.0018565144042683606,0.001998613399002546,-0.0031841096482781318,1,0.0,-0.0031813196445938906,-0.0059731234614987085,0.005635460534196455,-0.0034266469015856414,0.001966966388311888,-0.0028600084972666513,0.0,0.0,0.0,0.003989825246376406,0.0019967382595592036,0.0,0.0019917834680472832,0.0,0.0,0.0,0.003993459430150076,0.0,0.0,-0.0013151911946112595,0.003648610612067495,0.0018166113470287613,0.0,0.0,0.0,0.0,0.001991772550819646,0.0,-0.0017578295835166378,0.005925771152922993,0.003999981898354193,0.001972349244276269,-0.005260479895097529,0.0039538332451352475,0.0,-0.0032949007475009118,0.0,-0.0016920571793416078,0.0019994314018521838,0.0,-0.0016433700502195446,0.0019623741139972793,-0.0017361951482007922,-0.0018637343515714453,0.005995971702171091,-0.003662306203757337,0.0,0.005880989671243904,0.0018510635219228509,0.0,0.003904200690377859,-0.0010572119212754504,0.0,0.005931955688347722,0.0019457053157315553,0.003998394909078038,0.001961424536502571,0.0,0.0,0.0,-0.003171565574058454,0.0,-0.0014593764139710116,0.001996025113806187,-0.0025936701764600707,0.001979449882216973,0.0,0.0,-0.005406831569886538,0.0019373019236979734,0.0,0.0,-0.004101833631803406,-0.003709386263165403,-0.004168013798123572,0.001962659823397558,0.0019987741810675516,0.0059151426394786445,0.001993110864517084,0.0019556267639318286,0.0,0.0,agent96,-0.4935902414696374
-0.37520936157077145,0.0,0.0,-0.0034101945671150165,0.0,-0.0010571849716554244,0.0,0.0,0.0019367467908285073,0.001999697475056075,-0.0033311118416208723,0.0,0.0,-0.0014803434419631619,-0.0018565144042683606,0.001998613399002546,-0.0031841096482781318,1,0.0,-0.0031813196445938906,-0.0059731234614987085,0.005635460534196455,-0.0034266469015856414,0.001966966388311888,-0.0028600084972666513,0.0,0.0,0.0,0.003989825246376406,0.0019967382595592036,0.0,0.0019917834680472832,0.0,0.0,0.0,0.003993459430150076,0.0,0.0,-0.0013151911946112595,0.003648610612067495,0.0018166113470287613,0.0,0.0,0.0,0.0,0.001991772550819646,0.0,-0.0017578295835166378,0.005925771152922993,0.003999981898354193,0.001972349244276269,-0.005260479895097529,0.0039538332451352475,0.0,-0.0032949007475009118,0.0,-0.0016920571793416078,0.0019994314018521838,0.0,-0.0016433700502195446,0.0019623741139972793,-0.0017361951482007922,-0.0018637343515714453,0.005995971702171091,-0.003662306203757337,0.0,0.005880989671243904,0.0018510635219228509,0.0,0.003904200690377859,-0.0010572119212754504,0.0,0.005931955688347722,0.0019457053157315553,0.003998394909078038,0.001961424536502571,0.0,0.0,0.0,-0.003171565574058454,0.0,-0.0014593764139710116,0.001996025113806187,-0.0025936701764600707,0.001979449882216973,0.0,0.0,-0.005406831569886538,0.0019373019236979734,0.0,0.0,-0.004101833631803406,-0.003709386263165403,-0.004168013798123572,0.001962659823397558,0.0019987741810675516,0.0059151426394786445,0.001993110864517084,0.0019556267639318286,0.0,0.0,agent16,-0.37520936157077145
-0.37420936157077145,0.0,0.0,-0.0034101945671150165,0.0,-0.0010571849716554244,0.0,0.0,0.0019367467908285073,0.001999697475056075,-0.0033311118416208723,0.0,0.0,-0.0014803434419631619,-0.0018565144042683606,0.001998613399002546,-0.0031841096482781318,1,0.0,-0.0031813196445938906,-0.0059731234614987085,0.005635460534196455,-0.0034266469015856414,0.001966966388311888,-0.0028600084972666513,0.0,0.0,0.0,0.003989825246376406,0.0019967382595592036,0.0,0.0019917834680472832,0.0,0.0,0.0,0.003993459430150076,-0.0011143200157858071,0.0,-0.0013151911946112595,0.003648610612067495,0.0018166113470287613,0.0,0.0,0.0,0.0,0.001991772550819646,0.0,-0.0017578295835166378,0.005925771152922993,0.003999981898354193,0.001972349244276269,-0.005260479895097529,0.0039538332451352475,0.0,-0.0032949007475009118,0.0,-0.0016920571793416078,0.0019994314018521838,0.0,-0.0016433700502195446,0.0019623741139972793,-0.0017361951482007922,-0.0018637343515714453,0.005995971702171091,-0.003662306203757337,0.0,0.005880989671243904,0.0018510635219228509,0.0,0.003904200690377859,-0.0010572119212754504,0.0,0.005931955688347722,0.0019457053157315553,0.003998394909078038,0.001961424536502571,0.0,0.0,0.0,-0.003171565574058454,0.0,-0.0014593764139710116,0.001996025113806187,-0.0025936701764600707,0.001979449882216973,0.0,0.0,-0.005406831569886538,0.0019373019236979734,0.0,0.0,-0.004101833631803406,-0.003709386263165403,-0.004168013798123572,0.001962659823397558,0.0019987741810675516,0.0059151426394786445,0.001993110864517084,0.0019556267639318286,0.0,0.0,agent35,0.955715117289087
-0.37320936157077145,0.0,0.0,-0.0034101945671150165,0.0,-0.0010571849716554244,0.0,0.0,0.0019367467908285073,0.001999697475056075,-0.0033311118416208723,-0.0013906964138241324,0.0,-0.0014803434419631619,-0.0018565144042683606,0.001998613399002546,-0.0031841096482781318,1,0.0,-0.0031813196445938906,-0.0059731234614987085,0.005635460534196455,-0.0034266469015856414,0.001966966388311888,-0.0028600084972666513,0.0,0.0,0.0,0.003989825246376406,0.0019967382595592036,0.0,0.0019917834680472832,0.0,0.0,0.0,0.003993459430150076,-0.0011143200157858071,0.0,-0.0013151911946112595,0.003648610612067495,0.0018166113470287613,0.0,0.0,0.0,0.0,0.001991772550819646,0.0,-0.0017578295835166378,0.005925771152922993,0.003999981898354193,0.001972349244276269,-0.005260479895097529,0.0039538332451352475,0.0,-0.0032949007475009118,0.0,-0.0016920571793416078,0.0019994314018521838,0.0,-0.0016433700502195446,0.0019623741139972793,-0.0017361951482007922,-0.0018637343515714453,0.005995971702171091,-0.003662306203757337,0.0,0.005880989671243904,0.0018510635219228509,0.0,0.003904200690377859,-0.0010572119212754504,0.0,0.005931955688347722,0.0019457053157315553,0.003998394909078038,0.001961424536502571,0.0,0.0,0.0,-0.003171565574058454,0.0,-0.0014593764139710116,0.001996025113806187,-0.0025936701764600707,0.001979449882216973,0.0,0.0,-0.005406831569886538,0.0019373019236979734,0.0,0.0,-0.004101833631803406,-0.003709386263165403,-0.004168013798123572,0.001962659823397558,0.0019987741810675516,0.0059151426394786445,0.001993110864517084,0.0019556267639318286,0.0,0.0,agent10,0.7296960566384769
-0.3742113610021733,0.0,0.0,-0.0034101945671150165,0.0,-0.0010571849716554244,0.0,0.0,0.0019367467908285073,0.001999697475056075,-0.0033311118416208723,-0.0013906964138241324,0.0,-0.0014803434419631619,-0.0018565144042683606,0.001998613399002546,-0.0031841096482781318,1,0.0,-0.0031813196445938906,-0.0059731234614987085,0.005635460534196455,-0.0034266469015856414,0.001966966388311888,-0.0028600084972666513,0.0,0.0,0.0,0.003989825246376406,0.0019967382595592036,0.0,0.0019917834680472832,0.0,0.0,0.0,0.003993459430150076,-0.0011143200157858071,0.0,-0.0013151911946112595,0.003648610612067495,0.0018166113470287613,0.0,0.0,0.0,0.0,0.001991772550819646,0.0,-0.0017578295835166378,0.005925771152922993,0.003999981898354193,0.001972349244276269,-0.005260479895097529,0.0039538332451352475,0.0,-0.0032949007475009118,0.0,-0.0016920571793416078,0.003998928311812456,0.0,-0.0016433700502195446,0.0019623741139972793,-0.0017361951482007922,-0.0018637343515714453,0.005995971702171091,-0.003662306203757337,0.0,0.005880989671243904,0.0018510635219228509,0.0,0.003904200690377859,-0.0010572119212754504,0.0,0.005931955688347722,0.0019457053157315553,0.003998394909078038,0.001961424536502571,0.0,0.0,0.0,-0.003171565574058454,0.0,-0.0014593764139710116,0.001996025113806187,-0.0025936701764600707,0.001979449882216973,0.0,0.0,-0.005406831569886538,0.0019373019236979734,0.0,0.0,-0.004101833631803406,-0.003709386263165403,-0.004168013798123572,0.001962659823397558,0.0019987741810675516,0.0059151426394786445,0.001993110864517084,0.0019556267639318286,0.0,0.0,agent56,-0.3414890198409504
-0.3732113610021733,0.0,0.0,-0.0034101945671150165,0.0,-0.0010571849716554244,0.0,0.0,0.0019367467908285073,0.001999697475056075,-0.0033311118416208723,-0.0013906964138241324,0.0,-0.0014803434419631619,-0.0018565144042683606,0.001998613399002546,-0.0031841096482781318,1,0.0,-0.0031813196445938906,-0.0059731234614987085,0.005635460534196455,-0.0034266469015856414,0.001966966388311888,-0.0028600084972666513,0.0,0.0,0.0019661035390866432,0.003989825246376406,0.0019967382595592036,0.0,0.0019917834680472832,0.0,0.0,0.0,0.003993459430150076,-0.0011143200157858071,0.0,-0.0013151911946112595,0.003648610612067495,0.0018166113470287613,0.0,0.0,0.0,0.0,0.001991772550819646,0.0,-0.0017578295835166378,0.005925771152922993,0.003999981898354193,0.001972349244276269,-0.005260479895097529,0.0039538332451352475,0.0,-0.0032949007475009118,0.0,-0.0016920571793416078,0.003998928311812456,0.0,-0.0016433700502195446,0.0019623741139972793,-0.0017361951482007922,-0.0018637343515714453,0.005995971702171091,-0.003662306203757337,0.0,0.005880989671243904,0.0018510635219228509,0.0,0.003904200690377859,-0.0010572119212754504,0.0,0.005931955688347722,0.0019457053157315553,0.003998394909078038,0.001961424536502571,0.0,0.0,0.0,-0.003171565574058454,0.0,-0.0014593764139710116,0.001996025113806187,-0.0025936701764600707,0.001979449882216973,0.0,0.0,-0.005406831569886538,0.0019373019236979734,0.0,0.0,-0.004101833631803406,-0.003709386263165403,-0.004168013798123572,0.001962659823397558,0.0019987741810675516,0.0059151426394786445,0.001993110864517084,0.0019556267639318286,0.0,0.0,agent26,-0.11384062181147002
-0.3742133279685616,0.0,0.0,-0.0034101945671150165,0.0,-0.0010571849716554244,0.0,0.0,0.0019367467908285073,0.001999697475056075,-0.0033311118416208723,-0.0013906964138241324,0.0,-0.0014803434419631619,-0.0018565144042683606,0.001998613399002546,-0.0031841096482781318,1,0.0,-0.0031813196445938906,-0.0059731234614987085,0.005635460534196455,-0.0034266469015856414,0.003934191739296044,-0.0028600084972666513,0.0,0.0,0.0019661035390866432,0.003989825246376406,0.0019967382595592036,0.0,0.0019917834680472832,0.0,0.0,0.0,0.003993459430150076,-0.0011143200157858071,0.0,-0.0013151911946112595,0.003648610612067495,0.0018166113470287613,0.0,0.0,0.0,0.0,0.001991772550819646,0.0,-0.0017578295835166378,0.005925771152922993,0.003999981898354193,0.001972349244276269,-0.005260479895097529,0.0039538332451352475,0.0,-0.0032949007475009118,0.0,-0.0016920571793416078,0.003998928311812456,0.0,-0.0016433700502195446,0.0019623741139972793,-0.0017361951482007922,-0.0018637343515714453,0.005995971702171091,-0.003662306203757337,0.0,0.005880989671243904,0.0018510635219228509,0.0,0.003904200690377859,-0.0010572119212754504,0.0,0.005931955688347722,0.0019457053157315553,0.003998394909078038,0.001961424536502571,0.0,0.0,0.0,-0.003171565574058454,0.0,-0.0014593764139710116,0.001996025113806187,-0.0025936701764600707,0.001979449882216973,0.0,0.0,-0.005406831569886538,0.0019373019236979734,0.0,0.0,-0.004101833631803406,-0.003709386263165403,-0.004168013798123572,0.001962659823397558,0.0019987741810675516,0.0059151426394786445,0.001993110864517084,0.0019556267639318286,0.0,0.0,agent22,-0.11718538960144068
-0.3752189634290958,0.0,0.0,-0.0034101945671150165,0.0,-0.0010571849716554244,0.0,0.0,0.0019367467908285073,0.001999697475056075,-0.0033311118416208723,-0.0013906964138241324,0.0,-0.0014803434419631619,-0.0018565144042683606,0.001998613399002546,-0.0031841096482781318,1,0.0,-0.0031813196445938906,-0.0059731234614987085,0.007514120833725015,-0.0034266469015856414,0.003934191739296044,-0.0028600084972666513,0.0,0.0,0.0019661035390866432,0.003989825246376406,0.0019967382595592036,0.0,0.0019917834680472832,0.0,0.0,0.0,0.003993459430150076,-0.0011143200157858071,0.0,-0.0013151911946112595,0.003648610612067495,0.0018166113470287613,0.0,0.0,0.0,0.0,0.001991772550819646,0.0,-0.0017578295835166378,0.005925771152922993,0.003999981898354193,0.001972349244276269,-0.005260479895097529,0.0039538332451352475,0.0,-0.0032949007475009118,0.0,-0.0016920571793416078,0.003998928311812456,0.0,-0.0016433700502195446,0.0019623741139972793,-0.0017361951482007922,-0.0018637343515714453,0.005995971702171091,-0.003662306203757337,0.0,0.005880989671243904,0.0018510635219228509,0.0,0.003904200690377859,-0.0010572119212754504,0.0,0.005931955688347722,0.0019457053157315553,0.003998394909078038,0.001961424536502571,0.0,0.0,0.0,-0.003171565574058454,0.0,-0.0014593764139710116,0.001996025113806187,-0.0025936701764600707,0.001979449882216973,0.0,0.0,-0.005406831569886538,0.0019373019236979734,0.0,0.0,-0.004101833631803406,-0.003709386263165403,-0.004168013798123572,0.001962659823397558,0.0019987741810675516,0.0059151426394786445,0.001993110864517084,0.0019556267639318286,0.0,0.0,agent20,-0.8668383384409086
-0.3762209190558597,0.0,0.0,-0.0034101945671150165,0.0,-0.0010571849716554244,0.0,0.0,0.0019367467908285073,0.001999697475056075,-0.0033311118416208723,-0.0013906964138241324,0.0,-0.0014803434419631619,-0.0018565144042683606,0.001998613399002546,-0.0031841096482781318,1,0.0,-0.0031813196445938906,-0.0059731234614987085,0.007514120833725015,-0.0034266469015856414,0.003934191739296044,-0.0028600084972666513,0.0,0.0,0.0019661035390866432,0.003989825246376406,0.0019967382595592036,0.0,0.0019917834680472832,0.0,0.0,0.0,0.003993459430150076,-0.0011143200157858071,0.0,-0.0013151911946112595,0.003648610612067495,0.0018166113470287613,0.0,0.0,0.0,0.0,0.001991772550819646,0.0,-0.0017578295835166378,0.005925771152922993,0.003999981898354193,0.001972349244276269,-0.005260479895097529,0.0039538332451352475,0.0,-0.0032949007475009118,0.0,-0.0016920571793416078,0.003998928311812456,0.0,-0.0016433700502195446,0.0019623741139972793,-0.0017361951482007922,-0.0018637343515714453,0.005995971702171091,-0.003662306203757337,0.0,0.005880989671243904,0.0018510635219228509,0.0,0.003904200690377859,-0.0010572119212754504,0.0,0.005931955688347722,0.0019457053157315553,0.003998394909078038,0.001961424536502571,0.0,0.0,0.0,-0.003171565574058454,0.0,-0.0014593764139710116,0.001996025113806187,-0.0025936701764600707,0.001979449882216973,0.0,0.0,-0.005406831569886538,0.0019373019236979734,0.0,0.0,-0.004101833631803406,-0.003709386263165403,-0.004168013798123572,0.001962659823397558,0.0019987741810675516,0.0059151426394786445,0.001993110864517084,0.003910958614413573,0.0,0.0,agent97,-0.6741107482551638
-0.3772284331766934,0.0,0.0,-0.0034101945671150165,0.0,-0.0010571849716554244,0.0,0.0,0.0019367467908285073,0.001999697475056075,-0.0033311118416208723,-0.0013906964138241324,0.0,-0.0014803434419631619,-0.0018565144042683606,0.001998613399002546,-0.0031841096482781318,1,0.0,-0.0031813196445938906,-0.0059731234614987085,0.009393276016385892,-0.0034266469015856414,0.003934191739296044,-0.0028600084972666513,0.0,0.0,0.0019661035390866432,0.003989825246376406,0.0019967382595592036,0.0,0.0019917834680472832,0.0,0.0,0.0,0.003993459430150076,-0.0011143200157858071,0.0,-0.0013151911946112595,0.003648610612067495,0.0018166113470287613,0.0,0.0,0.0,0.0,0.001991772550819646,0.0,-0.0017578295835166378,0.005925771152922993,0.003999981898354193,0.001972349244276269,-0.005260479895097529,0.0039538332451352475,0.0,-0.0032949007475009118,0.0,-0.0016920571793416078,0.003998928311812456,0.0,-0.0016433700502195446,0.0019623741139972793,-0.0017361951482007922,-0.0018637343515714453,0.005995971702171091,-0.003662306203757337,0.0,0.005880989671243904,0.0018510635219228509,0.0,0.003904200690377859,-0.0010572119212754504,0.0,0.005931955688347722,0.0019457053157315553,0.003998394909078038,0.001961424536502571,0.0,0.0,0.0,-0.003171565574058454,0.0,-0.0014593764139710116,0.001996025113806187,-0.0025936701764600707,0.001979449882216973,0.0,0.0,-0.005406831569886538,0.0019373019236979734,0.0,0.0,-0.004101833631803406,-0.003709386263165403,-0.004168013798123572,0.001962659823397558,0.0019987741810675516,0.0059151426394786445,0.001993110864517084,0.003910958614413573,0.0,0.0,agent20,-0.8678403192815308
-0.37823129318519066,0.0,0.0,-0.0034101945671150165,0.0,-0.0010571849716554244,0.0,0.0,0.0019367467908285073,0.001999697475056075,-0.0033311118416208723,-0.0013906964138241324,0.0,-0.0014803434419631619,-0.0018565144042683606,0.001998613399002546,-0.0031841096482781318,1,0.0,-0.0031813196445938906,-0.0059731234614987085,0.009393276016385892,-0.0034266469015856414,0.003934191739296044,-0.004183803232958465,0.0,0.0,0.0019661035390866432,0.003989825246376406,0.0019967382595592036,0.0,0.0019917834680472832,0.0,0.0,0.0,0.003993459430150076,-0.0011143200157858071,0.0,-0.0013151911946112595,0.003648610612067495,0.0018166113470287613,0.0,0.0,0.0,0.0,0.001991772550819646,0.0,-0.0017578295835166378,0.005925771152922993,0.003999981898354193,0.001972349244276269,-0.005260479895097529,0.0039538332451352475,0.0,-0.0032949007475009118,0.0,-0.0016920571793416078,0.003998928311812456,0.0,-0.0016433700502195446,0.0019623741139972793,-0.0017361951482007922,-0.0018637343515714453,0.005995971702171091,-0.003662306203757337,0.0,0.005880989671243904,0.0018510635219228509,0.0,0.003904200690377859,-0.0010572119212754504,0.0,0.005931955688347722,0.0019457053157315553,0.003998394909078038,0.001961424536502571,0.0,0.0,0.0,-0.003171565574058454,0.0,-0.0014593764139710116,0.001996025113806187,-0.0025936701764600707,0.001979449882216973,0.0,0.0,-0.005406831569886538,0.0019373019236979734,0.0,0.0,-0.004101833631803406,-0.003709386263165403,-0.004168013798123572,0.001962659823397558,0.0019987741810675516,0.0059151426394786445,0.001993110864517084,0.003910958614413573,0.0,0.0,agent23,0.7857034343961118
-0.3792346242970323,0.0,0.0,-0.0034101945671150165,0.0,-0.0010571849716554244,0.0,0.0,0.0019367467908285073,0.001999697475056075,-0.004934570181258116,-0.0013906964138241324,0.0,-0.0014803434419631619,-0.0018565144042683606,0.001998613399002546,-0.0031841096482781318,1,0.0,-0.0031813196445938906,-0.0059731234614987085,0.009393276016385892,-0.0034266469015856414,0.003934191739296044,-0.004183803232958465,0.0,0.0,0.0019661035390866432,0.003989825246376406,0.0019967382595592036,0.0,0.0019917834680472832,0.0,0.0,0.0,0.003993459430150076,-0.0011143200157858071,0.0,-0.0013151911946112595,0.003648610612067495,0.0018166113470287613,0.0,0.0,0.0,0.0,0.001991772550819646,0.0,-0.0017578295835166378,0.005925771152922993,0.003999981898354193,0.001972349244276269,-0.005260479895097529,0.0039538332451352475,0.0,-0.0032949007475009118,0.0,-0.0016920571793416078,0.003998928311812456,0.0,-0.0016433700502195446,0.0019623741139972793,-0.0017361951482007922,-0.0018637343515714453,0.005995971702171091,-0.003662306203757337,0.0,0.005880989671243904,0.0018510635219228509,0.0,0.003904200690377859,-0.0010572119212754504,0.0,0.005931955688347722,0.0019457053157315553,0.003998394909078038,0.001961424536502571,0.0,0.0,0.0,-0.003171565574058454,0.0,-0.0014593764139710116,0.001996025113806187,-0.0025936701764600707,0.001979449882216973,0.0,0.0,-0.005406831569886538,0.0019373019236979734,0.0,0.0,-0.004101833631803406,-0.003709386263165403,-0.004168013798123572,0.001962659823397558,0.0019987741810675516,0.0059151426394786445,0.001993110864517084,0.003910958614413573,0.0,0.0,agent9,0.5123209628478353
-0.3802405974204938,0.0,0.0,-0.0034101945671150165,0.0,-0.0010571849716554244,0.0,0.0,0.0019367467908285073,0.001999697475056075,-0.004934570181258116,-0.0013906964138241324,0.0,-0.0014803434419631619,-0.0018565144042683606,0.001998613399002546,-0.0031841096482781318,1,0.0,-0.0031813196445938906,-0.007097037434083189,0.009393276016385892,-0.0034266469015856414,0.003934191739296044,-0.004183803232958465,0.0,0.0,0.0019661035390866432,0.003989825246376406,0.0019967382595592036,0.0,0.0019917834680472832,0.0,0.0,0.0,0.003993459430150076,-0.0011143200157858071,0.0,-0.0013151911946112595,0.003648610612067495,0.0018166113470287613,0.0,0.0,0.0,0.0,0.001991772550819646,0.0,-0.0017578295835166378,0.005925771152922993,0.003999981898354193,0.001972349244276269,-0.005260479895097529,0.0039538332451352475,0.0,-0.0032949007475009118,0.0,-0.0016920571793416078,0.003998928311812456,0.0,-0.0016433700502195446,0.0019623741139972793,-0.0017361951482007922,-0.0018637343515714453,0.005995971702171091,-0.003662306203757337,0.0,0.005880989671243904,0.0018510635219228509,0.0,0.003904200690377859,-0.0010572119212754504,0.0,0.005931955688347722,0.0019457053157315553,0.003998394909078038,0.001961424536502571,0.0,0.0,0.0,-0.003171565574058454,0.0,-0.0014593764139710116,0.001996025113806187,-0.0025936701764600707,0.001979449882216973,0.0,0.0,-0.005406831569886538,0.0019373019236979734,0.0,0.0,-0.004101833631803406,-0.003709386263165403,-0.004168013798123572,0.001962659823397558,0.0019987741810675516,0.0059151426394786445,0.001993110864517084,0.003910958614413573,0.0,0.0,agent19,0.9444617362143347
-0.3792405974204938,0.0,0.0,-0.0034101945671150165,0.0,-0.0010571849716554244,0.0,-0.001299551768636146,0.0019367467908285073,0.001999697475056075,-0.004934570181258116,-0.0013906964138241324,0.0,-0.0014803434419631619,-0.0018565144042683606,0.001998613399002546,-0.0031841096482781318,1,0.0,-0.0031813196445938906,-0.007097037434083189,0.009393276016385892,-0.0034266469015856414,0.003934191739296044,-0.004183803232958465,0.0,0.0,0.0019661035390866432,0.003989825246376406,0.0019967382595592036,0.0,0.0019917834680472832,0.0,0.0,0.0,0.003993459430150076,-0.0011143200157858071,0.0,-0.0013151911946112595,0.003648610612067495,0.0018166113470287613,0.0,0.0,0.0,0.0,0.001991772550819646,0.0,-0.0017578295835166378,0.005925771152922993,0.003999981898354193,0.001972349244276269,-0.005260479895097529,0.0039538332451352475,0.0,-0.0032949007475009118,0.0,-0.0016920571793416078,0.003998928311812456,0.0,-0.0016433700502195446,0.0019623741139972793,-0.0017361951482007922,-0.0018637343515714453,0.005995971702171091,-0.003662306203757337,0.0,0.005880989671243904,0.0018510635219228509,0.0,0.003904200690377859,-0.0010572119212754504,0.0,0.005931955688347722,0.0019457053157315553,0.003998394909078038,0.001961424536502571,0.0,0.0,0.0,-0.003171565574058454,0.0,-0.0014593764139710116,0.001996025113806187,-0.0025936701764600707,0.001979449882216973,0.0,0.0,-0.005406831569886538,0.0019373019236979734,0.0,0.0,-0.004101833631803406,-0.003709386263165403,-0.004168013798123572,0.001962659823397558,0.0019987741810675516,0.0059151426394786445,0.001993110864517084,0.003910958614413573,0.0,0.0,agent6,0.8033541232198561
-0.3802424611548454,0.0,0.0,-0.0034101945671150165,0.0,-0.0010571849716554244,0.0,-0.001299551768636146,0.0019367467908285073,0.001999697475056075,-0.004934570181258116,-0.0013906964138241324,0.0,-0.0014803434419631619,-0.0018565144042683606,0.001998613399002546,-0.0031841096482781318,1,0.0,-0.0031813196445938906,-0.007097037434083189,0.009393276016385892,-0.0034266469015856414,0.003934191739296044,-0.004183803232958465,0.0,0.0,0.0019661035390866432,0.003989825246376406,0.0019967382595592036,0.0,0.0019917834680472832,0.0,0.0,0.0,0.003993459430150076,-0.0011143200157858071,0.0,-0.0013151911946112595,0.003648610612067495,0.0018166113470287613,0.0,0.0,0.0,0.0,0.001991772550819646,0.0,-0.0017578295835166378,0.005925771152922993,0.003999981898354193,0.001972349244276269,-0.005260479895097529,0.0039538332451352475,0.0,-0.0032949007475009118,0.0,-0.0016920571793416078,0.003998928311812456,0.0,-0.0016433700502195446,0.0019623741139972793,-0.0017361951482007922,-0.003705709744913759,0.005995971702171091,-0.003662306203757337,0.0,0.005880989671243904,0.0018510635219228509,0.0,0.003904200690377859,-0.0010572119212754504,0.0,0.005931955688347722,0.0019457053157315553,0.003998394909078038,0.001961424536502571,0.0,0.0,0.0,-0.003171565574058454,0.0,-0.0014593764139710116,0.001996025113806187,-0.0025936701764600707,0.001979449882216973,0.0,0.0,-0.005406831569886538,0.0019373019236979734,0.0,0.0,-0.004101833631803406,-0.003709386263165403,-0.004168013798123572,0.001962659823397558,0.0019987741810675516,0.0059151426394786445,0.001993110864517084,0.003910958614413573,0.0,0.0,agent61,0.18294194705716352
-0.3812464600831572,0.0,0.0,-0.0034101945671150165,0.0,-0.0010571849716554244,0.0,-0.001299551768636146,0.0019367467908285073,0.001999697475056075,-0.004934570181258116,-0.0013906964138241324,0.0,-0.0014803434419631619,-0.0018565144042683606,0.001998613399002546,-0.0031841096482781318,1,0.0,-0.0031813196445938906,-0.007097037434083189,0.009393276016385892,-0.0034266469015856414,0.003934191739296044,-0.004183803232958465,0.0,0.0,0.0019661035390866432,0.003989825246376406,0.0019967382595592036,0.0,0.0019917834680472832,0.0,0.0,0.0,0.003993459430150076,-0.0011143200157858071,0.0,-0.0013151911946112595,0.003648610612067495,0.0018166113470287613,0.0,0.0,0.0,0.0,0.001991772550819646,0.0,-0.0017578295835166378,0.005925771152922993,0.003999981898354193,0.001972349244276269,-0.005260479895097529,0.0039538332451352475,0.0,-0.0032949007475009118,0.0,-0.0016920571793416078,0.005998392943487524,0.0,-0.0016433700502195446,0.0019623741139972793,-0.0017361951482007922,-0.003705709744913759,0.005995971702171091,-0.003662306203757337,0.0,0.005880989671243904,0.0018510635219228509,0.0,0.003904200690377859,-0.0010572119212754504,0.0,0.005931955688347722,0.0019457053157315553,0.003998394909078038,0.001961424536502571,0.0,0.0,0.0,-0.003171565574058454,0.0,-0.0014593764139710116,0.001996025113806187,-0.0025936701764600707,0.001979449882216973,0.0,0.0,-0.005406831569886538,0.0019373019236979734,0.0,0.0,-0.004101833631803406,-0.003709386263165403,-0.004168013798123572,0.001962659823397558,0.0019987741810675516,0.0059151426394786445,0.001993110864517084,0.003910958614413573,0.0,0.0,agent56,-0.34752034860289954
-0.3802464600831572,0.0,0.0,-0.0034101945671150165,0.0,-0.0010571849716554244,0.0,-0.001299551768636146,0.0019367467908285073,0.001999697475056075,-0.004934570181258116,-0.0013906964138241324,0.0,-0.0014803434419631619,-0.0018565144042683606,0.001998613399002546,-0.0031841096482781318,1,0.0,-0.0031813196445938906,-0.007097037434083189,0.009393276016385892,-0.0034266469015856414,0.003934191739296044,-0.004183803232958465,0.0,0.0,0.0019661035390866432,0.003989825246376406,0.0019967382595592036,0.0,0.0019917834680472832,0.0,0.0,0.0,0.003993459430150076,-0.0011143200157858071,0.0,-0.0013151911946112595,0.003648610612067495,0.0018166113470287613,0.0,0.0,0.0019764417412693265,0.0,0.001991772550819646,0.0,-0.0017578295835166378,0.005925771152922993,0.003999981898354193,0.001972349244276269,-0.005260479895097529,0.0039538332451352475,0.0,-0.0032949007475009118,0.0,-0.0016920571793416078,0.005998392943487524,0.0,-0.0016433700502195446,0.0019623741139972793,-0.0017361951482007922,-0.003705709744913759,0.005995971702171091,-0.003662306203757337,0.0,0.005880989671243904,0.0018510635219228509,0.0,0.003904200690377859,-0.0010572119212754504,0.0,0.005931955688347722,0.0019457053157315553,0.003998394909078038,0.001961424536502571,0.0,0.0,0.0,-0.003171565574058454,0.0,-0.0014593764139710116,0.001996025113806187,-0.0025936701764600707,0.001979449882216973,0.0,0.0,-0.005406831569886538,0.0019373019236979734,0.0,0.0,-0.004101833631803406,-0.003709386263165403,-0.004168013798123572,0.001962659823397558,0.0019987741810675516,0.0059151426394786445,0.001993110864517084,0.003910958614413573,0.0,0.0,agent42,-0.5983098551117685
-0.3792464600831572,0.0,0.0,-0.0034101945671150165,0.0,-0.0010571849716554244,-0.0017032211718839756,-0.001299551768636146,0.0019367467908285073,0.001999697475056075,-0.004934570181258116,-0.0013906964138241324,0.0,-0.0014803434419631619,-0.0018565144042683606,0.001998613399002546,-0.0031841096482781318,1,0.0,-0.0031813196445938906,-0.007097037434083189,0.009393276016385892,-0.0034266469015856414,0.003934191739296044,-0.004183803232958465,0.0,0.0,0.0019661035390866432,0.003989825246376406,0.0019967382595592036,0.0,0.0019917834680472832,0.0,0.0,0.0,0.003993459430150076,-0.0011143200157858071,0.0,-0.0013151911946112595,0.003648610612067495,0.0018166113470287613,0.0,0.0,0.0019764417412693265,0.0,0.001991772550819646,0.0,-0.0017578295835166378,0.005925771152922993,0.003999981898354193,0.001972349244276269,-0.005260479895097529,0.0039538332451352475,0.0,-0.0032949007475009118,0.0,-0.0016920571793416078,0.005998392943487524,0.0,-0.0016433700502195446,0.0019623741139972793,-0.0017361951482007922,-0.003705709744913759,0.005995971702171091,-0.003662306203757337,0.0,0.005880989671243904,0.0018510635219228509,0.0,0.003904200690377859,-0.0010572119212754504,0.0,0.005931955688347722,0.0019457053157315553,0.003998394909078038,0.001961424536502571,0.0,0.0,0.0,-0.003171565574058454,0.0,-0.0014593764139710116,0.001996025113806187,-0.0025936701764600707,0.001979449882216973,0.0,0.0,-0.005406831569886538,0.0019373019236979734,0.0,0.0,-0.004101833631803406,-0.003709386263165403,-0.004168013798123572,0.001962659823397558,0.0019987741810675516,0.0059151426394786445,0.001993110864517084,0.003910958614413573,0.0,0.0,agent5,0.3901804710608993
-0.3782464600831572,0.0,0.0,-0.0034101945671150165,0.0,-0.0010571849716554244,-0.0017032211718839756,-0.001299551768636146,0.0019367467908285073,0.001999697475056075,-0.004934570181258116,-0.0013906964138241324,0.0,-0.0014803434419631619,-0.0018565144042683606,0.001998613399002546,-0.0031841096482781318,1,0.0,-0.0031813196445938906,-0.007097037434083189,0.009393276016385892,-0.0034266469015856414,0.003934191739296044,-0.004183803232958465,0.0,0.0,0.0019661035390866432,0.003989825246376406,0.0019967382595592036,0.0,0.0019917834680472832,0.0,0.0019999934148057234,0.0,0.003993459430150076,-0.0011143200157858071,0.0,-0.0013151911946112595,0.003648610612067495,0.0018166113470287613,0.0,0.0,0.0019764417412693265,0.0,0.001991772550819646,0.0,-0.0017578295835166378,0.005925771152922993,0.003999981898354193,0.001972349244276269,-0.005260479895097529,0.0039538332451352475,0.0,-0.0032949007475009118,0.0,-0.0016920571793416078,0.005998392943487524,0.0,-0.0016433700502195446,0.0019623741139972793,-0.0017361951482007922,-0.003705709744913759,0.005995971702171091,-0.003662306203757337,0.0,0.005880989671243904,0.0018510635219228509,0.0,0.003904200690377859,-0.0010572119212754504,0.0,0.005931955688347722,0.0019457053157315553,0.003998394909078038,0.001961424536502571,0.0,0.0,0.0,-0.003171565574058454,0.0,-0.0014593764139710116,0.001996025113806187,-0.0025936701764600707,0.001979449882216973,0.0,0.0,-0.005406831569886538,0.0019373019236979734,0.0,0.0,-0.004101833631803406,-0.003709386263165403,-0.004168013798123572,0.001962659823397558,0.0019987741810675516,0.0059151426394786445,0.001993110864517084,0.003910958614413573,0.0,0.0,agent32,-0.38287556307881865
-0.3792503710417716,0.0,0.0,-0.0034101945671150165,0.0,-0.0010571849716554244,-0.0017032211718839756,-0.001299551768636146,0.0019367467908285073,0.001999697475056075,-0.004934570181258116,-0.0013906964138241324,0.0,-0.0014803434419631619,-0.0018565144042683606,0.001998613399002546,-0.0031841096482781318,1,0.0,-0.0031813196445938906,-0.007097037434083189,0.009393276016385892,-0.0034266469015856414,0.003934191739296044,-0.004183803232958465,0.0,0.0,0.0019661035390866432,0.003989825246376406,0.0019967382595592036,0.0,0.0019917834680472832,0.0,0.0019999934148057234,0.0,0.003993459430150076,-0.0011143200157858071,0.0,-0.0013151911946112595,0.003648610612067495,0.0018166113470287613,0.0,0.0,0.0019764417412693265,0.0,0.001991772550819646,0.0,-0.0017578295835166378,0.005925771152922993,0.003999981898354193,0.001972349244276269,-0.005260479895097529,0.0039538332451352475,0.0,-0.0032949007475009118,0.0,-0.0016920571793416078,0.005998392943487524,0.0,-0.0016433700502195446,0.0019623741139972793,-0.0017361951482007922,-0.003705709744913759,0.005995971702171091,-0.003662306203757337,0.0,0.005880989671243904,0.0018510635219228509,0.0,0.003904200690377859,-0.0010572119212754504,0.0,0.005931955688347722,0.0019457053157315553,0.003998394909078038,0.001961424536502571,0.0,0.0,0.0,-0.003171565574058454,0.0,-0.0014593764139710116,0.001996025113806187,-0.0025936701764600707,0.001979449882216973,0.0,0.0,-0.005406831569886538,0.0019373019236979734,0.0,0.0,-0.004101833631803406,-0.003709386263165403,-0.004168013798123572,0.001962659823397558,0.0019987741810675516,0.0059151426394786445,0.001993110864517084,0.005866590425637345,0.0,0.0,agent97,-0.6761329779930071
-0.3802545548450046,0.0,0.0,-0.0034101945671150165,0.0,-0.0010571849716554244,-0.0017032211718839756,-0.001299551768636146,0.0019367467908285073,0.001999697475056075,-0.004934570181258116,-0.0013906964138241324,0.0,-0.0014803434419631619,-0.0018565144042683606,0.001998613399002546,-0.0031841096482781318,1,0.0,-0.0031813196445938906,-0.007097037434083189,0.009393276016385892,-0.0034266469015856414,0.003934191739296044,-0.005494695480645849,0.0,0.0,0.0019661035390866432,0.003989825246376406,0.0019967382595592036,0.0,0.0019917834680472832,0.0,0.0019999934148057234,0.0,0.003993459430150076,-0.0011143200157858071,0.0,-0.0013151911946112595,0.003648610612067495,0.0018166113470287613,0.0,0.0,0.0019764417412693265,0.0,0.001991772550819646,0.0,-0.0017578295835166378,0.005925771152922993,0.003999981898354193,0.001972349244276269,-0.005260479895097529,0.0039538332451352475,0.0,-0.0032949007475009118,0.0,-0.0016920571793416078,0.005998392943487524,0.0,-0.0016433700502195446,0.0019623741139972793,-0.0017361951482007922,-0.003705709744913759,0.005995971702171091,-0.003662306203757337,0.0,0.005880989671243904,0.0018510635219228509,0.0,0.003904200690377859,-0.0010572119212754504,0.0,0.005931955688347722,0.0019457053157315553,0.003998394909078038,0.001961424536502571,0.0,0.0,0.0,-0.003171565574058454,0.0,-0.0014593764139710116,0.001996025113806187,-0.0025936701764600707,0.001979449882216973,0.0,0.0,-0.005406831569886538,0.0019373019236979734,0.0,0.0,-0.004101833631803406,-0.003709386263165403,-0.004168013798123572,0.001962659823397558,0.0019987741810675516,0.0059151426394786445,0.001993110864517084,0.005866590425637345,0.0,0.0,agent23,0.7947238640354861
-0.3792545548450046,0.0,0.0,-0.0034101945671150165,0.0,-0.0010571849716554244,-0.0017032211718839756,-0.001299551768636146,0.0019367467908285073,0.001999697475056075,-0.004934570181258116,-0.0013906964138241324,0.0,-0.0014803434419631619,-0.0018565144042683606,0.001998613399002546,-0.0031841096482781318,1,0.0,-0.0031813196445938906,-0.007097037434083189,0.009393276016385892,-0.0034266469015856414,0.003934191739296044,-0.005494695480645849,-0.0011527377886265098,0.0,0.0019661035390866432,0.003989825246376406,0.0019967382595592036,0.0,0.0019917834680472832,0.0,0.0019999934148057234,0.0,0.003993459430150076,-0.0011143200157858071,0.0,-0.0013151911946112595,0.003648610612067495,0.0018166113470287613,0.0,0.0,0.0019764417412693265,0.0,0.001991772550819646,0.0,-0.0017578295835166378,0.005925771152922993,0.003999981898354193,0.001972349244276269,-0.005260479895097529,0.0039538332451352475,0.0,-0.0032949007475009118,0.0,-0.0016920571793416078,0.005998392943487524,0.0,-0.0016433700502195446,0.0019623741139972793,-0.0017361951482007922,-0.003705709744913759,0.005995971702171091,-0.003662306203757337,0.0,0.005880989671243904,0.0018510635219228509,0.0,0.003904200690377859,-0.0010572119212754504,0.0,0.005931955688347722,0.0019457053157315553,0.003998394909078038,0.001961424536502571,0.0,0.0,0.0,-0.003171565574058454,0.0,-0.0014593764139710116,0.001996025113806187,-0.0025936701764600707,0.001979449882216973,0.0,0.0,-0.005406831569886538,0.0019373019236979734,0.0,0.0,-0.004101833631803406,-0.003709386263165403,-0.004168013798123572,0.001962659823397558,0.0019987741810675516,0.0059151426394786445,0.001993110864517084,0.005866590425637345,0.0,0.0,agent24,0.9214844446272321
-0.3802578497457521,0.0,0.0,-0.0034101945671150165,0.0,-0.0010571849716554244,-0.0017032211718839756,-0.001299551768636146,0.0019367467908285073,0.001999697475056075,-0.004934570181258116,-0.0013906964138241324,0.0,-0.0014803434419631619,-0.0018565144042683606,0.001998613399002546,-0.0031841096482781318,1,0.0,-0.0031813196445938906,-0.007097037434083189,0.009393276016385892,-0.0034266469015856414,0.003934191739296044,-0.005494695480645849,-0.0011527377886265098,0.0,0.0019661035390866432,0.003989825246376406,0.0019967382595592036,0.0,0.0019917834680472832,0.0,0.0019999934148057234,0.0,0.003993459430150076,-0.0011143200157858071,0.0,-0.0013151911946112595,0.003648610612067495,0.0018166113470287613,0.0,0.0,0.0019764417412693265,0.0,0.001991772550819646,0.0,-0.0017578295835166378,0.005925771152922993,0.003999981898354193,0.001972349244276269,-0.005260479895097529,0.0039538332451352475,0.0,-0.004839360726840284,0.0,-0.0016920571793416078,0.005998392943487524,0.0,-0.0016433700502195446,0.0019623741139972793,-0.0017361951482007922,-0.003705709744913759,0.005995971702171091,-0.003662306203757337,0.0,0.005880989671243904,0.0018510635219228509,0.0,0.003904200690377859,-0.0010572119212754504,0.0,0.005931955688347722,0.0019457053157315553,0.003998394909078038,0.001961424536502571,0.0,0.0,0.0,-0.003171565574058454,0.0,-0.0014593764139710116,0.001996025113806187,-0.0025936701764600707,0.001979449882216973,0.0,0.0,-0.005406831569886538,0.0019373019236979734,0.0,0.0,-0.004101833631803406,-0.003709386263165403,-0.004168013798123572,0.001962659823397558,0.0019987741810675516,0.0059151426394786445,0.001993110864517084,0.005866590425637345,0.0,0.0,agent53,0.5752505741727788
-0.38125914929752075,0.0,0.0,-0.0034101945671150165,0.0,-0.0010571849716554244,-0.0017032211718839756,-0.0025883705150095554,0.0019367467908285073,0.001999697475056075,-0.004934570181258116,-0.0013906964138241324,0.0,-0.0014803434419631619,-0.0018565144042683606,0.001998613399002546,-0.0031841096482781318,1,0.0,-0.0031813196445938906,-0.007097037434083189,0.009393276016385892,-0.0034266469015856414,0.003934191739296044,-0.005494695480645849,-0.0011527377886265098,0.0,0.0019661035390866432,0.003989825246376406,0.0019967382595592036,0.0,0.0019917834680472832,0.0,0.0019999934148057234,0.0,0.003993459430150076,-0.0011143200157858071,0.0,-0.0013151911946112595,0.003648610612067495,0.0018166113470287613,0.0,0.0,0.0019764417412693265,0.0,0.001991772550819646,0.0,-0.0017578295835166378,0.005925771152922993,0.003999981898354193,0.001972349244276269,-0.005260479895097529,0.0039538332451352475,0.0,-0.004839360726840284,0.0,-0.0016920571793416078,0.005998392943487524,0.0,-0.0016433700502195446,0.0019623741139972793,-0.0017361951482007922,-0.003705709744913759,0.005995971702171091,-0.003662306203757337,0.0,0.005880989671243904,0.0018510635219228509,0.0,0.003904200690377859,-0.0010572119212754504,0.0,0.005931955688347722,0.0019457053157315553,0.003998394909078038,0.001961424536502571,0.0,0.0,0.0,-0.003171565574058454,0.0,-0.0014593764139710116,0.001996025113806187,-0.0025936701764600707,0.001979449882216973,0.0,0.0,-0.005406831569886538,0.0019373019236979734,0.0,0.0,-0.004101833631803406,-0.003709386263165403,-0.004168013798123572,0.001962659823397558,0.0019987741810675516,0.0059151426394786445,0.001993110864517084,0.005866590425637345,0.0,0.0,agent6,0.8123705530911001
-0.38226501588794637,0.0,0.0,-0.0034101945671150165,0.0,-0.0010571849716554244,-0.0017032211718839756,-0.0025883705150095554,0.0019367467908285073,0.001999697475056075,-0.004934570181258116,-0.0013906964138241324,0.0,-0.0014803434419631619,-0.0018565144042683606,0.001998613399002546,-0.0031841096482781318,1,0.0,-0.0031813196445938906,-0.007097037434083189,0.009393276016385892,-0.0034266469015856414,0.003934191739296044,-0.005494695480645849,-0.0011527377886265098,0.0,0.0019661035390866432,0.003989825246376406,0.0019967382595592036,0.0,0.0019917834680472832,0.0,0.0019999934148057234,0.0,0.003993459430150076,-0.0011143200157858071,0.0,-0.0013151911946112595,0.003648610612067495,0.0018166113470287613,0.0,0.0,0.0019764417412693265,0.0,0.001991772550819646,0.0,-0.0017578295835166378,0.005925771152922993,0.003999981898354193,0.001972349244276269,-0.005260479895097529,0.0039538332451352475,0.0,-0.004839360726840284,0.0,-0.0016920571793416078,0.005998392943487524,0.0,-0.0016433700502195446,0.0019623741139972793,-0.0017361951482007922,-0.003705709744913759,0.005995971702171091,-0.003662306203757337,0.0,0.005880989671243904,0.0018510635219228509,0.0,0.003904200690377859,-0.0010572119212754504,0.0,0.005931955688347722,0.0019457053157315553,0.003998394909078038,0.001961424536502571,0.0,0.0,0.0,-0.003171565574058454,0.0,-0.0014593764139710116,0.001996025113806187,-0.0025936701764600707,0.001979449882216973,0.0,0.0,-0.005406831569886538,0.0019373019236979734,0.0,0.0,-0.004101833631803406,-0.003709386263165403,-0.004168013798123572,0.001962659823397558,0.0019987741810675516,0.0059151426394786445,0.001993110864517084,0.007822521408432393,0.0,0.0,agent97,-0.6781396545684214
-0.38327101428088983,0.0,0.0,-0.0034101945671150165,0.0,-0.0010571849716554244,-0.0017032211718839756,-0.0025883705150095554,0.0019367467908285073,0.001999697475056075,-0.004934570181258116,-0.0013906964138241324,0.0,-0.0014803434419631619,-0.0018565144042683606,0.001998613399002546,-0.0031841096482781318,1,0.0,-0.0031813196445938906,-0.007097037434083189,0.009393276016385892,-0.0034266469015856414,0.003934191739296044,-0.005494695480645849,-0.0011527377886265098,0.0,0.0019661035390866432,0.003989825246376406,0.0019967382595592036,0.0,0.0019917834680472832,0.0,0.0019999934148057234,0.0,0.003993459430150076,-0.0011143200157858071,0.0,-0.0013151911946112595,0.003648610612067495,0.0018166113470287613,0.0,0.0,0.0019764417412693265,0.0,0.001991772550819646,0.0,-0.0017578295835166378,0.005925771152922993,0.003999981898354193,0.001972349244276269,-0.005260479895097529,0.0039538332451352475,0.0,-0.004839360726840284,0.0,-0.0016920571793416078,0.007997824223168585,0.0,-0.0016433700502195446,0.0019623741139972793,-0.0017361951482007922,-0.003705709744913759,0.005995971702171091,-0.003662306203757337,0.0,0.005880989671243904,0.0018510635219228509,0.0,0.003904200690377859,-0.0010572119212754504,0.0,0.005931955688347722,0.0019457053157315553,0.003998394909078038,0.001961424536502571,0.0,0.0,0.0,-0.003171565574058454,0.0,-0.0014593764139710116,0.001996025113806187,-0.0025936701764600707,0.001979449882216973,0.0,0.0,-0.005406831569886538,0.0019373019236979734,0.0,0.0,-0.004101833631803406,-0.003709386263165403,-0.004168013798123572,0.001962659823397558,0.0019987741810675516,0.0059151426394786445,0.001993110864517084,0.007822521408432393,0.0,0.0,agent56,-0.3485390520339968
-0.38427301030600364,0.0,0.0,-0.0034101945671150165,0.0,-0.0010571849716554244,-0.0017032211718839756,-0.0025883705150095554,0.0019367467908285073,0.001999697475056075,-0.004934570181258116,-0.0013906964138241324,0.0,-0.0014803434419631619,-0.0018565144042683606,0.001998613399002546,-0.0031841096482781318,1,0.0,-0.0031813196445938906,-0.007097037434083189,0.009393276016385892,-0.0034266469015856414,0.003934191739296044,-0.005494695480645849,-0.0011527377886265098,0.0,0.0019661035390866432,0.003989825246376406,0.0019967382595592036,0.0,0.0019917834680472832,0.0,0.0019999934148057234,0.0,0.003993459430150076,-0.0011143200157858071,0.0,-0.0013151911946112595,0.003648610612067495,0.0018166113470287613,0.0,0.0,0.0019764417412693265,0.0,0.001991772550819646,0.0,-0.0017578295835166378,0.005925771152922993,0.003999981898354193,0.001972349244276269,-0.005260479895097529,0.0039538332451352475,0.0,-0.004839360726840284,0.0,-0.0016920571793416078,0.007997824223168585,0.0,-0.0016433700502195446,0.0019623741139972793,-0.0017361951482007922,-0.003705709744913759,0.005995971702171091,-0.003662306203757337,0.0,0.005880989671243904,0.0018510635219228509,0.0,0.003904200690377859,-0.0010572119212754504,0.0,0.005931955688347722,0.0019457053157315553,0.003998394909078038,0.001961424536502571,0.0,0.0,0.0,-0.003171565574058454,0.0,-0.0014593764139710116,0.003992227045388833,-0.0025936701764600707,0.001979449882216973,0.0,0.0,-0.005406831569886538,0.0019373019236979734,0.0,0.0,-0.004101833631803406,-0.003709386263165403,-0.004168013798123572,0.001962659823397558,0.0019987741810675516,0.0059151426394786445,0.001993110864517084,0.007822521408432393,0.0,0.0,agent81,-0.296115194998946
-0.3852788912956749,0.0,0.0,-0.0034101945671150165,0.0,-0.0010571849716554244,-0.0017032211718839756,-0.0025883705150095554,0.0019367467908285073,0.001999697475056075,-0.004934570181258116,-0.0013906964138241324,0.0,-0.0014803434419631619,-0.0018565144042683606,0.001998613399002546,-0.0031841096482781318,1,0.0,-0.0031813196445938906,-0.007097037434083189,0.009393276016385892,-0.0034266469015856414,0.003934191739296044,-0.005494695480645849,-0.0011527377886265098,0.0,0.0019661035390866432,0.003989825246376406,0.0019967382595592036,0.0,0.0019917834680472832,0.0,0.0019999934148057234,0.0,0.003993459430150076,-0.0011143200157858071,0.0,-0.0013151911946112595,0.003648610612067495,0.0018166113470287613,0.0,0.0,0.0019764417412693265,0.0,0.001991772550819646,0.0,-0.0017578295835166378,0.005925771152922993,0.003999981898354193,0.001972349244276269,-0.005260479895097529,0.0039538332451352475,0.0,-0.004839360726840284,0.0,-0.0016920571793416078,0.007997824223168585,0.0,-0.0016433700502195446,0.0019623741139972793,-0.0017361951482007922,-0.003705709744913759,0.005995971702171091,-0.003662306203757337,0.0,0.00784151173902788,0.0018510635219228509,0.0,0.003904200690377859,-0.0010572119212754504,0.0,0.005931955688347722,0.0019457053157315553,0.003998394909078038,0.001961424536502571,0.0,0.0,0.0,-0.003171565574058454,0.0,-0.0014593764139710116,0.003992227045388833,-0.0025936701764600707,0.001979449882216973,0.0,0.0,-0.005406831569886538,0.0019373019236979734,0.0,0.0,-0.004101833631803406,-0.003709386263165403,-0.004168013798123572,0.001962659823397558,0.0019987741810675516,0.0059151426394786445,0.001993110864517084,0.007822521408432393,0.0,0.0,agent65,-0.6652638721361492
-0.3862806274908231,0.0,0.0,-0.0034101945671150165,0.0,-0.0010571849716554244,-0.0017032211718839756,-0.0025883705150095554,0.0019367467908285073,0.001999697475056075,-0.004934570181258116,-0.0013906964138241324,0.0,-0.0014803434419631619,-0.0018565144042683606,0.001998613399002546,-0.0031841096482781318,1,0.0,-0.0031813196445938906,-0.007097037434083189,0.009393276016385892,-0.0034266469015856414,0.003934191739296044,-0.005494695480645849,-0.0011527377886265098,0.0,0.0019661035390866432,0.003989825246376406,0.0019967382595592036,0.0,0.0019917834680472832,0.0,0.0019999934148057234,0.0,0.003993459430150076,-0.0011143200157858071,0.0,-0.0013151911946112595,0.003648610612067495,0.0018166113470287613,0.0,0.0,0.0019764417412693265,0.0,0.001991772550819646,0.0,-0.0017578295835166378,0.005925771152922993,0.003999981898354193,0.001972349244276269,-0.005260479895097529,0.0039538332451352475,0.0,-0.004839360726840284,0.0,-0.0016920571793416078,0.007997824223168585,0.0,-0.0016433700502195446,0.0019623741139972793,-0.0033751881010423536,-0.003705709744913759,0.005995971702171091,-0.003662306203757337,0.0,0.00784151173902788,0.0018510635219228509,0.0,0.003904200690377859,-0.0010572119212754504,0.0,0.005931955688347722,0.0019457053157315553,0.003998394909078038,0.001961424536502571,0.0,0.0,0.0,-0.003171565574058454,0.0,-0.0014593764139710116,0.003992227045388833,-0.0025936701764600707,0.001979449882216973,0.0,0.0,-0.005406831569886538,0.0019373019236979734,0.0,0.0,-0.004101833631803406,-0.003709386263165403,-0.004168013798123572,0.001962659823397558,0.0019987741810675516,0.0059151426394786445,0.001993110864517084,0.007822521408432393,0.0,0.0,agent60,0.4644352337586735
-0.3852806274908231,0.0,0.0,-0.0034101945671150165,0.0,-0.0010571849716554244,-0.0017032211718839756,-0.0025883705150095554,0.0019367467908285073,0.001999697475056075,-0.004934570181258116,-0.0013906964138241324,0.0,-0.0014803434419631619,-0.0018565144042683606,0.001998613399002546,-0.0031841096482781318,1,0.0,-0.0031813196445938906,-0.007097037434083189,0.009393276016385892,-0.0034266469015856414,0.003934191739296044,-0.005494695480645849,-0.0011527377886265098,0.0,0.0019661035390866432,0.003989825246376406,0.0019967382595592036,0.0018577798564262892,0.0019917834680472832,0.0,0.0019999934148057234,0.0,0.003993459430150076,-0.0011143200157858071,0.0,-0.0013151911946112595,0.003648610612067495,0.0018166113470287613,0.0,0.0,0.0019764417412693265,0.0,0.001991772550819646,0.0,-0.0017578295835166378,0.005925771152922993,0.003999981898354193,0.001972349244276269,-0.005260479895097529,0.0039538332451352475,0.0,-0.004839360726840284,0.0,-0.0016920571793416078,0.007997824223168585,0.0,-0.0016433700502195446,0.0019623741139972793,-0.0033751881010423536,-0.003705709744913759,0.005995971702171091,-0.003662306203757337,0.0,0.00784151173902788,0.0018510635219228509,0.0,0.003904200690377859,-0.0010572119212754504,0.0,0.005931955688347722,0.0019457053157315553,0.003998394909078038,0.001961424536502571,0.0,0.0,0.0,-0.003171565574058454,0.0,-0.0014593764139710116,0.003992227045388833,-0.0025936701764600707,0.001979449882216973,0.0,0.0,-0.005406831569886538,0.0019373019236979734,0.0,0.0,-0.004101833631803406,-0.003709386263165403,-0.004168013798123572,0.001962659823397558,0.0019987741810675516,0.0059151426394786445,0.001993110864517084,0.007822521408432393,0.0,0.0,agent29,-0.9196100633439563
-0.38628233071199497,0.0,0.0,-0.0034101945671150165,0.0,-0.0010571849716554244,-0.0033931479877169273,-0.0025883705150095554,0.0019367467908285073,0.001999697475056075,-0.004934570181258116,-0.0013906964138241324,0.0,-0.0014803434419631619,-0.0018565144042683606,0.001998613399002546,-0.0031841096482781318,1,0.0,-0.0031813196445938906,-0.007097037434083189,0.009393276016385892,-0.0034266469015856414,0.003934191739296044,-0.005494695480645849,-0.0011527377886265098,0.0,0.0019661035390866432,0.003989825246376406,0.0019967382595592036,0.0018577798564262892,0.0019917834680472832,0.0,0.0019999934148057234,0.0,0.003993459430150076,-0.0011143200157858071,0.0,-0.0013151911946112595,0.003648610612067495,0.0018166113470287613,0.0,0.0,0.0019764417412693265,0.0,0.001991772550819646,0.0,-0.0017578295835166378,0.005925771152922993,0.003999981898354193,0.001972349244276269,-0.005260479895097529,0.0039538332451352475,0.0,-0.004839360726840284,0.0,-0.0016920571793416078,0.007997824223168585,0.0,-0.0016433700502195446,0.0019623741139972793,-0.0033751881010423536,-0.003705709744913759,0.005995971702171091,-0.003662306203757337,0.0,0.00784151173902788,0.0018510635219228509,0.0,0.003904200690377859,-0.0010572119212754504,0.0,0.005931955688347722,0.0019457053157315553,0.003998394909078038,0.001961424536502571,0.0,0.0,0.0,-0.003171565574058454,0.0,-0.0014593764139710116,0.003992227045388833,-0.0025936701764600707,0.001979449882216973,0.0,0.0,-0.005406831569886538,0.0019373019236979734,0.0,0.0,-0.004101833631803406,-0.003709386263165403,-0.004168013798123572,0.001962659823397558,0.0019987741810675516,0.0059151426394786445,0.001993110864517084,0.007822521408432393,0.0,0.0,agent5,0.40221309841059383
-0.38528233071199497,0.0,0.0,-0.0034101945671150165,0.0,-0.0010571849716554244,-0.0033931479877169273,-0.0025883705150095554,0.0019367467908285073,0.001999697475056075,-0.004934570181258116,-0.0013906964138241324,0.0,-0.0014803434419631619,-0.0018565144042683606,0.001998613399002546,-0.0031841096482781318,1,0.0,-0.0031813196445938906,-0.007097037434083189,0.009393276016385892,-0.0034266469015856414,0.003934191739296044,-0.005494695480645849,-0.0011527377886265098,0.0,0.0019661035390866432,0.003989825246376406,0.0019967382595592036,0.0018577798564262892,0.0019917834680472832,0.0,0.0019999934148057234,0.0,0.003993459430150076,-0.0011143200157858071,0.0,-0.0013151911946112595,0.003648610612067495,0.0018166113470287613,0.0,0.0,0.0019764417412693265,0.0,0.001991772550819646,0.0,-0.0017578295835166378,0.005925771152922993,0.003999981898354193,0.001972349244276269,-0.005260479895097529,0.0039538332451352475,0.0,-0.004839360726840284,0.0,-0.0016920571793416078,0.007997824223168585,0.0,-0.0016433700502195446,0.0019623741139972793,-0.0033751881010423536,-0.003705709744913759,0.005995971702171091,-0.003662306203757337,0.0,0.00784151173902788,0.0018510635219228509,0.0,0.003904200690377859,-0.0010572119212754504,0.0019850290959584323,0.005931955688347722,0.0019457053157315553,0.003998394909078038,0.001961424536502571,0.0,0.0,0.0,-0.003171565574058454,0.0,-0.0014593764139710116,0.003992227045388833,-0.0025936701764600707,0.001979449882216973,0.0,0.0,-0.005406831569886538,0.0019373019236979734,0.0,0.0,-0.004101833631803406,-0.003709386263165403,-0.004168013798123572,0.001962659823397558,0.0019987741810675516,0.0059151426394786445,0.001993110864517084,0.007822521408432393,0.0,0.0,agent70,-0.5593193443337485
-0.38428233071199497,0.0,-0.0011228638429778377,-0.0034101945671150165,0.0,-0.0010571849716554244,-0.0033931479877169273,-0.0025883705150095554,0.0019367467908285073,0.001999697475056075,-0.004934570181258116,-0.0013906964138241324,0.0,-0.0014803434419631619,-0.0018565144042683606,0.001998613399002546,-0.0031841096482781318,1,0.0,-0.0031813196445938906,-0.007097037434083189,0.009393276016385892,-0.0034266469015856414,0.003934191739296044,-0.005494695480645849,-0.0011527377886265098,0.0,0.0019661035390866432,0.003989825246376406,0.0019967382595592036,0.0018577798564262892,0.0019917834680472832,0.0,0.0019999934148057234,0.0,0.003993459430150076,-0.0011143200157858071,0.0,-0.0013151911946112595,0.003648610612067495,0.0018166113470287613,0.0,0.0,0.0019764417412693265,0.0,0.001991772550819646,0.0,-0.0017578295835166378,0.005925771152922993,0.003999981898354193,0.001972349244276269,-0.005260479895097529,0.0039538332451352475,0.0,-0.004839360726840284,0.0,-0.0016920571793416078,0.007997824223168585,0.0,-0.0016433700502195446,0.0019623741139972793,-0.0033751881010423536,-0.003705709744913759,0.005995971702171091,-0.003662306203757337,0.0,0.00784151173902788,0.0018510635219228509,0.0,0.003904200690377859,-0.0010572119212754504,0.0019850290959584323,0.005931955688347722,0.0019457053157315553,0.003998394909078038,0.001961424536502571,0.0,0.0,0.0,-0.003171565574058454,0.0,-0.0014593764139710116,0.003992227045388833,-0.0025936701764600707,0.001979449882216973,0.0,0.0,-0.005406831569886538,0.0019373019236979734,0.0,0.0,-0.004101833631803406,-0.003709386263165403,-0.004168013798123572,0.001962659823397558,0.0019987741810675516,0.0059151426394786445,0.001993110864517084,0.007822521408432393,0.0,0.0,agent1,0.9392071233963888
-0.38528432745025454,0.0,-0.0011228638429778377,-0.0034101945671150165,0.0,-0.0010571849716554244,-0.0033931479877169273,-0.0025883705150095554,0.0019367467908285073,0.001999697475056075,-0.004934570181258116,-0.0013906964138241324,0.0,-0.0014803434419631619,-0.0018565144042683606,0.001998613399002546,-0.0031841096482781318,1,0.0,-0.0031813196445938906,-0.007097037434083189,0.009393276016385892,-0.0034266469015856414,0.003934191739296044,-0.005494695480645849,-0.0011527377886265098,0.0,0.0019661035390866432,0.003989825246376406,0.003993557240753013,0.0018577798564262892,0.0019917834680472832,0.0,0.0019999934148057234,0.0,0.003993459430150076,-0.0011143200157858071,0.0,-0.0013151911946112595,0.003648610612067495,0.0018166113470287613,0.0,0.0,0.0019764417412693265,0.0,0.001991772550819646,0.0,-0.0017578295835166378,0.005925771152922993,0.003999981898354193,0.001972349244276269,-0.005260479895097529,0.0039538332451352475,0.0,-0.004839360726840284,0.0,-0.0016920571793416078,0.007997824223168585,0.0,-0.0016433700502195446,0.0019623741139972793,-0.0033751881010423536,-0.003705709744913759,0.005995971702171091,-0.003662306203757337,0.0,0.00784151173902788,0.0018510635219228509,0.0,0.003904200690377859,-0.0010572119212754504,0.0019850290959584323,0.005931955688347722,0.0019457053157315553,0.003998394909078038,0.001961424536502571,0.0,0.0,0.0,-0.003171565574058454,0.0,-0.0014593764139710116,0.003992227045388833,-0.0025936701764600707,0.001979449882216973,0.0,0.0,-0.005406831569886538,0.0019373019236979734,0.0,0.0,-0.004101833631803406,-0.003709386263165403,-0.004168013798123572,0.001962659823397558,0.0019987741810675516,0.0059151426394786445,0.001993110864517084,0.007822521408432393,0.0,0.0,agent28,-0.30451994852350933
-0.3862862997994988,0.0,-0.0011228638429778377,-0.0034101945671150165,0.0,-0.0010571849716554244,-0.0033931479877169273,-0.0025883705150095554,0.0019367467908285073,0.001999697475056075,-0.004934570181258116,-0.0013906964138241324,0.0,-0.0014803434419631619,-0.0018565144042683606,0.001998613399002546,-0.0031841096482781318,1,0.0,-0.0031813196445938906,-0.007097037434083189,0.009393276016385892,-0.0034266469015856414,0.003934191739296044,-0.005494695480645849,-0.0011527377886265098,0.0,0.0019661035390866432,0.003989825246376406,0.003993557240753013,0.0018577798564262892,0.0019917834680472832,0.0,0.0019999934148057234,0.0,0.003993459430150076,-0.0011143200157858071,0.0,-0.0013151911946112595,0.003648610612067495,0.0018166113470287613,0.0,0.0,0.0019764417412693265,0.0,0.001991772550819646,0.0,-0.0017578295835166378,0.005925771152922993,0.003999981898354193,0.003945169017188638,-0.005260479895097529,0.0039538332451352475,0.0,-0.004839360726840284,0.0,-0.0016920571793416078,0.007997824223168585,0.0,-0.0016433700502195446,0.0019623741139972793,-0.0033751881010423536,-0.003705709744913759,0.005995971702171091,-0.003662306203757337,0.0,0.00784151173902788,0.0018510635219228509,0.0,0.003904200690377859,-0.0010572119212754504,0.0019850290959584323,0.005931955688347722,0.0019457053157315553,0.003998394909078038,0.001961424536502571,0.0,0.0,0.0,-0.003171565574058454,0.0,-0.0014593764139710116,0.003992227045388833,-0.0025936701764600707,0.001979449882216973,0.0,0.0,-0.005406831569886538,0.0019373019236979734,0.0,0.0,-0.004101833631803406,-0.003709386263165403,-0.004168013798123572,0.001962659823397558,0.0019987741810675516,0.0059151426394786445,0.001993110864517084,0.007822521408432393,0.0,0.0,agent49,-0.15213104273125042
-0.3872873569844705,0.0,-0.0011228638429778377,-0.0034101945671150165,0.0,-0.0020962901191495316,-0.0033931479877169273,-0.0025883705150095554,0.0019367467908285073,0.001999697475056075,-0.004934570181258116,-0.0013906964138241324,0.0,-0.0014803434419631619,-0.0018565144042683606,0.001998613399002546,-0.0031841096482781318,1,0.0,-0.0031813196445938906,-0.007097037434083189,0.009393276016385892,-0.0034266469015856414,0.003934191739296044,-0.005494695480645849,-0.0011527377886265098,0.0,0.0019661035390866432,0.003989825246376406,0.003993557240753013,0.0018577798564262892,0.0019917834680472832,0.0,0.0019999934148057234,0.0,0.003993459430150076,-0.0011143200157858071,0.0,-0.0013151911946112595,0.003648610612067495,0.0018166113470287613,0.0,0.0,0.0019764417412693265,0.0,0.001991772550819646,0.0,-0.0017578295835166378,0.005925771152922993,0.003999981898354193,0.003945169017188638,-0.005260479895097529,0.0039538332451352475,0.0,-0.004839360726840284,0.0,-0.0016920571793416078,0.007997824223168585,0.0,-0.0016433700502195446,0.0019623741139972793,-0.0033751881010423536,-0.003705709744913759,0.005995971702171091,-0.003662306203757337,0.0,0.00784151173902788,0.0018510635219228509,0.0,0.003904200690377859,-0.0010572119212754504,0.0019850290959584323,0.005931955688347722,0.0019457053157315553,0.003998394909078038,0.001961424536502571,0.0,0.0,0.0,-0.003171565574058454,0.0,-0.0014593764139710116,0.003992227045388833,-0.0025936701764600707,0.001979449882216973,0.0,0.0,-0.005406831569886538,0.0019373019236979734,0.0,0.0,-0.004101833631803406,-0.003709386263165403,-0.004168013798123572,0.001962659823397558,0.0019987741810675516,0.0059151426394786445,0.001993110864517084,0.007822521408432393,0.0,0.0,agent4,1
-0.3862873569844705,0.0,-0.0011228638429778377,-0.0034101945671150165,0.0,-0.0020962901191495316,-0.0033931479877169273,-0.0025883705150095554,0.0019367467908285073,0.001999697475056075,-0.004934570181258116,-0.0013906964138241324,0.0,-0.0014803434419631619,-0.0018565144042683606,0.001998613399002546,-0.0031841096482781318,1,0.0,-0.0031813196445938906,-0.007097037434083189,0.009393276016385892,-0.0034266469015856414,0.003934191739296044,-0.005494695480645849,-0.0011527377886265098,0.0,0.0019661035390866432,0.003989825246376406,0.003993557240753013,0.0018577798564262892,0.0019917834680472832,0.0,0.0019999934148057234,0.0,0.003993459430150076,-0.0011143200157858071,0.0,-0.0013151911946112595,0.003648610612067495,0.0018166113470287613,0.0,0.0,0.0019764417412693265,0.0,0.001991772550819646,0.0,-0.0017578295835166378,0.005925771152922993,0.003999981898354193,0.003945169017188638,-0.005260479895097529,0.0039538332451352475,0.0,-0.004839360726840284,0.0,-0.0016920571793416078,0.007997824223168585,0.0,-0.0016433700502195446,0.0019623741139972793,-0.0033751881010423536,-0.003705709744913759,0.005995971702171091,-0.003662306203757337,-0.0015016183409829577,0.00784151173902788,0.0018510635219228509,0.0,0.003904200690377859,-0.0010572119212754504,0.0019850290959584323,0.005931955688347722,0.0019457053157315553,0.003998394909078038,0.001961424536502571,0.0,0.0,0.0,-0.003171565574058454,0.0,-0.0014593764139710116,0.003992227045388833,-0.0025936701764600707,0.001979449882216973,0.0,0.0,-0.005406831569886538,0.0019373019236979734,0.0,0.0,-0.004101833631803406,-0.003709386263165403,-0.004168013798123572,0.001962659823397558,0.0019987741810675516,0.0059151426394786445,0.001993110864517084,0.007822521408432393,0.0,0.0,agent64,0.6110929903952668
-0.38729261746436555,0.0,-0.0011228638429778377,-0.0034101945671150165,0.0,-0.0020962901191495316,-0.0033931479877169273,-0.0025883705150095554,0.0019367467908285073,0.001999697475056075,-0.004934570181258116,-0.0013906964138241324,0.0,-0.0014803434419631619,-0.0018565144042683606,0.001998613399002546,-0.0031841096482781318,1,0.0,-0.0031813196445938906,-0.007097037434083189,0.009393276016385892,-0.0034266469015856414,0.003934191739296044,-0.005494695480645849,-0.0011527377886265098,0.0,0.0019661035390866432,0.003989825246376406,0.003993557240753013,0.0018577798564262892,0.0019917834680472832,0.0,0.0019999934148057234,0.0,0.003993459430150076,-0.0011143200157858071,0.0,-0.0013151911946112595,0.003648610612067495,0.0018166113470287613,0.0,0.0,0.0019764417412693265,0.0,0.001991772550819646,0.0,-0.0017578295835166378,0.005925771152922993,0.003999981898354193,0.003945169017188638,-0.006950321803572856,0.0039538332451352475,0.0,-0.004839360726840284,0.0,-0.0016920571793416078,0.007997824223168585,0.0,-0.0016433700502195446,0.0019623741139972793,-0.0033751881010423536,-0.003705709744913759,0.005995971702171091,-0.003662306203757337,-0.0015016183409829577,0.00784151173902788,0.0018510635219228509,0.0,0.003904200690377859,-0.0010572119212754504,0.0019850290959584323,0.005931955688347722,0.0019457053157315553,0.003998394909078038,0.001961424536502571,0.0,0.0,0.0,-0.003171565574058454,0.0,-0.0014593764139710116,0.003992227045388833,-0.0025936701764600707,0.001979449882216973,0.0,0.0,-0.005406831569886538,0.0019373019236979734,0.0,0.0,-0.004101833631803406,-0.003709386263165403,-0.004168013798123572,0.001962659823397558,0.0019987741810675516,0.0059151426394786445,0.001993110864517084,0.007822521408432393,0.0,0.0,agent50,0.4013141812627242
-0.38829426083441576,0.0,-0.0011228638429778377,-0.0034101945671150165,0.0,-0.0020962901191495316,-0.0033931479877169273,-0.0025883705150095554,0.0019367467908285073,0.001999697475056075,-0.004934570181258116,-0.0013906964138241324,0.0,-0.0014803434419631619,-0.0018565144042683606,0.001998613399002546,-0.0031841096482781318,1,0.0,-0.0031813196445938906,-0.007097037434083189,0.009393276016385892,-0.0034266469015856414,0.003934191739296044,-0.005494695480645849,-0.0011527377886265098,0.0,0.0019661035390866432,0.003989825246376406,0.003993557240753013,0.0018577798564262892,0.0019917834680472832,0.0,0.0019999934148057234,0.0,0.003993459430150076,-0.0011143200157858071,0.0,-0.0013151911946112595,0.003648610612067495,0.0018166113470287613,0.0,0.0,0.0019764417412693265,0.0,0.001991772550819646,0.0,-0.0017578295835166378,0.005925771152922993,0.003999981898354193,0.003945169017188638,-0.006950321803572856,0.0039538332451352475,0.0,-0.004839360726840284,0.0,-0.0016920571793416078,0.007997824223168585,0.0,-0.00317979025541052,0.0019623741139972793,-0.0033751881010423536,-0.003705709744913759,0.005995971702171091,-0.003662306203757337,-0.0015016183409829577,0.00784151173902788,0.0018510635219228509,0.0,0.003904200690377859,-0.0010572119212754504,0.0019850290959584323,0.005931955688347722,0.0019457053157315553,0.003998394909078038,0.001961424536502571,0.0,0.0,0.0,-0.003171565574058454,0.0,-0.0014593764139710116,0.003992227045388833,-0.0025936701764600707,0.001979449882216973,0.0,0.0,-0.005406831569886538,0.0019373019236979734,0.0,0.0,-0.004101833631803406,-0.003709386263165403,-0.004168013798123572,0.001962659823397558,0.0019987741810675516,0.0059151426394786445,0.001993110864517084,0.007822521408432393,0.0,0.0,agent58,0.5755986482650775
-0.38929825306146115,0.0,-0.0011228638429778377,-0.0034101945671150165,0.0,-0.0020962901191495316,-0.0033931479877169273,-0.0025883705150095554,0.0019367467908285073,0.001999697475056075,-0.004934570181258116,-0.0013906964138241324,0.0,-0.0014803434419631619,-0.0018565144042683606,0.001998613399002546,-0.0031841096482781318,1,0.0,-0.0031813196445938906,-0.007097037434083189,0.009393276016385892,-0.0034266469015856414,0.003934191739296044,-0.005494695480645849,-0.0011527377886265098,0.0,0.0019661035390866432,0.003989825246376406,0.003993557240753013,0.0018577798564262892,0.0019917834680472832,0.0,0.0019999934148057234,0.0,0.003993459430150076,-0.0011143200157858071,0.0,-0.0013151911946112595,0.003648610612067495,0.0018166113470287613,0.0,0.0,0.0019764417412693265,0.0,0.001991772550819646,0.0,-0.0017578295835166378,0.005925771152922993,0.003999981898354193,0.003945169017188638,-0.006950321803572856,0.0039538332451352475,0.0,-0.004839360726840284,0.0,-0.0016920571793416078,0.007997824223168585,0.0,-0.00317979025541052,0.0019623741139972793,-0.0033751881010423536,-0.003705709744913759,0.005995971702171091,-0.003662306203757337,-0.0015016183409829577,0.00784151173902788,0.0018510635219228509,0.0,0.003904200690377859,-0.0010572119212754504,0.0019850290959584323,0.005931955688347722,0.0019457053157315553,0.003998394909078038,0.001961424536502571,0.0,0.0,0.0,-0.003171565574058454,0.0,-0.0014593764139710116,0.005988341182185865,-0.0025936701764600707,0.001979449882216973,0.0,0.0,-0.005406831569886538,0.0019373019236979734,0.0,0.0,-0.004101833631803406,-0.003709386263165403,-0.004168013798123572,0.001962659823397558,0.0019987741810675516,0.0059151426394786445,0.001993110864517084,0.007822521408432393,0.0,0.0,agent81,-0.300136865194932
-0.3903053500988952,0.0,-0.0011228638429778377,-0.0034101945671150165,0.0,-0.0020962901191495316,-0.0033931479877169273,-0.0025883705150095554,0.0019367467908285073,0.001999697475056075,-0.004934570181258116,-0.0013906964138241324,0.0,-0.0014803434419631619,-0.0018565144042683606,0.001998613399002546,-0.0031841096482781318,1,0.0,-0.0031813196445938906,-0.008171141681288217,0.009393276016385892,-0.0034266469015856414,0.003934191739296044,-0.005494695480645849,-0.0011527377886265098,0.0,0.0019661035390866432,0.003989825246376406,0.003993557240753013,0.0018577798564262892,0.0019917834680472832,0.0,0.0019999934148057234,0.0,0.003993459430150076,-0.0011143200157858071,0.0,-0.0013151911946112595,0.003648610612067495,0.0018166113470287613,0.0,0.0,0.0019764417412693265,0.0,0.001991772550819646,0.0,-0.0017578295835166378,0.005925771152922993,0.003999981898354193,0.003945169017188638,-0.006950321803572856,0.0039538332451352475,0.0,-0.004839360726840284,0.0,-0.0016920571793416078,0.007997824223168585,0.0,-0.00317979025541052,0.0019623741139972793,-0.0033751881010423536,-0.003705709744913759,0.005995971702171091,-0.003662306203757337,-0.0015016183409829577,0.00784151173902788,0.0018510635219228509,0.0,0.003904200690377859,-0.0010572119212754504,0.0019850290959584323,0.005931955688347722,0.0019457053157315553,0.003998394909078038,0.001961424536502571,0.0,0.0,0.0,-0.003171565574058454,0.0,-0.0014593764139710116,0.005988341182185865,-0.0025936701764600707,0.001979449882216973,0.0,0.0,-0.005406831569886538,0.0019373019236979734,0.0,0.0,-0.004101833631803406,-0.003709386263165403,-0.004168013798123572,0.001962659823397558,0.0019987741810675516,0.0059151426394786445,0.001993110864517084,0.007822521408432393,0.0,0.0,agent19,0.9715072090050109
-0.39131319161063427,0.0,-0.0011228638429778377,-0.0034101945671150165,0.0,-0.0020962901191495316,-0.0033931479877169273,-0.0025883705150095554,0.0019367467908285073,0.001999697475056075,-0.004934570181258116,-0.0013906964138241324,0.0,-0.0014803434419631619,-0.0018565144042683606,0.001998613399002546,-0.0031841096482781318,1,0.0,-0.0031813196445938906,-0.008171141681288217,0.009393276016385892,-0.0034266469015856414,0.003934191739296044,-0.005494695480645849,-0.0011527377886265098,0.0,0.0019661035390866432,0.003989825246376406,0.003993557240753013,0.0018577798564262892,0.0019917834680472832,0.0,0.0019999934148057234,0.0,0.003993459430150076,-0.0011143200157858071,0.0,-0.0013151911946112595,0.003648610612067495,0.0018166113470287613,0.0,0.0,0.0019764417412693265,0.0,0.001991772550819646,0.0,-0.0017578295835166378,0.005925771152922993,0.003999981898354193,0.003945169017188638,-0.006950321803572856,0.0039538332451352475,0.0,-0.004839360726840284,0.0,-0.0016920571793416078,0.007997824223168585,0.0,-0.00317979025541052,0.0019623741139972793,-0.0033751881010423536,-0.003705709744913759,0.005995971702171091,-0.003662306203757337,-0.0015016183409829577,0.00980231723445768,0.0018510635219228509,0.0,0.003904200690377859,-0.0010572119212754504,0.0019850290959584323,0.005931955688347722,0.0019457053157315553,0.003998394909078038,0.001961424536502571,0.0,0.0,0.0,-0.003171565574058454,0.0,-0.0014593764139710116,0.005988341182185865,-0.0025936701764600707,0.001979449882216973,0.0,0.0,-0.005406831569886538,0.0019373019236979734,0.0,0.0,-0.004101833631803406,-0.003709386263165403,-0.004168013798123572,0.001962659823397558,0.0019987741810675516,0.0059151426394786445,0.001993110864517084,0.007822521408432393,0.0,0.0,agent65,-0.6702857228759861
-0.39231684022124635,0.0,-0.0011228638429778377,-0.0034101945671150165,0.0,-0.0020962901191495316,-0.0033931479877169273,-0.0025883705150095554,0.0019367467908285073,0.001999697475056075,-0.004934570181258116,-0.0013906964138241324,0.0,-0.0014803434419631619,-0.0018565144042683606,0.001998613399002546,-0.0031841096482781318,1,0.0,-0.0031813196445938906,-0.008171141681288217,0.009393276016385892,-0.0034266469015856414,0.003934191739296044,-0.005494695480645849,-0.0011527377886265098,0.0,0.0019661035390866432,0.003989825246376406,0.003993557240753013,0.0018577798564262892,0.0019917834680472832,0.0,0.0019999934148057234,0.0,0.003993459430150076,-0.0011143200157858071,0.0,-0.0013151911946112595,0.005472642643957151,0.0018166113470287613,0.0,0.0,0.0019764417412693265,0.0,0.001991772550819646,0.0,-0.0017578295835166378,0.005925771152922993,0.003999981898354193,0.003945169017188638,-0.006950321803572856,0.0039538332451352475,0.0,-0.004839360726840284,0.0,-0.0016920571793416078,0.007997824223168585,0.0,-0.00317979025541052,0.0019623741139972793,-0.0033751881010423536,-0.003705709744913759,0.005995971702171091,-0.003662306203757337,-0.0015016183409829577,0.00980231723445768,0.0018510635219228509,0.0,0.003904200690377859,-0.0010572119212754504,0.0019850290959584323,0.005931955688347722,0.0019457053157315553,0.003998394909078038,0.001961424536502571,0.0,0.0,0.0,-0.003171565574058454,0.0,-0.0014593764139710116,0.005988341182185865,-0.0025936701764600707,0.001979449882216973,0.0,0.0,-0.005406831569886538,0.0019373019236979734,0.0,0.0,-0.004101833631803406,-0.003709386263165403,-0.004168013798123572,0.001962659823397558,0.0019987741810675516,0.0059151426394786445,0.001993110864517084,0.007822521408432393,0.0,0.0,agent38,-0.984555078382538
-0.393318155412441,0.0,-0.0011228638429778377,-0.0034101945671150165,0.0,-0.0020962901191495316,-0.0033931479877169273,-0.0025883705150095554,0.0019367467908285073,0.001999697475056075,-0.004934570181258116,-0.0013906964138241324,0.0,-0.0014803434419631619,-0.0018565144042683606,0.001998613399002546,-0.0031841096482781318,1,0.0,-0.0031813196445938906,-0.008171141681288217,0.009393276016385892,-0.0034266469015856414,0.003934191739296044,-0.005494695480645849,-0.0011527377886265098,0.0,0.0019661035390866432,0.003989825246376406,0.003993557240753013,0.0018577798564262892,0.0019917834680472832,0.0,0.0019999934148057234,0.0,0.003993459430150076,-0.0011143200157858071,0.0,-0.0024796991467777385,0.005472642643957151,0.0018166113470287613,0.0,0.0,0.0019764417412693265,0.0,0.001991772550819646,0.0,-0.0017578295835166378,0.005925771152922993,0.003999981898354193,0.003945169017188638,-0.006950321803572856,0.0039538332451352475,0.0,-0.004839360726840284,0.0,-0.0016920571793416078,0.007997824223168585,0.0,-0.00317979025541052,0.0019623741139972793,-0.0033751881010423536,-0.003705709744913759,0.005995971702171091,-0.003662306203757337,-0.0015016183409829577,0.00980231723445768,0.0018510635219228509,0.0,0.003904200690377859,-0.0010572119212754504,0.0019850290959584323,0.005931955688347722,0.0019457053157315553,0.003998394909078038,0.001961424536502571,0.0,0.0,0.0,-0.003171565574058454,0.0,-0.0014593764139710116,0.005988341182185865,-0.0025936701764600707,0.001979449882216973,0.0,0.0,-0.005406831569886538,0.0019373019236979734,0.0,0.0,-0.004101833631803406,-0.003709386263165403,-0.004168013798123572,0.001962659823397558,0.0019987741810675516,0.0059151426394786445,0.001993110864517084,0.007822521408432393,0.0,0.0,agent37,0.9003486600792149
-0.39231815541244097,-0.0010293322588990365,-0.0011228638429778377,-0.0034101945671150165,0.0,-0.0020962901191495316,-0.0033931479877169273,-0.0025883705150095554,0.0019367467908285073,0.001999697475056075,-0.004934570181258116,-0.0013906964138241324,0.0,-0.0014803434419631619,-0.0018565144042683606,0.001998613399002546,-0.0031841096482781318,1,0.0,-0.0031813196445938906,-0.008171141681288217,0.009393276016385892,-0.0034266469015856414,0.003934191739296044,-0.005494695480645849,-0.0011527377886265098,0.0,0.0019661035390866432,0.003989825246376406,0.003993557240753013,0.0018577798564262892,0.0019917834680472832,0.0,0.0019999934148057234,0.0,0.003993459430150076,-0.0011143200157858071,0.0,-0.0024796991467777385,0.005472642643957151,0.0018166113470287613,0.0,0.0,0.0019764417412693265,0.0,0.001991772550819646,0.0,-0.0017578295835166378,0.005925771152922993,0.003999981898354193,0.003945169017188638,-0.006950321803572856,0.0039538332451352475,0.0,-0.004839360726840284,0.0,-0.0016920571793416078,0.007997824223168585,0.0,-0.00317979025541052,0.0019623741139972793,-0.0033751881010423536,-0.003705709744913759,0.005995971702171091,-0.003662306203757337,-0.0015016183409829577,0.00980231723445768,0.0018510635219228509,0.0,0.003904200690377859,-0.0010572119212754504,0.0019850290959584323,0.005931955688347722,0.0019457053157315553,0.003998394909078038,0.001961424536502571,0.0,0.0,0.0,-0.003171565574058454,0.0,-0.0014593764139710116,0.005988341182185865,-0.0025936701764600707,0.001979449882216973,0.0,0.0,-0.005406831569886538,0.0019373019236979734,0.0,0.0,-0.004101833631803406,-0.003709386263165403,-0.004168013798123572,0.001962659823397558,0.0019987741810675516,0.0059151426394786445,0.001993110864517084,0.007822521408432393,0.0,0.0,agent0,1
-0.39332133952208925,-0.0010293322588990365,-0.0011228638429778377,-0.0034101945671150165,0.0,-0.0020962901191495316,-0.0033931479877169273,-0.0025883705150095554,0.0019367467908285073,0.001999697475056075,-0.004934570181258116,-0.0013906964138241324,0.0,-0.0014803434419631619,-0.0018565144042683606,0.001998613399002546,-0.004214834725332581,1,0.0,-0.0031813196445938906,-0.008171141681288217,0.009393276016385892,-0.0034266469015856414,0.003934191739296044,-0.005494695480645849,-0.0011527377886265098,0.0,0.0019661035390866432,0.003989825246376406,0.003993557240753013,0.0018577798564262892,0.0019917834680472832,0.0,0.0019999934148057234,0.0,0.003993459430150076,-0.0011143200157858071,0.0,-0.0024796991467777385,0.005472642643957151,0.0018166113470287613,0.0,0.0,0.0019764417412693265,0.0,0.001991772550819646,0.0,-0.0017578295835166378,0.005925771152922993,0.003999981898354193,0.003945169017188638,-0.006950321803572856,0.0039538332451352475,0.0,-0.004839360726840284,0.0,-0.0016920571793416078,0.007997824223168585,0.0,-0.00317979025541052,0.0019623741139972793,-0.0033751881010423536,-0.003705709744913759,0.005995971702171091,-0.003662306203757337,-0.0015016183409829577,0.00980231723445768,0.0018510635219228509,0.0,0.003904200690377859,-0.0010572119212754504,0.0019850290959584323,0.005931955688347722,0.0019457053157315553,0.003998394909078038,0.001961424536502571,0.0,0.0,0.0,-0.003171565574058454,0.0,-0.0014593764139710116,0.005988341182185865,-0.0025936701764600707,0.001979449882216973,0.0,0.0,-0.005406831569886538,0.0019373019236979734,0.0,0.0,-0.004101833631803406,-0.003709386263165403,-0.004168013798123572,0.001962659823397558,0.0019987741810675516,0.0059151426394786445,0.001993110864517084,0.007822521408432393,0.0,0.0,agent15,1
-0.39432273021850306,-0.0010293322588990365,-0.0011228638429778377,-0.0034101945671150165,0.0,-0.0020962901191495316,-0.0033931479877169273,-0.0025883705150095554,0.0019367467908285073,0.001999697475056075,-0.004934570181258116,-0.002711942645153893,0.0,-0.0014803434419631619,-0.0018565144042683606,0.001998613399002546,-0.004214834725332581,1,0.0,-0.0031813196445938906,-0.008171141681288217,0.009393276016385892,-0.0034266469015856414,0.003934191739296044,-0.005494695480645849,-0.0011527377886265098,0.0,0.0019661035390866432,0.003989825246376406,0.003993557240753013,0.0018577798564262892,0.0019917834680472832,0.0,0.0019999934148057234,0.0,0.003993459430150076,-0.0011143200157858071,0.0,-0.0024796991467777385,0.005472642643957151,0.0018166113470287613,0.0,0.0,0.0019764417412693265,0.0,0.001991772550819646,0.0,-0.0017578295835166378,0.005925771152922993,0.003999981898354193,0.003945169017188638,-0.006950321803572856,0.0039538332451352475,0.0,-0.004839360726840284,0.0,-0.0016920571793416078,0.007997824223168585,0.0,-0.00317979025541052,0.0019623741139972793,-0.0033751881010423536,-0.003705709744913759,0.005995971702171091,-0.003662306203757337,-0.0015016183409829577,0.00980231723445768,0.0018510635219228509,0.0,0.003904200690377859,-0.0010572119212754504,0.0019850290959584323,0.005931955688347722,0.0019457053157315553,0.003998394909078038,0.001961424536502571,0.0,0.0,0.0,-0.003171565574058454,0.0,-0.0014593764139710116,0.005988341182185865,-0.0025936701764600707,0.001979449882216973,0.0,0.0,-0.005406831569886538,0.0019373019236979734,0.0,0.0,-0.004101833631803406,-0.003709386263165403,-0.004168013798123572,0.001962659823397558,0.0019987741810675516,0.0059151426394786445,0.001993110864517084,0.007822521408432393,0.0,0.0,agent10,0.771799914828924
-0.3953247096683853,-0.0010293322588990365,-0.0011228638429778377,-0.0034101945671150165,0.0,-0.0020962901191495316,-0.0033931479877169273,-0.0025883705150095554,0.0019367467908285073,0.001999697475056075,-0.004934570181258116,-0.002711942645153893,0.0,-0.0014803434419631619,-0.0018565144042683606,0.001998613399002546,-0.004214834725332581,1,0.0,-0.0031813196445938906,-0.008171141681288217,0.009393276016385892,-0.0034266469015856414,0.003934191739296044,-0.005494695480645849,-0.0011527377886265098,0.0,0.0019661035390866432,0.003989825246376406,0.003993557240753013,0.0018577798564262892,0.0019917834680472832,0.0,0.0019999934148057234,0.0,0.003993459430150076,-0.0011143200157858071,0.0,-0.0024796991467777385,0.005472642643957151,0.0018166113470287613,0.0,0.0,0.0019764417412693265,0.0,0.001991772550819646,0.0,-0.0017578295835166378,0.005925771152922993,0.003999981898354193,0.003945169017188638,-0.006950321803572856,0.0039538332451352475,0.0,-0.004839360726840284,0.0,-0.0016920571793416078,0.007997824223168585,0.0,-0.00317979025541052,0.0019623741139972793,-0.0033751881010423536,-0.003705709744913759,0.005995971702171091,-0.003662306203757337,-0.0015016183409829577,0.00980231723445768,0.0018510635219228509,0.0,0.003904200690377859,-0.0010572119212754504,0.0019850290959584323,0.005931955688347722,0.0019457053157315553,0.003998394909078038,0.001961424536502571,0.0,0.0,0.0,-0.003171565574058454,0.0,-0.0014593764139710116,0.005988341182185865,-0.0025936701764600707,0.003958495056536072,0.0,0.0,-0.005406831569886538,0.0019373019236979734,0.0,0.0,-0.004101833631803406,-0.003709386263165403,-0.004168013798123572,0.001962659823397558,0.0019987741810675516,0.0059151426394786445,0.001993110864517084,0.007822521408432393,0.0,0.0,agent83,-0.5990411987595735
-0.3943247096683853,-0.0010293322588990365,-0.0011228638429778377,-0.0034101945671150165,0.0,-0.0020962901191495316,-0.0033931479877169273,-0.0025883705150095554,0.0019367467908285073,0.001999697475056075,-0.004934570181258116,-0.002711942645153893,0.0,-0.0014803434419631619,-0.0018565144042683606,0.001998613399002546,-0.004214834725332581,1,0.0,-0.0031813196445938906,-0.008171141681288217,0.009393276016385892,-0.0034266469015856414,0.003934191739296044,-0.005494695480645849,-0.0011527377886265098,0.0,0.0019661035390866432,0.003989825246376406,0.003993557240753013,0.0018577798564262892,0.0019917834680472832,0.0,0.0019999934148057234,0.0,0.003993459430150076,-0.0011143200157858071,0.0,-0.0024796991467777385,0.005472642643957151,0.0018166113470287613,-0.001713701741942192,0.0,0.0019764417412693265,0.0,0.001991772550819646,0.0,-0.0017578295835166378,0.005925771152922993,0.003999981898354193,0.003945169017188638,-0.006950321803572856,0.0039538332451352475,0.0,-0.004839360726840284,0.0,-0.0016920571793416078,0.007997824223168585,0.0,-0.00317979025541052,0.0019623741139972793,-0.0033751881010423536,-0.003705709744913759,0.005995971702171091,-0.003662306203757337,-0.0015016183409829577,0.00980231723445768,0.0018510635219228509,0.0,0.003904200690377859,-0.0010572119212754504,0.0019850290959584323,0.005931955688347722,0.0019457053157315553,0.003998394909078038,0.001961424536502571,0.0,0.0,0.0,-0.003171565574058454,0.0,-0.0014593764139710116,0.005988341182185865,-0.0025936701764600707,0.003958495056536072,0.0,0.0,-0.005406831569886538,0.0019373019236979734,0.0,0.0,-0.004101833631803406,-0.003709386263165403,-0.004168013798123572,0.001962659823397558,0.0019987741810675516,0.0059151426394786445,0.001993110864517084,0.007822521408432393,0.0,0.0,agent40,0.36137636480925545
-0.3953267096618001,-0.0010293322588990365,-0.0011228638429778377,-0.0034101945671150165,0.0,-0.0020962901191495316,-0.0033931479877169273,-0.0025883705150095554,0.0019367467908285073,0.001999697475056075,-0.004934570181258116,-0.002711942645153893,0.0,-0.0014803434419631619,-0.0018565144042683606,0.001998613399002546,-0.004214834725332581,1,0.0,-0.0031813196445938906,-0.008171141681288217,0.009393276016385892,-0.0034266469015856414,0.003934191739296044,-0.005494695480645849,-0.0011527377886265098,0.0,0.0019661035390866432,0.003989825246376406,0.003993557240753013,0.0018577798564262892,0.0019917834680472832,0.0,0.003999982700817279,0.0,0.003993459430150076,-0.0011143200157858071,0.0,-0.0024796991467777385,0.005472642643957151,0.0018166113470287613,-0.001713701741942192,0.0,0.0019764417412693265,0.0,0.001991772550819646,0.0,-0.0017578295835166378,0.005925771152922993,0.003999981898354193,0.003945169017188638,-0.006950321803572856,0.0039538332451352475,0.0,-0.004839360726840284,0.0,-0.0016920571793416078,0.007997824223168585,0.0,-0.00317979025541052,0.0019623741139972793,-0.0033751881010423536,-0.003705709744913759,0.005995971702171091,-0.003662306203757337,-0.0015016183409829577,0.00980231723445768,0.0018510635219228509,0.0,0.003904200690377859,-0.0010572119212754504,0.0019850290959584323,0.005931955688347722,0.0019457053157315553,0.003998394909078038,0.001961424536502571,0.0,0.0,0.0,-0.003171565574058454,0.0,-0.0014593764139710116,0.005988341182185865,-0.0025936701764600707,0.003958495056536072,0.0,0.0,-0.005406831569886538,0.0019373019236979734,0.0,0.0,-0.004101833631803406,-0.003709386263165403,-0.004168013798123572,0.001962659823397558,0.0019987741810675516,0.0059151426394786445,0.001993110864517084,0.007822521408432393,0.0,0.0,agent32,-0.39895374594912403
-0.39633011985636724,-0.0010293322588990365,-0.0011228638429778377,-0.004992136341183647,0.0,-0.0020962901191495316,-0.0033931479877169273,-0.0025883705150095554,0.0019367467908285073,0.001999697475056075,-0.004934570181258116,-0.002711942645153893,0.0,-0.0014803434419631619,-0.0018565144042683606,0.001998613399002546,-0.004214834725332581,1,0.0,-0.0031813196445938906,-0.008171141681288217,0.009393276016385892,-0.0034266469015856414,0.003934191739296044,-0.005494695480645849,-0.0011527377886265098,0.0,0.0019661035390866432,0.003989825246376406,0.003993557240753013,0.0018577798564262892,0.0019917834680472832,0.0,0.003999982700817279,0.0,0.003993459430150076,-0.0011143200157858071,0.0,-0.0024796991467777385,0.005472642643957151,0.0018166113470287613,-0.001713701741942192,0.0,0.0019764417412693265,0.0,0.001991772550819646,0.0,-0.0017578295835166378,0.005925771152922993,0.003999981898354193,0.003945169017188638,-0.006950321803572856,0.0039538332451352475,0.0,-0.004839360726840284,0.0,-0.0016920571793416078,0.007997824223168585,0.0,-0.00317979025541052,0.0019623741139972793,-0.0033751881010423536,-0.003705709744913759,0.005995971702171091,-0.003662306203757337,-0.0015016183409829577,0.00980231723445768,0.0018510635219228509,0.0,0.003904200690377859,-0.0010572119212754504,0.0019850290959584323,0.005931955688347722,0.0019457053157315553,0.003998394909078038,0.001961424536502571,0.0,0.0,0.0,-0.003171565574058454,0.0,-0.0014593764139710116,0.005988341182185865,-0.0025936701764600707,0.003958495056536072,0.0,0.0,-0.005406831569886538,0.0019373019236979734,0.0,0.0,-0.004101833631803406,-0.003709386263165403,-0.004168013798123572,0.001962659823397558,0.0019987741810675516,0.0059151426394786445,0.001993110864517084,0.007822521408432393,0.0,0.0,agent2,0.5190673256767614
-0.3973319763707715,-0.0010293322588990365,-0.0011228638429778377,-0.004992136341183647,0.0,-0.0020962901191495316,-0.0033931479877169273,-0.0025883705150095554,0.0019367467908285073,0.001999697475056075,-0.004934570181258116,-0.002711942645153893,0.0,-0.0014803434419631619,-0.0036399715633525145,0.001998613399002546,-0.004214834725332581,1,0.0,-0.0031813196445938906,-0.008171141681288217,0.009393276016385892,-0.0034266469015856414,0.003934191739296044,-0.005494695480645849,-0.0011527377886265098,0.0,0.0019661035390866432,0.003989825246376406,0.003993557240753013,0.0018577798564262892,0.0019917834680472832,0.0,0.003999982700817279,0.0,0.003993459430150076,-0.0011143200157858071,0.0,-0.0024796991467777385,0.005472642643957151,0.0018166113470287613,-0.001713701741942192,0.0,0.0019764417412693265,0.0,0.001991772550819646,0.0,-0.0017578295835166378,0.005925771152922993,0.003999981898354193,0.003945169017188638,-0.006950321803572856,0.0039538332451352475,0.0,-0.004839360726840284,0.0,-0.0016920571793416078,0.007997824223168585,0.0,-0.00317979025541052,0.0019623741139972793,-0.0033751881010423536,-0.003705709744913759,0.005995971702171091,-0.003662306203757337,-0.0015016183409829577,0.00980231723445768,0.0018510635219228509,0.0,0.003904200690377859,-0.0010572119212754504,0.0019850290959584323,0.005931955688347722,0.0019457053157315553,0.003998394909078038,0.001961424536502571,0.0,0.0,0.0,-0.003171565574058454,0.0,-0.0014593764139710116,0.005988341182185865,-0.0025936701764600707,0.003958495056536072,0.0,0.0,-0.005406831569886538,0.0019373019236979734,0.0,0.0,-0.004101833631803406,-0.003709386263165403,-0.004168013798123572,0.001962659823397558,0.0019987741810675516,0.0059151426394786445,0.001993110864517084,0.007822521408432393,0.0,0.0,agent13,0.2617623370459227
-0.39833596992801223,-0.0010293322588990365,-0.0011228638429778377,-0.004992136341183647,0.0,-0.0020962901191495316,-0.0033931479877169273,-0.0025883705150095554,0.0019367467908285073,0.001999697475056075,-0.004934570181258116,-0.002711942645153893,0.0,-0.0014803434419631619,-0.0036399715633525145,0.001998613399002546,-0.004214834725332581,1,0.0,-0.0031813196445938906,-0.008171141681288217,0.009393276016385892,-0.0034266469015856414,0.003934191739296044,-0.005494695480645849,-0.0011527377886265098,0.0,0.0019661035390866432,0.003989825246376406,0.005990295909666883,0.0018577798564262892,0.0019917834680472832,0.0,0.003999982700817279,0.0,0.003993459430150076,-0.0011143200157858071,0.0,-0.0024796991467777385,0.005472642643957151,0.0018166113470287613,-0.001713701741942192,0.0,0.0019764417412693265,0.0,0.001991772550819646,0.0,-0.0017578295835166378,0.005925771152922993,0.003999981898354193,0.003945169017188638,-0.006950321803572856,0.0039538332451352475,0.0,-0.004839360726840284,0.0,-0.0016920571793416078,0.007997824223168585,0.0,-0.00317979025541052,0.0019623741139972793,-0.0033751881010423536,-0.003705709744913759,0.005995971702171091,-0.003662306203757337,-0.0015016183409829577,0.00980231723445768,0.0018510635219228509,0.0,0.003904200690377859,-0.0010572119212754504,0.0019850290959584323,0.005931955688347722,0.0019457053157315553,0.003998394909078038,0.001961424536502571,0.0,0.0,0.0,-0.003171565574058454,0.0,-0.0014593764139710116,0.005988341182185865,-0.0025936701764600707,0.003958495056536072,0.0,0.0,-0.005406831569886538,0.0019373019236979734,0.0,0.0,-0.004101833631803406,-0.003709386263165403,-0.004168013798123572,0.001962659823397558,0.0019987741810675516,0.0059151426394786445,0.001993110864517084,0.007822521408432393,0.0,0.0,agent28,-0.3165689763505935
-0.39933991509702943,-0.0010293322588990365,-0.0011228638429778377,-0.004992136341183647,0.0,-0.0020962901191495316,-0.0033931479877169273,-0.0025883705150095554,0.0019367467908285073,0.001999697475056075,-0.004934570181258116,-0.002711942645153893,0.0,-0.0014803434419631619,-0.0036399715633525145,0.001998613399002546,-0.004214834725332581,1,0.0,-0.0031813196445938906,-0.008171141681288217,0.009393276016385892,-0.0034266469015856414,0.003934191739296044,-0.005494695480645849,-0.0011527377886265098,0.0,0.0019661035390866432,0.003989825246376406,0.005990295909666883,0.0018577798564262892,0.0019917834680472832,0.0,0.003999982700817279,0.0,0.003993459430150076,-0.0011143200157858071,0.0,-0.0024796991467777385,0.005472642643957151,0.0018166113470287613,-0.001713701741942192,0.0,0.0019764417412693265,0.0,0.001991772550819646,0.0,-0.0017578295835166378,0.005925771152922993,0.003999981898354193,0.005917755477830768,-0.006950321803572856,0.0039538332451352475,0.0,-0.004839360726840284,0.0,-0.0016920571793416078,0.007997824223168585,0.0,-0.00317979025541052,0.0019623741139972793,-0.0033751881010423536,-0.003705709744913759,0.005995971702171091,-0.003662306203757337,-0.0015016183409829577,0.00980231723445768,0.0018510635219228509,0.0,0.003904200690377859,-0.0010572119212754504,0.0019850290959584323,0.005931955688347722,0.0019457053157315553,0.003998394909078038,0.001961424536502571,0.0,0.0,0.0,-0.003171565574058454,0.0,-0.0014593764139710116,0.005988341182185865,-0.0025936701764600707,0.003958495056536072,0.0,0.0,-0.005406831569886538,0.0019373019236979734,0.0,0.0,-0.004101833631803406,-0.003709386263165403,-0.004168013798123572,0.001962659823397558,0.0019987741810675516,0.0059151426394786445,0.001993110864517084,0.007822521408432393,0.0,0.0,agent49,-0.1641841415863578
-0.4003439150789278,-0.0010293322588990365,-0.0011228638429778377,-0.004992136341183647,0.0,-0.0020962901191495316,-0.0033931479877169273,-0.0025883705150095554,0.0019367467908285073,0.001999697475056075,-0.004934570181258116,-0.002711942645153893,0.0,-0.0014803434419631619,-0.0036399715633525145,0.001998613399002546,-0.004214834725332581,1,0.0,-0.0031813196445938906,-0.008171141681288217,0.009393276016385892,-0.0034266469015856414,0.003934191739296044,-0.005494695480645849,-0.0011527377886265098,0.0,0.0019661035390866432,0.003989825246376406,0.005990295909666883,0.0018577798564262892,0.0019917834680472832,0.0,0.003999982700817279,0.0,0.003993459430150076,-0.0011143200157858071,0.0,-0.0024796991467777385,0.005472642643957151,0.0018166113470287613,-0.001713701741942192,0.0,0.0019764417412693265,0.0,0.001991772550819646,0.0,-0.0017578295835166378,0.005925771152922993,0.005999972848888739,0.005917755477830768,-0.006950321803572856,0.0039538332451352475,0.0,-0.004839360726840284,0.0,-0.0016920571793416078,0.007997824223168585,0.0,-0.00317979025541052,0.0019623741139972793,-0.0033751881010423536,-0.003705709744913759,0.005995971702171091,-0.003662306203757337,-0.0015016183409829577,0.00980231723445768,0.0018510635219228509,0.0,0.003904200690377859,-0.0010572119212754504,0.0019850290959584323,0.005931955688347722,0.0019457053157315553,0.003998394909078038,0.001961424536502571,0.0,0.0,0.0,-0.003171565574058454,0.0,-0.0014593764139710116,0.005988341182185865,-0.0025936701764600707,0.003958495056536072,0.0,0.0,-0.005406831569886538,0.0019373019236979734,0.0,0.0,-0.004101833631803406,-0.003709386263165403,-0.004168013798123572,0.001962659823397558,0.0019987741810675516,0.0059151426394786445,0.001993110864517084,0.007822521408432393,0.0,0.0,agent48,-0.39508563126680185
-0.3993439150789278,-0.0010293322588990365,-0.0011228638429778377,-0.004992136341183647,0.0,-0.0020962901191495316,-0.0033931479877169273,-0.0025883705150095554,0.0019367467908285073,0.001999697475056075,-0.004934570181258116,-0.002711942645153893,0.0,-0.0014803434419631619,-0.0036399715633525145,0.001998613399002546,-0.004214834725332581,1,0.0,-0.0031813196445938906,-0.008171141681288217,0.009393276016385892,-0.0034266469015856414,0.003934191739296044,-0.005494695480645849,-0.0011527377886265098,0.0,0.0019661035390866432,0.003989825246376406,0.005990295909666883,0.0018577798564262892,0.0019917834680472832,-0.001546323088490233,0.003999982700817279,0.0,0.003993459430150076,-0.0011143200157858071,0.0,-0.0024796991467777385,0.005472642643957151,0.0018166113470287613,-0.001713701741942192,0.0,0.0019764417412693265,0.0,0.001991772550819646,0.0,-0.0017578295835166378,0.005925771152922993,0.005999972848888739,0.005917755477830768,-0.006950321803572856,0.0039538332451352475,0.0,-0.004839360726840284,0.0,-0.0016920571793416078,0.007997824223168585,0.0,-0.00317979025541052,0.0019623741139972793,-0.0033751881010423536,-0.003705709744913759,0.005995971702171091,-0.003662306203757337,-0.0015016183409829577,0.00980231723445768,0.0018510635219228509,0.0,0.003904200690377859,-0.0010572119212754504,0.0019850290959584323,0.005931955688347722,0.0019457053157315553,0.003998394909078038,0.001961424536502571,0.0,0.0,0.0,-0.003171565574058454,0.0,-0.0014593764139710116,0.005988341182185865,-0.0025936701764600707,0.003958495056536072,0.0,0.0,-0.005406831569886538,0.0019373019236979734,0.0,0.0,-0.004101833631803406,-0.003709386263165403,-0.004168013798123572,0.001962659823397558,0.0019987741810675516,0.0059151426394786445,0.001993110864517084,0.007822521408432393,0.0,0.0,agent31,0.552207302976844
-0.4003457661424497,-0.0010293322588990365,-0.0011228638429778377,-0.004992136341183647,0.0,-0.0020962901191495316,-0.0033931479877169273,-0.0025883705150095554,0.0019367467908285073,0.001999697475056075,-0.004934570181258116,-0.002711942645153893,0.0,-0.0014803434419631619,-0.0036399715633525145,0.001998613399002546,-0.004214834725332581,1,0.0,-0.0031813196445938906,-0.008171141681288217,0.009393276016385892,-0.0034266469015856414,0.003934191739296044,-0.005494695480645849,-0.0011527377886265098,0.0,0.0019661035390866432,0.003989825246376406,0.005990295909666883,0.0018577798564262892,0.0019917834680472832,-0.001546323088490233,0.003999982700817279,0.0,0.003993459430150076,-0.0011143200157858071,0.0,-0.0024796991467777385,0.005472642643957151,0.0018166113470287613,-0.001713701741942192,0.0,0.0019764417412693265,0.0,0.001991772550819646,0.0,-0.0017578295835166378,0.005925771152922993,0.005999972848888739,0.005917755477830768,-0.006950321803572856,0.0039538332451352475,0.0,-0.004839360726840284,0.0,-0.0016920571793416078,0.007997824223168585,0.0,-0.00317979025541052,0.0019623741139972793,-0.0033751881010423536,-0.003705709744913759,0.005995971702171091,-0.003662306203757337,-0.0015016183409829577,0.00980231723445768,0.0037010484420099284,0.0,0.003904200690377859,-0.0010572119212754504,0.0019850290959584323,0.005931955688347722,0.0019457053157315553,0.003998394909078038,0.001961424536502571,0.0,0.0,0.0,-0.003171565574058454,0.0,-0.0014593764139710116,0.005988341182185865,-0.0025936701764600707,0.003958495056536072,0.0,0.0,-0.005406831569886538,0.0019373019236979734,0.0,0.0,-0.004101833631803406,-0.003709386263165403,-0.004168013798123572,0.001962659823397558,0.0019987741810675516,0.0059151426394786445,0.001993110864517084,0.007822521408432393,0.0,0.0,agent66,-0.9470940039204038
-0.4013473124655382,-0.0010293322588990365,-0.0011228638429778377,-0.004992136341183647,0.0,-0.0020962901191495316,-0.0033931479877169273,-0.0025883705150095554,0.0019367467908285073,0.001999697475056075,-0.004934570181258116,-0.002711942645153893,0.0,-0.0014803434419631619,-0.0036399715633525145,0.001998613399002546,-0.004214834725332581,1,0.0,-0.0031813196445938906,-0.008171141681288217,0.009393276016385892,-0.0034266469015856414,0.003934191739296044,-0.005494695480645849,-0.0011527377886265098,0.0,0.0019661035390866432,0.003989825246376406,0.005990295909666883,0.0018577798564262892,0.0019917834680472832,-0.003091690408250137,0.003999982700817279,0.0,0.003993459430150076,-0.0011143200157858071,0.0,-0.0024796991467777385,0.005472642643957151,0.0018166113470287613,-0.001713701741942192,0.0,0.0019764417412693265,0.0,0.001991772550819646,0.0,-0.0017578295835166378,0.005925771152922993,0.005999972848888739,0.005917755477830768,-0.006950321803572856,0.0039538332451352475,0.0,-0.004839360726840284,0.0,-0.0016920571793416078,0.007997824223168585,0.0,-0.00317979025541052,0.0019623741139972793,-0.0033751881010423536,-0.003705709744913759,0.005995971702171091,-0.003662306203757337,-0.0015016183409829577,0.00980231723445768,0.0037010484420099284,0.0,0.003904200690377859,-0.0010572119212754504,0.0019850290959584323,0.005931955688347722,0.0019457053157315553,0.003998394909078038,0.001961424536502571,0.0,0.0,0.0,-0.003171565574058454,0.0,-0.0014593764139710116,0.005988341182185865,-0.0025936701764600707,0.003958495056536072,0.0,0.0,-0.005406831569886538,0.0019373019236979734,0.0,0.0,-0.004101833631803406,-0.003709386263165403,-0.004168013798123572,0.001962659823397558,0.0019987741810675516,0.0059151426394786445,0.001993110864517084,0.007822521408432393,0.0,0.0,agent31,0.5532083017950702
-0.40235068765363924,-0.0010293322588990365,-0.0011228638429778377,-0.004992136341183647,0.0,-0.0020962901191495316,-0.0033931479877169273,-0.0025883705150095554,0.0019367467908285073,0.001999697475056075,-0.004934570181258116,-0.002711942645153893,0.0,-0.0014803434419631619,-0.0036399715633525145,0.001998613399002546,-0.004214834725332581,1,0.0,-0.0031813196445938906,-0.008171141681288217,0.009393276016385892,-0.0034266469015856414,0.003934191739296044,-0.005494695480645849,-0.0011527377886265098,0.0,0.0019661035390866432,0.003989825246376406,0.005990295909666883,0.0018577798564262892,0.0019917834680472832,-0.003091690408250137,0.003999982700817279,0.0,0.003993459430150076,-0.0011143200157858071,0.0,-0.0024796991467777385,0.005472642643957151,0.0018166113470287613,-0.001713701741942192,0.0,0.0019764417412693265,0.0,0.001991772550819646,0.0,-0.0017578295835166378,0.005925771152922993,0.005999972848888739,0.005917755477830768,-0.006950321803572856,0.0039538332451352475,0.0,-0.004839360726840284,0.0,-0.0016920571793416078,0.007997824223168585,0.0,-0.00317979025541052,0.0019623741139972793,-0.004974807306101295,-0.003705709744913759,0.005995971702171091,-0.003662306203757337,-0.0015016183409829577,0.00980231723445768,0.0037010484420099284,0.0,0.003904200690377859,-0.0010572119212754504,0.0019850290959584323,0.005931955688347722,0.0019457053157315553,0.003998394909078038,0.001961424536502571,0.0,0.0,0.0,-0.003171565574058454,0.0,-0.0014593764139710116,0.005988341182185865,-0.0025936701764600707,0.003958495056536072,0.0,0.0,-0.005406831569886538,0.0019373019236979734,0.0,0.0,-0.004101833631803406,-0.003709386263165403,-0.004168013798123572,0.001962659823397558,0.0019987741810675516,0.0059151426394786445,0.001993110864517084,0.007822521408432393,0.0,0.0,agent60,0.49350551894425165
-0.40335660540911705,-0.0010293322588990365,-0.0011228638429778377,-0.004992136341183647,0.0,-0.0020962901191495316,-0.0033931479877169273,-0.0025883705150095554,0.0019367467908285073,0.001999697475056075,-0.004934570181258116,-0.002711942645153893,0.0,-0.0014803434419631619,-0.0036399715633525145,0.001998613399002546,-0.004214834725332581,1,0.0,-0.0031813196445938906,-0.008171141681288217,0.009393276016385892,-0.0034266469015856414,0.003934191739296044,-0.005494695480645849,-0.0011527377886265098,0.0,0.0019661035390866432,0.003989825246376406,0.005990295909666883,0.0018577798564262892,0.0019917834680472832,-0.003091690408250137,0.003999982700817279,0.0,0.003993459430150076,-0.0011143200157858071,0.0,-0.0024796991467777385,0.005472642643957151,0.0018166113470287613,-0.001713701741942192,0.0,0.0019764417412693265,0.0,0.001991772550819646,0.0,-0.0017578295835166378,0.005925771152922993,0.005999972848888739,0.007890106429863025,-0.006950321803572856,0.0039538332451352475,0.0,-0.004839360726840284,0.0,-0.0016920571793416078,0.007997824223168585,0.0,-0.00317979025541052,0.0019623741139972793,-0.004974807306101295,-0.003705709744913759,0.005995971702171091,-0.003662306203757337,-0.0015016183409829577,0.00980231723445768,0.0037010484420099284,0.0,0.003904200690377859,-0.0010572119212754504,0.0019850290959584323,0.005931955688347722,0.0019457053157315553,0.003998394909078038,0.001961424536502571,0.0,0.0,0.0,-0.003171565574058454,0.0,-0.0014593764139710116,0.005988341182185865,-0.0025936701764600707,0.003958495056536072,0.0,0.0,-0.005406831569886538,0.0019373019236979734,0.0,0.0,-0.004101833631803406,-0.003709386263165403,-0.004168013798123572,0.001962659823397558,0.0019987741810675516,0.0059151426394786445,0.001993110864517084,0.007822521408432393,0.0,0.0,agent49,-0.16719521581534966
-0.40235660540911705,-0.0010293322588990365,-0.0011228638429778377,-0.004992136341183647,0.0,-0.0020962901191495316,-0.0033931479877169273,-0.0025883705150095554,0.0019367467908285073,0.001999697475056075,-0.004934570181258116,-0.002711942645153893,0.0,-0.0014803434419631619,-0.0036399715633525145,0.001998613399002546,-0.004214834725332581,1,0.0,-0.0031813196445938906,-0.008171141681288217,0.009393276016385892,-0.0034266469015856414,0.003934191739296044,-0.005494695480645849,-0.0011527377886265098,0.0,0.0019661035390866432,0.003989825246376406,0.005990295909666883,0.0018577798564262892,0.0019917834680472832,-0.003091690408250137,0.003999982700817279,0.0,0.003993459430150076,-0.0011143200157858071,0.0,-0.0024796991467777385,0.005472642643957151,0.0018166113470287613,-0.001713701741942192,0.0,0.0019764417412693265,0.0018696519268227864,0.001991772550819646,0.0,-0.0017578295835166378,0.005925771152922993,0.005999972848888739,0.007890106429863025,-0.006950321803572856,0.0039538332451352475,0.0,-0.004839360726840284,0.0,-0.0016920571793416078,0.007997824223168585,0.0,-0.00317979025541052,0.0019623741139972793,-0.004974807306101295,-0.003705709744913759,0.005995971702171091,-0.003662306203757337,-0.0015016183409829577,0.00980231723445768,0.0037010484420099284,0.0,0.003904200690377859,-0.0010572119212754504,0.0019850290959584323,0.005931955688347722,0.0019457053157315553,0.003998394909078038,0.001961424536502571,0.0,0.0,0.0,-0.003171565574058454,0.0,-0.0014593764139710116,0.005988341182185865,-0.0025936701764600707,0.003958495056536072,0.0,0.0,-0.005406831569886538,0.0019373019236979734,0.0,0.0,-0.004101833631803406,-0.003709386263165403,-0.004168013798123572,0.001962659823397558,0.0019987741810675516,0.0059151426394786445,0.001993110864517084,0.007822521408432393,0.0,0.0,agent43,-0.9139407281101929
-0.40336477655079833,-0.0010293322588990365,-0.0011228638429778377,-0.004992136341183647,0.0,-0.0020962901191495316,-0.0033931479877169273,-0.0025883705150095554,0.0019367467908285073,0.001999697475056075,-0.004934570181258116,-0.002711942645153893,0.0,-0.0014803434419631619,-0.0036399715633525145,0.001998613399002546,-0.004214834725332581,1,0.0,-0.0031813196445938906,-0.009199658826137172,0.009393276016385892,-0.0034266469015856414,0.003934191739296044,-0.005494695480645849,-0.0011527377886265098,0.0,0.0019661035390866432,0.003989825246376406,0.005990295909666883,0.0018577798564262892,0.0019917834680472832,-0.003091690408250137,0.003999982700817279,0.0,0.003993459430150076,-0.0011143200157858071,0.0,-0.0024796991467777385,0.005472642643957151,0.0018166113470287613,-0.001713701741942192,0.0,0.0019764417412693265,0.0018696519268227864,0.001991772550819646,0.0,-0.0017578295835166378,0.005925771152922993,0.005999972848888739,0.007890106429863025,-0.006950321803572856,0.0039538332451352475,0.0,-0.004839360726840284,0.0,-0.0016920571793416078,0.007997824223168585,0.0,-0.00317979025541052,0.0019623741139972793,-0.004974807306101295,-0.003705709744913759,0.005995971702171091,-0.003662306203757337,-0.0015016183409829577,0.00980231723445768,0.0037010484420099284,0.0,0.003904200690377859,-0.0010572119212754504,0.0019850290959584323,0.005931955688347722,0.0019457053157315553,0.003998394909078038,0.001961424536502571,0.0,0.0,0.0,-0.003171565574058454,0.0,-0.0014593764139710116,0.005988341182185865,-0.0025936701764600707,0.003958495056536072,0.0,0.0,-0.005406831569886538,0.0019373019236979734,0.0,0.0,-0.004101833631803406,-0.003709386263165403,-0.004168013798123572,0.001962659823397558,0.0019987741810675516,0.0059151426394786445,0.001993110864517084,0.007822521408432393,0.0,0.0,agent19,0.9915464436951206
-0.40236477655079833,-0.0010293322588990365,-0.0011228638429778377,-0.004992136341183647,0.0,-0.0020962901191495316,-0.0033931479877169273,-0.0025883705150095554,0.0019367467908285073,0.001999697475056075,-0.004934570181258116,-0.002711942645153893,0.0,-0.0014803434419631619,-0.0036399715633525145,0.001998613399002546,-0.004214834725332581,1,0.0,-0.0031813196445938906,-0.009199658826137172,0.009393276016385892,-0.0034266469015856414,0.003934191739296044,-0.005494695480645849,-0.0011527377886265098,0.0,0.0019661035390866432,0.003989825246376406,0.005990295909666883,0.0018577798564262892,0.0019917834680472832,-0.003091690408250137,0.003999982700817279,0.0,0.003993459430150076,-0.0011143200157858071,0.0,-0.0024796991467777385,0.005472642643957151,0.0018166113470287613,-0.001713701741942192,0.0,0.0019764417412693265,0.0018696519268227864,0.001991772550819646,0.0,-0.0017578295835166378,0.005925771152922993,0.005999972848888739,0.007890106429863025,-0.006950321803572856,0.0039538332451352475,0.0,-0.004839360726840284,0.0019960186457145613,-0.0016920571793416078,0.007997824223168585,0.0,-0.00317979025541052,0.0019623741139972793,-0.004974807306101295,-0.003705709744913759,0.005995971702171091,-0.003662306203757337,-0.0015016183409829577,0.00980231723445768,0.0037010484420099284,0.0,0.003904200690377859,-0.0010572119212754504,0.0019850290959584323,0.005931955688347722,0.0019457053157315553,0.003998394909078038,0.001961424536502571,0.0,0.0,0.0,-0.003171565574058454,0.0,-0.0014593764139710116,0.005988341182185865,-0.0025936701764600707,0.003958495056536072,0.0,0.0,-0.005406831569886538,0.0019373019236979734,0.0,0.0,-0.004101833631803406,-0.003709386263165403,-0.004168013798123572,0.001962659823397558,0.0019987741810675516,0.0059151426394786445,0.001993110864517084,0.007822521408432393,0.0,0.0,agent54,-0.314130766381594
-0.40136477655079833,-0.0010293322588990365,-0.0011228638429778377,-0.004992136341183647,0.0,-0.0020962901191495316,-0.0033931479877169273,-0.0025883705150095554,0.0019367467908285073,0.001999697475056075,-0.004934570181258116,-0.002711942645153893,0.0,-0.0014803434419631619,-0.0036399715633525145,0.001998613399002546,-0.004214834725332581,1,0.0,-0.0031813196445938906,-0.009199658826137172,0.009393276016385892,-0.0034266469015856414,0.003934191739296044,-0.005494695480645849,-0.0011527377886265098,0.0,0.0019661035390866432,0.003989825246376406,0.005990295909666883,0.0018577798564262892,0.0019917834680472832,-0.003091690408250137,0.003999982700817279,-0.001195868029394899,0.003993459430150076,-0.0011143200157858071,0.0,-0.0024796991467777385,0.005472642643957151,0.0018166113470287613,-0.001713701741942192,0.0,0.0019764417412693265,0.0018696519268227864,0.001991772550819646,0.0,-0.0017578295835166378,0.005925771152922993,0.005999972848888739,0.007890106429863025,-0.006950321803572856,0.0039538332451352475,0.0,-0.004839360726840284,0.0019960186457145613,-0.0016920571793416078,0.007997824223168585,0.0,-0.00317979025541052,0.0019623741139972793,-0.004974807306101295,-0.003705709744913759,0.005995971702171091,-0.003662306203757337,-0.0015016183409829577,0.00980231723445768,0.0037010484420099284,0.0,0.003904200690377859,-0.0010572119212754504,0.0019850290959584323,0.005931955688347722,0.0019457053157315553,0.003998394909078038,0.001961424536502571,0.0,0.0,0.0,-0.003171565574058454,0.0,-0.0014593764139710116,0.005988341182185865,-0.0025936701764600707,0.003958495056536072,0.0,0.0,-0.005406831569886538,0.0019373019236979734,0.0,0.0,-0.004101833631803406,-0.003709386263165403,-0.004168013798123572,0.001962659823397558,0.0019987741810675516,0.0059151426394786445,0.001993110864517084,0.007822521408432393,0.0,0.0,agent33,0.8658086899789987
-0.4023702491934423,-0.0010293322588990365,-0.0011228638429778377,-0.004992136341183647,0.0,-0.0020962901191495316,-0.0033931479877169273,-0.0025883705150095554,0.0019367467908285073,0.001999697475056075,-0.004934570181258116,-0.002711942645153893,0.0,-0.0014803434419631619,-0.0036399715633525145,0.001998613399002546,-0.004214834725332581,1,0.0,-0.0031813196445938906,-0.009199658826137172,0.009393276016385892,-0.0034266469015856414,0.003934191739296044,-0.005494695480645849,-0.0011527377886265098,0.0,0.0019661035390866432,0.003989825246376406,0.005990295909666883,0.0018577798564262892,0.0019917834680472832,-0.003091690408250137,0.003999982700817279,-0.001195868029394899,0.003993459430150076,-0.0011143200157858071,0.0,-0.0024796991467777385,0.007297279941164549,0.0018166113470287613,-0.001713701741942192,0.0,0.0019764417412693265,0.0018696519268227864,0.001991772550819646,0.0,-0.0017578295835166378,0.005925771152922993,0.005999972848888739,0.007890106429863025,-0.006950321803572856,0.0039538332451352475,0.0,-0.004839360726840284,0.0019960186457145613,-0.0016920571793416078,0.007997824223168585,0.0,-0.00317979025541052,0.0019623741139972793,-0.004974807306101295,-0.003705709744913759,0.005995971702171091,-0.003662306203757337,-0.0015016183409829577,0.00980231723445768,0.0037010484420099284,0.0,0.003904200690377859,-0.0010572119212754504,0.0019850290959584323,0.005931955688347722,0.0019457053157315553,0.003998394909078038,0.001961424536502571,0.0,0.0,0.0,-0.003171565574058454,0.0,-0.0014593764139710116,0.005988341182185865,-0.0025936701764600707,0.003958495056536072,0.0,0.0,-0.005406831569886538,0.0019373019236979734,0.0,0.0,-0.004101833631803406,-0.003709386263165403,-0.004168013798123572,0.001962659823397558,0.0019987741810675516,0.0059151426394786445,0.001993110864517084,0.007822521408432393,0.0,0.0,agent38,-0.9935855171409965
-0.4033752240007484,-0.0010293322588990365,-0.0011228638429778377,-0.004992136341183647,0.0,-0.0020962901191495316,-0.0033931479877169273,-0.0025883705150095554,0.0019367467908285073,0.001999697475056075,-0.004934570181258116,-0.002711942645153893,0.0,-0.0014803434419631619,-0.0036399715633525145,0.001998613399002546,-0.004214834725332581,1,0.0,-0.0031813196445938906,-0.009199658826137172,0.009393276016385892,-0.0034266469015856414,0.003934191739296044,-0.005494695480645849,-0.0011527377886265098,0.0,0.0019661035390866432,0.003989825246376406,0.005990295909666883,0.0018577798564262892,0.0019917834680472832,-0.003091690408250137,0.003999982700817279,-0.001195868029394899,0.003993459430150076,-0.0011143200157858071,0.0,-0.0024796991467777385,0.007297279941164549,0.0018166113470287613,-0.001713701741942192,0.0,0.0019764417412693265,0.0018696519268227864,0.001991772550819646,0.0,-0.0017578295835166378,0.005925771152922993,0.005999972848888739,0.007890106429863025,-0.006950321803572856,0.0039538332451352475,0.0,-0.004839360726840284,0.0019960186457145613,-0.0016920571793416078,0.007997824223168585,0.0,-0.00317979025541052,0.0019623741139972793,-0.006568097825454849,-0.003705709744913759,0.005995971702171091,-0.003662306203757337,-0.0015016183409829577,0.00980231723445768,0.0037010484420099284,0.0,0.003904200690377859,-0.0010572119212754504,0.0019850290959584323,0.005931955688347722,0.0019457053157315553,0.003998394909078038,0.001961424536502571,0.0,0.0,0.0,-0.003171565574058454,0.0,-0.0014593764139710116,0.005988341182185865,-0.0025936701764600707,0.003958495056536072,0.0,0.0,-0.005406831569886538,0.0019373019236979734,0.0,0.0,-0.004101833631803406,-0.003709386263165403,-0.004168013798123572,0.001962659823397558,0.0019987741810675516,0.0059151426394786445,0.001993110864517084,0.007822521408432393,0.0,0.0,agent60,0.49952717362851723
-0.4043769818303319,-0.0010293322588990365,-0.0011228638429778377,-0.004992136341183647,0.0,-0.0020962901191495316,-0.0033931479877169273,-0.0025883705150095554,0.0019367467908285073,0.001999697475056075,-0.004934570181258116,-0.002711942645153893,0.0,-0.0014803434419631619,-0.0036399715633525145,0.001998613399002546,-0.004214834725332581,1,0.0,-0.0031813196445938906,-0.009199658826137172,0.009393276016385892,-0.0034266469015856414,0.003934191739296044,-0.005494695480645849,-0.0011527377886265098,0.0,0.0019661035390866432,0.003989825246376406,0.005990295909666883,0.0018577798564262892,0.0019917834680472832,-0.003091690408250137,0.003999982700817279,-0.001195868029394899,0.003993459430150076,-0.0011143200157858071,0.0,-0.0024796991467777385,0.007297279941164549,0.0018166113470287613,-0.001713701741942192,0.0,0.0019764417412693265,0.0018696519268227864,0.001991772550819646,0.0,-0.0034327378969029806,0.005925771152922993,0.005999972848888739,0.007890106429863025,-0.006950321803572856,0.0039538332451352475,0.0,-0.004839360726840284,0.0019960186457145613,-0.0016920571793416078,0.007997824223168585,0.0,-0.00317979025541052,0.0019623741139972793,-0.006568097825454849,-0.003705709744913759,0.005995971702171091,-0.003662306203757337,-0.0015016183409829577,0.00980231723445768,0.0037010484420099284,0.0,0.003904200690377859,-0.0010572119212754504,0.0019850290959584323,0.005931955688347722,0.0019457053157315553,0.003998394909078038,0.001961424536502571,0.0,0.0,0.0,-0.003171565574058454,0.0,-0.0014593764139710116,0.005988341182185865,-0.0025936701764600707,0.003958495056536072,0.0,0.0,-0.005406831569886538,0.0019373019236979734,0.0,0.0,-0.004101833631803406,-0.003709386263165403,-0.004168013798123572,0.001962659823397558,0.0019987741810675516,0.0059151426394786445,0.001993110864517084,0.007822521408432393,0.0,0.0,agent46,0.40296426605744917
-0.4033769818303319,-0.0010293322588990365,-0.0011228638429778377,-0.004992136341183647,0.0,-0.0020962901191495316,-0.0033931479877169273,-0.0025883705150095554,0.0019367467908285073,0.001999697475056075,-0.004934570181258116,-0.002711942645153893,0.0,-0.0014803434419631619,-0.0036399715633525145,0.001998613399002546,-0.004214834725332581,1,0.0,-0.0031813196445938906,-0.009199658826137172,0.009393276016385892,-0.0034266469015856414,0.003934191739296044,-0.005494695480645849,-0.0011527377886265098,0.0,0.0019661035390866432,0.003989825246376406,0.005990295909666883,0.0018577798564262892,0.0019917834680472832,-0.003091690408250137,0.003999982700817279,-0.001195868029394899,0.003993459430150076,-0.0011143200157858071,0.0,-0.0024796991467777385,0.007297279941164549,0.0018166113470287613,-0.001713701741942192,0.0,0.0019764417412693265,0.0018696519268227864,0.001991772550819646,0.0,-0.0034327378969029806,0.005925771152922993,0.005999972848888739,0.007890106429863025,-0.006950321803572856,0.0039538332451352475,0.0,-0.004839360726840284,0.0019960186457145613,-0.0016920571793416078,0.007997824223168585,0.0,-0.00317979025541052,0.0019623741139972793,-0.006568097825454849,-0.003705709744913759,0.005995971702171091,-0.003662306203757337,-0.0015016183409829577,0.00980231723445768,0.0037010484420099284,0.0,0.003904200690377859,-0.0010572119212754504,0.0019850290959584323,0.005931955688347722,0.0019457053157315553,0.003998394909078038,0.001961424536502571,0.0,0.0,0.0,-0.003171565574058454,0.0,-0.0014593764139710116,0.005988341182185865,-0.0025936701764600707,0.003958495056536072,-0.0017677036620659975,0.0,-0.005406831569886538,0.0019373019236979734,0.0,0.0,-0.004101833631803406,-0.003709386263165403,-0.004168013798123572,0.001962659823397558,0.0019987741810675516,0.0059151426394786445,0.001993110864517084,0.007822521408432393,0.0,0.0,agent84,0.27723337304113355
-0.4023769818303319,-0.0010293322588990365,-0.0011228638429778377,-0.004992136341183647,0.0,-0.0020962901191495316,-0.0033931479877169273,-0.0025883705150095554,0.0019367467908285073,0.001999697475056075,-0.004934570181258116,-0.002711942645153893,0.0,-0.0014803434419631619,-0.0036399715633525145,0.001998613399002546,-0.004214834725332581,1,0.0,-0.0031813196445938906,-0.009199658826137172,0.009393276016385892,-0.0034266469015856414,0.003934191739296044,-0.005494695480645849,-0.0011527377886265098,0.0,0.0019661035390866432,0.003989825246376406,0.005990295909666883,0.0018577798564262892,0.0019917834680472832,-0.003091690408250137,0.003999982700817279,-0.001195868029394899,0.003993459430150076,-0.0011143200157858071,-0.001799034154442828,-0.0024796991467777385,0.007297279941164549,0.0018166113470287613,-0.001713701741942192,0.0,0.0019764417412693265,0.0018696519268227864,0.001991772550819646,0.0,-0.0034327378969029806,0.005925771152922993,0.005999972848888739,0.007890106429863025,-0.006950321803572856,0.0039538332451352475,0.0,-0.004839360726840284,0.0019960186457145613,-0.0016920571793416078,0.007997824223168585,0.0,-0.00317979025541052,0.0019623741139972793,-0.006568097825454849,-0.003705709744913759,0.005995971702171091,-0.003662306203757337,-0.0015016183409829577,0.00980231723445768,0.0037010484420099284,0.0,0.003904200690377859,-0.0010572119212754504,0.0019850290959584323,0.005931955688347722,0.0019457053157315553,0.003998394909078038,0.001961424536502571,0.0,0.0,0.0,-0.003171565574058454,0.0,-0.0014593764139710116,0.005988341182185865,-0.0025936701764600707,0.003958495056536072,-0.0017677036620659975,0.0,-0.005406831569886538,0.0019373019236979734,0.0,0.0,-0.004101833631803406,-0.003709386263165403,-0.004168013798123572,0.001962659823397558,0.0019987741810675516,0.0059151426394786445,0.001993110864517084,0.007822521408432393,0.0,0.0,agent36,0.23060384683433974
-0.40337874953399394,-0.0010293322588990365,-0.0011228638429778377,-0.004992136341183647,0.0,-0.0020962901191495316,-0.0033931479877169273,-0.0025883705150095554,0.0019367467908285073,0.001999697475056075,-0.004934570181258116,-0.002711942645153893,0.0,-0.0014803434419631619,-0.0036399715633525145,0.001998613399002546,-0.004214834725332581,1,0.0,-0.0031813196445938906,-0.009199658826137172,0.009393276016385892,-0.0034266469015856414,0.003934191739296044,-0.005494695480645849,-0.0011527377886265098,0.0,0.0019661035390866432,0.003989825246376406,0.005990295909666883,0.0018577798564262892,0.0019917834680472832,-0.003091690408250137,0.003999982700817279,-0.001195868029394899,0.003993459430150076,-0.0011143200157858071,-0.001799034154442828,-0.0024796991467777385,0.007297279941164549,0.0018166113470287613,-0.001713701741942192,0.0,0.0019764417412693265,0.0018696519268227864,0.001991772550819646,0.0,-0.0034327378969029806,0.005925771152922993,0.005999972848888739,0.007890106429863025,-0.006950321803572856,0.0039538332451352475,0.0,-0.004839360726840284,0.0019960186457145613,-0.0016920571793416078,0.007997824223168585,0.0,-0.00317979025541052,0.0019623741139972793,-0.006568097825454849,-0.003705709744913759,0.005995971702171091,-0.003662306203757337,-0.0015016183409829577,0.00980231723445768,0.0037010484420099284,0.0,0.003904200690377859,-0.0010572119212754504,0.0019850290959584323,0.005931955688347722,0.0019457053157315553,0.003998394909078038,0.001961424536502571,0.0,0.0,0.0,-0.003171565574058454,0.0,-0.0014593764139710116,0.005988341182185865,-0.0025936701764600707,0.003958495056536072,-0.0035360884344868664,0.0,-0.005406831569886538,0.0019373019236979734,0.0,0.0,-0.004101833631803406,-0.003709386263165403,-0.004168013798123572,0.001962659823397558,0.0019987741810675516,0.0059151426394786445,0.001993110864517084,0.007822521408432393,0.0,0.0,agent84,0.27823337304113355
-0.4043827429934241,-0.0010293322588990365,-0.0011228638429778377,-0.004992136341183647,0.0,-0.0020962901191495316,-0.0033931479877169273,-0.0025883705150095554,0.0019367467908285073,0.001999697475056075,-0.004934570181258116,-0.002711942645153893,0.0,-0.0014803434419631619,-0.0036399715633525145,0.001998613399002546,-0.004214834725332581,1,0.0,-0.0031813196445938906,-0.009199658826137172,0.009393276016385892,-0.0034266469015856414,0.003934191739296044,-0.005494695480645849,-0.0011527377886265098,0.0,0.0019661035390866432,0.003989825246376406,0.005990295909666883,0.0018577798564262892,0.0019917834680472832,-0.003091690408250137,0.003999982700817279,-0.001195868029394899,0.005990149277912379,-0.0011143200157858071,-0.001799034154442828,-0.0024796991467777385,0.007297279941164549,0.0018166113470287613,-0.001713701741942192,0.0,0.0019764417412693265,0.0018696519268227864,0.001991772550819646,0.0,-0.0034327378969029806,0.005925771152922993,0.005999972848888739,0.007890106429863025,-0.006950321803572856,0.0039538332451352475,0.0,-0.004839360726840284,0.0019960186457145613,-0.0016920571793416078,0.007997824223168585,0.0,-0.00317979025541052,0.0019623741139972793,-0.006568097825454849,-0.003705709744913759,0.005995971702171091,-0.003662306203757337,-0.0015016183409829577,0.00980231723445768,0.0037010484420099284,0.0,0.003904200690377859,-0.0010572119212754504,0.0019850290959584323,0.005931955688347722,0.0019457053157315553,0.003998394909078038,0.001961424536502571,0.0,0.0,0.0,-0.003171565574058454,0.0,-0.0014593764139710116,0.005988341182185865,-0.0025936701764600707,0.003958495056536072,-0.0035360884344868664,0.0,-0.005406831569886538,0.0019373019236979734,0.0,0.0,-0.004101833631803406,-0.003709386263165403,-0.004168013798123572,0.001962659823397558,0.0019987741810675516,0.0059151426394786445,0.001993110864517084,0.007822521408432393,0.0,0.0,agent34,-0.4847440030233847
-0.4053868448270559,-0.0010293322588990365,-0.0011228638429778377,-0.004992136341183647,0.0,-0.0020962901191495316,-0.0033931479877169273,-0.0025883705150095554,0.0019367467908285073,0.001999697475056075,-0.004934570181258116,-0.002711942645153893,0.0,-0.0014803434419631619,-0.0036399715633525145,0.001998613399002546,-0.004214834725332581,1,0.0,-0.0031813196445938906,-0.009199658826137172,0.009393276016385892,-0.0034266469015856414,0.003934191739296044,-0.005494695480645849,-0.0011527377886265098,0.0,0.0019661035390866432,0.003989825246376406,0.005990295909666883,0.0018577798564262892,0.0019917834680472832,-0.003091690408250137,0.003999982700817279,-0.001195868029394899,0.005990149277912379,-0.0011143200157858071,-0.001799034154442828,-0.0024796991467777385,0.007297279941164549,0.0018166113470287613,-0.001713701741942192,0.0,0.0019764417412693265,0.0018696519268227864,0.001991772550819646,0.0,-0.0034327378969029806,0.005925771152922993,0.005999972848888739,0.007890106429863025,-0.006950321803572856,0.0039538332451352475,0.0,-0.004839360726840284,0.0019960186457145613,-0.0016920571793416078,0.007997824223168585,0.0,-0.00317979025541052,0.0019623741139972793,-0.006568097825454849,-0.003705709744913759,0.005995971702171091,-0.003662306203757337,-0.0015016183409829577,0.00980231723445768,0.0037010484420099284,0.0,0.003904200690377859,-0.0010572119212754504,0.0019850290959584323,0.005931955688347722,0.0019457053157315553,0.003998394909078038,0.001961424536502571,0.0,0.0,0.0,-0.003171565574058454,0.0,-0.0014593764139710116,0.005988341182185865,-0.0025936701764600707,0.003958495056536072,-0.0035360884344868664,0.0,-0.005406831569886538,0.0019373019236979734,0.0,0.0,-0.005279713353317437,-0.003709386263165403,-0.004168013798123572,0.001962659823397558,0.0019987741810675516,0.0059151426394786445,0.001993110864517084,0.007822521408432393,0.0,0.0,agent90,0.8778966949497792
-0.40639083465230225,-0.0010293322588990365,-0.0011228638429778377,-0.004992136341183647,0.0,-0.0020962901191495316,-0.0033931479877169273,-0.0025883705150095554,0.0019367467908285073,0.001999697475056075,-0.004934570181258116,-0.002711942645153893,0.0,-0.0014803434419631619,-0.0036399715633525145,0.001998613399002546,-0.004214834725332581,1,0.0,-0.0031813196445938906,-0.009199658826137172,0.009393276016385892,-0.0034266469015856414,0.003934191739296044,-0.005494695480645849,-0.0011527377886265098,0.0,0.0019661035390866432,0.005984788936214547,0.005990295909666883,0.0018577798564262892,0.0019917834680472832,-0.003091690408250137,0.003999982700817279,-0.001195868029394899,0.005990149277912379,-0.0011143200157858071,-0.001799034154442828,-0.0024796991467777385,0.007297279941164549,0.0018166113470287613,-0.001713701741942192,0.0,0.0019764417412693265,0.0018696519268227864,0.001991772550819646,0.0,-0.0034327378969029806,0.005925771152922993,0.005999972848888739,0.007890106429863025,-0.006950321803572856,0.0039538332451352475,0.0,-0.004839360726840284,0.0019960186457145613,-0.0016920571793416078,0.007997824223168585,0.0,-0.00317979025541052,0.0019623741139972793,-0.006568097825454849,-0.003705709744913759,0.005995971702171091,-0.003662306203757337,-0.0015016183409829577,0.00980231723445768,0.0037010484420099284,0.0,0.003904200690377859,-0.0010572119212754504,0.0019850290959584323,0.005931955688347722,0.0019457053157315553,0.003998394909078038,0.001961424536502571,0.0,0.0,0.0,-0.003171565574058454,0.0,-0.0014593764139710116,0.005988341182185865,-0.0025936701764600707,0.003958495056536072,-0.0035360884344868664,0.0,-0.005406831569886538,0.0019373019236979734,0.0,0.0,-0.005279713353317437,-0.003709386263165403,-0.004168013798123572,0.001962659823397558,0.0019987741810675516,0.0059151426394786445,0.001993110864517084,0.007822521408432393,0.0,0.0,agent27,-0.3050244000395864
-0.4073935465949474,-0.0010293322588990365,-0.0011228638429778377,-0.004992136341183647,0.0,-0.0020962901191495316,-0.0033931479877169273,-0.0025883705150095554,0.0019367467908285073,0.001999697475056075,-0.004934570181258116,-0.003986825410187075,0.0,-0.0014803434419631619,-0.0036399715633525145,0.001998613399002546,-0.004214834725332581,1,0.0,-0.0031813196445938906,-0.009199658826137172,0.009393276016385892,-0.0034266469015856414,0.003934191739296044,-0.005494695480645849,-0.0011527377886265098,0.0,0.0019661035390866432,0.005984788936214547,0.005990295909666883,0.0018577798564262892,0.0019917834680472832,-0.003091690408250137,0.003999982700817279,-0.001195868029394899,0.005990149277912379,-0.0011143200157858071,-0.001799034154442828,-0.0024796991467777385,0.007297279941164549,0.0018166113470287613,-0.001713701741942192,0.0,0.0019764417412693265,0.0018696519268227864,0.001991772550819646,0.0,-0.0034327378969029806,0.005925771152922993,0.005999972848888739,0.007890106429863025,-0.006950321803572856,0.0039538332451352475,0.0,-0.004839360726840284,0.0019960186457145613,-0.0016920571793416078,0.007997824223168585,0.0,-0.00317979025541052,0.0019623741139972793,-0.006568097825454849,-0.003705709744913759,0.005995971702171091,-0.003662306203757337,-0.0015016183409829577,0.00980231723445768,0.0037010484420099284,0.0,0.003904200690377859,-0.0010572119212754504,0.0019850290959584323,0.005931955688347722,0.0019457053157315553,0.003998394909078038,0.001961424536502571,0.0,0.0,0.0,-0.003171565574058454,0.0,-0.0014593764139710116,0.005988341182185865,-0.0025936701764600707,0.003958495056536072,-0.0035360884344868664,0.0,-0.005406831569886538,0.0019373019236979734,0.0,0.0,-0.005279713353317437,-0.003709386263165403,-0.004168013798123572,0.001962659823397558,0.0019987741810675516,0.0059151426394786445,0.001993110864517084,0.007822521408432393,0.0,0.0,agent10,0.7978659776322027
-0.40839534562910185,-0.0010293322588990365,-0.0011228638429778377,-0.004992136341183647,0.0,-0.0020962901191495316,-0.0033931479877169273,-0.0025883705150095554,0.0019367467908285073,0.001999697475056075,-0.004934570181258116,-0.003986825410187075,0.0,-0.0014803434419631619,-0.0036399715633525145,0.001998613399002546,-0.004214834725332581,1,0.0,-0.0031813196445938906,-0.009199658826137172,0.009393276016385892,-0.0034266469015856414,0.003934191739296044,-0.005494695480645849,-0.0011527377886265098,0.0,0.0019661035390866432,0.005984788936214547,0.005990295909666883,0.0018577798564262892,0.0019917834680472832,-0.003091690408250137,0.003999982700817279,-0.001195868029394899,0.005990149277912379,-0.0011143200157858071,-0.0035922993708557617,-0.0024796991467777385,0.007297279941164549,0.0018166113470287613,-0.001713701741942192,0.0,0.0019764417412693265,0.0018696519268227864,0.001991772550819646,0.0,-0.0034327378969029806,0.005925771152922993,0.005999972848888739,0.007890106429863025,-0.006950321803572856,0.0039538332451352475,0.0,-0.004839360726840284,0.0019960186457145613,-0.0016920571793416078,0.007997824223168585,0.0,-0.00317979025541052,0.0019623741139972793,-0.006568097825454849,-0.003705709744913759,0.005995971702171091,-0.003662306203757337,-0.0015016183409829577,0.00980231723445768,0.0037010484420099284,0.0,0.003904200690377859,-0.0010572119212754504,0.0019850290959584323,0.005931955688347722,0.0019457053157315553,0.003998394909078038,0.001961424536502571,0.0,0.0,0.0,-0.003171565574058454,0.0,-0.0014593764139710116,0.005988341182185865,-0.0025936701764600707,0.003958495056536072,-0.0035360884344868664,0.0,-0.005406831569886538,0.0019373019236979734,0.0,0.0,-0.005279713353317437,-0.003709386263165403,-0.004168013798123572,0.001962659823397558,0.0019987741810675516,0.0059151426394786445,0.001993110864517084,0.007822521408432393,0.0,0.0,agent36,0.23562244634312293
-0.40739534562910185,-0.0010293322588990365,-0.0011228638429778377,-0.004992136341183647,0.0,-0.0020962901191495316,-0.0033931479877169273,-0.0025883705150095554,0.0019367467908285073,0.001999697475056075,-0.004934570181258116,-0.003986825410187075,0.0,-0.0014803434419631619,-0.0036399715633525145,0.001998613399002546,-0.004214834725332581,1,0.0,-0.0031813196445938906,-0.009199658826137172,0.009393276016385892,-0.0034266469015856414,0.003934191739296044,-0.005494695480645849,-0.0011527377886265098,0.0,0.0019661035390866432,0.005984788936214547,0.005990295909666883,0.0018577798564262892,0.0019917834680472832,-0.003091690408250137,0.003999982700817279,-0.001195868029394899,0.005990149277912379,-0.0011143200157858071,-0.0035922993708557617,-0.0024796991467777385,0.007297279941164549,0.0018166113470287613,-0.001713701741942192,0.0,0.0019764417412693265,0.0018696519268227864,0.001991772550819646,-0.0013023953856888724,-0.0034327378969029806,0.005925771152922993,0.005999972848888739,0.007890106429863025,-0.006950321803572856,0.0039538332451352475,0.0,-0.004839360726840284,0.0019960186457145613,-0.0016920571793416078,0.007997824223168585,0.0,-0.00317979025541052,0.0019623741139972793,-0.006568097825454849,-0.003705709744913759,0.005995971702171091,-0.003662306203757337,-0.0015016183409829577,0.00980231723445768,0.0037010484420099284,0.0,0.003904200690377859,-0.0010572119212754504,0.0019850290959584323,0.005931955688347722,0.0019457053157315553,0.003998394909078038,0.001961424536502571,0.0,0.0,0.0,-0.003171565574058454,0.0,-0.0014593764139710116,0.005988341182185865,-0.0025936701764600707,0.003958495056536072,-0.0035360884344868664,0.0,-0.005406831569886538,0.0019373019236979734,0.0,0.0,-0.005279713353317437,-0.003709386263165403,-0.004168013798123572,0.001962659823397558,0.0019987741810675516,0.0059151426394786445,0.001993110864517084,0.007822521408432393,0.0,0.0,agent45,0.7727944056904121
-0.4083992798208411,-0.0010293322588990365,-0.0011228638429778377,-0.004992136341183647,0.0,-0.0020962901191495316,-0.0033931479877169273,-0.0025883705150095554,0.0019367467908285073,0.001999697475056075,-0.004934570181258116,-0.003986825410187075,0.0,-0.0014803434419631619,-0.0036399715633525145,0.001998613399002546,-0.004214834725332581,1,0.0,-0.0031813196445938906,-0.009199658826137172,0.009393276016385892,-0.0034266469015856414,0.005901162542407655,-0.005494695480645849,-0.0011527377886265098,0.0,0.0019661035390866432,0.005984788936214547,0.005990295909666883,0.0018577798564262892,0.0019917834680472832,-0.003091690408250137,0.003999982700817279,-0.001195868029394899,0.005990149277912379,-0.0011143200157858071,-0.0035922993708557617,-0.0024796991467777385,0.007297279941164549,0.0018166113470287613,-0.001713701741942192,0.0,0.0019764417412693265,0.0018696519268227864,0.001991772550819646,-0.0013023953856888724,-0.0034327378969029806,0.005925771152922993,0.005999972848888739,0.007890106429863025,-0.006950321803572856,0.0039538332451352475,0.0,-0.004839360726840284,0.0019960186457145613,-0.0016920571793416078,0.007997824223168585,0.0,-0.00317979025541052,0.0019623741139972793,-0.006568097825454849,-0.003705709744913759,0.005995971702171091,-0.003662306203757337,-0.0015016183409829577,0.00980231723445768,0.0037010484420099284,0.0,0.003904200690377859,-0.0010572119212754504,0.0019850290959584323,0.005931955688347722,0.0019457053157315553,0.003998394909078038,0.001961424536502571,0.0,0.0,0.0,-0.003171565574058454,0.0,-0.0014593764139710116,0.005988341182185865,-0.0025936701764600707,0.003958495056536072,-0.0035360884344868664,0.0,-0.005406831569886538,0.0019373019236979734,0.0,0.0,-0.005279713353317437,-0.003709386263165403,-0.004168013798123572,0.001962659823397558,0.0019987741810675516,0.0059151426394786445,0.001993110864517084,0.007822521408432393,0.0,0.0,agent22,-0.15037707044856705
-0.40940121656763195,-0.0010293322588990365,-0.0011228638429778377,-0.004992136341183647,0.0,-0.0020962901191495316,-0.0033931479877169273,-0.0025883705150095554,0.003872788919125926,0.001999697475056075,-0.004934570181258116,-0.003986825410187075,0.0,-0.0014803434419631619,-0.0036399715633525145,0.001998613399002546,-0.004214834725332581,1,0.0,-0.0031813196445938906,-0.009199658826137172,0.009393276016385892,-0.0034266469015856414,0.005901162542407655,-0.005494695480645849,-0.0011527377886265098,0.0,0.0019661035390866432,0.005984788936214547,0.005990295909666883,0.0018577798564262892,0.0019917834680472832,-0.003091690408250137,0.003999982700817279,-0.001195868029394899,0.005990149277912379,-0.0011143200157858071,-0.0035922993708557617,-0.0024796991467777385,0.007297279941164549,0.0018166113470287613,-0.001713701741942192,0.0,0.0019764417412693265,0.0018696519268227864,0.001991772550819646,-0.0013023953856888724,-0.0034327378969029806,0.005925771152922993,0.005999972848888739,0.007890106429863025,-0.006950321803572856,0.0039538332451352475,0.0,-0.004839360726840284,0.0019960186457145613,-0.0016920571793416078,0.007997824223168585,0.0,-0.00317979025541052,0.0019623741139972793,-0.006568097825454849,-0.003705709744913759,0.005995971702171091,-0.003662306203757337,-0.0015016183409829577,0.00980231723445768,0.0037010484420099284,0.0,0.003904200690377859,-0.0010572119212754504,0.0019850290959584323,0.005931955688347722,0.0019457053157315553,0.003998394909078038,0.001961424536502571,0.0,0.0,0.0,-0.003171565574058454,0.0,-0.0014593764139710116,0.005988341182185865,-0.0025936701764600707,0.003958495056536072,-0.0035360884344868664,0.0,-0.005406831569886538,0.0019373019236979734,0.0,0.0,-0.005279713353317437,-0.003709386263165403,-0.004168013798123572,0.001962659823397558,0.0019987741810675516,0.0059151426394786445,0.001993110864517084,0.007822521408432393,0.0,0.0,agent7,-0.7660523846656937
-0.40840121656763195,-0.0010293322588990365,-0.0011228638429778377,-0.004992136341183647,0.0,-0.0020962901191495316,-0.0033931479877169273,-0.0025883705150095554,0.003872788919125926,0.001999697475056075,-0.004934570181258116,-0.003986825410187075,0.0,-0.0014803434419631619,-0.0036399715633525145,0.001998613399002546,-0.004214834725332581,1,0.0,-0.0031813196445938906,-0.009199658826137172,0.009393276016385892,-0.0034266469015856414,0.005901162542407655,-0.005494695480645849,-0.0011527377886265098,0.0,0.0019661035390866432,0.005984788936214547,0.005990295909666883,0.0018577798564262892,0.0019917834680472832,-0.003091690408250137,0.003999982700817279,-0.001195868029394899,0.005990149277912379,-0.0011143200157858071,-0.0035922993708557617,-0.0024796991467777385,0.007297279941164549,0.0018166113470287613,-0.001713701741942192,0.0,0.0019764417412693265,0.0018696519268227864,0.001991772550819646,-0.0013023953856888724,-0.0034327378969029806,0.005925771152922993,0.005999972848888739,0.007890106429863025,-0.006950321803572856,0.0039538332451352475,0.0,-0.004839360726840284,0.0019960186457145613,-0.0016920571793416078,0.007997824223168585,0.0,-0.00317979025541052,0.0019623741139972793,-0.006568097825454849,-0.003705709744913759,0.005995971702171091,-0.003662306203757337,-0.0015016183409829577,0.00980231723445768,0.0037010484420099284,0.0,0.003904200690377859,-0.0010572119212754504,0.0019850290959584323,0.005931955688347722,0.0019457053157315553,0.003998394909078038,0.001961424536502571,-0.0010067941053688396,0.0,0.0,-0.003171565574058454,0.0,-0.0014593764139710116,0.005988341182185865,-0.0025936701764600707,0.003958495056536072,-0.0035360884344868664,0.0,-0.005406831569886538,0.0019373019236979734,0.0,0.0,-0.005279713353317437,-0.003709386263165403,-0.004168013798123572,0.001962659823397558,0.0019987741810675516,0.0059151426394786445,0.001993110864517084,0.007822521408432393,0.0,0.0,agent75,1
-0.40940713171027143,-0.0010293322588990365,-0.0011228638429778377,-0.004992136341183647,0.0,-0.0020962901191495316,-0.0033931479877169273,-0.0025883705150095554,0.003872788919125926,0.001999697475056075,-0.004934570181258116,-0.003986825410187075,0.0,-0.0014803434419631619,-0.0036399715633525145,0.001998613399002546,-0.004214834725332581,1,0.0,-0.0031813196445938906,-0.009199658826137172,0.009393276016385892,-0.0034266469015856414,0.005901162542407655,-0.005494695480645849,-0.0011527377886265098,0.0,0.0019661035390866432,0.005984788936214547,0.005990295909666883,0.0018577798564262892,0.0019917834680472832,-0.003091690408250137,0.003999982700817279,-0.001195868029394899,0.005990149277912379,-0.0011143200157858071,-0.0035922993708557617,-0.0024796991467777385,0.007297279941164549,0.0018166113470287613,-0.001713701741942192,0.0,0.0019764417412693265,0.0018696519268227864,0.001991772550819646,-0.0013023953856888724,-0.0034327378969029806,0.005925771152922993,0.005999972848888739,0.007890106429863025,-0.006950321803572856,0.0039538332451352475,0.0,-0.004839360726840284,0.0019960186457145613,-0.0016920571793416078,0.007997824223168585,0.0,-0.00317979025541052,0.0019623741139972793,-0.006568097825454849,-0.003705709744913759,0.005995971702171091,-0.003662306203757337,-0.0015016183409829577,0.00980231723445768,0.0037010484420099284,0.0,0.003904200690377859,-0.0010572119212754504,0.0019850290959584323,0.005931955688347722,0.0019457053157315553,0.003998394909078038,0.001961424536502571,-0.0010067941053688396,0.0,0.0,-0.003171565574058454,0.0,-0.0014593764139710116,0.005988341182185865,-0.0025936701764600707,0.003958495056536072,-0.0035360884344868664,0.0,-0.005406831569886538,0.0019373019236979734,0.0,0.0,-0.005279713353317437,-0.003709386263165403,-0.004168013798123572,0.001962659823397558,0.0019987741810675516,0.007887021889732178,0.001993110864517084,0.007822521408432393,0.0,0.0,agent95,-0.6455541197607648
-0.4104090940843854,-0.0010293322588990365,-0.0011228638429778377,-0.004992136341183647,0.0,-0.0020962901191495316,-0.0033931479877169273,-0.0025883705150095554,0.003872788919125926,0.001999697475056075,-0.004934570181258116,-0.003986825410187075,0.0,-0.0014803434419631619,-0.0036399715633525145,0.001998613399002546,-0.004214834725332581,1,0.0,-0.0031813196445938906,-0.009199658826137172,0.009393276016385892,-0.0034266469015856414,0.005901162542407655,-0.005494695480645849,-0.0011527377886265098,0.0,0.0019661035390866432,0.005984788936214547,0.005990295909666883,0.0018577798564262892,0.0019917834680472832,-0.003091690408250137,0.003999982700817279,-0.001195868029394899,0.005990149277912379,-0.0011143200157858071,-0.0035922993708557617,-0.0024796991467777385,0.007297279941164549,0.0018166113470287613,-0.001713701741942192,0.0,0.0019764417412693265,0.0018696519268227864,0.001991772550819646,-0.0013023953856888724,-0.0034327378969029806,0.005925771152922993,0.005999972848888739,0.007890106429863025,-0.006950321803572856,0.0039538332451352475,0.0,-0.004839360726840284,0.0019960186457145613,-0.0016920571793416078,0.007997824223168585,0.0,-0.00317979025541052,0.003925027386466627,-0.006568097825454849,-0.003705709744913759,0.005995971702171091,-0.003662306203757337,-0.0015016183409829577,0.00980231723445768,0.0037010484420099284,0.0,0.003904200690377859,-0.0010572119212754504,0.0019850290959584323,0.005931955688347722,0.0019457053157315553,0.003998394909078038,0.001961424536502571,-0.0010067941053688396,0.0,0.0,-0.003171565574058454,0.0,-0.0014593764139710116,0.005988341182185865,-0.0025936701764600707,0.003958495056536072,-0.0035360884344868664,0.0,-0.005406831569886538,0.0019373019236979734,0.0,0.0,-0.005279713353317437,-0.003709386263165403,-0.004168013798123572,0.001962659823397558,0.0019987741810675516,0.007887021889732178,0.001993110864517084,0.007822521408432393,0.0,0.0,agent59,-0.13610609793742978
-0.4114110928585665,-0.0010293322588990365,-0.0011228638429778377,-0.004992136341183647,0.0,-0.0020962901191495316,-0.0033931479877169273,-0.0025883705150095554,0.003872788919125926,0.001999697475056075,-0.004934570181258116,-0.003986825410187075,0.0,-0.0014803434419631619,-0.0036399715633525145,0.001998613399002546,-0.004214834725332581,1,0.0,-0.0031813196445938906,-0.009199658826137172,0.009393276016385892,-0.0034266469015856414,0.005901162542407655,-0.005494695480645849,-0.0011527377886265098,0.0,0.0019661035390866432,0.005984788936214547,0.005990295909666883,0.0018577798564262892,0.0019917834680472832,-0.003091690408250137,0.003999982700817279,-0.001195868029394899,0.005990149277912379,-0.0011143200157858071,-0.0035922993708557617,-0.0024796991467777385,0.007297279941164549,0.0018166113470287613,-0.001713701741942192,0.0,0.0019764417412693265,0.0018696519268227864,0.001991772550819646,-0.0013023953856888724,-0.0034327378969029806,0.005925771152922993,0.005999972848888739,0.007890106429863025,-0.006950321803572856,0.0039538332451352475,0.0,-0.004839360726840284,0.0019960186457145613,-0.0016920571793416078,0.007997824223168585,0.0,-0.00317979025541052,0.003925027386466627,-0.006568097825454849,-0.003705709744913759,0.005995971702171091,-0.003662306203757337,-0.0015016183409829577,0.00980231723445768,0.0037010484420099284,0.0,0.003904200690377859,-0.0010572119212754504,0.0019850290959584323,0.005931955688347722,0.0019457053157315553,0.003998394909078038,0.001961424536502571,-0.0010067941053688396,0.0,0.0,-0.003171565574058454,0.0,-0.0014593764139710116,0.005988341182185865,-0.0025936701764600707,0.003958495056536072,-0.0035360884344868664,0.0,-0.005406831569886538,0.0019373019236979734,0.0,0.0,-0.005279713353317437,-0.003709386263165403,-0.004168013798123572,0.001962659823397558,0.003997645652915829,0.007887021889732178,0.001993110864517084,0.007822521408432393,0.0,0.0,agent94,-0.36290060743784575
-0.4124170776475027,-0.0010293322588990365,-0.0011228638429778377,-0.004992136341183647,0.0,-0.0020962901191495316,-0.0033931479877169273,-0.0025883705150095554,0.003872788919125926,0.001999697475056075,-0.004934570181258116,-0.003986825410187075,0.0,-0.0014803434419631619,-0.0036399715633525145,0.001998613399002546,-0.004214834725332581,1,0.0,-0.0031813196445938906,-0.009199658826137172,0.009393276016385892,-0.0034266469015856414,0.005901162542407655,-0.005494695480645849,-0.0011527377886265098,0.0,0.0019661035390866432,0.007979651380615542,0.005990295909666883,0.0018577798564262892,0.0019917834680472832,-0.003091690408250137,0.003999982700817279,-0.001195868029394899,0.005990149277912379,-0.0011143200157858071,-0.0035922993708557617,-0.0024796991467777385,0.007297279941164549,0.0018166113470287613,-0.001713701741942192,0.0,0.0019764417412693265,0.0018696519268227864,0.001991772550819646,-0.0013023953856888724,-0.0034327378969029806,0.005925771152922993,0.005999972848888739,0.007890106429863025,-0.006950321803572856,0.0039538332451352475,0.0,-0.004839360726840284,0.0019960186457145613,-0.0016920571793416078,0.007997824223168585,0.0,-0.00317979025541052,0.003925027386466627,-0.006568097825454849,-0.003705709744913759,0.005995971702171091,-0.003662306203757337,-0.0015016183409829577,0.00980231723445768,0.0037010484420099284,0.0,0.003904200690377859,-0.0010572119212754504,0.0019850290959584323,0.005931955688347722,0.0019457053157315553,0.003998394909078038,0.001961424536502571,-0.0010067941053688396,0.0,0.0,-0.003171565574058454,0.0,-0.0014593764139710116,0.005988341182185865,-0.0025936701764600707,0.003958495056536072,-0.0035360884344868664,0.0,-0.005406831569886538,0.0019373019236979734,0.0,0.0,-0.005279713353317437,-0.003709386263165403,-0.004168013798123572,0.001962659823397558,0.003997645652915829,0.007887021889732178,0.001993110864517084,0.007822521408432393,0.0,0.0,agent27,-0.3100448696971478
-0.41342050429440425,-0.0010293322588990365,-0.0011228638429778377,-0.004992136341183647,0.0,-0.0020962901191495316,-0.0033931479877169273,-0.0025883705150095554,0.003872788919125926,0.001999697475056075,-0.004934570181258116,-0.003986825410187075,0.0,-0.0014803434419631619,-0.0036399715633525145,0.001998613399002546,-0.004214834725332581,1,0.0,-0.0031813196445938906,-0.009199658826137172,0.009393276016385892,-0.004982757660462785,0.005901162542407655,-0.005494695480645849,-0.0011527377886265098,0.0,0.0019661035390866432,0.007979651380615542,0.005990295909666883,0.0018577798564262892,0.0019917834680472832,-0.003091690408250137,0.003999982700817279,-0.001195868029394899,0.005990149277912379,-0.0011143200157858071,-0.0035922993708557617,-0.0024796991467777385,0.007297279941164549,0.0018166113470287613,-0.001713701741942192,0.0,0.0019764417412693265,0.0018696519268227864,0.001991772550819646,-0.0013023953856888724,-0.0034327378969029806,0.005925771152922993,0.005999972848888739,0.007890106429863025,-0.006950321803572856,0.0039538332451352475,0.0,-0.004839360726840284,0.0019960186457145613,-0.0016920571793416078,0.007997824223168585,0.0,-0.00317979025541052,0.003925027386466627,-0.006568097825454849,-0.003705709744913759,0.005995971702171091,-0.003662306203757337,-0.0015016183409829577,0.00980231723445768,0.0037010484420099284,0.0,0.003904200690377859,-0.0010572119212754504,0.0019850290959584323,0.005931955688347722,0.0019457053157315553,0.003998394909078038,0.001961424536502571,-0.0010067941053688396,0.0,0.0,-0.003171565574058454,0.0,-0.0014593764139710116,0.005988341182185865,-0.0025936701764600707,0.003958495056536072,-0.0035360884344868664,0.0,-0.005406831569886538,0.0019373019236979734,0.0,0.0,-0.005279713353317437,-0.003709386263165403,-0.004168013798123572,0.001962659823397558,0.003997645652915829,0.007887021889732178,0.001993110864517084,0.007822521408432393,0.0,0.0,agent21,0.5298028978601876
-0.41442250290780325,-0.0010293322588990365,-0.0011228638429778377,-0.004992136341183647,0.0,-0.0020962901191495316,-0.0033931479877169273,-0.0025883705150095554,0.003872788919125926,0.001999697475056075,-0.004934570181258116,-0.003986825410187075,0.0,-0.0014803434419631619,-0.0036399715633525145,0.0039972792970373195,-0.004214834725332581,1,0.0,-0.0031813196445938906,-0.009199658826137172,0.009393276016385892,-0.004982757660462785,0.005901162542407655,-0.005494695480645849,-0.0011527377886265098,0.0,0.0019661035390866432,0.007979651380615542,0.005990295909666883,0.0018577798564262892,0.0019917834680472832,-0.003091690408250137,0.003999982700817279,-0.001195868029394899,0.005990149277912379,-0.0011143200157858071,-0.0035922993708557617,-0.0024796991467777385,0.007297279941164549,0.0018166113470287613,-0.001713701741942192,0.0,0.0019764417412693265,0.0018696519268227864,0.001991772550819646,-0.0013023953856888724,-0.0034327378969029806,0.005925771152922993,0.005999972848888739,0.007890106429863025,-0.006950321803572856,0.0039538332451352475,0.0,-0.004839360726840284,0.0019960186457145613,-0.0016920571793416078,0.007997824223168585,0.0,-0.00317979025541052,0.003925027386466627,-0.006568097825454849,-0.003705709744913759,0.005995971702171091,-0.003662306203757337,-0.0015016183409829577,0.00980231723445768,0.0037010484420099284,0.0,0.003904200690377859,-0.0010572119212754504,0.0019850290959584323,0.005931955688347722,0.0019457053157315553,0.003998394909078038,0.001961424536502571,-0.0010067941053688396,0.0,0.0,-0.003171565574058454,0.0,-0.0014593764139710116,0.005988341182185865,-0.0025936701764600707,0.003958495056536072,-0.0035360884344868664,0.0,-0.005406831569886538,0.0019373019236979734,0.0,0.0,-0.005279713353317437,-0.003709386263165403,-0.004168013798123572,0.001962659823397558,0.003997645652915829,0.007887021889732178,0.001993110864517084,0.007822521408432393,0.0,0.0,agent14,-0.3617658439968667
-0.41342250290780325,-0.0010293322588990365,-0.0011228638429778377,-0.004992136341183647,-0.0019012214626694186,-0.0020962901191495316,-0.0033931479877169273,-0.0025883705150095554,0.003872788919125926,0.001999697475056075,-0.004934570181258116,-0.003986825410187075,0.0,-0.0014803434419631619,-0.0036399715633525145,0.0039972792970373195,-0.004214834725332581,1,0.0,-0.0031813196445938906,-0.009199658826137172,0.009393276016385892,-0.004982757660462785,0.005901162542407655,-0.005494695480645849,-0.0011527377886265098,0.0,0.0019661035390866432,0.007979651380615542,0.005990295909666883,0.0018577798564262892,0.0019917834680472832,-0.003091690408250137,0.003999982700817279,-0.001195868029394899,0.005990149277912379,-0.0011143200157858071,-0.0035922993708557617,-0.0024796991467777385,0.007297279941164549,0.0018166113470287613,-0.001713701741942192,0.0,0.0019764417412693265,0.0018696519268227864,0.001991772550819646,-0.0013023953856888724,-0.0034327378969029806,0.005925771152922993,0.005999972848888739,0.007890106429863025,-0.006950321803572856,0.0039538332451352475,0.0,-0.004839360726840284,0.0019960186457145613,-0.0016920571793416078,0.007997824223168585,0.0,-0.00317979025541052,0.003925027386466627,-0.006568097825454849,-0.003705709744913759,0.005995971702171091,-0.003662306203757337,-0.0015016183409829577,0.00980231723445768,0.0037010484420099284,0.0,0.003904200690377859,-0.0010572119212754504,0.0019850290959584323,0.005931955688347722,0.0019457053157315553,0.003998394909078038,0.001961424536502571,-0.0010067941053688396,0.0,0.0,-0.003171565574058454,0.0,-0.0014593764139710116,0.005988341182185865,-0.0025936701764600707,0.003958495056536072,-0.0035360884344868664,0.0,-0.005406831569886538,0.0019373019236979734,0.0,0.0,-0.005279713353317437,-0.003709386263165403,-0.004168013798123572,0.001962659823397558,0.003997645652915829,0.007887021889732178,0.001993110864517084,0.007822521408432393,0.0,0.0,agent3,0.030051427330138443
-0.4144250965779797,-0.0010293322588990365,-0.0011228638429778377,-0.004992136341183647,-0.0019012214626694186,-0.0020962901191495316,-0.0033931479877169273,-0.0025883705150095554,0.003872788919125926,0.001999697475056075,-0.004934570181258116,-0.003986825410187075,0.0,-0.0014803434419631619,-0.0036399715633525145,0.0039972792970373195,-0.004214834725332581,1,0.0,-0.0031813196445938906,-0.009199658826137172,0.009393276016385892,-0.004982757660462785,0.005901162542407655,-0.005494695480645849,-0.0011527377886265098,0.0,0.0019661035390866432,0.007979651380615542,0.005990295909666883,0.0018577798564262892,0.0019917834680472832,-0.003091690408250137,0.003999982700817279,-0.001195868029394899,0.005990149277912379,-0.0011143200157858071,-0.0035922993708557617,-0.0024796991467777385,0.007297279941164549,0.0018166113470287613,-0.001713701741942192,0.0,0.0019764417412693265,0.0018696519268227864,0.001991772550819646,-0.0013023953856888724,-0.0034327378969029806,0.005925771152922993,0.005999972848888739,0.007890106429863025,-0.006950321803572856,0.0039538332451352475,0.0,-0.004839360726840284,0.0019960186457145613,-0.0016920571793416078,0.007997824223168585,0.0,-0.00317979025541052,0.003925027386466627,-0.006568097825454849,-0.003705709744913759,0.005995971702171091,-0.003662306203757337,-0.0015016183409829577,0.00980231723445768,0.0037010484420099284,0.0,0.003904200690377859,-0.0010572119212754504,0.0019850290959584323,0.005931955688347722,0.0019457053157315553,0.003998394909078038,0.001961424536502571,-0.0010067941053688396,0.0,0.0,-0.003171565574058454,0.0,-0.0014593764139710116,0.005988341182185865,-0.0036269675956280634,0.003958495056536072,-0.0035360884344868664,0.0,-0.005406831569886538,0.0019373019236979734,0.0,0.0,-0.005279713353317437,-0.003709386263165403,-0.004168013798123572,0.001962659823397558,0.003997645652915829,0.007887021889732178,0.001993110864517084,0.007822521408432393,0.0,0.0,agent82,0.9770469004463357
-0.4154287976264217,-0.0010293322588990365,-0.0011228638429778377,-0.004992136341183647,-0.0019012214626694186,-0.0020962901191495316,-0.0033931479877169273,-0.0025883705150095554,0.003872788919125926,0.001999697475056075,-0.004934570181258116,-0.003986825410187075,0.0,-0.0014803434419631619,-0.0036399715633525145,0.0039972792970373195,-0.004214834725332581,1,0.0,-0.0031813196445938906,-0.009199658826137172,0.009393276016385892,-0.004982757660462785,0.005901162542407655,-0.005494695480645849,-0.0011527377886265098,0.0,0.0019661035390866432,0.007979651380615542,0.005990295909666883,0.0018577798564262892,0.0019917834680472832,-0.003091690408250137,0.003999982700817279,-0.001195868029394899,0.005990149277912379,-0.0011143200157858071,-0.0035922993708557617,-0.0024796991467777385,0.007297279941164549,0.0018166113470287613,-0.001713701741942192,0.0,0.0019764417412693265,0.0018696519268227864,0.001991772550819646,-0.0013023953856888724,-0.0034327378969029806,0.005925771152922993,0.005999972848888739,0.007890106429863025,-0.006950321803572856,0.0039538332451352475,0.0,-0.004839360726840284,0.0019960186457145613,-0.0016920571793416078,0.007997824223168585,0.0,-0.00317979025541052,0.003925027386466627,-0.006568097825454849,-0.003705709744913759,0.005995971702171091,-0.003662306203757337,-0.0015016183409829577,0.00980231723445768,0.005551592831076126,0.0,0.003904200690377859,-0.0010572119212754504,0.0019850290959584323,0.005931955688347722,0.0019457053157315553,0.003998394909078038,0.001961424536502571,-0.0010067941053688396,0.0,0.0,-0.003171565574058454,0.0,-0.0014593764139710116,0.005988341182185865,-0.0036269675956280634,0.003958495056536072,-0.0035360884344868664,0.0,-0.005406831569886538,0.0019373019236979734,0.0,0.0,-0.005279713353317437,-0.003709386263165403,-0.004168013798123572,0.001962659823397558,0.003997645652915829,0.007887021889732178,0.001993110864517084,0.007822521408432393,0.0,0.0,agent66,-0.9611528367445141
-0.41643065540627816,-0.0010293322588990365,-0.0011228638429778377,-0.004992136341183647,-0.0019012214626694186,-0.0020962901191495316,-0.0033931479877169273,-0.0025883705150095554,0.003872788919125926,0.001999697475056075,-0.004934570181258116,-0.003986825410187075,0.0,-0.0014803434419631619,-0.0036399715633525145,0.0039972792970373195,-0.004214834725332581,1,0.0,-0.0031813196445938906,-0.009199658826137172,0.009393276016385892,-0.004982757660462785,0.005901162542407655,-0.005494695480645849,-0.0011527377886265098,0.0,0.0019661035390866432,0.007979651380615542,0.005990295909666883,0.003715044761771421,0.0019917834680472832,-0.003091690408250137,0.003999982700817279,-0.001195868029394899,0.005990149277912379,-0.0011143200157858071,-0.0035922993708557617,-0.0024796991467777385,0.007297279941164549,0.0018166113470287613,-0.001713701741942192,0.0,0.0019764417412693265,0.0018696519268227864,0.001991772550819646,-0.0013023953856888724,-0.0034327378969029806,0.005925771152922993,0.005999972848888739,0.007890106429863025,-0.006950321803572856,0.0039538332451352475,0.0,-0.004839360726840284,0.0019960186457145613,-0.0016920571793416078,0.007997824223168585,0.0,-0.00317979025541052,0.003925027386466627,-0.006568097825454849,-0.003705709744913759,0.005995971702171091,-0.003662306203757337,-0.0015016183409829577,0.00980231723445768,0.005551592831076126,0.0,0.003904200690377859,-0.0010572119212754504,0.0019850290959584323,0.005931955688347722,0.0019457053157315553,0.003998394909078038,0.001961424536502571,-0.0010067941053688396,0.0,0.0,-0.003171565574058454,0.0,-0.0014593764139710116,0.005988341182185865,-0.0036269675956280634,0.003958495056536072,-0.0035360884344868664,0.0,-0.005406831569886538,0.0019373019236979734,0.0,0.0,-0.005279713353317437,-0.003709386263165403,-0.004168013798123572,0.001962659823397558,0.003997645652915829,0.007887021889732178,0.001993110864517084,0.007822521408432393,0.0,0.0,agent29,-0.9497229013836467
-0.41743408814417504,-0.0010293322588990365,-0.0011228638429778377,-0.004992136341183647,-0.0019012214626694186,-0.0020962901191495316,-0.0033931479877169273,-0.0025883705150095554,0.003872788919125926,0.001999697475056075,-0.004934570181258116,-0.003986825410187075,0.0,-0.0014803434419631619,-0.0036399715633525145,0.0039972792970373195,-0.004214834725332581,1,0.0,-0.0031813196445938906,-0.009199658826137172,0.009393276016385892,-0.004982757660462785,0.005901162542407655,-0.005494695480645849,-0.0011527377886265098,0.0,0.0019661035390866432,0.007979651380615542,0.005990295909666883,0.003715044761771421,0.0019917834680472832,-0.003091690408250137,0.003999982700817279,-0.001195868029394899,0.005990149277912379,-0.0011143200157858071,-0.0035922993708557617,-0.0024796991467777385,0.007297279941164549,0.0018166113470287613,-0.001713701741942192,0.0,0.0019764417412693265,0.0018696519268227864,0.001991772550819646,-0.0013023953856888724,-0.00507872066839537,0.005925771152922993,0.005999972848888739,0.007890106429863025,-0.006950321803572856,0.0039538332451352475,0.0,-0.004839360726840284,0.0019960186457145613,-0.0016920571793416078,0.007997824223168585,0.0,-0.00317979025541052,0.003925027386466627,-0.006568097825454849,-0.003705709744913759,0.005995971702171091,-0.003662306203757337,-0.0015016183409829577,0.00980231723445768,0.005551592831076126,0.0,0.003904200690377859,-0.0010572119212754504,0.0019850290959584323,0.005931955688347722,0.0019457053157315553,0.003998394909078038,0.001961424536502571,-0.0010067941053688396,0.0,0.0,-0.003171565574058454,0.0,-0.0014593764139710116,0.005988341182185865,-0.0036269675956280634,0.003958495056536072,-0.0035360884344868664,0.0,-0.005406831569886538,0.0019373019236979734,0.0,0.0,-0.005279713353317437,-0.003709386263165403,-0.004168013798123572,0.001962659823397558,0.003997645652915829,0.007887021889732178,0.001993110864517084,0.007822521408432393,0.0,0.0,agent46,0.4250171783987773
-0.4184350949382804,-0.0010293322588990365,-0.0011228638429778377,-0.004992136341183647,-0.0019012214626694186,-0.0020962901191495316,-0.0033931479877169273,-0.0025883705150095554,0.003872788919125926,0.001999697475056075,-0.004934570181258116,-0.003986825410187075,0.0,-0.0014803434419631619,-0.0036399715633525145,0.0039972792970373195,-0.004214834725332581,1,0.0,-0.0031813196445938906,-0.009199658826137172,0.009393276016385892,-0.004982757660462785,0.005901162542407655,-0.005494695480645849,-0.0011527377886265098,0.0,0.0019661035390866432,0.007979651380615542,0.005990295909666883,0.003715044761771421,0.0019917834680472832,-0.003091690408250137,0.003999982700817279,-0.001195868029394899,0.005990149277912379,-0.0011143200157858071,-0.0035922993708557617,-0.0024796991467777385,0.007297279941164549,0.0018166113470287613,-0.001713701741942192,0.0,0.0019764417412693265,0.0018696519268227864,0.001991772550819646,-0.0013023953856888724,-0.00507872066839537,0.005925771152922993,0.005999972848888739,0.007890106429863025,-0.006950321803572856,0.0039538332451352475,0.0,-0.004839360726840284,0.0019960186457145613,-0.0016920571793416078,0.007997824223168585,0.0,-0.00317979025541052,0.003925027386466627,-0.006568097825454849,-0.003705709744913759,0.005995971702171091,-0.003662306203757337,-0.0015016183409829577,0.00980231723445768,0.005551592831076126,0.0,0.003904200690377859,-0.0010572119212754504,0.0019850290959584323,0.005931955688347722,0.0019457053157315553,0.003998394909078038,0.001961424536502571,-0.0020022344082522847,0.0,0.0,-0.003171565574058454,0.0,-0.0014593764139710116,0.005988341182185865,-0.0036269675956280634,0.003958495056536072,-0.0035360884344868664,0.0,-0.005406831569886538,0.0019373019236979734,0.0,0.0,-0.005279713353317437,-0.003709386263165403,-0.004168013798123572,0.001962659823397558,0.003997645652915829,0.007887021889732178,0.001993110864517084,0.007822521408432393,0.0,0.0,agent75,1
-0.41943708672174845,-0.0010293322588990365,-0.0011228638429778377,-0.004992136341183647,-0.0019012214626694186,-0.0020962901191495316,-0.0033931479877169273,-0.0025883705150095554,0.003872788919125926,0.001999697475056075,-0.004934570181258116,-0.003986825410187075,0.0,-0.0014803434419631619,-0.0036399715633525145,0.0039972792970373195,-0.004214834725332581,1,0.0,-0.0031813196445938906,-0.009199658826137172,0.009393276016385892,-0.004982757660462785,0.005901162542407655,-0.005494695480645849,-0.0011527377886265098,0.0,0.0019661035390866432,0.007979651380615542,0.005990295909666883,0.003715044761771421,0.003983309958603347,-0.003091690408250137,0.003999982700817279,-0.001195868029394899,0.005990149277912379,-0.0011143200157858071,-0.0035922993708557617,-0.0024796991467777385,0.007297279941164549,0.0018166113470287613,-0.001713701741942192,0.0,0.0019764417412693265,0.0018696519268227864,0.001991772550819646,-0.0013023953856888724,-0.00507872066839537,0.005925771152922993,0.005999972848888739,0.007890106429863025,-0.006950321803572856,0.0039538332451352475,0.0,-0.004839360726840284,0.0019960186457145613,-0.0016920571793416078,0.007997824223168585,0.0,-0.00317979025541052,0.003925027386466627,-0.006568097825454849,-0.003705709744913759,0.005995971702171091,-0.003662306203757337,-0.0015016183409829577,0.00980231723445768,0.005551592831076126,0.0,0.003904200690377859,-0.0010572119212754504,0.0019850290959584323,0.005931955688347722,0.0019457053157315553,0.003998394909078038,0.001961424536502571,-0.0020022344082522847,0.0,0.0,-0.003171565574058454,0.0,-0.0014593764139710116,0.005988341182185865,-0.0036269675956280634,0.003958495056536072,-0.0035360884344868664,0.0,-0.005406831569886538,0.0019373019236979734,0.0,0.0,-0.005279713353317437,-0.003709386263165403,-0.004168013798123572,0.001962659823397558,0.003997645652915829,0.007887021889732178,0.001993110864517084,0.007822521408432393,0.0,0.0,agent30,-0.5486158112055971
-0.41843708672174845,-0.0010293322588990365,-0.0011228638429778377,-0.004992136341183647,-0.0019012214626694186,-0.0020962901191495316,-0.0033931479877169273,-0.0025883705150095554,0.003872788919125926,0.001999697475056075,-0.004934570181258116,-0.003986825410187075,0.0,-0.0014803434419631619,-0.0036399715633525145,0.0039972792970373195,-0.004214834725332581,1,0.0,-0.0031813196445938906,-0.009199658826137172,0.009393276016385892,-0.004982757660462785,0.005901162542407655,-0.005494695480645849,-0.0011527377886265098,0.0,0.0019661035390866432,0.007979651380615542,0.005990295909666883,0.003715044761771421,0.003983309958603347,-0.003091690408250137,0.003999982700817279,-0.001195868029394899,0.005990149277912379,-0.0011143200157858071,-0.0035922993708557617,-0.0024796991467777385,0.007297279941164549,0.0018166113470287613,-0.001713701741942192,0.0,0.0019764417412693265,0.0018696519268227864,0.001991772550819646,-0.0013023953856888724,-0.00507872066839537,0.005925771152922993,0.005999972848888739,0.007890106429863025,-0.006950321803572856,0.0039538332451352475,0.0,-0.004839360726840284,0.0019960186457145613,-0.0016920571793416078,0.007997824223168585,0.0,-0.00317979025541052,0.003925027386466627,-0.006568097825454849,-0.003705709744913759,0.005995971702171091,-0.003662306203757337,-0.0015016183409829577,0.00980231723445768,0.005551592831076126,0.0,0.003904200690377859,-0.0010572119212754504,0.0019850290959584323,0.005931955688347722,0.0019457053157315553,0.003998394909078038,0.001961424536502571,-0.0020022344082522847,0.0,0.0,-0.003171565574058454,0.0,-0.0014593764139710116,0.005988341182185865,-0.0036269675956280634,0.003958495056536072,-0.0035360884344868664,0.0,-0.005406831569886538,0.0019373019236979734,0.0,-0.001075804577088508,-0.005279713353317437,-0.003709386263165403,-0.004168013798123572,0.001962659823397558,0.003997645652915829,0.007887021889732178,0.001993110864517084,0.007822521408432393,0.0,0.0,agent89,0.9401182986241315
-0.41743708672174845,-0.0010293322588990365,-0.0011228638429778377,-0.004992136341183647,-0.0019012214626694186,-0.0020962901191495316,-0.0033931479877169273,-0.0025883705150095554,0.003872788919125926,0.001999697475056075,-0.004934570181258116,-0.003986825410187075,0.0,-0.0014803434419631619,-0.0036399715633525145,0.0039972792970373195,-0.004214834725332581,1,0.0,-0.0031813196445938906,-0.009199658826137172,0.009393276016385892,-0.004982757660462785,0.005901162542407655,-0.005494695480645849,-0.0011527377886265098,0.0,0.0019661035390866432,0.007979651380615542,0.005990295909666883,0.003715044761771421,0.003983309958603347,-0.003091690408250137,0.003999982700817279,-0.001195868029394899,0.005990149277912379,-0.0011143200157858071,-0.0035922993708557617,-0.0024796991467777385,0.007297279941164549,0.0018166113470287613,-0.001713701741942192,0.0,0.0019764417412693265,0.0018696519268227864,0.001991772550819646,-0.0013023953856888724,-0.00507872066839537,0.005925771152922993,0.005999972848888739,0.007890106429863025,-0.006950321803572856,0.0039538332451352475,0.0,-0.004839360726840284,0.0019960186457145613,-0.0016920571793416078,0.007997824223168585,0.0,-0.00317979025541052,0.003925027386466627,-0.006568097825454849,-0.003705709744913759,0.005995971702171091,-0.003662306203757337,-0.0015016183409829577,0.00980231723445768,0.005551592831076126,0.0,0.003904200690377859,-0.0010572119212754504,0.0019850290959584323,0.005931955688347722,0.0019457053157315553,0.003998394909078038,0.001961424536502571,-0.0020022344082522847,0.0,0.0,-0.003171565574058454,0.0,-0.0014593764139710116,0.005988341182185865,-0.0036269675956280634,0.003958495056536072,-0.0035360884344868664,0.0,-0.005406831569886538,0.0019373019236979734,0.0019527139416770324,-0.001075804577088508,-0.005279713353317437,-0.003709386263165403,-0.004168013798123572,0.001962659823397558,0.003997645652915829,0.007887021889732178,0.001993110864517084,0.007822521408432393,0.0,0.0,agent88,-0.7259628850638306
-0.4184385670651904,-0.0010293322588990365,-0.0011228638429778377,-0.004992136341183647,-0.0019012214626694186,-0.0020962901191495316,-0.0033931479877169273,-0.0025883705150095554,0.003872788919125926,0.001999697475056075,-0.004934570181258116,-0.003986825410187075,0.0,-0.002788880254954682,-0.0036399715633525145,0.0039972792970373195,-0.004214834725332581,1,0.0,-0.0031813196445938906,-0.009199658826137172,0.009393276016385892,-0.004982757660462785,0.005901162542407655,-0.005494695480645849,-0.0011527377886265098,0.0,0.0019661035390866432,0.007979651380615542,0.005990295909666883,0.003715044761771421,0.003983309958603347,-0.003091690408250137,0.003999982700817279,-0.001195868029394899,0.005990149277912379,-0.0011143200157858071,-0.0035922993708557617,-0.0024796991467777385,0.007297279941164549,0.0018166113470287613,-0.001713701741942192,0.0,0.0019764417412693265,0.0018696519268227864,0.001991772550819646,-0.0013023953856888724,-0.00507872066839537,0.005925771152922993,0.005999972848888739,0.007890106429863025,-0.006950321803572856,0.0039538332451352475,0.0,-0.004839360726840284,0.0019960186457145613,-0.0016920571793416078,0.007997824223168585,0.0,-0.00317979025541052,0.003925027386466627,-0.006568097825454849,-0.003705709744913759,0.005995971702171091,-0.003662306203757337,-0.0015016183409829577,0.00980231723445768,0.005551592831076126,0.0,0.003904200690377859,-0.0010572119212754504,0.0019850290959584323,0.005931955688347722,0.0019457053157315553,0.003998394909078038,0.001961424536502571,-0.0020022344082522847,0.0,0.0,-0.003171565574058454,0.0,-0.0014593764139710116,0.005988341182185865,-0.0036269675956280634,0.003958495056536072,-0.0035360884344868664,0.0,-0.005406831569886538,0.0019373019236979734,0.0019527139416770324,-0.001075804577088508,-0.005279713353317437,-0.003709386263165403,-0.004168013798123572,0.001962659823397558,0.003997645652915829,0.007887021889732178,0.001993110864517084,0.007822521408432393,0.0,0.0,agent12,0.7585418136063821
-0.4194398694605761,-0.0010293322588990365,-0.0011228638429778377,-0.004992136341183647,-0.0019012214626694186,-0.0020962901191495316,-0.0033931479877169273,-0.0025883705150095554,0.003872788919125926,0.001999697475056075,-0.004934570181258116,-0.003986825410187075,0.0,-0.002788880254954682,-0.0036399715633525145,0.0039972792970373195,-0.004214834725332581,1,0.0,-0.0031813196445938906,-0.009199658826137172,0.009393276016385892,-0.004982757660462785,0.005901162542407655,-0.005494695480645849,-0.0011527377886265098,0.0,0.0019661035390866432,0.007979651380615542,0.005990295909666883,0.003715044761771421,0.003983309958603347,-0.003091690408250137,0.003999982700817279,-0.001195868029394899,0.005990149277912379,-0.0011143200157858071,-0.0035922993708557617,-0.0024796991467777385,0.007297279941164549,0.0018166113470287613,-0.001713701741942192,0.0,0.0019764417412693265,0.0018696519268227864,0.001991772550819646,-0.0025700193475651787,-0.00507872066839537,0.005925771152922993,0.005999972848888739,0.007890106429863025,-0.006950321803572856,0.0039538332451352475,0.0,-0.004839360726840284,0.0019960186457145613,-0.0016920571793416078,0.007997824223168585,0.0,-0.00317979025541052,0.003925027386466627,-0.006568097825454849,-0.003705709744913759,0.005995971702171091,-0.003662306203757337,-0.0015016183409829577,0.00980231723445768,0.005551592831076126,0.0,0.003904200690377859,-0.0010572119212754504,0.0019850290959584323,0.005931955688347722,0.0019457053157315553,0.003998394909078038,0.001961424536502571,-0.0020022344082522847,0.0,0.0,-0.003171565574058454,0.0,-0.0014593764139710116,0.005988341182185865,-0.0036269675956280634,0.003958495056536072,-0.0035360884344868664,0.0,-0.005406831569886538,0.0019373019236979734,0.0019527139416770324,-0.001075804577088508,-0.005279713353317437,-0.003709386263165403,-0.004168013798123572,0.001962659823397558,0.003997645652915829,0.007887021889732178,0.001993110864517084,0.007822521408432393,0.0,0.0,agent45,0.7918308559342455
-0.42044586543227824,-0.0010293322588990365,-0.0011228638429778377,-0.004992136341183647,-0.0019012214626694186,-0.0020962901191495316,-0.0033931479877169273,-0.0025883705150095554,0.003872788919125926,0.001999697475056075,-0.004934570181258116,-0.003986825410187075,0.0,-0.002788880254954682,-0.0036399715633525145,0.0039972792970373195,-0.004214834725332581,1,0.0,-0.0031813196445938906,-0.009199658826137172,0.009393276016385892,-0.004982757660462785,0.005901162542407655,-0.005494695480645849,-0.0011527377886265098,0.0,0.0019661035390866432,0.007979651380615542,0.005990295909666883,0.003715044761771421,0.003983309958603347,-0.003091690408250137,0.003999982700817279,-0.001195868029394899,0.005990149277912379,-0.0011143200157858071,-0.0035922993708557617,-0.0024796991467777385,0.007297279941164549,0.0018166113470287613,-0.001713701741942192,0.0,0.0019764417412693265,0.0018696519268227864,0.001991772550819646,-0.0025700193475651787,-0.00507872066839537,0.005925771152922993,0.005999972848888739,0.007890106429863025,-0.006950321803572856,0.0039538332451352475,0.0,-0.004839360726840284,0.0019960186457145613,-0.0016920571793416078,0.007997824223168585,0.0,-0.00317979025541052,0.003925027386466627,-0.006568097825454849,-0.003705709744913759,0.007994594312736575,-0.003662306203757337,-0.0015016183409829577,0.00980231723445768,0.005551592831076126,0.0,0.003904200690377859,-0.0010572119212754504,0.0019850290959584323,0.005931955688347722,0.0019457053157315553,0.003998394909078038,0.001961424536502571,-0.0020022344082522847,0.0,0.0,-0.003171565574058454,0.0,-0.0014593764139710116,0.005988341182185865,-0.0036269675956280634,0.003958495056536072,-0.0035360884344868664,0.0,-0.005406831569886538,0.0019373019236979734,0.0019527139416770324,-0.001075804577088508,-0.005279713353317437,-0.003709386263165403,-0.004168013798123572,0.001962659823397558,0.003997645652915829,0.007887021889732178,0.001993110864517084,0.007822521408432393,0.0,0.0,agent62,-0.3669538821017413
-0.4214489571226865,-0.0010293322588990365,-0.0011228638429778377,-0.004992136341183647,-0.0019012214626694186,-0.0020962901191495316,-0.0033931479877169273,-0.0025883705150095554,0.003872788919125926,0.001999697475056075,-0.004934570181258116,-0.003986825410187075,0.0,-0.002788880254954682,-0.0036399715633525145,0.0039972792970373195,-0.004214834725332581,1,0.0,-0.0031813196445938906,-0.009199658826137172,0.009393276016385892,-0.004982757660462785,0.005901162542407655,-0.005494695480645849,-0.0011527377886265098,0.0,0.0019661035390866432,0.007979651380615542,0.005990295909666883,0.003715044761771421,0.003983309958603347,-0.004578854178188787,0.003999982700817279,-0.001195868029394899,0.005990149277912379,-0.0011143200157858071,-0.0035922993708557617,-0.0024796991467777385,0.007297279941164549,0.0018166113470287613,-0.001713701741942192,0.0,0.0019764417412693265,0.0018696519268227864,0.001991772550819646,-0.0025700193475651787,-0.00507872066839537,0.005925771152922993,0.005999972848888739,0.007890106429863025,-0.006950321803572856,0.0039538332451352475,0.0,-0.004839360726840284,0.0019960186457145613,-0.0016920571793416078,0.007997824223168585,0.0,-0.00317979025541052,0.003925027386466627,-0.006568097825454849,-0.003705709744913759,0.007994594312736575,-0.003662306203757337,-0.0015016183409829577,0.00980231723445768,0.005551592831076126,0.0,0.003904200690377859,-0.0010572119212754504,0.0019850290959584323,0.005931955688347722,0.0019457053157315553,0.003998394909078038,0.001961424536502571,-0.0020022344082522847,0.0,0.0,-0.003171565574058454,0.0,-0.0014593764139710116,0.005988341182185865,-0.0036269675956280634,0.003958495056536072,-0.0035360884344868664,0.0,-0.005406831569886538,0.0019373019236979734,0.0019527139416770324,-0.001075804577088508,-0.005279713353317437,-0.003709386263165403,-0.004168013798123572,0.001962659823397558,0.003997645652915829,0.007887021889732178,0.001993110864517084,0.007822521408432393,0.0,0.0,agent31,0.5923090210643011
-0.4224529404326451,-0.0010293322588990365,-0.0011228638429778377,-0.004992136341183647,-0.0019012214626694186,-0.0020962901191495316,-0.0033931479877169273,-0.0025883705150095554,0.003872788919125926,0.001999697475056075,-0.004934570181258116,-0.003986825410187075,0.0,-0.002788880254954682,-0.0036399715633525145,0.0039972792970373195,-0.004214834725332581,1,0.0,-0.0031813196445938906,-0.009199658826137172,0.009393276016385892,-0.004982757660462785,0.005901162542407655,-0.005494695480645849,-0.0011527377886265098,0.0,0.0019661035390866432,0.007979651380615542,0.005990295909666883,0.003715044761771421,0.005974966466295976,-0.004578854178188787,0.003999982700817279,-0.001195868029394899,0.005990149277912379,-0.0011143200157858071,-0.0035922993708557617,-0.0024796991467777385,0.007297279941164549,0.0018166113470287613,-0.001713701741942192,0.0,0.0019764417412693265,0.0018696519268227864,0.001991772550819646,-0.0025700193475651787,-0.00507872066839537,0.005925771152922993,0.005999972848888739,0.007890106429863025,-0.006950321803572856,0.0039538332451352475,0.0,-0.004839360726840284,0.0019960186457145613,-0.0016920571793416078,0.007997824223168585,0.0,-0.00317979025541052,0.003925027386466627,-0.006568097825454849,-0.003705709744913759,0.007994594312736575,-0.003662306203757337,-0.0015016183409829577,0.00980231723445768,0.005551592831076126,0.0,0.003904200690377859,-0.0010572119212754504,0.0019850290959584323,0.005931955688347722,0.0019457053157315553,0.003998394909078038,0.001961424536502571,-0.0020022344082522847,0.0,0.0,-0.003171565574058454,0.0,-0.0014593764139710116,0.005988341182185865,-0.0036269675956280634,0.003958495056536072,-0.0035360884344868664,0.0,-0.005406831569886538,0.0019373019236979734,0.0019527139416770324,-0.001075804577088508,-0.005279713353317437,-0.003709386263165403,-0.004168013798123572,0.001962659823397558,0.003997645652915829,0.007887021889732178,0.001993110864517084,0.007822521408432393,0.0,0.0,agent30,-0.5506270691027865
-0.42345693882755414,-0.0010293322588990365,-0.0011228638429778377,-0.004992136341183647,-0.0019012214626694186,-0.0020962901191495316,-0.0033931479877169273,-0.0025883705150095554,0.003872788919125926,0.001999697475056075,-0.004934570181258116,-0.003986825410187075,0.0,-0.002788880254954682,-0.0036399715633525145,0.0039972792970373195,-0.004214834725332581,1,0.0,-0.0031813196445938906,-0.009199658826137172,0.009393276016385892,-0.004982757660462785,0.005901162542407655,-0.005494695480645849,-0.0011527377886265098,0.0,0.0019661035390866432,0.007979651380615542,0.005990295909666883,0.003715044761771421,0.005974966466295976,-0.004578854178188787,0.003999982700817279,-0.001195868029394899,0.005990149277912379,-0.0011143200157858071,-0.0035922993708557617,-0.0024796991467777385,0.007297279941164549,0.0018166113470287613,-0.001713701741942192,0.0,0.0019764417412693265,0.0018696519268227864,0.001991772550819646,-0.0025700193475651787,-0.00507872066839537,0.005925771152922993,0.005999972848888739,0.007890106429863025,-0.006950321803572856,0.0039538332451352475,0.0,-0.004839360726840284,0.0019960186457145613,-0.0016920571793416078,0.007997824223168585,0.0,-0.00317979025541052,0.003925027386466627,-0.006568097825454849,-0.003705709744913759,0.007994594312736575,-0.003662306203757337,-0.0015016183409829577,0.00980231723445768,0.005551592831076126,0.0,0.003904200690377859,-0.0010572119212754504,0.0019850290959584323,0.005931955688347722,0.0019457053157315553,0.005997592497602754,0.001961424536502571,-0.0020022344082522847,0.0,0.0,-0.003171565574058454,0.0,-0.0014593764139710116,0.005988341182185865,-0.0036269675956280634,0.003958495056536072,-0.0035360884344868664,0.0,-0.005406831569886538,0.0019373019236979734,0.0019527139416770324,-0.001075804577088508,-0.005279713353317437,-0.003709386263165403,-0.004168013798123572,0.001962659823397558,0.003997645652915829,0.007887021889732178,0.001993110864517084,0.007822521408432393,0.0,0.0,agent73,-0.4625131819517436
-0.4244580531475699,-0.0010293322588990365,-0.0011228638429778377,-0.004992136341183647,-0.0019012214626694186,-0.0020962901191495316,-0.0033931479877169273,-0.0025883705150095554,0.003872788919125926,0.001999697475056075,-0.004934570181258116,-0.003986825410187075,0.0,-0.002788880254954682,-0.0036399715633525145,0.0039972792970373195,-0.004214834725332581,1,0.0,-0.0031813196445938906,-0.009199658826137172,0.009393276016385892,-0.004982757660462785,0.005901162542407655,-0.005494695480645849,-0.0011527377886265098,0.0,0.0019661035390866432,0.007979651380615542,0.005990295909666883,0.003715044761771421,0.005974966466295976,-0.004578854178188787,0.003999982700817279,-0.001195868029394899,0.005990149277912379,-0.0021012051874376514,-0.0035922993708557617,-0.0024796991467777385,0.007297279941164549,0.0018166113470287613,-0.001713701741942192,0.0,0.0019764417412693265,0.0018696519268227864,0.001991772550819646,-0.0025700193475651787,-0.00507872066839537,0.005925771152922993,0.005999972848888739,0.007890106429863025,-0.006950321803572856,0.0039538332451352475,0.0,-0.004839360726840284,0.0019960186457145613,-0.0016920571793416078,0.007997824223168585,0.0,-0.00317979025541052,0.003925027386466627,-0.006568097825454849,-0.003705709744913759,0.007994594312736575,-0.003662306203757337,-0.0015016183409829577,0.00980231723445768,0.005551592831076126,0.0,0.003904200690377859,-0.0010572119212754504,0.0019850290959584323,0.005931955688347722,0.0019457053157315553,0.005997592497602754,0.001961424536502571,-0.0020022344082522847,0.0,0.0,-0.003171565574058454,0.0,-0.0014593764139710116,0.005988341182185865,-0.0036269675956280634,0.003958495056536072,-0.0035360884344868664,0.0,-0.005406831569886538,0.0019373019236979734,0.0019527139416770324,-0.001075804577088508,-0.005279713353317437,-0.003709386263165403,-0.004168013798123572,0.001962659823397558,0.003997645652915829,0.007887021889732178,0.001993110864517084,0.007822521408432393,0.0,0.0,agent35,1
-0.4254617588573148,-0.0010293322588990365,-0.0011228638429778377,-0.004992136341183647,-0.0019012214626694186,-0.0020962901191495316,-0.0033931479877169273,-0.0025883705150095554,0.003872788919125926,0.001999697475056075,-0.004934570181258116,-0.003986825410187075,0.0,-0.002788880254954682,-0.0036399715633525145,0.0039972792970373195,-0.004214834725332581,1,0.0,-0.0031813196445938906,-0.009199658826137172,0.009393276016385892,-0.004982757660462785,0.005901162542407655,-0.005494695480645849,-0.0011527377886265098,0.0,0.0019661035390866432,0.007979651380615542,0.005990295909666883,0.003715044761771421,0.005974966466295976,-0.004578854178188787,0.003999982700817279,-0.001195868029394899,0.005990149277912379,-0.0021012051874376514,-0.0035922993708557617,-0.0024796991467777385,0.007297279941164549,0.0018166113470287613,-0.001713701741942192,0.0,0.0019764417412693265,0.0018696519268227864,0.001991772550819646,-0.0025700193475651787,-0.00507872066839537,0.005925771152922993,0.005999972848888739,0.007890106429863025,-0.006950321803572856,0.0039538332451352475,0.0,-0.004839360726840284,0.0019960186457145613,-0.0016920571793416078,0.007997824223168585,0.0,-0.00317979025541052,0.003925027386466627,-0.006568097825454849,-0.0054651503555093565,0.007994594312736575,-0.003662306203757337,-0.0015016183409829577,0.00980231723445768,0.005551592831076126,0.0,0.003904200690377859,-0.0010572119212754504,0.0019850290959584323,0.005931955688347722,0.0019457053157315553,0.005997592497602754,0.001961424536502571,-0.0020022344082522847,0.0,0.0,-0.003171565574058454,0.0,-0.0014593764139710116,0.005988341182185865,-0.0036269675956280634,0.003958495056536072,-0.0035360884344868664,0.0,-0.005406831569886538,0.0019373019236979734,0.0019527139416770324,-0.001075804577088508,-0.005279713353317437,-0.003709386263165403,-0.004168013798123572,0.001962659823397558,0.003997645652915829,0.007887021889732178,0.001993110864517084,0.007822521408432393,0.0,0.0,agent61,0.26916920901043095
-0.4264671656888847,-0.0010293322588990365,-0.0011228638429778377,-0.004992136341183647,-0.0019012214626694186,-0.0020962901191495316,-0.0033931479877169273,-0.0025883705150095554,0.003872788919125926,0.001999697475056075,-0.004934570181258116,-0.003986825410187075,0.0,-0.002788880254954682,-0.0036399715633525145,0.0039972792970373195,-0.004214834725332581,1,0.0,-0.0031813196445938906,-0.009199658826137172,0.009393276016385892,-0.004982757660462785,0.005901162542407655,-0.005494695480645849,-0.0011527377886265098,0.0,0.0019661035390866432,0.007979651380615542,0.005990295909666883,0.003715044761771421,0.005974966466295976,-0.004578854178188787,0.003999982700817279,-0.001195868029394899,0.005990149277912379,-0.0021012051874376514,-0.0035922993708557617,-0.0024796991467777385,0.007297279941164549,0.0018166113470287613,-0.001713701741942192,0.0,0.0019764417412693265,0.0018696519268227864,0.001991772550819646,-0.0025700193475651787,-0.00507872066839537,0.005925771152922993,0.005999972848888739,0.007890106429863025,-0.006950321803572856,0.0039538332451352475,0.0,-0.004839360726840284,0.0019960186457145613,-0.0016920571793416078,0.007997824223168585,0.0,-0.00317979025541052,0.003925027386466627,-0.006568097825454849,-0.0054651503555093565,0.007994594312736575,-0.003662306203757337,-0.0015016183409829577,0.00980231723445768,0.005551592831076126,0.0,0.003904200690377859,-0.0010572119212754504,0.0019850290959584323,0.005931955688347722,0.0019457053157315553,0.005997592497602754,0.001961424536502571,-0.0020022344082522847,0.0,0.0,-0.003171565574058454,0.0,-0.0014593764139710116,0.005988341182185865,-0.0036269675956280634,0.003958495056536072,-0.0035360884344868664,0.0,-0.007077035667077972,0.0019373019236979734,0.0019527139416770324,-0.001075804577088508,-0.005279713353317437,-0.003709386263165403,-0.004168013798123572,0.001962659823397558,0.003997645652915829,0.007887021889732178,0.001993110864517084,0.007822521408432393,0.0,0.0,agent86,0.38669081647390513
-0.4274731540300669,-0.0010293322588990365,-0.0011228638429778377,-0.004992136341183647,-0.0019012214626694186,-0.0020962901191495316,-0.0033931479877169273,-0.0025883705150095554,0.003872788919125926,0.001999697475056075,-0.004934570181258116,-0.003986825410187075,0.0,-0.002788880254954682,-0.0036399715633525145,0.0039972792970373195,-0.004214834725332581,1,0.0,-0.0031813196445938906,-0.009199658826137172,0.009393276016385892,-0.004982757660462785,0.005901162542407655,-0.005494695480645849,-0.0011527377886265098,0.0,0.0019661035390866432,0.007979651380615542,0.005990295909666883,0.003715044761771421,0.005974966466295976,-0.004578854178188787,0.003999982700817279,-0.001195868029394899,0.005990149277912379,-0.0021012051874376514,-0.0035922993708557617,-0.0024796991467777385,0.007297279941164549,0.0018166113470287613,-0.001713701741942192,0.0,0.0019764417412693265,0.0018696519268227864,0.001991772550819646,-0.0025700193475651787,-0.00507872066839537,0.005925771152922993,0.005999972848888739,0.007890106429863025,-0.006950321803572856,0.0039538332451352475,0.0,-0.004839360726840284,0.0019960186457145613,-0.0016920571793416078,0.007997824223168585,0.0,-0.00317979025541052,0.003925027386466627,-0.006568097825454849,-0.0054651503555093565,0.007994594312736575,-0.003662306203757337,-0.0015016183409829577,0.00980231723445768,0.005551592831076126,0.0,0.003904200690377859,-0.0010572119212754504,0.0019850290959584323,0.005931955688347722,0.0019457053157315553,0.005997592497602754,0.001961424536502571,-0.0020022344082522847,0.0,0.0,-0.003171565574058454,0.0,-0.0014593764139710116,0.007984366646616748,-0.0036269675956280634,0.003958495056536072,-0.0035360884344868664,0.0,-0.007077035667077972,0.0019373019236979734,0.0019527139416770324,-0.001075804577088508,-0.005279713353317437,-0.003709386263165403,-0.004168013798123572,0.001962659823397558,0.003997645652915829,0.007887021889732178,0.001993110864517084,0.007822521408432393,0.0,0.0,agent81,-0.33730960213853917
-0.4284771408554771,-0.0010293322588990365,-0.0011228638429778377,-0.004992136341183647,-0.0019012214626694186,-0.0020962901191495316,-0.0033931479877169273,-0.0025883705150095554,0.003872788919125926,0.001999697475056075,-0.004934570181258116,-0.005198800373856406,0.0,-0.002788880254954682,-0.0036399715633525145,0.0039972792970373195,-0.004214834725332581,1,0.0,-0.0031813196445938906,-0.009199658826137172,0.009393276016385892,-0.004982757660462785,0.005901162542407655,-0.005494695480645849,-0.0011527377886265098,0.0,0.0019661035390866432,0.007979651380615542,0.005990295909666883,0.003715044761771421,0.005974966466295976,-0.004578854178188787,0.003999982700817279,-0.001195868029394899,0.005990149277912379,-0.0021012051874376514,-0.0035922993708557617,-0.0024796991467777385,0.007297279941164549,0.0018166113470287613,-0.001713701741942192,0.0,0.0019764417412693265,0.0018696519268227864,0.001991772550819646,-0.0025700193475651787,-0.00507872066839537,0.005925771152922993,0.005999972848888739,0.007890106429863025,-0.006950321803572856,0.0039538332451352475,0.0,-0.004839360726840284,0.0019960186457145613,-0.0016920571793416078,0.007997824223168585,0.0,-0.00317979025541052,0.003925027386466627,-0.006568097825454849,-0.0054651503555093565,0.007994594312736575,-0.003662306203757337,-0.0015016183409829577,0.00980231723445768,0.005551592831076126,0.0,0.003904200690377859,-0.0010572119212754504,0.0019850290959584323,0.005931955688347722,0.0019457053157315553,0.005997592497602754,0.001961424536502571,-0.0020022344082522847,0.0,0.0,-0.003171565574058454,0.0,-0.0014593764139710116,0.007984366646616748,-0.0036269675956280634,0.003958495056536072,-0.0035360884344868664,0.0,-0.007077035667077972,0.0019373019236979734,0.0019527139416770324,-0.001075804577088508,-0.005279713353317437,-0.003709386263165403,-0.004168013798123572,0.001962659823397558,0.003997645652915829,0.007887021889732178,0.001993110864517084,0.007822521408432393,0.0,0.0,agent10,0.8279351750252003
-0.42947912588457304,-0.0010293322588990365,-0.0011228638429778377,-0.004992136341183647,-0.0019012214626694186,-0.0020962901191495316,-0.0033931479877169273,-0.0025883705150095554,0.003872788919125926,0.001999697475056075,-0.004934570181258116,-0.005198800373856406,0.0,-0.002788880254954682,-0.0036399715633525145,0.0039972792970373195,-0.004214834725332581,1,0.0,-0.0031813196445938906,-0.009199658826137172,0.009393276016385892,-0.004982757660462785,0.005901162542407655,-0.005494695480645849,-0.0011527377886265098,0.0,0.0019661035390866432,0.007979651380615542,0.005990295909666883,0.003715044761771421,0.005974966466295976,-0.004578854178188787,0.003999982700817279,-0.001195868029394899,0.005990149277912379,-0.0021012051874376514,-0.0035922993708557617,-0.0024796991467777385,0.007297279941164549,0.0018166113470287613,-0.001713701741942192,0.0,0.0019764417412693265,0.0018696519268227864,0.001991772550819646,-0.0025700193475651787,-0.00507872066839537,0.005925771152922993,0.005999972848888739,0.007890106429863025,-0.006950321803572856,0.0039538332451352475,0.0,-0.004839360726840284,0.0019960186457145613,-0.0016920571793416078,0.007997824223168585,0.0,-0.00317979025541052,0.003925027386466627,-0.006568097825454849,-0.0054651503555093565,0.007994594312736575,-0.003662306203757337,-0.0015016183409829577,0.00980231723445768,0.005551592831076126,0.0,0.003904200690377859,-0.0010572119212754504,0.003969886646095247,0.005931955688347722,0.0019457053157315553,0.005997592497602754,0.001961424536502571,-0.0020022344082522847,0.0,0.0,-0.003171565574058454,0.0,-0.0014593764139710116,0.007984366646616748,-0.0036269675956280634,0.003958495056536072,-0.0035360884344868664,0.0,-0.007077035667077972,0.0019373019236979734,0.0019527139416770324,-0.001075804577088508,-0.005279713353317437,-0.003709386263165403,-0.004168013798123572,0.001962659823397558,0.003997645652915829,0.007887021889732178,0.001993110864517084,0.007822521408432393,0.0,0.0,agent70,-0.6025027129027188
-0.43048062750291405,-0.0010293322588990365,-0.0011228638429778377,-0.004992136341183647,-0.0019012214626694186,-0.0020962901191495316,-0.0033931479877169273,-0.0025883705150095554,0.003872788919125926,0.001999697475056075,-0.004934570181258116,-0.005198800373856406,0.0,-0.002788880254954682,-0.0036399715633525145,0.0039972792970373195,-0.004214834725332581,1,0.0,-0.0031813196445938906,-0.009199658826137172,0.009393276016385892,-0.004982757660462785,0.005901162542407655,-0.005494695480645849,-0.0011527377886265098,0.0,0.0019661035390866432,0.007979651380615542,0.005990295909666883,0.003715044761771421,0.005974966466295976,-0.004578854178188787,0.003999982700817279,-0.001195868029394899,0.005990149277912379,-0.0021012051874376514,-0.0035922993708557617,-0.0024796991467777385,0.007297279941164549,0.0018166113470287613,-0.001713701741942192,0.0,0.0019764417412693265,0.0018696519268227864,0.001991772550819646,-0.0025700193475651787,-0.00507872066839537,0.005925771152922993,0.005999972848888739,0.007890106429863025,-0.006950321803572856,0.0039538332451352475,0.0,-0.004839360726840284,0.0019960186457145613,-0.0016920571793416078,0.007997824223168585,0.0,-0.00317979025541052,0.003925027386466627,-0.006568097825454849,-0.0054651503555093565,0.007994594312736575,-0.003662306203757337,-0.002885828497610724,0.00980231723445768,0.005551592831076126,0.0,0.003904200690377859,-0.0010572119212754504,0.003969886646095247,0.005931955688347722,0.0019457053157315553,0.005997592497602754,0.001961424536502571,-0.0020022344082522847,0.0,0.0,-0.003171565574058454,0.0,-0.0014593764139710116,0.007984366646616748,-0.0036269675956280634,0.003958495056536072,-0.0035360884344868664,0.0,-0.007077035667077972,0.0019373019236979734,0.0019527139416770324,-0.001075804577088508,-0.005279713353317437,-0.003709386263165403,-0.004168013798123572,0.001962659823397558,0.003997645652915829,0.007887021889732178,0.001993110864517084,0.007822521408432393,0.0,0.0,agent64,0.6802864740258169
-0.43148862209722677,-0.0010293322588990365,-0.0011228638429778377,-0.004992136341183647,-0.0019012214626694186,-0.0020962901191495316,-0.0033931479877169273,-0.0025883705150095554,0.003872788919125926,0.001999697475056075,-0.004934570181258116,-0.005198800373856406,0.0,-0.002788880254954682,-0.0036399715633525145,0.0039972792970373195,-0.004214834725332581,1,0.0,-0.0031813196445938906,-0.009199658826137172,0.009393276016385892,-0.004982757660462785,0.005901162542407655,-0.005494695480645849,-0.0011527377886265098,0.0,0.0019661035390866432,0.007979651380615542,0.005990295909666883,0.003715044761771421,0.005974966466295976,-0.004578854178188787,0.003999982700817279,-0.001195868029394899,0.005990149277912379,-0.0021012051874376514,-0.0035922993708557617,-0.0024796991467777385,0.007297279941164549,0.0018166113470287613,-0.001713701741942192,0.0,0.0019764417412693265,0.0018696519268227864,0.001991772550819646,-0.0025700193475651787,-0.00507872066839537,0.005925771152922993,0.005999972848888739,0.007890106429863025,-0.006950321803572856,0.0039538332451352475,0.0,-0.004839360726840284,0.0019960186457145613,-0.0016920571793416078,0.007997824223168585,0.0,-0.00317979025541052,0.003925027386466627,-0.006568097825454849,-0.0054651503555093565,0.009993163644420704,-0.003662306203757337,-0.002885828497610724,0.00980231723445768,0.005551592831076126,0.0,0.003904200690377859,-0.0010572119212754504,0.003969886646095247,0.005931955688347722,0.0019457053157315553,0.005997592497602754,0.001961424536502571,-0.0020022344082522847,0.0,0.0,-0.003171565574058454,0.0,-0.0014593764139710116,0.007984366646616748,-0.0036269675956280634,0.003958495056536072,-0.0035360884344868664,0.0,-0.007077035667077972,0.0019373019236979734,0.0019527139416770324,-0.001075804577088508,-0.005279713353317437,-0.003709386263165403,-0.004168013798123572,0.001962659823397558,0.003997645652915829,0.007887021889732178,0.001993110864517084,0.007822521408432393,0.0,0.0,agent62,-0.37698916433595175
-0.4324925262979171,-0.0010293322588990365,-0.0011228638429778377,-0.004992136341183647,-0.0019012214626694186,-0.0020962901191495316,-0.0033931479877169273,-0.0025883705150095554,0.003872788919125926,0.001999697475056075,-0.004934570181258116,-0.005198800373856406,0.0,-0.002788880254954682,-0.0036399715633525145,0.0039972792970373195,-0.004214834725332581,1,0.0,-0.0031813196445938906,-0.009199658826137172,0.009393276016385892,-0.004982757660462785,0.005901162542407655,-0.005494695480645849,-0.0011527377886265098,0.0,0.0019661035390866432,0.007979651380615542,0.005990295909666883,0.003715044761771421,0.005974966466295976,-0.004578854178188787,0.003999982700817279,-0.001195868029394899,0.005990149277912379,-0.0021012051874376514,-0.0035922993708557617,-0.0024796991467777385,0.007297279941164549,0.0018166113470287613,-0.001713701741942192,0.0,0.0019764417412693265,0.0018696519268227864,0.001991772550819646,-0.0025700193475651787,-0.00507872066839537,0.005925771152922993,0.005999972848888739,0.007890106429863025,-0.006950321803572856,0.0039538332451352475,0.0,-0.004839360726840284,0.0019960186457145613,-0.0016920571793416078,0.007997824223168585,0.0,-0.00317979025541052,0.003925027386466627,-0.006568097825454849,-0.0054651503555093565,0.009993163644420704,-0.003662306203757337,-0.002885828497610724,0.00980231723445768,0.005551592831076126,0.0,0.005856156578578191,-0.0010572119212754504,0.003969886646095247,0.005931955688347722,0.0019457053157315553,0.005997592497602754,0.001961424536502571,-0.0020022344082522847,0.0,0.0,-0.003171565574058454,0.0,-0.0014593764139710116,0.007984366646616748,-0.0036269675956280634,0.003958495056536072,-0.0035360884344868664,0.0,-0.007077035667077972,0.0019373019236979734,0.0019527139416770324,-0.001075804577088508,-0.005279713353317437,-0.003709386263165403,-0.004168013798123572,0.001962659823397558,0.003997645652915829,0.007887021889732178,0.001993110864517084,0.007822521408432393,0.0,0.0,agent68,-0.7414696273206701
-0.4334944275193798,-0.0010293322588990365,-0.0011228638429778377,-0.004992136341183647,-0.003786215576367902,-0.0020962901191495316,-0.0033931479877169273,-0.0025883705150095554,0.003872788919125926,0.001999697475056075,-0.004934570181258116,-0.005198800373856406,0.0,-0.002788880254954682,-0.0036399715633525145,0.0039972792970373195,-0.004214834725332581,1,0.0,-0.0031813196445938906,-0.009199658826137172,0.009393276016385892,-0.004982757660462785,0.005901162542407655,-0.005494695480645849,-0.0011527377886265098,0.0,0.0019661035390866432,0.007979651380615542,0.005990295909666883,0.003715044761771421,0.005974966466295976,-0.004578854178188787,0.003999982700817279,-0.001195868029394899,0.005990149277912379,-0.0021012051874376514,-0.0035922993708557617,-0.0024796991467777385,0.007297279941164549,0.0018166113470287613,-0.001713701741942192,0.0,0.0019764417412693265,0.0018696519268227864,0.001991772550819646,-0.0025700193475651787,-0.00507872066839537,0.005925771152922993,0.005999972848888739,0.007890106429863025,-0.006950321803572856,0.0039538332451352475,0.0,-0.004839360726840284,0.0019960186457145613,-0.0016920571793416078,0.007997824223168585,0.0,-0.00317979025541052,0.003925027386466627,-0.006568097825454849,-0.0054651503555093565,0.009993163644420704,-0.003662306203757337,-0.002885828497610724,0.00980231723445768,0.005551592831076126,0.0,0.005856156578578191,-0.0010572119212754504,0.003969886646095247,0.005931955688347722,0.0019457053157315553,0.005997592497602754,0.001961424536502571,-0.0020022344082522847,0.0,0.0,-0.003171565574058454,0.0,-0.0014593764139710116,0.007984366646616748,-0.0036269675956280634,0.003958495056536072,-0.0035360884344868664,0.0,-0.007077035667077972,0.0019373019236979734,0.0019527139416770324,-0.001075804577088508,-0.005279713353317437,-0.003709386263165403,-0.004168013798123572,0.001962659823397558,0.003997645652915829,0.007887021889732178,0.001993110864517084,0.007822521408432393,0.0,0.0,agent3,0.04710289966341696
-0.4344969072185266,-0.0010293322588990365,-0.0011228638429778377,-0.004992136341183647,-0.003786215576367902,-0.0020962901191495316,-0.0033931479877169273,-0.0025883705150095554,0.003872788919125926,0.001999697475056075,-0.004934570181258116,-0.005198800373856406,0.0,-0.002788880254954682,-0.0036399715633525145,0.0039972792970373195,-0.004214834725332581,1,0.0,-0.0031813196445938906,-0.009199658826137172,0.009393276016385892,-0.004982757660462785,0.005901162542407655,-0.005494695480645849,-0.0011527377886265098,0.0,0.0019661035390866432,0.007979651380615542,0.005990295909666883,0.003715044761771421,0.005974966466295976,-0.004578854178188787,0.003999982700817279,-0.001195868029394899,0.005990149277912379,-0.0021012051874376514,-0.0035922993708557617,-0.0034997000010362055,0.007297279941164549,0.0018166113470287613,-0.001713701741942192,0.0,0.0019764417412693265,0.0018696519268227864,0.001991772550819646,-0.0025700193475651787,-0.00507872066839537,0.005925771152922993,0.005999972848888739,0.007890106429863025,-0.006950321803572856,0.0039538332451352475,0.0,-0.004839360726840284,0.0019960186457145613,-0.0016920571793416078,0.007997824223168585,0.0,-0.00317979025541052,0.003925027386466627,-0.006568097825454849,-0.0054651503555093565,0.009993163644420704,-0.003662306203757337,-0.002885828497610724,0.00980231723445768,0.005551592831076126,0.0,0.005856156578578191,-0.0010572119212754504,0.003969886646095247,0.005931955688347722,0.0019457053157315553,0.005997592497602754,0.001961424536502571,-0.0020022344082522847,0.0,0.0,-0.003171565574058454,0.0,-0.0014593764139710116,0.007984366646616748,-0.0036269675956280634,0.003958495056536072,-0.0035360884344868664,0.0,-0.007077035667077972,0.0019373019236979734,0.0019527139416770324,-0.001075804577088508,-0.005279713353317437,-0.003709386263165403,-0.004168013798123572,0.001962659823397558,0.003997645652915829,0.007887021889732178,0.001993110864517084,0.007822521408432393,0.0,0.0,agent37,0.9665049622958679
-0.4354987238298736,-0.0010293322588990365,-0.0011228638429778377,-0.004992136341183647,-0.003786215576367902,-0.0020962901191495316,-0.0033931479877169273,-0.0025883705150095554,0.003872788919125926,0.001999697475056075,-0.004934570181258116,-0.005198800373856406,0.0,-0.002788880254954682,-0.0036399715633525145,0.0039972792970373195,-0.004214834725332581,1,0.0,-0.0031813196445938906,-0.009199658826137172,0.009393276016385892,-0.004982757660462785,0.005901162542407655,-0.005494695480645849,-0.0011527377886265098,0.0,0.0019661035390866432,0.007979651380615542,0.005990295909666883,0.003715044761771421,0.005974966466295976,-0.004578854178188787,0.003999982700817279,-0.001195868029394899,0.005990149277912379,-0.0021012051874376514,-0.0035922993708557617,-0.0034997000010362055,0.007297279941164549,0.0036567144730560554,-0.001713701741942192,0.0,0.0019764417412693265,0.0018696519268227864,0.001991772550819646,-0.0025700193475651787,-0.00507872066839537,0.005925771152922993,0.005999972848888739,0.007890106429863025,-0.006950321803572856,0.0039538332451352475,0.0,-0.004839360726840284,0.0019960186457145613,-0.0016920571793416078,0.007997824223168585,0.0,-0.00317979025541052,0.003925027386466627,-0.006568097825454849,-0.0054651503555093565,0.009993163644420704,-0.003662306203757337,-0.002885828497610724,0.00980231723445768,0.005551592831076126,0.0,0.005856156578578191,-0.0010572119212754504,0.003969886646095247,0.005931955688347722,0.0019457053157315553,0.005997592497602754,0.001961424536502571,-0.0020022344082522847,0.0,0.0,-0.003171565574058454,0.0,-0.0014593764139710116,0.007984366646616748,-0.0036269675956280634,0.003958495056536072,-0.0035360884344868664,0.0,-0.007077035667077972,0.0019373019236979734,0.0019527139416770324,-0.001075804577088508,-0.005279713353317437,-0.003709386263165403,-0.004168013798123572,0.001962659823397558,0.003997645652915829,0.007887021889732178,0.001993110864517084,0.007822521408432393,0.0,0.0,agent39,-1
-0.43650293866459894,-0.0010293322588990365,-0.0011228638429778377,-0.004992136341183647,-0.003786215576367902,-0.0020962901191495316,-0.0033931479877169273,-0.0025883705150095554,0.003872788919125926,0.001999697475056075,-0.004934570181258116,-0.005198800373856406,0.0,-0.002788880254954682,-0.0036399715633525145,0.0039972792970373195,-0.005184506432273983,1,0.0,-0.0031813196445938906,-0.009199658826137172,0.009393276016385892,-0.004982757660462785,0.005901162542407655,-0.005494695480645849,-0.0011527377886265098,0.0,0.0019661035390866432,0.007979651380615542,0.005990295909666883,0.003715044761771421,0.005974966466295976,-0.004578854178188787,0.003999982700817279,-0.001195868029394899,0.005990149277912379,-0.0021012051874376514,-0.0035922993708557617,-0.0034997000010362055,0.007297279941164549,0.0036567144730560554,-0.001713701741942192,0.0,0.0019764417412693265,0.0018696519268227864,0.001991772550819646,-0.0025700193475651787,-0.00507872066839537,0.005925771152922993,0.005999972848888739,0.007890106429863025,-0.006950321803572856,0.0039538332451352475,0.0,-0.004839360726840284,0.0019960186457145613,-0.0016920571793416078,0.007997824223168585,0.0,-0.00317979025541052,0.003925027386466627,-0.006568097825454849,-0.0054651503555093565,0.009993163644420704,-0.003662306203757337,-0.002885828497610724,0.00980231723445768,0.005551592831076126,0.0,0.005856156578578191,-0.0010572119212754504,0.003969886646095247,0.005931955688347722,0.0019457053157315553,0.005997592497602754,0.001961424536502571,-0.0020022344082522847,0.0,0.0,-0.003171565574058454,0.0,-0.0014593764139710116,0.007984366646616748,-0.0036269675956280634,0.003958495056536072,-0.0035360884344868664,0.0,-0.007077035667077972,0.0019373019236979734,0.0019527139416770324,-0.001075804577088508,-0.005279713353317437,-0.003709386263165403,-0.004168013798123572,0.001962659823397558,0.003997645652915829,0.007887021889732178,0.001993110864517084,0.007822521408432393,0.0,0.0,agent15,1
-0.4375108256864887,-0.0010293322588990365,-0.0011228638429778377,-0.004992136341183647,-0.003786215576367902,-0.0020962901191495316,-0.0033931479877169273,-0.0025883705150095554,0.003872788919125926,0.001999697475056075,-0.004934570181258116,-0.005198800373856406,0.0,-0.002788880254954682,-0.0036399715633525145,0.0039972792970373195,-0.005184506432273983,1,0.0,-0.0031813196445938906,-0.009199658826137172,0.009393276016385892,-0.004982757660462785,0.005901162542407655,-0.005494695480645849,-0.0011527377886265098,0.0,0.0019661035390866432,0.007979651380615542,0.005990295909666883,0.003715044761771421,0.005974966466295976,-0.004578854178188787,0.003999982700817279,-0.001195868029394899,0.005990149277912379,-0.0021012051874376514,-0.0035922993708557617,-0.0034997000010362055,0.007297279941164549,0.0036567144730560554,-0.001713701741942192,0.0,0.0019764417412693265,0.0018696519268227864,0.001991772550819646,-0.0025700193475651787,-0.00507872066839537,0.005925771152922993,0.005999972848888739,0.007890106429863025,-0.006950321803572856,0.0039538332451352475,0.0,-0.004839360726840284,0.0019960186457145613,-0.0016920571793416078,0.007997824223168585,0.0,-0.00317979025541052,0.003925027386466627,-0.006568097825454849,-0.0054651503555093565,0.009993163644420704,-0.003662306203757337,-0.002885828497610724,0.00980231723445768,0.005551592831076126,0.0,0.005856156578578191,-0.0010572119212754504,0.003969886646095247,0.005931955688347722,0.0019457053157315553,0.005997592497602754,0.001961424536502571,-0.0020022344082522847,0.0,0.0,-0.003171565574058454,0.0,-0.0014593764139710116,0.007984366646616748,-0.0036269675956280634,0.003958495056536072,-0.0035360884344868664,0.0,-0.007077035667077972,0.0019373019236979734,0.0019527139416770324,-0.001075804577088508,-0.005279713353317437,-0.003709386263165403,-0.004168013798123572,0.001962659823397558,0.003997645652915829,0.009859141013368357,0.001993110864517084,0.007822521408432393,0.0,0.0,agent95,-0.6726422042000957
-0.4385143253864897,-0.0010293322588990365,-0.0011228638429778377,-0.004992136341183647,-0.003786215576367902,-0.0020962901191495316,-0.0033931479877169273,-0.0025883705150095554,0.003872788919125926,0.001999697475056075,-0.004934570181258116,-0.005198800373856406,0.0,-0.002788880254954682,-0.0036399715633525145,0.0039972792970373195,-0.005184506432273983,1,0.0,-0.0031813196445938906,-0.009199658826137172,0.009393276016385892,-0.004982757660462785,0.005901162542407655,-0.005494695480645849,-0.0011527377886265098,0.0,0.0019661035390866432,0.007979651380615542,0.005990295909666883,0.003715044761771421,0.005974966466295976,-0.004578854178188787,0.003999982700817279,-0.001195868029394899,0.005990149277912379,-0.0021012051874376514,-0.0035922993708557617,-0.004509836154603616,0.007297279941164549,0.0036567144730560554,-0.001713701741942192,0.0,0.0019764417412693265,0.0018696519268227864,0.001991772550819646,-0.0025700193475651787,-0.00507872066839537,0.005925771152922993,0.005999972848888739,0.007890106429863025,-0.006950321803572856,0.0039538332451352475,0.0,-0.004839360726840284,0.0019960186457145613,-0.0016920571793416078,0.007997824223168585,0.0,-0.00317979025541052,0.003925027386466627,-0.006568097825454849,-0.0054651503555093565,0.009993163644420704,-0.003662306203757337,-0.002885828497610724,0.00980231723445768,0.005551592831076126,0.0,0.005856156578578191,-0.0010572119212754504,0.003969886646095247,0.005931955688347722,0.0019457053157315553,0.005997592497602754,0.001961424536502571,-0.0020022344082522847,0.0,0.0,-0.003171565574058454,0.0,-0.0014593764139710116,0.007984366646616748,-0.0036269675956280634,0.003958495056536072,-0.0035360884344868664,0.0,-0.007077035667077972,0.0019373019236979734,0.0019527139416770324,-0.001075804577088508,-0.005279713353317437,-0.003709386263165403,-0.004168013798123572,0.001962659823397558,0.003997645652915829,0.009859141013368357,0.001993110864517084,0.007822521408432393,0.0,0.0,agent37,0.9695171388064628
-0.4395184934002878,-0.0010293322588990365,-0.0011228638429778377,-0.004992136341183647,-0.003786215576367902,-0.0020962901191495316,-0.0033931479877169273,-0.0025883705150095554,0.003872788919125926,0.001999697475056075,-0.004934570181258116,-0.005198800373856406,0.0,-0.002788880254954682,-0.0036399715633525145,0.0039972792970373195,-0.005184506432273983,1,0.0,-0.0031813196445938906,-0.009199658826137172,0.009393276016385892,-0.004982757660462785,0.005901162542407655,-0.005494695480645849,-0.0011527377886265098,0.0,0.0019661035390866432,0.007979651380615542,0.005990295909666883,0.003715044761771421,0.005974966466295976,-0.004578854178188787,0.003999982700817279,-0.001195868029394899,0.005990149277912379,-0.0021012051874376514,-0.0035922993708557617,-0.004509836154603616,0.007297279941164549,0.0036567144730560554,-0.001713701741942192,0.0,0.0019764417412693265,0.0018696519268227864,0.001991772550819646,-0.0025700193475651787,-0.00507872066839537,0.005925771152922993,0.005999972848888739,0.007890106429863025,-0.006950321803572856,0.0039538332451352475,0.0,-0.004839360726840284,0.0019960186457145613,-0.0016920571793416078,0.007997824223168585,0.0,-0.00317979025541052,0.003925027386466627,-0.006568097825454849,-0.0054651503555093565,0.009993163644420704,-0.003662306203757337,-0.002885828497610724,0.00980231723445768,0.005551592831076126,0.0,0.005856156578578191,-0.0010572119212754504,0.003969886646095247,0.005931955688347722,0.0019457053157315553,0.005997592497602754,0.001961424536502571,-0.0020022344082522847,0.0,0.0,-0.003171565574058454,0.0,-0.0014593764139710116,0.007984366646616748,-0.0036269675956280634,0.003958495056536072,-0.0035360884344868664,0.0,-0.007077035667077972,0.0019373019236979734,0.0019527139416770324,-0.001075804577088508,-0.005279713353317437,-0.003709386263165403,-0.00524336969758131,0.001962659823397558,0.003997645652915829,0.009859141013368357,0.001993110864517084,0.007822521408432393,0.0,0.0,agent92,0.9213710378278238
-0.4405236922006617,-0.0010293322588990365,-0.0011228638429778377,-0.004992136341183647,-0.003786215576367902,-0.0020962901191495316,-0.0033931479877169273,-0.0025883705150095554,0.003872788919125926,0.001999697475056075,-0.004934570181258116,-0.006381525273497897,0.0,-0.002788880254954682,-0.0036399715633525145,0.0039972792970373195,-0.005184506432273983,1,0.0,-0.0031813196445938906,-0.009199658826137172,0.009393276016385892,-0.004982757660462785,0.005901162542407655,-0.005494695480645849,-0.0011527377886265098,0.0,0.0019661035390866432,0.007979651380615542,0.005990295909666883,0.003715044761771421,0.005974966466295976,-0.004578854178188787,0.003999982700817279,-0.001195868029394899,0.005990149277912379,-0.0021012051874376514,-0.0035922993708557617,-0.004509836154603616,0.007297279941164549,0.0036567144730560554,-0.001713701741942192,0.0,0.0019764417412693265,0.0018696519268227864,0.001991772550819646,-0.0025700193475651787,-0.00507872066839537,0.005925771152922993,0.005999972848888739,0.007890106429863025,-0.006950321803572856,0.0039538332451352475,0.0,-0.004839360726840284,0.0019960186457145613,-0.0016920571793416078,0.007997824223168585,0.0,-0.00317979025541052,0.003925027386466627,-0.006568097825454849,-0.0054651503555093565,0.009993163644420704,-0.003662306203757337,-0.002885828497610724,0.00980231723445768,0.005551592831076126,0.0,0.005856156578578191,-0.0010572119212754504,0.003969886646095247,0.005931955688347722,0.0019457053157315553,0.005997592497602754,0.001961424536502571,-0.0020022344082522847,0.0,0.0,-0.003171565574058454,0.0,-0.0014593764139710116,0.007984366646616748,-0.0036269675956280634,0.003958495056536072,-0.0035360884344868664,0.0,-0.007077035667077972,0.0019373019236979734,0.0019527139416770324,-0.001075804577088508,-0.005279713353317437,-0.003709386263165403,-0.00524336969758131,0.001962659823397558,0.003997645652915829,0.009859141013368357,0.001993110864517084,0.007822521408432393,0.0,0.0,agent10,0.8389767943176675
-0.4415276172280481,-0.0010293322588990365,-0.0011228638429778377,-0.004992136341183647,-0.003786215576367902,-0.0020962901191495316,-0.0033931479877169273,-0.0025883705150095554,0.003872788919125926,0.001999697475056075,-0.004934570181258116,-0.006381525273497897,0.0,-0.002788880254954682,-0.0036399715633525145,0.0039972792970373195,-0.005184506432273983,1,0.0,-0.0031813196445938906,-0.009199658826137172,0.009393276016385892,-0.004982757660462785,0.005901162542407655,-0.005494695480645849,-0.0011527377886265098,0.0,0.0019661035390866432,0.007979651380615542,0.005990295909666883,0.003715044761771421,0.005974966466295976,-0.004578854178188787,0.003999982700817279,-0.001195868029394899,0.005990149277912379,-0.0021012051874376514,-0.0035922993708557617,-0.004509836154603616,0.007297279941164549,0.0036567144730560554,-0.001713701741942192,0.0,0.0019764417412693265,0.0018696519268227864,0.001991772550819646,-0.0025700193475651787,-0.00507872066839537,0.005925771152922993,0.005999972848888739,0.007890106429863025,-0.006950321803572856,0.0039538332451352475,0.0,-0.004839360726840284,0.0019960186457145613,-0.0016920571793416078,0.007997824223168585,0.0,-0.00317979025541052,0.0058874083572663,-0.006568097825454849,-0.0054651503555093565,0.009993163644420704,-0.003662306203757337,-0.002885828497610724,0.00980231723445768,0.005551592831076126,0.0,0.005856156578578191,-0.0010572119212754504,0.003969886646095247,0.005931955688347722,0.0019457053157315553,0.005997592497602754,0.001961424536502571,-0.0020022344082522847,0.0,0.0,-0.003171565574058454,0.0,-0.0014593764139710116,0.007984366646616748,-0.0036269675956280634,0.003958495056536072,-0.0035360884344868664,0.0,-0.007077035667077972,0.0019373019236979734,0.0019527139416770324,-0.001075804577088508,-0.005279713353317437,-0.003709386263165403,-0.00524336969758131,0.001962659823397558,0.003997645652915829,0.009859141013368357,0.001993110864517084,0.007822521408432393,0.0,0.0,agent59,-0.16622812460859607
-0.4425334733846267,-0.0010293322588990365,-0.0011228638429778377,-0.004992136341183647,-0.003786215576367902,-0.0020962901191495316,-0.0033931479877169273,-0.0025883705150095554,0.003872788919125926,0.001999697475056075,-0.004934570181258116,-0.006381525273497897,0.0,-0.002788880254954682,-0.0036399715633525145,0.0039972792970373195,-0.005184506432273983,1,0.0,-0.0031813196445938906,-0.009199658826137172,0.009393276016385892,-0.004982757660462785,0.005901162542407655,-0.005494695480645849,-0.0011527377886265098,0.0,0.0019661035390866432,0.007979651380615542,0.005990295909666883,0.003715044761771421,0.005974966466295976,-0.004578854178188787,0.003999982700817279,-0.001195868029394899,0.005990149277912379,-0.0021012051874376514,-0.0035922993708557617,-0.004509836154603616,0.007297279941164549,0.0036567144730560554,-0.001713701741942192,0.0,0.0019764417412693265,0.0018696519268227864,0.001991772550819646,-0.0025700193475651787,-0.00507872066839537,0.005925771152922993,0.005999972848888739,0.007890106429863025,-0.006950321803572856,0.0039538332451352475,0.0,-0.004839360726840284,0.0019960186457145613,-0.0016920571793416078,0.007997824223168585,0.0,-0.00317979025541052,0.0058874083572663,-0.006568097825454849,-0.0054651503555093565,0.009993163644420704,-0.003662306203757337,-0.002885828497610724,0.00980231723445768,0.005551592831076126,0.0,0.0078084253565656354,-0.0010572119212754504,0.003969886646095247,0.005931955688347722,0.0019457053157315553,0.005997592497602754,0.001961424536502571,-0.0020022344082522847,0.0,0.0,-0.003171565574058454,0.0,-0.0014593764139710116,0.007984366646616748,-0.0036269675956280634,0.003958495056536072,-0.0035360884344868664,0.0,-0.007077035667077972,0.0019373019236979734,0.0019527139416770324,-0.001075804577088508,-0.005279713353317437,-0.003709386263165403,-0.00524336969758131,0.001962659823397558,0.003997645652915829,0.009859141013368357,0.001993110864517084,0.007822521408432393,0.0,0.0,agent68,-0.7504975899197501
-0.44353518708636863,-0.0010293322588990365,-0.0011228638429778377,-0.004992136341183647,-0.003786215576367902,-0.0020962901191495316,-0.0033931479877169273,-0.0025883705150095554,0.003872788919125926,0.001999697475056075,-0.004934570181258116,-0.006381525273497897,0.0,-0.002788880254954682,-0.0036399715633525145,0.0039972792970373195,-0.005184506432273983,1,0.0,-0.0031813196445938906,-0.009199658826137172,0.009393276016385892,-0.004982757660462785,0.005901162542407655,-0.005494695480645849,-0.0011527377886265098,0.0,0.0019661035390866432,0.007979651380615542,0.005990295909666883,0.003715044761771421,0.005974966466295976,-0.004578854178188787,0.003999982700817279,-0.001195868029394899,0.005990149277912379,-0.0021012051874376514,-0.0035922993708557617,-0.004509836154603616,0.007297279941164549,0.0036567144730560554,-0.00333164969336095,0.0,0.0019764417412693265,0.0018696519268227864,0.001991772550819646,-0.0025700193475651787,-0.00507872066839537,0.005925771152922993,0.005999972848888739,0.007890106429863025,-0.006950321803572856,0.0039538332451352475,0.0,-0.004839360726840284,0.0019960186457145613,-0.0016920571793416078,0.007997824223168585,0.0,-0.00317979025541052,0.0058874083572663,-0.006568097825454849,-0.0054651503555093565,0.009993163644420704,-0.003662306203757337,-0.002885828497610724,0.00980231723445768,0.005551592831076126,0.0,0.0078084253565656354,-0.0010572119212754504,0.003969886646095247,0.005931955688347722,0.0019457053157315553,0.005997592497602754,0.001961424536502571,-0.0020022344082522847,0.0,0.0,-0.003171565574058454,0.0,-0.0014593764139710116,0.007984366646616748,-0.0036269675956280634,0.003958495056536072,-0.0035360884344868664,0.0,-0.007077035667077972,0.0019373019236979734,0.0019527139416770324,-0.001075804577088508,-0.005279713353317437,-0.003709386263165403,-0.00524336969758131,0.001962659823397558,0.003997645652915829,0.009859141013368357,0.001993110864517084,0.007822521408432393,0.0,0.0,agent40,0.431597007243113
-0.444538973301945,-0.0010293322588990365,-0.0011228638429778377,-0.004992136341183647,-0.005665848477363321,-0.0020962901191495316,-0.0033931479877169273,-0.0025883705150095554,0.003872788919125926,0.001999697475056075,-0.004934570181258116,-0.006381525273497897,0.0,-0.002788880254954682,-0.0036399715633525145,0.0039972792970373195,-0.005184506432273983,1,0.0,-0.0031813196445938906,-0.009199658826137172,0.009393276016385892,-0.004982757660462785,0.005901162542407655,-0.005494695480645849,-0.0011527377886265098,0.0,0.0019661035390866432,0.007979651380615542,0.005990295909666883,0.003715044761771421,0.005974966466295976,-0.004578854178188787,0.003999982700817279,-0.001195868029394899,0.005990149277912379,-0.0021012051874376514,-0.0035922993708557617,-0.004509836154603616,0.007297279941164549,0.0036567144730560554,-0.00333164969336095,0.0,0.0019764417412693265,0.0018696519268227864,0.001991772550819646,-0.0025700193475651787,-0.00507872066839537,0.005925771152922993,0.005999972848888739,0.007890106429863025,-0.006950321803572856,0.0039538332451352475,0.0,-0.004839360726840284,0.0019960186457145613,-0.0016920571793416078,0.007997824223168585,0.0,-0.00317979025541052,0.0058874083572663,-0.006568097825454849,-0.0054651503555093565,0.009993163644420704,-0.003662306203757337,-0.002885828497610724,0.00980231723445768,0.005551592831076126,0.0,0.0078084253565656354,-0.0010572119212754504,0.003969886646095247,0.005931955688347722,0.0019457053157315553,0.005997592497602754,0.001961424536502571,-0.0020022344082522847,0.0,0.0,-0.003171565574058454,0.0,-0.0014593764139710116,0.007984366646616748,-0.0036269675956280634,0.003958495056536072,-0.0035360884344868664,0.0,-0.007077035667077972,0.0019373019236979734,0.0019527139416770324,-0.001075804577088508,-0.005279713353317437,-0.003709386263165403,-0.00524336969758131,0.001962659823397558,0.003997645652915829,0.009859141013368357,0.001993110864517084,0.007822521408432393,0.0,0.0,agent3,0.047111526964752154
-0.4455426002695406,-0.0010293322588990365,-0.0011228638429778377,-0.004992136341183647,-0.005665848477363321,-0.0020962901191495316,-0.0033931479877169273,-0.0025883705150095554,0.003872788919125926,0.001999697475056075,-0.004934570181258116,-0.006381525273497897,0.0,-0.002788880254954682,-0.0036399715633525145,0.0039972792970373195,-0.005184506432273983,1,0.0,-0.0031813196445938906,-0.009199658826137172,0.009393276016385892,-0.004982757660462785,0.005901162542407655,-0.005494695480645849,-0.0011527377886265098,0.0,0.0019661035390866432,0.007979651380615542,0.005990295909666883,0.003715044761771421,0.005974966466295976,-0.004578854178188787,0.003999982700817279,-0.001195868029394899,0.005990149277912379,-0.0021012051874376514,-0.0035922993708557617,-0.004509836154603616,0.007297279941164549,0.0036567144730560554,-0.00333164969336095,0.0,0.0019764417412693265,0.0018696519268227864,0.001991772550819646,-0.0025700193475651787,-0.00507872066839537,0.005925771152922993,0.005999972848888739,0.007890106429863025,-0.006950321803572856,0.0039538332451352475,0.0,-0.004839360726840284,0.0019960186457145613,-0.0016920571793416078,0.007997824223168585,0.0,-0.00317979025541052,0.0058874083572663,-0.006568097825454849,-0.0054651503555093565,0.009993163644420704,-0.003662306203757337,-0.002885828497610724,0.00980231723445768,0.005551592831076126,0.0,0.0078084253565656354,-0.0010572119212754504,0.003969886646095247,0.005931955688347722,0.0019457053157315553,0.005997592497602754,0.001961424536502571,-0.0020022344082522847,0.0,0.0,-0.003171565574058454,0.0,-0.0014593764139710116,0.007984366646616748,-0.0045836211729339445,0.003958495056536072,-0.0035360884344868664,0.0,-0.007077035667077972,0.0019373019236979734,0.0019527139416770324,-0.001075804577088508,-0.005279713353317437,-0.003709386263165403,-0.00524336969758131,0.001962659823397558,0.003997645652915829,0.009859141013368357,0.001993110864517084,0.007822521408432393,0.0,0.0,agent82,1
-0.4465445767112819,-0.0010293322588990365,-0.0011228638429778377,-0.004992136341183647,-0.005665848477363321,-0.0020962901191495316,-0.0033931479877169273,-0.0025883705150095554,0.003872788919125926,0.001999697475056075,-0.004934570181258116,-0.006381525273497897,0.0,-0.002788880254954682,-0.0036399715633525145,0.0039972792970373195,-0.005184506432273983,1,0.0,-0.0031813196445938906,-0.009199658826137172,0.009393276016385892,-0.004982757660462785,0.005901162542407655,-0.005494695480645849,-0.0011527377886265098,0.0,0.0019661035390866432,0.007979651380615542,0.005990295909666883,0.003715044761771421,0.005974966466295976,-0.004578854178188787,0.003999982700817279,-0.001195868029394899,0.005990149277912379,-0.0021012051874376514,-0.0035922993708557617,-0.004509836154603616,0.007297279941164549,0.0036567144730560554,-0.00333164969336095,0.0,0.0039526708925648225,0.0018696519268227864,0.001991772550819646,-0.0025700193475651787,-0.00507872066839537,0.005925771152922993,0.005999972848888739,0.007890106429863025,-0.006950321803572856,0.0039538332451352475,0.0,-0.004839360726840284,0.0019960186457145613,-0.0016920571793416078,0.007997824223168585,0.0,-0.00317979025541052,0.0058874083572663,-0.006568097825454849,-0.0054651503555093565,0.009993163644420704,-0.003662306203757337,-0.002885828497610724,0.00980231723445768,0.005551592831076126,0.0,0.0078084253565656354,-0.0010572119212754504,0.003969886646095247,0.005931955688347722,0.0019457053157315553,0.005997592497602754,0.001961424536502571,-0.0020022344082522847,0.0,0.0,-0.003171565574058454,0.0,-0.0014593764139710116,0.007984366646616748,-0.0045836211729339445,0.003958495056536072,-0.0035360884344868664,0.0,-0.007077035667077972,0.0019373019236979734,0.0019527139416770324,-0.001075804577088508,-0.005279713353317437,-0.003709386263165403,-0.00524336969758131,0.001962659823397558,0.003997645652915829,0.009859141013368357,0.001993110864517084,0.007822521408432393,0.0,0.0,agent42,-0.6635831868790221
-0.447551653746949,-0.0010293322588990365,-0.0011228638429778377,-0.004992136341183647,-0.005665848477363321,-0.0020962901191495316,-0.0033931479877169273,-0.0025883705150095554,0.003872788919125926,0.001999697475056075,-0.004934570181258116,-0.006381525273497897,0.0,-0.002788880254954682,-0.0036399715633525145,0.0039972792970373195,-0.005184506432273983,1,0.0,-0.0031813196445938906,-0.009199658826137172,0.009393276016385892,-0.004982757660462785,0.005901162542407655,-0.005494695480645849,-0.0011527377886265098,0.0,0.0019661035390866432,0.007979651380615542,0.005990295909666883,0.003715044761771421,0.005974966466295976,-0.004578854178188787,0.003999982700817279,-0.001195868029394899,0.005990149277912379,-0.0021012051874376514,-0.0035922993708557617,-0.004509836154603616,0.007297279941164549,0.0036567144730560554,-0.00333164969336095,0.0,0.0039526708925648225,0.0018696519268227864,0.001991772550819646,-0.0025700193475651787,-0.00507872066839537,0.005925771152922993,0.005999972848888739,0.007890106429863025,-0.006950321803572856,0.0039538332451352475,0.0,-0.004839360726840284,0.0019960186457145613,-0.0016920571793416078,0.007997824223168585,0.0,-0.00317979025541052,0.0058874083572663,-0.006568097825454849,-0.0054651503555093565,0.009993163644420704,-0.003662306203757337,-0.002885828497610724,0.00980231723445768,0.005551592831076126,0.0,0.0078084253565656354,-0.0010572119212754504,0.003969886646095247,0.005931955688347722,0.0019457053157315553,0.005997592497602754,0.001961424536502571,-0.0020022344082522847,0.0,0.0,-0.003171565574058454,0.0,-0.0014593764139710116,0.007984366646616748,-0.0045836211729339445,0.003958495056536072,-0.0035360884344868664,0.0,-0.008712957581027081,0.0019373019236979734,0.0019527139416770324,-0.001075804577088508,-0.005279713353317437,-0.003709386263165403,-0.00524336969758131,0.001962659823397558,0.003997645652915829,0.009859141013368357,0.001993110864517084,0.007822521408432393,0.0,0.0,agent86,0.4067760969523653
-0.446551653746949,-0.0010293322588990365,-0.0011228638429778377,-0.004992136341183647,-0.005665848477363321,-0.0020962901191495316,-0.0033931479877169273,-0.0025883705150095554,0.003872788919125926,0.001999697475056075,-0.004934570181258116,-0.006381525273497897,0.0,-0.002788880254954682,-0.0036399715633525145,0.0039972792970373195,-0.005184506432273983,1,0.0,-0.0031813196445938906,-0.009199658826137172,0.009393276016385892,-0.004982757660462785,0.005901162542407655,-0.005494695480645849,-0.0011527377886265098,-0.0012136254824746326,0.0019661035390866432,0.007979651380615542,0.005990295909666883,0.003715044761771421,0.005974966466295976,-0.004578854178188787,0.003999982700817279,-0.001195868029394899,0.005990149277912379,-0.0021012051874376514,-0.0035922993708557617,-0.004509836154603616,0.007297279941164549,0.0036567144730560554,-0.00333164969336095,0.0,0.0039526708925648225,0.0018696519268227864,0.001991772550819646,-0.0025700193475651787,-0.00507872066839537,0.005925771152922993,0.005999972848888739,0.007890106429863025,-0.006950321803572856,0.0039538332451352475,0.0,-0.004839360726840284,0.0019960186457145613,-0.0016920571793416078,0.007997824223168585,0.0,-0.00317979025541052,0.0058874083572663,-0.006568097825454849,-0.0054651503555093565,0.009993163644420704,-0.003662306203757337,-0.002885828497610724,0.00980231723445768,0.005551592831076126,0.0,0.0078084253565656354,-0.0010572119212754504,0.003969886646095247,0.005931955688347722,0.0019457053157315553,0.005997592497602754,0.001961424536502571,-0.0020022344082522847,0.0,0.0,-0.003171565574058454,0.0,-0.0014593764139710116,0.007984366646616748,-0.0045836211729339445,0.003958495056536072,-0.0035360884344868664,0.0,-0.008712957581027081,0.0019373019236979734,0.0019527139416770324,-0.001075804577088508,-0.005279713353317437,-0.003709386263165403,-0.00524336969758131,0.001962659823397558,0.003997645652915829,0.009859141013368357,0.001993110864517084,0.007822521408432393,0.0,0.0,agent25,0.8065412594978133
-0.4475562326011272,-0.0010293322588990365,-0.0011228638429778377,-0.004992136341183647,-0.005665848477363321,-0.0020962901191495316,-0.0033931479877169273,-0.0025883705150095554,0.003872788919125926,0.001999697475056075,-0.004934570181258116,-0.006381525273497897,0.0,-0.002788880254954682,-0.0036399715633525145,0.0039972792970373195,-0.005184506432273983,1,0.0,-0.0031813196445938906,-0.009199658826137172,0.009393276016385892,-0.004982757660462785,0.005901162542407655,-0.005494695480645849,-0.0011527377886265098,-0.0012136254824746326,0.0019661035390866432,0.007979651380615542,0.005990295909666883,0.003715044761771421,0.005974966466295976,-0.006010708495061483,0.003999982700817279,-0.001195868029394899,0.005990149277912379,-0.0021012051874376514,-0.0035922993708557617,-0.004509836154603616,0.007297279941164549,0.0036567144730560554,-0.00333164969336095,0.0,0.0039526708925648225,0.0018696519268227864,0.001991772550819646,-0.0025700193475651787,-0.00507872066839537,0.005925771152922993,0.005999972848888739,0.007890106429863025,-0.006950321803572856,0.0039538332451352475,0.0,-0.004839360726840284,0.0019960186457145613,-0.0016920571793416078,0.007997824223168585,0.0,-0.00317979025541052,0.0058874083572663,-0.006568097825454849,-0.0054651503555093565,0.009993163644420704,-0.003662306203757337,-0.002885828497610724,0.00980231723445768,0.005551592831076126,0.0,0.0078084253565656354,-0.0010572119212754504,0.003969886646095247,0.005931955688347722,0.0019457053157315553,0.005997592497602754,0.001961424536502571,-0.0020022344082522847,0.0,0.0,-0.003171565574058454,0.0,-0.0014593764139710116,0.007984366646616748,-0.0045836211729339445,0.003958495056536072,-0.0035360884344868664,0.0,-0.008712957581027081,0.0019373019236979734,0.0019527139416770324,-0.001075804577088508,-0.005279713353317437,-0.003709386263165403,-0.00524336969758131,0.001962659823397558,0.003997645652915829,0.009859141013368357,0.001993110864517084,0.007822521408432393,0.0,0.0,agent31,0.6194180298062973
-0.44855818531506886,-0.0010293322588990365,-0.0011228638429778377,-0.004992136341183647,-0.005665848477363321,-0.0020962901191495316,-0.0033931479877169273,-0.0025883705150095554,0.003872788919125926,0.001999697475056075,-0.004934570181258116,-0.006381525273497897,0.0,-0.002788880254954682,-0.0036399715633525145,0.0039972792970373195,-0.005184506432273983,1,0.0,-0.0031813196445938906,-0.009199658826137172,0.009393276016385892,-0.004982757660462785,0.005901162542407655,-0.005494695480645849,-0.0011527377886265098,-0.0012136254824746326,0.0019661035390866432,0.007979651380615542,0.005990295909666883,0.003715044761771421,0.005974966466295976,-0.006010708495061483,0.003999982700817279,-0.001195868029394899,0.005990149277912379,-0.0021012051874376514,-0.0035922993708557617,-0.004509836154603616,0.007297279941164549,0.0036567144730560554,-0.00333164969336095,0.0,0.0039526708925648225,0.0018696519268227864,0.001991772550819646,-0.0025700193475651787,-0.00507872066839537,0.005925771152922993,0.005999972848888739,0.007890106429863025,-0.006950321803572856,0.0039538332451352475,0.0,-0.004839360726840284,0.0019960186457145613,-0.0016920571793416078,0.007997824223168585,0.0,-0.00317979025541052,0.0058874083572663,-0.006568097825454849,-0.0054651503555093565,0.009993163644420704,-0.003662306203757337,-0.002885828497610724,0.00980231723445768,0.005551592831076126,0.0,0.0078084253565656354,-0.0010572119212754504,0.003969886646095247,0.005931955688347722,0.0019457053157315553,0.005997592497602754,0.001961424536502571,-0.0020022344082522847,0.0,0.0,-0.003171565574058454,0.0,-0.0014593764139710116,0.007984366646616748,-0.0045836211729339445,0.003958495056536072,-0.0035360884344868664,0.0,-0.008712957581027081,0.0019373019236979734,0.003905124850843945,-0.001075804577088508,-0.005279713353317437,-0.003709386263165403,-0.00524336969758131,0.001962659823397558,0.003997645652915829,0.009859141013368357,0.001993110864517084,0.007822521408432393,0.0,0.0,agent88,-0.7560658461728521
-0.44956326403573726,-0.0010293322588990365,-0.0011228638429778377,-0.004992136341183647,-0.005665848477363321,-0.0020962901191495316,-0.0033931479877169273,-0.0025883705150095554,0.003872788919125926,0.001999697475056075,-0.004934570181258116,-0.006381525273497897,0.0,-0.002788880254954682,-0.0036399715633525145,0.0039972792970373195,-0.005184506432273983,1,0.0,-0.0031813196445938906,-0.009199658826137172,0.009393276016385892,-0.004982757660462785,0.005901162542407655,-0.005494695480645849,-0.0011527377886265098,-0.0012136254824746326,0.0019661035390866432,0.007979651380615542,0.005990295909666883,0.003715044761771421,0.005974966466295976,-0.006010708495061483,0.003999982700817279,-0.001195868029394899,0.005990149277912379,-0.0021012051874376514,-0.0035922993708557617,-0.004509836154603616,0.007297279941164549,0.0036567144730560554,-0.00333164969336095,0.0,0.0039526708925648225,0.0018696519268227864,0.001991772550819646,-0.0025700193475651787,-0.006664023451172114,0.005925771152922993,0.005999972848888739,0.007890106429863025,-0.006950321803572856,0.0039538332451352475,0.0,-0.004839360726840284,0.0019960186457145613,-0.0016920571793416078,0.007997824223168585,0.0,-0.00317979025541052,0.0058874083572663,-0.006568097825454849,-0.0054651503555093565,0.009993163644420704,-0.003662306203757337,-0.002885828497610724,0.00980231723445768,0.005551592831076126,0.0,0.0078084253565656354,-0.0010572119212754504,0.003969886646095247,0.005931955688347722,0.0019457053157315553,0.005997592497602754,0.001961424536502571,-0.0020022344082522847,0.0,0.0,-0.003171565574058454,0.0,-0.0014593764139710116,0.007984366646616748,-0.0045836211729339445,0.003958495056536072,-0.0035360884344868664,0.0,-0.008712957581027081,0.0019373019236979734,0.003905124850843945,-0.001075804577088508,-0.005279713353317437,-0.003709386263165403,-0.00524336969758131,0.001962659823397558,0.003997645652915829,0.009859141013368357,0.001993110864517084,0.007822521408432393,0.0,0.0,agent46,0.46215276468306976
-0.4505724636945634,-0.0010293322588990365,-0.0011228638429778377,-0.004992136341183647,-0.005665848477363321,-0.0020962901191495316,-0.0033931479877169273,-0.0025883705150095554,0.003872788919125926,0.001999697475056075,-0.004934570181258116,-0.006381525273497897,0.0,-0.002788880254954682,-0.0036399715633525145,0.0039972792970373195,-0.005184506432273983,1,0.0,-0.0031813196445938906,-0.010149041997916202,0.009393276016385892,-0.004982757660462785,0.005901162542407655,-0.005494695480645849,-0.0011527377886265098,-0.0012136254824746326,0.0019661035390866432,0.007979651380615542,0.005990295909666883,0.003715044761771421,0.005974966466295976,-0.006010708495061483,0.003999982700817279,-0.001195868029394899,0.005990149277912379,-0.0021012051874376514,-0.0035922993708557617,-0.004509836154603616,0.007297279941164549,0.0036567144730560554,-0.00333164969336095,0.0,0.0039526708925648225,0.0018696519268227864,0.001991772550819646,-0.0025700193475651787,-0.006664023451172114,0.005925771152922993,0.005999972848888739,0.007890106429863025,-0.006950321803572856,0.0039538332451352475,0.0,-0.004839360726840284,0.0019960186457145613,-0.0016920571793416078,0.007997824223168585,0.0,-0.00317979025541052,0.0058874083572663,-0.006568097825454849,-0.0054651503555093565,0.009993163644420704,-0.003662306203757337,-0.002885828497610724,0.00980231723445768,0.005551592831076126,0.0,0.0078084253565656354,-0.0010572119212754504,0.003969886646095247,0.005931955688347722,0.0019457053157315553,0.005997592497602754,0.001961424536502571,-0.0020022344082522847,0.0,0.0,-0.003171565574058454,0.0,-0.0014593764139710116,0.007984366646616748,-0.0045836211729339445,0.003958495056536072,-0.0035360884344868664,0.0,-0.008712957581027081,0.0019373019236979734,0.003905124850843945,-0.001075804577088508,-0.005279713353317437,-0.003709386263165403,-0.00524336969758131,0.001962659823397558,0.003997645652915829,0.009859141013368357,0.001993110864517084,0.007822521408432393,0.0,0.0,agent19,1
-0.4515761036661267,-0.0010293322588990365,-0.0011228638429778377,-0.004992136341183647,-0.005665848477363321,-0.0020962901191495316,-0.0033931479877169273,-0.0025883705150095554,0.003872788919125926,0.001999697475056075,-0.004934570181258116,-0.006381525273497897,0.0,-0.002788880254954682,-0.0053282392674613415,0.0039972792970373195,-0.005184506432273983,1,0.0,-0.0031813196445938906,-0.010149041997916202,0.009393276016385892,-0.004982757660462785,0.005901162542407655,-0.005494695480645849,-0.0011527377886265098,-0.0012136254824746326,0.0019661035390866432,0.007979651380615542,0.005990295909666883,0.003715044761771421,0.005974966466295976,-0.006010708495061483,0.003999982700817279,-0.001195868029394899,0.005990149277912379,-0.0021012051874376514,-0.0035922993708557617,-0.004509836154603616,0.007297279941164549,0.0036567144730560554,-0.00333164969336095,0.0,0.0039526708925648225,0.0018696519268227864,0.001991772550819646,-0.0025700193475651787,-0.006664023451172114,0.005925771152922993,0.005999972848888739,0.007890106429863025,-0.006950321803572856,0.0039538332451352475,0.0,-0.004839360726840284,0.0019960186457145613,-0.0016920571793416078,0.007997824223168585,0.0,-0.00317979025541052,0.0058874083572663,-0.006568097825454849,-0.0054651503555093565,0.009993163644420704,-0.003662306203757337,-0.002885828497610724,0.00980231723445768,0.005551592831076126,0.0,0.0078084253565656354,-0.0010572119212754504,0.003969886646095247,0.005931955688347722,0.0019457053157315553,0.005997592497602754,0.001961424536502571,-0.0020022344082522847,0.0,0.0,-0.003171565574058454,0.0,-0.0014593764139710116,0.007984366646616748,-0.0045836211729339445,0.003958495056536072,-0.0035360884344868664,0.0,-0.008712957581027081,0.0019373019236979734,0.003905124850843945,-0.001075804577088508,-0.005279713353317437,-0.003709386263165403,-0.00524336969758131,0.001962659823397558,0.003997645652915829,0.009859141013368357,0.001993110864517084,0.007822521408432393,0.0,0.0,agent13,0.33902527679254474
-0.45258005749937186,-0.0010293322588990365,-0.0011228638429778377,-0.004992136341183647,-0.005665848477363321,-0.0020962901191495316,-0.0033931479877169273,-0.0025883705150095554,0.003872788919125926,0.001999697475056075,-0.004934570181258116,-0.006381525273497897,0.0,-0.002788880254954682,-0.0053282392674613415,0.0039972792970373195,-0.005184506432273983,1,0.0,-0.0031813196445938906,-0.010149041997916202,0.009393276016385892,-0.004982757660462785,0.005901162542407655,-0.005494695480645849,-0.0011527377886265098,-0.0012136254824746326,0.0019661035390866432,0.007979651380615542,0.005990295909666883,0.003715044761771421,0.005974966466295976,-0.006010708495061483,0.003999982700817279,-0.001195868029394899,0.005990149277912379,-0.0021012051874376514,-0.0035922993708557617,-0.004509836154603616,0.007297279941164549,0.0036567144730560554,-0.00333164969336095,0.0,0.0039526708925648225,0.0018696519268227864,0.001991772550819646,-0.0025700193475651787,-0.006664023451172114,0.005925771152922993,0.005999972848888739,0.007890106429863025,-0.006950321803572856,0.005930647969186181,0.0,-0.004839360726840284,0.0019960186457145613,-0.0016920571793416078,0.007997824223168585,0.0,-0.00317979025541052,0.0058874083572663,-0.006568097825454849,-0.0054651503555093565,0.009993163644420704,-0.003662306203757337,-0.002885828497610724,0.00980231723445768,0.005551592831076126,0.0,0.0078084253565656354,-0.0010572119212754504,0.003969886646095247,0.005931955688347722,0.0019457053157315553,0.005997592497602754,0.001961424536502571,-0.0020022344082522847,0.0,0.0,-0.003171565574058454,0.0,-0.0014593764139710116,0.007984366646616748,-0.0045836211729339445,0.003958495056536072,-0.0035360884344868664,0.0,-0.008712957581027081,0.0019373019236979734,0.003905124850843945,-0.001075804577088508,-0.005279713353317437,-0.003709386263165403,-0.00524336969758131,0.001962659823397558,0.003997645652915829,0.009859141013368357,0.001993110864517084,0.007822521408432393,0.0,0.0,agent51,-0.23623787692007683
-0.453582153789491,-0.0010293322588990365,-0.0011228638429778377,-0.004992136341183647,-0.005665848477363321,-0.0030412957074270924,-0.0033931479877169273,-0.0025883705150095554,0.003872788919125926,0.001999697475056075,-0.004934570181258116,-0.006381525273497897,0.0,-0.002788880254954682,-0.0053282392674613415,0.0039972792970373195,-0.005184506432273983,1,0.0,-0.0031813196445938906,-0.010149041997916202,0.009393276016385892,-0.004982757660462785,0.005901162542407655,-0.005494695480645849,-0.0011527377886265098,-0.0012136254824746326,0.0019661035390866432,0.007979651380615542,0.005990295909666883,0.003715044761771421,0.005974966466295976,-0.006010708495061483,0.003999982700817279,-0.001195868029394899,0.005990149277912379,-0.0021012051874376514,-0.0035922993708557617,-0.004509836154603616,0.007297279941164549,0.0036567144730560554,-0.00333164969336095,0.0,0.0039526708925648225,0.0018696519268227864,0.001991772550819646,-0.0025700193475651787,-0.006664023451172114,0.005925771152922993,0.005999972848888739,0.007890106429863025,-0.006950321803572856,0.005930647969186181,0.0,-0.004839360726840284,0.0019960186457145613,-0.0016920571793416078,0.007997824223168585,0.0,-0.00317979025541052,0.0058874083572663,-0.006568097825454849,-0.0054651503555093565,0.009993163644420704,-0.003662306203757337,-0.002885828497610724,0.00980231723445768,0.005551592831076126,0.0,0.0078084253565656354,-0.0010572119212754504,0.003969886646095247,0.005931955688347722,0.0019457053157315553,0.005997592497602754,0.001961424536502571,-0.0020022344082522847,0.0,0.0,-0.003171565574058454,0.0,-0.0014593764139710116,0.007984366646616748,-0.0045836211729339445,0.003958495056536072,-0.0035360884344868664,0.0,-0.008712957581027081,0.0019373019236979734,0.003905124850843945,-0.001075804577088508,-0.005279713353317437,-0.003709386263165403,-0.00524336969758131,0.001962659823397558,0.003997645652915829,0.009859141013368357,0.001993110864517084,0.007822521408432393,0.0,0.0,agent4,1
-0.4545899763108994,-0.0010293322588990365,-0.0011228638429778377,-0.004992136341183647,-0.005665848477363321,-0.0030412957074270924,-0.0033931479877169273,-0.0025883705150095554,0.003872788919125926,0.001999697475056075,-0.004934570181258116,-0.006381525273497897,0.0,-0.002788880254954682,-0.0053282392674613415,0.0039972792970373195,-0.005184506432273983,1,0.0,-0.0031813196445938906,-0.010149041997916202,0.009393276016385892,-0.004982757660462785,0.005901162542407655,-0.005494695480645849,-0.0011527377886265098,-0.0012136254824746326,0.0019661035390866432,0.007979651380615542,0.005990295909666883,0.003715044761771421,0.005974966466295976,-0.006010708495061483,0.003999982700817279,-0.001195868029394899,0.005990149277912379,-0.0021012051874376514,-0.0035922993708557617,-0.004509836154603616,0.007297279941164549,0.0036567144730560554,-0.00333164969336095,0.0,0.0039526708925648225,0.0018696519268227864,0.001991772550819646,-0.0025700193475651787,-0.006664023451172114,0.005925771152922993,0.005999972848888739,0.007890106429863025,-0.006950321803572856,0.005930647969186181,0.0,-0.004839360726840284,0.0019960186457145613,-0.0016920571793416078,0.007997824223168585,0.0,-0.00317979025541052,0.0058874083572663,-0.006568097825454849,-0.0054651503555093565,0.009993163644420704,-0.003662306203757337,-0.002885828497610724,0.00980231723445768,0.005551592831076126,0.0,0.0078084253565656354,-0.0010572119212754504,0.003969886646095247,0.005931955688347722,0.0019457053157315553,0.005997592497602754,0.001961424536502571,-0.0020022344082522847,0.0,0.0,-0.003171565574058454,0.0,-0.0014593764139710116,0.007984366646616748,-0.0045836211729339445,0.003958495056536072,-0.0035360884344868664,0.0,-0.008712957581027081,0.0019373019236979734,0.003905124850843945,-0.001075804577088508,-0.005279713353317437,-0.003709386263165403,-0.00524336969758131,0.001962659823397558,0.003997645652915829,0.009859141013368357,0.001993110864517084,0.009778762116269315,0.0,0.0,agent97,-0.749417554521308
-0.4555952560242527,-0.0010293322588990365,-0.0011228638429778377,-0.004992136341183647,-0.005665848477363321,-0.0030412957074270924,-0.0033931479877169273,-0.0025883705150095554,0.003872788919125926,0.001999697475056075,-0.004934570181258116,-0.006381525273497897,0.0,-0.002788880254954682,-0.0053282392674613415,0.0039972792970373195,-0.005184506432273983,1,0.0,-0.0031813196445938906,-0.010149041997916202,0.009393276016385892,-0.004982757660462785,0.005901162542407655,-0.005494695480645849,-0.0011527377886265098,-0.0012136254824746326,0.0019661035390866432,0.007979651380615542,0.005990295909666883,0.003715044761771421,0.005974966466295976,-0.006010708495061483,0.003999982700817279,-0.001195868029394899,0.005990149277912379,-0.0021012051874376514,-0.0035922993708557617,-0.004509836154603616,0.007297279941164549,0.0036567144730560554,-0.00333164969336095,0.0,0.0039526708925648225,0.0018696519268227864,0.001991772550819646,-0.0025700193475651787,-0.006664023451172114,0.005925771152922993,0.005999972848888739,0.007890106429863025,-0.006950321803572856,0.005930647969186181,0.0,-0.004839360726840284,0.0019960186457145613,-0.0016920571793416078,0.007997824223168585,0.0,-0.00317979025541052,0.0058874083572663,-0.006568097825454849,-0.0054651503555093565,0.009993163644420704,-0.003662306203757337,-0.002885828497610724,0.00980231723445768,0.005551592831076126,0.0,0.0078084253565656354,-0.0010572119212754504,0.003969886646095247,0.005931955688347722,0.0019457053157315553,0.005997592497602754,0.001961424536502571,-0.0020022344082522847,0.0,0.0,-0.003171565574058454,0.0,-0.0014593764139710116,0.007984366646616748,-0.0045836211729339445,0.003958495056536072,-0.0035360884344868664,0.0,-0.008712957581027081,0.0019373019236979734,0.003905124850843945,-0.001075804577088508,-0.006308538550243005,-0.003709386263165403,-0.00524336969758131,0.001962659823397558,0.003997645652915829,0.009859141013368357,0.001993110864517084,0.009778762116269315,0.0,0.0,agent90,0.9390920556278296
-0.45659920869514525,-0.0010293322588990365,-0.0011228638429778377,-0.004992136341183647,-0.005665848477363321,-0.0030412957074270924,-0.0033931479877169273,-0.0025883705150095554,0.003872788919125926,0.001999697475056075,-0.004934570181258116,-0.006381525273497897,0.0,-0.002788880254954682,-0.0053282392674613415,0.0039972792970373195,-0.005184506432273983,1,0.0,-0.0031813196445938906,-0.010149041997916202,0.009393276016385892,-0.004982757660462785,0.005901162542407655,-0.005494695480645849,-0.0011527377886265098,-0.0012136254824746326,0.0019661035390866432,0.007979651380615542,0.005990295909666883,0.003715044761771421,0.005974966466295976,-0.006010708495061483,0.003999982700817279,-0.001195868029394899,0.005990149277912379,-0.0021012051874376514,-0.0035922993708557617,-0.004509836154603616,0.007297279941164549,0.0036567144730560554,-0.00333164969336095,0.0,0.005929119402961215,0.0018696519268227864,0.001991772550819646,-0.0025700193475651787,-0.006664023451172114,0.005925771152922993,0.005999972848888739,0.007890106429863025,-0.006950321803572856,0.005930647969186181,0.0,-0.004839360726840284,0.0019960186457145613,-0.0016920571793416078,0.007997824223168585,0.0,-0.00317979025541052,0.0058874083572663,-0.006568097825454849,-0.0054651503555093565,0.009993163644420704,-0.003662306203757337,-0.002885828497610724,0.00980231723445768,0.005551592831076126,0.0,0.0078084253565656354,-0.0010572119212754504,0.003969886646095247,0.005931955688347722,0.0019457053157315553,0.005997592497602754,0.001961424536502571,-0.0020022344082522847,0.0,0.0,-0.003171565574058454,0.0,-0.0014593764139710116,0.007984366646616748,-0.0045836211729339445,0.003958495056536072,-0.0035360884344868664,0.0,-0.008712957581027081,0.0019373019236979734,0.003905124850843945,-0.001075804577088508,-0.006308538550243005,-0.003709386263165403,-0.00524336969758131,0.001962659823397558,0.003997645652915829,0.009859141013368357,0.001993110864517084,0.009778762116269315,0.0,0.0,agent42,-0.6726274637889437
-0.4576012004676961,-0.0010293322588990365,-0.0011228638429778377,-0.004992136341183647,-0.005665848477363321,-0.0030412957074270924,-0.0033931479877169273,-0.0025883705150095554,0.003872788919125926,0.001999697475056075,-0.004934570181258116,-0.006381525273497897,0.0,-0.002788880254954682,-0.0053282392674613415,0.0039972792970373195,-0.005184506432273983,1,0.0,-0.0031813196445938906,-0.010149041997916202,0.009393276016385892,-0.004982757660462785,0.005901162542407655,-0.005494695480645849,-0.0011527377886265098,-0.0012136254824746326,0.0019661035390866432,0.007979651380615542,0.005990295909666883,0.003715044761771421,0.005974966466295976,-0.006010708495061483,0.003999982700817279,-0.001195868029394899,0.005990149277912379,-0.0021012051874376514,-0.0035922993708557617,-0.004509836154603616,0.007297279941164549,0.0036567144730560554,-0.00333164969336095,0.0,0.005929119402961215,0.0018696519268227864,0.00398328888744519,-0.0025700193475651787,-0.006664023451172114,0.005925771152922993,0.005999972848888739,0.007890106429863025,-0.006950321803572856,0.005930647969186181,0.0,-0.004839360726840284,0.0019960186457145613,-0.0016920571793416078,0.007997824223168585,0.0,-0.00317979025541052,0.0058874083572663,-0.006568097825454849,-0.0054651503555093565,0.009993163644420704,-0.003662306203757337,-0.002885828497610724,0.00980231723445768,0.005551592831076126,0.0,0.0078084253565656354,-0.0010572119212754504,0.003969886646095247,0.005931955688347722,0.0019457053157315553,0.005997592497602754,0.001961424536502571,-0.0020022344082522847,0.0,0.0,-0.003171565574058454,0.0,-0.0014593764139710116,0.007984366646616748,-0.0045836211729339445,0.003958495056536072,-0.0035360884344868664,0.0,-0.008712957581027081,0.0019373019236979734,0.003905124850843945,-0.001075804577088508,-0.006308538550243005,-0.003709386263165403,-0.00524336969758131,0.001962659823397558,0.003997645652915829,0.009859141013368357,0.001993110864517084,0.009778762116269315,0.0,0.0,agent44,-0.5868579003395507
-0.4586030701196229,-0.0010293322588990365,-0.0011228638429778377,-0.004992136341183647,-0.005665848477363321,-0.0030412957074270924,-0.0033931479877169273,-0.0025883705150095554,0.003872788919125926,0.001999697475056075,-0.004934570181258116,-0.006381525273497897,0.0,-0.002788880254954682,-0.0053282392674613415,0.0039972792970373195,-0.005184506432273983,1,0.0,-0.0031813196445938906,-0.010149041997916202,0.009393276016385892,-0.004982757660462785,0.005901162542407655,-0.005494695480645849,-0.0011527377886265098,-0.0012136254824746326,0.0019661035390866432,0.007979651380615542,0.005990295909666883,0.003715044761771421,0.005974966466295976,-0.006010708495061483,0.003999982700817279,-0.001195868029394899,0.005990149277912379,-0.0021012051874376514,-0.0035922993708557617,-0.004509836154603616,0.007297279941164549,0.0036567144730560554,-0.00333164969336095,0.0,0.005929119402961215,0.0037388246093451516,0.00398328888744519,-0.0025700193475651787,-0.006664023451172114,0.005925771152922993,0.005999972848888739,0.007890106429863025,-0.006950321803572856,0.005930647969186181,0.0,-0.004839360726840284,0.0019960186457145613,-0.0016920571793416078,0.007997824223168585,0.0,-0.00317979025541052,0.0058874083572663,-0.006568097825454849,-0.0054651503555093565,0.009993163644420704,-0.003662306203757337,-0.002885828497610724,0.00980231723445768,0.005551592831076126,0.0,0.0078084253565656354,-0.0010572119212754504,0.003969886646095247,0.005931955688347722,0.0019457053157315553,0.005997592497602754,0.001961424536502571,-0.0020022344082522847,0.0,0.0,-0.003171565574058454,0.0,-0.0014593764139710116,0.007984366646616748,-0.0045836211729339445,0.003958495056536072,-0.0035360884344868664,0.0,-0.008712957581027081,0.0019373019236979734,0.003905124850843945,-0.001075804577088508,-0.006308538550243005,-0.003709386263165403,-0.00524336969758131,0.001962659823397558,0.003997645652915829,0.009859141013368357,0.001993110864517084,0.009778762116269315,0.0,0.0,agent43,-0.9691230816763785
-0.4596090007675921,-0.0010293322588990365,-0.0011228638429778377,-0.004992136341183647,-0.005665848477363321,-0.0030412957074270924,-0.0033931479877169273,-0.0025883705150095554,0.003872788919125926,0.001999697475056075,-0.004934570181258116,-0.006381525273497897,0.0,-0.002788880254954682,-0.0053282392674613415,0.0039972792970373195,-0.005184506432273983,1,0.0,-0.0031813196445938906,-0.010149041997916202,0.009393276016385892,-0.004982757660462785,0.005901162542407655,-0.005494695480645849,-0.0011527377886265098,-0.0012136254824746326,0.0019661035390866432,0.007979651380615542,0.005990295909666883,0.003715044761771421,0.005974966466295976,-0.006010708495061483,0.003999982700817279,-0.001195868029394899,0.005990149277912379,-0.0021012051874376514,-0.0035922993708557617,-0.004509836154603616,0.007297279941164549,0.0036567144730560554,-0.00333164969336095,0.0,0.005929119402961215,0.0037388246093451516,0.00398328888744519,-0.0025700193475651787,-0.006664023451172114,0.005925771152922993,0.005999972848888739,0.007890106429863025,-0.006950321803572856,0.007907246170142964,0.0,-0.004839360726840284,0.0019960186457145613,-0.0016920571793416078,0.007997824223168585,0.0,-0.00317979025541052,0.0058874083572663,-0.006568097825454849,-0.0054651503555093565,0.009993163644420704,-0.003662306203757337,-0.002885828497610724,0.00980231723445768,0.005551592831076126,0.0,0.0078084253565656354,-0.0010572119212754504,0.003969886646095247,0.005931955688347722,0.0019457053157315553,0.005997592497602754,0.001961424536502571,-0.0020022344082522847,0.0,0.0,-0.003171565574058454,0.0,-0.0014593764139710116,0.007984366646616748,-0.0045836211729339445,0.003958495056536072,-0.0035360884344868664,0.0,-0.008712957581027081,0.0019373019236979734,0.003905124850843945,-0.001075804577088508,-0.006308538550243005,-0.003709386263165403,-0.00524336969758131,0.001962659823397558,0.003997645652915829,0.009859141013368357,0.001993110864517084,0.009778762116269315,0.0,0.0,agent51,-0.24226167767140414
-0.46061566479104327,-0.0010293322588990365,-0.0011228638429778377,-0.004992136341183647,-0.005665848477363321,-0.0030412957074270924,-0.0033931479877169273,-0.0025883705150095554,0.003872788919125926,0.001999697475056075,-0.004934570181258116,-0.006381525273497897,0.0,-0.002788880254954682,-0.0053282392674613415,0.0039972792970373195,-0.005184506432273983,1,0.0,-0.0031813196445938906,-0.010149041997916202,0.009393276016385892,-0.004982757660462785,0.005901162542407655,-0.005494695480645849,-0.0011527377886265098,-0.0012136254824746326,0.0019661035390866432,0.007979651380615542,0.005990295909666883,0.003715044761771421,0.005974966466295976,-0.006010708495061483,0.003999982700817279,-0.001195868029394899,0.005990149277912379,-0.0021012051874376514,-0.0035922993708557617,-0.004509836154603616,0.007297279941164549,0.0036567144730560554,-0.00333164969336095,0.0,0.005929119402961215,0.0037388246093451516,0.00398328888744519,-0.0025700193475651787,-0.008229886107037376,0.005925771152922993,0.005999972848888739,0.007890106429863025,-0.006950321803572856,0.007907246170142964,0.0,-0.004839360726840284,0.0019960186457145613,-0.0016920571793416078,0.007997824223168585,0.0,-0.00317979025541052,0.0058874083572663,-0.006568097825454849,-0.0054651503555093565,0.009993163644420704,-0.003662306203757337,-0.002885828497610724,0.00980231723445768,0.005551592831076126,0.0,0.0078084253565656354,-0.0010572119212754504,0.003969886646095247,0.005931955688347722,0.0019457053157315553,0.005997592497602754,0.001961424536502571,-0.0020022344082522847,0.0,0.0,-0.003171565574058454,0.0,-0.0014593764139710116,0.007984366646616748,-0.0045836211729339445,0.003958495056536072,-0.0035360884344868664,0.0,-0.008712957581027081,0.0019373019236979734,0.003905124850843945,-0.001075804577088508,-0.006308538550243005,-0.003709386263165403,-0.00524336969758131,0.001962659823397558,0.003997645652915829,0.009859141013368357,0.001993110864517084,0.009778762116269315,0.0,0.0,agent46,0.47220358139122187
-0.4616215939104462,-0.0010293322588990365,-0.0011228638429778377,-0.004992136341183647,-0.005665848477363321,-0.0030412957074270924,-0.0033931479877169273,-0.0025883705150095554,0.003872788919125926,0.001999697475056075,-0.004934570181258116,-0.006381525273497897,0.0,-0.002788880254954682,-0.0053282392674613415,0.0039972792970373195,-0.005184506432273983,1,0.0,-0.0031813196445938906,-0.010149041997916202,0.009393276016385892,-0.004982757660462785,0.005901162542407655,-0.005494695480645849,-0.0011527377886265098,-0.0012136254824746326,0.0019661035390866432,0.007979651380615542,0.005990295909666883,0.003715044761771421,0.005974966466295976,-0.006010708495061483,0.003999982700817279,-0.001195868029394899,0.005990149277912379,-0.0021012051874376514,-0.0035922993708557617,-0.004509836154603616,0.007297279941164549,0.0036567144730560554,-0.00333164969336095,0.0,0.007905785498321275,0.0037388246093451516,0.00398328888744519,-0.0025700193475651787,-0.008229886107037376,0.005925771152922993,0.005999972848888739,0.007890106429863025,-0.006950321803572856,0.007907246170142964,0.0,-0.004839360726840284,0.0019960186457145613,-0.0016920571793416078,0.007997824223168585,0.0,-0.00317979025541052,0.0058874083572663,-0.006568097825454849,-0.0054651503555093565,0.009993163644420704,-0.003662306203757337,-0.002885828497610724,0.00980231723445768,0.005551592831076126,0.0,0.0078084253565656354,-0.0010572119212754504,0.003969886646095247,0.005931955688347722,0.0019457053157315553,0.005997592497602754,0.001961424536502571,-0.0020022344082522847,0.0,0.0,-0.003171565574058454,0.0,-0.0014593764139710116,0.007984366646616748,-0.0045836211729339445,0.003958495056536072,-0.0035360884344868664,0.0,-0.008712957581027081,0.0019373019236979734,0.003905124850843945,-0.001075804577088508,-0.006308538550243005,-0.003709386263165403,-0.00524336969758131,0.001962659823397558,0.003997645652915829,0.009859141013368357,0.001993110864517084,0.009778762116269315,0.0,0.0,agent42,-0.6766429993574795
-0.4626272597589236,-0.0010293322588990365,-0.0011228638429778377,-0.004992136341183647,-0.007531799920151299,-0.0030412957074270924,-0.0033931479877169273,-0.0025883705150095554,0.003872788919125926,0.001999697475056075,-0.004934570181258116,-0.006381525273497897,0.0,-0.002788880254954682,-0.0053282392674613415,0.0039972792970373195,-0.005184506432273983,1,0.0,-0.0031813196445938906,-0.010149041997916202,0.009393276016385892,-0.004982757660462785,0.005901162542407655,-0.005494695480645849,-0.0011527377886265098,-0.0012136254824746326,0.0019661035390866432,0.007979651380615542,0.005990295909666883,0.003715044761771421,0.005974966466295976,-0.006010708495061483,0.003999982700817279,-0.001195868029394899,0.005990149277912379,-0.0021012051874376514,-0.0035922993708557617,-0.004509836154603616,0.007297279941164549,0.0036567144730560554,-0.00333164969336095,0.0,0.007905785498321275,0.0037388246093451516,0.00398328888744519,-0.0025700193475651787,-0.008229886107037376,0.005925771152922993,0.005999972848888739,0.007890106429863025,-0.006950321803572856,0.007907246170142964,0.0,-0.004839360726840284,0.0019960186457145613,-0.0016920571793416078,0.007997824223168585,0.0,-0.00317979025541052,0.0058874083572663,-0.006568097825454849,-0.0054651503555093565,0.009993163644420704,-0.003662306203757337,-0.002885828497610724,0.00980231723445768,0.005551592831076126,0.0,0.0078084253565656354,-0.0010572119212754504,0.003969886646095247,0.005931955688347722,0.0019457053157315553,0.005997592497602754,0.001961424536502571,-0.0020022344082522847,0.0,0.0,-0.003171565574058454,0.0,-0.0014593764139710116,0.007984366646616748,-0.0045836211729339445,0.003958495056536072,-0.0035360884344868664,0.0,-0.008712957581027081,0.0019373019236979734,0.003905124850843945,-0.001075804577088508,-0.006308538550243005,-0.003709386263165403,-0.00524336969758131,0.001962659823397558,0.003997645652915829,0.009859141013368357,0.001993110864517084,0.009778762116269315,0.0,0.0,agent3,0.05615935825373137
-0.46363327046741865,-0.0010293322588990365,-0.0011228638429778377,-0.004992136341183647,-0.007531799920151299,-0.0030412957074270924,-0.0033931479877169273,-0.0025883705150095554,0.003872788919125926,0.001999697475056075,-0.004934570181258116,-0.006381525273497897,0.0,-0.002788880254954682,-0.0053282392674613415,0.0039972792970373195,-0.005184506432273983,1,0.0,-0.0031813196445938906,-0.010149041997916202,0.009393276016385892,-0.004982757660462785,0.005901162542407655,-0.005494695480645849,-0.0011527377886265098,-0.0012136254824746326,0.0019661035390866432,0.007979651380615542,0.005990295909666883,0.003715044761771421,0.005974966466295976,-0.007408872806548693,0.003999982700817279,-0.001195868029394899,0.005990149277912379,-0.0021012051874376514,-0.0035922993708557617,-0.004509836154603616,0.007297279941164549,0.0036567144730560554,-0.00333164969336095,0.0,0.007905785498321275,0.0037388246093451516,0.00398328888744519,-0.0025700193475651787,-0.008229886107037376,0.005925771152922993,0.005999972848888739,0.007890106429863025,-0.006950321803572856,0.007907246170142964,0.0,-0.004839360726840284,0.0019960186457145613,-0.0016920571793416078,0.007997824223168585,0.0,-0.00317979025541052,0.0058874083572663,-0.006568097825454849,-0.0054651503555093565,0.009993163644420704,-0.003662306203757337,-0.002885828497610724,0.00980231723445768,0.005551592831076126,0.0,0.0078084253565656354,-0.0010572119212754504,0.003969886646095247,0.005931955688347722,0.0019457053157315553,0.005997592497602754,0.001961424536502571,-0.0020022344082522847,0.0,0.0,-0.003171565574058454,0.0,-0.0014593764139710116,0.007984366646616748,-0.0045836211729339445,0.003958495056536072,-0.0035360884344868664,0.0,-0.008712957581027081,0.0019373019236979734,0.003905124850843945,-0.001075804577088508,-0.006308538550243005,-0.003709386263165403,-0.00524336969758131,0.001962659823397558,0.003997645652915829,0.009859141013368357,0.001993110864517084,0.009778762116269315,0.0,0.0,agent31,0.6344923221580074
-0.46464326363106306,-0.0010293322588990365,-0.0011228638429778377,-0.004992136341183647,-0.007531799920151299,-0.0030412957074270924,-0.0033931479877169273,-0.0025883705150095554,0.003872788919125926,0.001999697475056075,-0.004934570181258116,-0.006381525273497897,0.0,-0.002788880254954682,-0.0053282392674613415,0.0039972792970373195,-0.005184506432273983,1,0.0,-0.0031813196445938906,-0.010149041997916202,0.009393276016385892,-0.004982757660462785,0.005901162542407655,-0.005494695480645849,-0.0011527377886265098,-0.0012136254824746326,0.0019661035390866432,0.007979651380615542,0.005990295909666883,0.003715044761771421,0.005974966466295976,-0.007408872806548693,0.003999982700817279,-0.001195868029394899,0.005990149277912379,-0.0021012051874376514,-0.0035922993708557617,-0.004509836154603616,0.007297279941164549,0.0036567144730560554,-0.00333164969336095,0.0,0.007905785498321275,0.0037388246093451516,0.00398328888744519,-0.0025700193475651787,-0.008229886107037376,0.005925771152922993,0.005999972848888739,0.007890106429863025,-0.006950321803572856,0.007907246170142964,0.0,-0.004839360726840284,0.0019960186457145613,-0.0016920571793416078,0.007997824223168585,0.0,-0.00317979025541052,0.0058874083572663,-0.006568097825454849,-0.0054651503555093565,0.01199167870361363,-0.003662306203757337,-0.002885828497610724,0.00980231723445768,0.005551592831076126,0.0,0.0078084253565656354,-0.0010572119212754504,0.003969886646095247,0.005931955688347722,0.0019457053157315553,0.005997592497602754,0.001961424536502571,-0.0020022344082522847,0.0,0.0,-0.003171565574058454,0.0,-0.0014593764139710116,0.007984366646616748,-0.0045836211729339445,0.003958495056536072,-0.0035360884344868664,0.0,-0.008712957581027081,0.0019373019236979734,0.003905124850843945,-0.001075804577088508,-0.006308538550243005,-0.003709386263165403,-0.00524336969758131,0.001962659823397558,0.003997645652915829,0.009859141013368357,0.001993110864517084,0.009778762116269315,0.0,0.0,agent62,-0.40913665025893436
-0.46564445949909244,-0.0010293322588990365,-0.0011228638429778377,-0.004992136341183647,-0.007531799920151299,-0.0030412957074270924,-0.0033931479877169273,-0.0025883705150095554,0.003872788919125926,0.001999697475056075,-0.004934570181258116,-0.006381525273497897,0.0,-0.002788880254954682,-0.0053282392674613415,0.0039972792970373195,-0.005184506432273983,1,0.0,-0.0031813196445938906,-0.010149041997916202,0.009393276016385892,-0.004982757660462785,0.005901162542407655,-0.005494695480645849,-0.0011527377886265098,-0.0012136254824746326,0.0019661035390866432,0.007979651380615542,0.005990295909666883,0.003715044761771421,0.005974966466295976,-0.007408872806548693,0.003999982700817279,-0.0022022235556289453,0.005990149277912379,-0.0021012051874376514,-0.0035922993708557617,-0.004509836154603616,0.007297279941164549,0.0036567144730560554,-0.00333164969336095,0.0,0.007905785498321275,0.0037388246093451516,0.00398328888744519,-0.0025700193475651787,-0.008229886107037376,0.005925771152922993,0.005999972848888739,0.007890106429863025,-0.006950321803572856,0.007907246170142964,0.0,-0.004839360726840284,0.0019960186457145613,-0.0016920571793416078,0.007997824223168585,0.0,-0.00317979025541052,0.0058874083572663,-0.006568097825454849,-0.0054651503555093565,0.01199167870361363,-0.003662306203757337,-0.002885828497610724,0.00980231723445768,0.005551592831076126,0.0,0.0078084253565656354,-0.0010572119212754504,0.003969886646095247,0.005931955688347722,0.0019457053157315553,0.005997592497602754,0.001961424536502571,-0.0020022344082522847,0.0,0.0,-0.003171565574058454,0.0,-0.0014593764139710116,0.007984366646616748,-0.0045836211729339445,0.003958495056536072,-0.0035360884344868664,0.0,-0.008712957581027081,0.0019373019236979734,0.003905124850843945,-0.001075804577088508,-0.006308538550243005,-0.003709386263165403,-0.00524336969758131,0.001962659823397558,0.003997645652915829,0.009859141013368357,0.001993110864517084,0.009778762116269315,0.0,0.0,agent33,0.9450690997721622
-0.4666500110919235,-0.0010293322588990365,-0.0011228638429778377,-0.004992136341183647,-0.007531799920151299,-0.0030412957074270924,-0.0033931479877169273,-0.0025883705150095554,0.003872788919125926,0.001999697475056075,-0.004934570181258116,-0.006381525273497897,0.0,-0.002788880254954682,-0.0053282392674613415,0.0039972792970373195,-0.005184506432273983,1,0.0,-0.0031813196445938906,-0.010149041997916202,0.009393276016385892,-0.004982757660462785,0.005901162542407655,-0.005494695480645849,-0.0011527377886265098,-0.0012136254824746326,0.0019661035390866432,0.007979651380615542,0.005990295909666883,0.003715044761771421,0.005974966466295976,-0.007408872806548693,0.003999982700817279,-0.0022022235556289453,0.005990149277912379,-0.0021012051874376514,-0.0035922993708557617,-0.004509836154603616,0.007297279941164549,0.0036567144730560554,-0.00333164969336095,0.0,0.007905785498321275,0.0037388246093451516,0.00398328888744519,-0.0025700193475651787,-0.008229886107037376,0.005925771152922993,0.005999972848888739,0.007890106429863025,-0.006950321803572856,0.007907246170142964,0.0,-0.004839360726840284,0.0019960186457145613,-0.0016920571793416078,0.007997824223168585,0.0,-0.00317979025541052,0.0058874083572663,-0.006568097825454849,-0.0054651503555093565,0.01199167870361363,-0.003662306203757337,-0.002885828497610724,0.00980231723445768,0.007408824909244117,0.0,0.0078084253565656354,-0.0010572119212754504,0.003969886646095247,0.005931955688347722,0.0019457053157315553,0.005997592497602754,0.001961424536502571,-0.0020022344082522847,0.0,0.0,-0.003171565574058454,0.0,-0.0014593764139710116,0.007984366646616748,-0.0045836211729339445,0.003958495056536072,-0.0035360884344868664,0.0,-0.008712957581027081,0.0019373019236979734,0.003905124850843945,-0.001075804577088508,-0.006308538550243005,-0.003709386263165403,-0.00524336969758131,0.001962659823397558,0.003997645652915829,0.009859141013368357,0.001993110864517084,0.009778762116269315,0.0,0.0,agent66,-1
-0.46765372613668527,-0.0010293322588990365,-0.0011228638429778377,-0.004992136341183647,-0.007531799920151299,-0.0030412957074270924,-0.0033931479877169273,-0.0025883705150095554,0.003872788919125926,0.001999697475056075,-0.004934570181258116,-0.006381525273497897,0.0,-0.002788880254954682,-0.0053282392674613415,0.0039972792970373195,-0.005184506432273983,1,0.0,-0.0031813196445938906,-0.010149041997916202,0.009393276016385892,-0.004982757660462785,0.005901162542407655,-0.005494695480645849,-0.0011527377886265098,-0.0012136254824746326,0.0019661035390866432,0.007979651380615542,0.005990295909666883,0.005572874984021598,0.005974966466295976,-0.007408872806548693,0.003999982700817279,-0.0022022235556289453,0.005990149277912379,-0.0021012051874376514,-0.0035922993708557617,-0.004509836154603616,0.007297279941164549,0.0036567144730560554,-0.00333164969336095,0.0,0.007905785498321275,0.0037388246093451516,0.00398328888744519,-0.0025700193475651787,-0.008229886107037376,0.005925771152922993,0.005999972848888739,0.007890106429863025,-0.006950321803572856,0.007907246170142964,0.0,-0.004839360726840284,0.0019960186457145613,-0.0016920571793416078,0.007997824223168585,0.0,-0.00317979025541052,0.0058874083572663,-0.006568097825454849,-0.0054651503555093565,0.01199167870361363,-0.003662306203757337,-0.002885828497610724,0.00980231723445768,0.007408824909244117,0.0,0.0078084253565656354,-0.0010572119212754504,0.003969886646095247,0.005931955688347722,0.0019457053157315553,0.005997592497602754,0.001961424536502571,-0.0020022344082522847,0.0,0.0,-0.003171565574058454,0.0,-0.0014593764139710116,0.007984366646616748,-0.0045836211729339445,0.003958495056536072,-0.0035360884344868664,0.0,-0.008712957581027081,0.0019373019236979734,0.003905124850843945,-0.001075804577088508,-0.006308538550243005,-0.003709386263165403,-0.00524336969758131,0.001962659823397558,0.003997645652915829,0.009859141013368357,0.001993110864517084,0.009778762116269315,0.0,0.0,agent29,-0.9998850019727228
-0.46865871827302646,-0.0010293322588990365,-0.0011228638429778377,-0.006406714821609795,-0.007531799920151299,-0.0030412957074270924,-0.0033931479877169273,-0.0025883705150095554,0.003872788919125926,0.001999697475056075,-0.004934570181258116,-0.006381525273497897,0.0,-0.002788880254954682,-0.0053282392674613415,0.0039972792970373195,-0.005184506432273983,1,0.0,-0.0031813196445938906,-0.010149041997916202,0.009393276016385892,-0.004982757660462785,0.005901162542407655,-0.005494695480645849,-0.0011527377886265098,-0.0012136254824746326,0.0019661035390866432,0.007979651380615542,0.005990295909666883,0.005572874984021598,0.005974966466295976,-0.007408872806548693,0.003999982700817279,-0.0022022235556289453,0.005990149277912379,-0.0021012051874376514,-0.0035922993708557617,-0.004509836154603616,0.007297279941164549,0.0036567144730560554,-0.00333164969336095,0.0,0.007905785498321275,0.0037388246093451516,0.00398328888744519,-0.0025700193475651787,-0.008229886107037376,0.005925771152922993,0.005999972848888739,0.007890106429863025,-0.006950321803572856,0.007907246170142964,0.0,-0.004839360726840284,0.0019960186457145613,-0.0016920571793416078,0.007997824223168585,0.0,-0.00317979025541052,0.0058874083572663,-0.006568097825454849,-0.0054651503555093565,0.01199167870361363,-0.003662306203757337,-0.002885828497610724,0.00980231723445768,0.007408824909244117,0.0,0.0078084253565656354,-0.0010572119212754504,0.003969886646095247,0.005931955688347722,0.0019457053157315553,0.005997592497602754,0.001961424536502571,-0.0020022344082522847,0.0,0.0,-0.003171565574058454,0.0,-0.0014593764139710116,0.007984366646616748,-0.0045836211729339445,0.003958495056536072,-0.0035360884344868664,0.0,-0.008712957581027081,0.0019373019236979734,0.003905124850843945,-0.001075804577088508,-0.006308538550243005,-0.003709386263165403,-0.00524336969758131,0.001962659823397558,0.003997645652915829,0.009859141013368357,0.001993110864517084,0.009778762116269315,0.0,0.0,agent2,0.6144012813133535
-0.469660711383891,-0.0010293322588990365,-0.0011228638429778377,-0.006406714821609795,-0.007531799920151299,-0.0030412957074270924,-0.0033931479877169273,-0.0025883705150095554,0.003872788919125926,0.001999697475056075,-0.004934570181258116,-0.006381525273497897,0.0,-0.002788880254954682,-0.0053282392674613415,0.0039972792970373195,-0.005184506432273983,1,0.0,-0.0031813196445938906,-0.010149041997916202,0.009393276016385892,-0.004982757660462785,0.005901162542407655,-0.005494695480645849,-0.0011527377886265098,-0.0012136254824746326,0.0019661035390866432,0.007979651380615542,0.005990295909666883,0.005572874984021598,0.005974966466295976,-0.007408872806548693,0.003999982700817279,-0.0022022235556289453,0.005990149277912379,-0.0021012051874376514,-0.0035922993708557617,-0.004509836154603616,0.007297279941164549,0.0036567144730560554,-0.00333164969336095,0.0,0.007905785498321275,0.0037388246093451516,0.00398328888744519,-0.0025700193475651787,-0.008229886107037376,0.005925771152922993,0.005999972848888739,0.007890106429863025,-0.006950321803572856,0.007907246170142964,0.0,-0.004839360726840284,0.0019960186457145613,-0.0016920571793416078,0.007997824223168585,0.0,-0.00317979025541052,0.0058874083572663,-0.006568097825454849,-0.0054651503555093565,0.01199167870361363,-0.003662306203757337,-0.002885828497610724,0.00980231723445768,0.007408824909244117,0.0,0.0078084253565656354,-0.0010572119212754504,0.003969886646095247,0.005931955688347722,0.0019457053157315553,0.005997592497602754,0.001961424536502571,-0.0020022344082522847,0.0,0.0,-0.003171565574058454,0.0,-0.0014593764139710116,0.007984366646616748,-0.0045836211729339445,0.003958495056536072,-0.0035360884344868664,0.0,-0.008712957581027081,0.0019373019236979734,0.003905124850843945,-0.001075804577088508,-0.006308538550243005,-0.003709386263165403,-0.00524336969758131,0.001962659823397558,0.003997645652915829,0.009859141013368357,0.003985986759475656,0.009778762116269315,0.0,0.0,agent96,-0.5880245847628004
-0.4706646165087418,-0.0010293322588990365,-0.0011228638429778377,-0.006406714821609795,-0.007531799920151299,-0.0030412957074270924,-0.0033931479877169273,-0.0025883705150095554,0.003872788919125926,0.001999697475056075,-0.004934570181258116,-0.006381525273497897,0.0,-0.002788880254954682,-0.0053282392674613415,0.0039972792970373195,-0.005184506432273983,1,0.0,-0.0031813196445938906,-0.010149041997916202,0.009393276016385892,-0.004982757660462785,0.005901162542407655,-0.005494695480645849,-0.0011527377886265098,-0.0012136254824746326,0.0019661035390866432,0.007979651380615542,0.005990295909666883,0.005572874984021598,0.005974966466295976,-0.007408872806548693,0.003999982700817279,-0.0022022235556289453,0.005990149277912379,-0.0021012051874376514,-0.0035922993708557617,-0.004509836154603616,0.007297279941164549,0.0036567144730560554,-0.00333164969336095,0.0,0.007905785498321275,0.0037388246093451516,0.00398328888744519,-0.0025700193475651787,-0.008229886107037376,0.005925771152922993,0.005999972848888739,0.007890106429863025,-0.006950321803572856,0.007907246170142964,0.0,-0.004839360726840284,0.0019960186457145613,-0.0016920571793416078,0.007997824223168585,0.0,-0.00317979025541052,0.0058874083572663,-0.006568097825454849,-0.0054651503555093565,0.01199167870361363,-0.003662306203757337,-0.002885828497610724,0.00980231723445768,0.007408824909244117,0.0,0.0078084253565656354,-0.0010572119212754504,0.003969886646095247,0.005931955688347722,0.0019457053157315553,0.005997592497602754,0.001961424536502571,-0.0020022344082522847,0.0,0.0,-0.003171565574058454,0.0,-0.0014593764139710116,0.007984366646616748,-0.0045836211729339445,0.003958495056536072,-0.0035360884344868664,0.0,-0.008712957581027081,0.0019373019236979734,0.005857848028434881,-0.001075804577088508,-0.006308538550243005,-0.003709386263165403,-0.00524336969758131,0.001962659823397558,0.003997645652915829,0.009859141013368357,0.003985986759475656,0.009778762116269315,0.0,0.0,agent88,-0.7771564752866282
-0.47167054846443013,-0.0010293322588990365,-0.0011228638429778377,-0.006406714821609795,-0.007531799920151299,-0.0030412957074270924,-0.0033931479877169273,-0.0025883705150095554,0.003872788919125926,0.001999697475056075,-0.004934570181258116,-0.006381525273497897,0.0,-0.002788880254954682,-0.0053282392674613415,0.0039972792970373195,-0.005184506432273983,1,0.0,-0.0031813196445938906,-0.010149041997916202,0.009393276016385892,-0.004982757660462785,0.005901162542407655,-0.005494695480645849,-0.0011527377886265098,-0.0012136254824746326,0.0019661035390866432,0.007979651380615542,0.005990295909666883,0.005572874984021598,0.005974966466295976,-0.007408872806548693,0.003999982700817279,-0.0022022235556289453,0.005990149277912379,-0.0021012051874376514,-0.0035922993708557617,-0.004509836154603616,0.007297279941164549,0.0036567144730560554,-0.00333164969336095,0.0,0.007905785498321275,0.0037388246093451516,0.00398328888744519,-0.0025700193475651787,-0.008229886107037376,0.005925771152922993,0.005999972848888739,0.007890106429863025,-0.006950321803572856,0.007907246170142964,0.0,-0.004839360726840284,0.0019960186457145613,-0.0016920571793416078,0.007997824223168585,0.0,-0.00317979025541052,0.0058874083572663,-0.006568097825454849,-0.0054651503555093565,0.01199167870361363,-0.003662306203757337,-0.002885828497610724,0.00980231723445768,0.007408824909244117,0.0,0.0078084253565656354,-0.0010572119212754504,0.003969886646095247,0.00790942510447883,0.0019457053157315553,0.005997592497602754,0.001961424536502571,-0.0020022344082522847,0.0,0.0,-0.003171565574058454,0.0,-0.0014593764139710116,0.007984366646616748,-0.0045836211729339445,0.003958495056536072,-0.0035360884344868664,0.0,-0.008712957581027081,0.0019373019236979734,0.005857848028434881,-0.001075804577088508,-0.006308538550243005,-0.003709386263165403,-0.00524336969758131,0.001962659823397558,0.003997645652915829,0.009859141013368357,0.003985986759475656,0.009778762116269315,0.0,0.0,agent71,-0.6829407756453313
-0.47267640631245855,-0.0010293322588990365,-0.0011228638429778377,-0.006406714821609795,-0.007531799920151299,-0.0030412957074270924,-0.0033931479877169273,-0.0025883705150095554,0.003872788919125926,0.001999697475056075,-0.004934570181258116,-0.006381525273497897,0.0,-0.002788880254954682,-0.0053282392674613415,0.0039972792970373195,-0.005184506432273983,1,0.0,-0.0031813196445938906,-0.010149041997916202,0.009393276016385892,-0.004982757660462785,0.005901162542407655,-0.005494695480645849,-0.0011527377886265098,-0.0012136254824746326,0.0019661035390866432,0.007979651380615542,0.005990295909666883,0.005572874984021598,0.005974966466295976,-0.007408872806548693,0.003999982700817279,-0.0022022235556289453,0.005990149277912379,-0.0021012051874376514,-0.0035922993708557617,-0.004509836154603616,0.007297279941164549,0.0036567144730560554,-0.00333164969336095,0.0,0.007905785498321275,0.0037388246093451516,0.00398328888744519,-0.0025700193475651787,-0.008229886107037376,0.005925771152922993,0.005999972848888739,0.007890106429863025,-0.006950321803572856,0.007907246170142964,0.0,-0.004839360726840284,0.0019960186457145613,-0.0016920571793416078,0.007997824223168585,0.0,-0.00317979025541052,0.0058874083572663,-0.006568097825454849,-0.0054651503555093565,0.01199167870361363,-0.003662306203757337,-0.002885828497610724,0.00980231723445768,0.007408824909244117,0.0,0.0078084253565656354,-0.0010572119212754504,0.003969886646095247,0.00790942510447883,0.0019457053157315553,0.005997592497602754,0.001961424536502571,-0.0020022344082522847,0.0,0.0,-0.003171565574058454,0.0,-0.0014593764139710116,0.007984366646616748,-0.0045836211729339445,0.003958495056536072,-0.0035360884344868664,0.0,-0.008712957581027081,0.0019373019236979734,0.007810879381885412,-0.001075804577088508,-0.006308538550243005,-0.003709386263165403,-0.00524336969758131,0.001962659823397558,0.003997645652915829,0.009859141013368357,0.003985986759475656,0.009778762116269315,0.0,0.0,agent88,-0.7781624620591248
-0.4736775291763015,-0.0010293322588990365,-0.0020384759441231487,-0.006406714821609795,-0.007531799920151299,-0.0030412957074270924,-0.0033931479877169273,-0.0025883705150095554,0.003872788919125926,0.001999697475056075,-0.004934570181258116,-0.006381525273497897,0.0,-0.002788880254954682,-0.0053282392674613415,0.0039972792970373195,-0.005184506432273983,1,0.0,-0.0031813196445938906,-0.010149041997916202,0.009393276016385892,-0.004982757660462785,0.005901162542407655,-0.005494695480645849,-0.0011527377886265098,-0.0012136254824746326,0.0019661035390866432,0.007979651380615542,0.005990295909666883,0.005572874984021598,0.005974966466295976,-0.007408872806548693,0.003999982700817279,-0.0022022235556289453,0.005990149277912379,-0.0021012051874376514,-0.0035922993708557617,-0.004509836154603616,0.007297279941164549,0.0036567144730560554,-0.00333164969336095,0.0,0.007905785498321275,0.0037388246093451516,0.00398328888744519,-0.0025700193475651787,-0.008229886107037376,0.005925771152922993,0.005999972848888739,0.007890106429863025,-0.006950321803572856,0.007907246170142964,0.0,-0.004839360726840284,0.0019960186457145613,-0.0016920571793416078,0.007997824223168585,0.0,-0.00317979025541052,0.0058874083572663,-0.006568097825454849,-0.0054651503555093565,0.01199167870361363,-0.003662306203757337,-0.002885828497610724,0.00980231723445768,0.007408824909244117,0.0,0.0078084253565656354,-0.0010572119212754504,0.003969886646095247,0.00790942510447883,0.0019457053157315553,0.005997592497602754,0.001961424536502571,-0.0020022344082522847,0.0,0.0,-0.003171565574058454,0.0,-0.0014593764139710116,0.007984366646616748,-0.0045836211729339445,0.003958495056536072,-0.0035360884344868664,0.0,-0.008712957581027081,0.0019373019236979734,0.007810879381885412,-0.001075804577088508,-0.006308538550243005,-0.003709386263165403,-0.00524336969758131,0.001962659823397558,0.003997645652915829,0.009859141013368357,0.003985986759475656,0.009778762116269315,0.0,0.0,agent1,1
-0.47467868191409013,-0.0010293322588990365,-0.0020384759441231487,-0.006406714821609795,-0.007531799920151299,-0.0030412957074270924,-0.0033931479877169273,-0.0025883705150095554,0.003872788919125926,0.001999697475056075,-0.004934570181258116,-0.006381525273497897,0.0,-0.002788880254954682,-0.0053282392674613415,0.0039972792970373195,-0.005184506432273983,1,0.0,-0.0031813196445938906,-0.010149041997916202,0.009393276016385892,-0.004982757660462785,0.005901162542407655,-0.005494695480645849,-0.002066875058626925,-0.0012136254824746326,0.0019661035390866432,0.007979651380615542,0.005990295909666883,0.005572874984021598,0.005974966466295976,-0.007408872806548693,0.003999982700817279,-0.0022022235556289453,0.005990149277912379,-0.0021012051874376514,-0.0035922993708557617,-0.004509836154603616,0.007297279941164549,0.0036567144730560554,-0.00333164969336095,0.0,0.007905785498321275,0.0037388246093451516,0.00398328888744519,-0.0025700193475651787,-0.008229886107037376,0.005925771152922993,0.005999972848888739,0.007890106429863025,-0.006950321803572856,0.007907246170142964,0.0,-0.004839360726840284,0.0019960186457145613,-0.0016920571793416078,0.007997824223168585,0.0,-0.00317979025541052,0.0058874083572663,-0.006568097825454849,-0.0054651503555093565,0.01199167870361363,-0.003662306203757337,-0.002885828497610724,0.00980231723445768,0.007408824909244117,0.0,0.0078084253565656354,-0.0010572119212754504,0.003969886646095247,0.00790942510447883,0.0019457053157315553,0.005997592497602754,0.001961424536502571,-0.0020022344082522847,0.0,0.0,-0.003171565574058454,0.0,-0.0014593764139710116,0.007984366646616748,-0.0045836211729339445,0.003958495056536072,-0.0035360884344868664,0.0,-0.008712957581027081,0.0019373019236979734,0.007810879381885412,-0.001075804577088508,-0.006308538550243005,-0.003709386263165403,-0.00524336969758131,0.001962659823397558,0.003997645652915829,0.009859141013368357,0.003985986759475656,0.009778762116269315,0.0,0.0,agent24,1
-0.4756826652029776,-0.0010293322588990365,-0.0020384759441231487,-0.006406714821609795,-0.007531799920151299,-0.0030412957074270924,-0.0033931479877169273,-0.0025883705150095554,0.003872788919125926,0.001999697475056075,-0.004934570181258116,-0.006381525273497897,0.0,-0.002788880254954682,-0.0053282392674613415,0.0039972792970373195,-0.005184506432273983,1,0.0,-0.0031813196445938906,-0.010149041997916202,0.009393276016385892,-0.004982757660462785,0.005901162542407655,-0.005494695480645849,-0.002066875058626925,-0.0012136254824746326,0.0019661035390866432,0.007979651380615542,0.005990295909666883,0.005572874984021598,0.005974966466295976,-0.007408872806548693,0.003999982700817279,-0.0022022235556289453,0.005990149277912379,-0.0021012051874376514,-0.0035922993708557617,-0.004509836154603616,0.007297279941164549,0.0036567144730560554,-0.00333164969336095,0.0,0.007905785498321275,0.0037388246093451516,0.005974935450838525,-0.0025700193475651787,-0.008229886107037376,0.005925771152922993,0.005999972848888739,0.007890106429863025,-0.006950321803572856,0.007907246170142964,0.0,-0.004839360726840284,0.0019960186457145613,-0.0016920571793416078,0.007997824223168585,0.0,-0.00317979025541052,0.0058874083572663,-0.006568097825454849,-0.0054651503555093565,0.01199167870361363,-0.003662306203757337,-0.002885828497610724,0.00980231723445768,0.007408824909244117,0.0,0.0078084253565656354,-0.0010572119212754504,0.003969886646095247,0.00790942510447883,0.0019457053157315553,0.005997592497602754,0.001961424536502571,-0.0020022344082522847,0.0,0.0,-0.003171565574058454,0.0,-0.0014593764139710116,0.007984366646616748,-0.0045836211729339445,0.003958495056536072,-0.0035360884344868664,0.0,-0.008712957581027081,0.0019373019236979734,0.007810879381885412,-0.001075804577088508,-0.006308538550243005,-0.003709386263165403,-0.00524336969758131,0.001962659823397558,0.003997645652915829,0.009859141013368357,0.003985986759475656,0.009778762116269315,0.0,0.0,agent44,-0.6039337522723895
-0.47668545408323254,-0.0010293322588990365,-0.0020384759441231487,-0.006406714821609795,-0.007531799920151299,-0.0030412957074270924,-0.0033931479877169273,-0.0025883705150095554,0.003872788919125926,0.001999697475056075,-0.004934570181258116,-0.006381525273497897,0.0,-0.003952362214906015,-0.0053282392674613415,0.0039972792970373195,-0.005184506432273983,1,0.0,-0.0031813196445938906,-0.010149041997916202,0.009393276016385892,-0.004982757660462785,0.005901162542407655,-0.005494695480645849,-0.002066875058626925,-0.0012136254824746326,0.0019661035390866432,0.007979651380615542,0.005990295909666883,0.005572874984021598,0.005974966466295976,-0.007408872806548693,0.003999982700817279,-0.0022022235556289453,0.005990149277912379,-0.0021012051874376514,-0.0035922993708557617,-0.004509836154603616,0.007297279941164549,0.0036567144730560554,-0.00333164969336095,0.0,0.007905785498321275,0.0037388246093451516,0.005974935450838525,-0.0025700193475651787,-0.008229886107037376,0.005925771152922993,0.005999972848888739,0.007890106429863025,-0.006950321803572856,0.007907246170142964,0.0,-0.004839360726840284,0.0019960186457145613,-0.0016920571793416078,0.007997824223168585,0.0,-0.00317979025541052,0.0058874083572663,-0.006568097825454849,-0.0054651503555093565,0.01199167870361363,-0.003662306203757337,-0.002885828497610724,0.00980231723445768,0.007408824909244117,0.0,0.0078084253565656354,-0.0010572119212754504,0.003969886646095247,0.00790942510447883,0.0019457053157315553,0.005997592497602754,0.001961424536502571,-0.0020022344082522847,0.0,0.0,-0.003171565574058454,0.0,-0.0014593764139710116,0.007984366646616748,-0.0045836211729339445,0.003958495056536072,-0.0035360884344868664,0.0,-0.008712957581027081,0.0019373019236979734,0.007810879381885412,-0.001075804577088508,-0.006308538550243005,-0.003709386263165403,-0.00524336969758131,0.001962659823397558,0.003997645652915829,0.009859141013368357,0.003985986759475656,0.009778762116269315,0.0,0.0,agent12,0.8177762943691205
-0.4776864834154914,-0.001939032293748535,-0.0020384759441231487,-0.006406714821609795,-0.007531799920151299,-0.0030412957074270924,-0.0033931479877169273,-0.0025883705150095554,0.003872788919125926,0.001999697475056075,-0.004934570181258116,-0.006381525273497897,0.0,-0.003952362214906015,-0.0053282392674613415,0.0039972792970373195,-0.005184506432273983,1,0.0,-0.0031813196445938906,-0.010149041997916202,0.009393276016385892,-0.004982757660462785,0.005901162542407655,-0.005494695480645849,-0.002066875058626925,-0.0012136254824746326,0.0019661035390866432,0.007979651380615542,0.005990295909666883,0.005572874984021598,0.005974966466295976,-0.007408872806548693,0.003999982700817279,-0.0022022235556289453,0.005990149277912379,-0.0021012051874376514,-0.0035922993708557617,-0.004509836154603616,0.007297279941164549,0.0036567144730560554,-0.00333164969336095,0.0,0.007905785498321275,0.0037388246093451516,0.005974935450838525,-0.0025700193475651787,-0.008229886107037376,0.005925771152922993,0.005999972848888739,0.007890106429863025,-0.006950321803572856,0.007907246170142964,0.0,-0.004839360726840284,0.0019960186457145613,-0.0016920571793416078,0.007997824223168585,0.0,-0.00317979025541052,0.0058874083572663,-0.006568097825454849,-0.0054651503555093565,0.01199167870361363,-0.003662306203757337,-0.002885828497610724,0.00980231723445768,0.007408824909244117,0.0,0.0078084253565656354,-0.0010572119212754504,0.003969886646095247,0.00790942510447883,0.0019457053157315553,0.005997592497602754,0.001961424536502571,-0.0020022344082522847,0.0,0.0,-0.003171565574058454,0.0,-0.0014593764139710116,0.007984366646616748,-0.0045836211729339445,0.003958495056536072,-0.0035360884344868664,0.0,-0.008712957581027081,0.0019373019236979734,0.007810879381885412,-0.001075804577088508,-0.006308538550243005,-0.003709386263165403,-0.00524336969758131,0.001962659823397558,0.003997645652915829,0.009859141013368357,0.003985986759475656,0.009778762116269315,0.0,0.0,agent0,1
-0.4766864834154914,-0.001939032293748535,-0.0020384759441231487,-0.006406714821609795,-0.007531799920151299,-0.0030412957074270924,-0.0033931479877169273,-0.0025883705150095554,0.003872788919125926,0.001999697475056075,-0.004934570181258116,-0.006381525273497897,0.0,-0.003952362214906015,-0.0053282392674613415,0.0039972792970373195,-0.005184506432273983,1,0.0,-0.0031813196445938906,-0.010149041997916202,0.009393276016385892,-0.004982757660462785,0.005901162542407655,-0.005494695480645849,-0.002066875058626925,-0.0012136254824746326,0.0019661035390866432,0.007979651380615542,0.005990295909666883,0.005572874984021598,0.005974966466295976,-0.007408872806548693,0.003999982700817279,-0.0022022235556289453,0.005990149277912379,-0.0021012051874376514,-0.0035922993708557617,-0.004509836154603616,0.007297279941164549,0.0036567144730560554,-0.00333164969336095,0.001931310583965519,0.007905785498321275,0.0037388246093451516,0.005974935450838525,-0.0025700193475651787,-0.008229886107037376,0.005925771152922993,0.005999972848888739,0.007890106429863025,-0.006950321803572856,0.007907246170142964,0.0,-0.004839360726840284,0.0019960186457145613,-0.0016920571793416078,0.007997824223168585,0.0,-0.00317979025541052,0.0058874083572663,-0.006568097825454849,-0.0054651503555093565,0.01199167870361363,-0.003662306203757337,-0.002885828497610724,0.00980231723445768,0.007408824909244117,0.0,0.0078084253565656354,-0.0010572119212754504,0.003969886646095247,0.00790942510447883,0.0019457053157315553,0.005997592497602754,0.001961424536502571,-0.0020022344082522847,0.0,0.0,-0.003171565574058454,0.0,-0.0014593764139710116,0.007984366646616748,-0.0045836211729339445,0.003958495056536072,-0.0035360884344868664,0.0,-0.008712957581027081,0.0019373019236979734,0.007810879381885412,-0.001075804577088508,-0.006308538550243005,-0.003709386263165403,-0.00524336969758131,0.001962659823397558,0.003997645652915829,0.009859141013368357,0.003985986759475656,0.009778762116269315,0.0,0.0,agent41,-0.848332988955422
-0.477690993251646,-0.001939032293748535,-0.0020384759441231487,-0.006406714821609795,-0.007531799920151299,-0.0030412957074270924,-0.0033931479877169273,-0.0025883705150095554,0.003872788919125926,0.001999697475056075,-0.004934570181258116,-0.006381525273497897,0.0,-0.003952362214906015,-0.0053282392674613415,0.0039972792970373195,-0.005184506432273983,1,0.0,-0.0031813196445938906,-0.010149041997916202,0.009393276016385892,-0.004982757660462785,0.005901162542407655,-0.005494695480645849,-0.002066875058626925,-0.0012136254824746326,0.0019661035390866432,0.007979651380615542,0.005990295909666883,0.005572874984021598,0.005974966466295976,-0.007408872806548693,0.003999982700817279,-0.0022022235556289453,0.005990149277912379,-0.0021012051874376514,-0.0035922993708557617,-0.005419534669452611,0.007297279941164549,0.0036567144730560554,-0.00333164969336095,0.001931310583965519,0.007905785498321275,0.0037388246093451516,0.005974935450838525,-0.0025700193475651787,-0.008229886107037376,0.005925771152922993,0.005999972848888739,0.007890106429863025,-0.006950321803572856,0.007907246170142964,0.0,-0.004839360726840284,0.0019960186457145613,-0.0016920571793416078,0.007997824223168585,0.0,-0.00317979025541052,0.0058874083572663,-0.006568097825454849,-0.0054651503555093565,0.01199167870361363,-0.003662306203757337,-0.002885828497610724,0.00980231723445768,0.007408824909244117,0.0,0.0078084253565656354,-0.0010572119212754504,0.003969886646095247,0.00790942510447883,0.0019457053157315553,0.005997592497602754,0.001961424536502571,-0.0020022344082522847,0.0,0.0,-0.003171565574058454,0.0,-0.0014593764139710116,0.007984366646616748,-0.0045836211729339445,0.003958495056536072,-0.0035360884344868664,0.0,-0.008712957581027081,0.0019373019236979734,0.007810879381885412,-0.001075804577088508,-0.006308538550243005,-0.003709386263165403,-0.00524336969758131,0.001962659823397558,0.003997645652915829,0.009859141013368357,0.003985986759475656,0.009778762116269315,0.0,0.0,agent37,1
-0.4786931954752016,-0.001939032293748535,-0.0020384759441231487,-0.006406714821609795,-0.007531799920151299,-0.0030412957074270924,-0.0033931479877169273,-0.0025883705150095554,0.003872788919125926,0.001999697475056075,-0.004934570181258116,-0.006381525273497897,0.0,-0.003952362214906015,-0.0053282392674613415,0.0039972792970373195,-0.005184506432273983,1,0.0,-0.0031813196445938906,-0.010149041997916202,0.009393276016385892,-0.004982757660462785,0.005901162542407655,-0.005494695480645849,-0.002066875058626925,-0.0012136254824746326,0.0019661035390866432,0.007979651380615542,0.005990295909666883,0.005572874984021598,0.005974966466295976,-0.007408872806548693,0.003999982700817279,-0.003170033069302372,0.005990149277912379,-0.0021012051874376514,-0.0035922993708557617,-0.005419534669452611,0.007297279941164549,0.0036567144730560554,-0.00333164969336095,0.001931310583965519,0.007905785498321275,0.0037388246093451516,0.005974935450838525,-0.0025700193475651787,-0.008229886107037376,0.005925771152922993,0.005999972848888739,0.007890106429863025,-0.006950321803572856,0.007907246170142964,0.0,-0.004839360726840284,0.0019960186457145613,-0.0016920571793416078,0.007997824223168585,0.0,-0.00317979025541052,0.0058874083572663,-0.006568097825454849,-0.0054651503555093565,0.01199167870361363,-0.003662306203757337,-0.002885828497610724,0.00980231723445768,0.007408824909244117,0.0,0.0078084253565656354,-0.0010572119212754504,0.003969886646095247,0.00790942510447883,0.0019457053157315553,0.005997592497602754,0.001961424536502571,-0.0020022344082522847,0.0,0.0,-0.003171565574058454,0.0,-0.0014593764139710116,0.007984366646616748,-0.0045836211729339445,0.003958495056536072,-0.0035360884344868664,0.0,-0.008712957581027081,0.0019373019236979734,0.007810879381885412,-0.001075804577088508,-0.006308538550243005,-0.003709386263165403,-0.00524336969758131,0.001962659823397558,0.003997645652915829,0.009859141013368357,0.003985986759475656,0.009778762116269315,0.0,0.0,agent33,0.9591043897633282
-0.47970060434800815,-0.001939032293748535,-0.0020384759441231487,-0.006406714821609795,-0.007531799920151299,-0.0030412957074270924,-0.0033931479877169273,-0.0025883705150095554,0.003872788919125926,0.001999697475056075,-0.004934570181258116,-0.006381525273497897,0.0,-0.003952362214906015,-0.0053282392674613415,0.0039972792970373195,-0.005184506432273983,1,0.0,-0.0031813196445938906,-0.010149041997916202,0.009393276016385892,-0.004982757660462785,0.005901162542407655,-0.005494695480645849,-0.002066875058626925,-0.0012136254824746326,0.0019661035390866432,0.007979651380615542,0.005990295909666883,0.005572874984021598,0.005974966466295976,-0.008770149850015447,0.003999982700817279,-0.003170033069302372,0.005990149277912379,-0.0021012051874376514,-0.0035922993708557617,-0.005419534669452611,0.007297279941164549,0.0036567144730560554,-0.00333164969336095,0.001931310583965519,0.007905785498321275,0.0037388246093451516,0.005974935450838525,-0.0025700193475651787,-0.008229886107037376,0.005925771152922993,0.005999972848888739,0.007890106429863025,-0.006950321803572856,0.007907246170142964,0.0,-0.004839360726840284,0.0019960186457145613,-0.0016920571793416078,0.007997824223168585,0.0,-0.00317979025541052,0.0058874083572663,-0.006568097825454849,-0.0054651503555093565,0.01199167870361363,-0.003662306203757337,-0.002885828497610724,0.00980231723445768,0.007408824909244117,0.0,0.0078084253565656354,-0.0010572119212754504,0.003969886646095247,0.00790942510447883,0.0019457053157315553,0.005997592497602754,0.001961424536502571,-0.0020022344082522847,0.0,0.0,-0.003171565574058454,0.0,-0.0014593764139710116,0.007984366646616748,-0.0045836211729339445,0.003958495056536072,-0.0035360884344868664,0.0,-0.008712957581027081,0.0019373019236979734,0.007810879381885412,-0.001075804577088508,-0.006308538550243005,-0.003709386263165403,-0.00524336969758131,0.001962659823397558,0.003997645652915829,0.009859141013368357,0.003985986759475656,0.009778762116269315,0.0,0.0,agent31,0.651548333166571
-0.47870060434800815,-0.001939032293748535,-0.0020384759441231487,-0.006406714821609795,-0.007531799920151299,-0.0030412957074270924,-0.0033931479877169273,-0.0025883705150095554,0.003872788919125926,0.001999697475056075,-0.004934570181258116,-0.006381525273497897,0.0,-0.003952362214906015,-0.0053282392674613415,0.0039972792970373195,-0.005184506432273983,1,0.0,-0.0031813196445938906,-0.010149041997916202,0.009393276016385892,-0.004982757660462785,0.005901162542407655,-0.005494695480645849,-0.002066875058626925,-0.0012136254824746326,0.0019661035390866432,0.007979651380615542,0.005990295909666883,0.005572874984021598,0.005974966466295976,-0.008770149850015447,0.003999982700817279,-0.003170033069302372,0.005990149277912379,-0.0021012051874376514,-0.0035922993708557617,-0.005419534669452611,0.007297279941164549,0.0036567144730560554,-0.00333164969336095,0.001931310583965519,0.007905785498321275,0.0037388246093451516,0.005974935450838525,-0.0025700193475651787,-0.008229886107037376,0.005925771152922993,0.005999972848888739,0.007890106429863025,-0.006950321803572856,0.007907246170142964,0.0,-0.004839360726840284,0.0019960186457145613,-0.0016920571793416078,0.007997824223168585,0.0,-0.00317979025541052,0.0058874083572663,-0.006568097825454849,-0.0054651503555093565,0.01199167870361363,-0.003662306203757337,-0.002885828497610724,0.00980231723445768,0.007408824909244117,0.0,0.0078084253565656354,-0.0010572119212754504,0.003969886646095247,0.00790942510447883,0.0019457053157315553,0.005997592497602754,0.001961424536502571,-0.0020022344082522847,0.0,0.0,-0.003171565574058454,0.0,-0.0014593764139710116,0.007984366646616748,-0.0045836211729339445,0.003958495056536072,-0.0035360884344868664,0.0,-0.008712957581027081,0.0019373019236979734,0.007810879381885412,-0.001075804577088508,-0.006308538550243005,-0.003709386263165403,-0.00524336969758131,0.001962659823397558,0.003997645652915829,0.009859141013368357,0.003985986759475656,0.009778762116269315,-0.0014323130515423454,0.0,agent98,0.5858386473528896
-0.47970657931447447,-0.001939032293748535,-0.0020384759441231487,-0.006406714821609795,-0.007531799920151299,-0.0030412957074270924,-0.0033931479877169273,-0.0025883705150095554,0.003872788919125926,0.001999697475056075,-0.004934570181258116,-0.006381525273497897,0.0,-0.003952362214906015,-0.0053282392674613415,0.0039972792970373195,-0.005184506432273983,1,0.0,-0.0031813196445938906,-0.010149041997916202,0.009393276016385892,-0.004982757660462785,0.005901162542407655,-0.005494695480645849,-0.002066875058626925,-0.0012136254824746326,0.0019661035390866432,0.007979651380615542,0.005990295909666883,0.005572874984021598,0.007966753708255569,-0.008770149850015447,0.003999982700817279,-0.003170033069302372,0.005990149277912379,-0.0021012051874376514,-0.0035922993708557617,-0.005419534669452611,0.007297279941164549,0.0036567144730560554,-0.00333164969336095,0.001931310583965519,0.007905785498321275,0.0037388246093451516,0.005974935450838525,-0.0025700193475651787,-0.008229886107037376,0.005925771152922993,0.005999972848888739,0.007890106429863025,-0.006950321803572856,0.007907246170142964,0.0,-0.004839360726840284,0.0019960186457145613,-0.0016920571793416078,0.007997824223168585,0.0,-0.00317979025541052,0.0058874083572663,-0.006568097825454849,-0.0054651503555093565,0.01199167870361363,-0.003662306203757337,-0.002885828497610724,0.00980231723445768,0.007408824909244117,0.0,0.0078084253565656354,-0.0010572119212754504,0.003969886646095247,0.00790942510447883,0.0019457053157315553,0.005997592497602754,0.001961424536502571,-0.0020022344082522847,0.0,0.0,-0.003171565574058454,0.0,-0.0014593764139710116,0.007984366646616748,-0.0045836211729339445,0.003958495056536072,-0.0035360884344868664,0.0,-0.008712957581027081,0.0019373019236979734,0.007810879381885412,-0.001075804577088508,-0.006308538550243005,-0.003709386263165403,-0.00524336969758131,0.001962659823397558,0.003997645652915829,0.009859141013368357,0.003985986759475656,0.009778762116269315,-0.0014323130515423454,0.0,agent30,-0.606862673934978
-0.48071057659377153,-0.001939032293748535,-0.0020384759441231487,-0.006406714821609795,-0.007531799920151299,-0.0030412957074270924,-0.0033931479877169273,-0.0025883705150095554,0.003872788919125926,0.001999697475056075,-0.004934570181258116,-0.006381525273497897,0.0,-0.003952362214906015,-0.0053282392674613415,0.005995893171507842,-0.005184506432273983,1,0.0,-0.0031813196445938906,-0.010149041997916202,0.009393276016385892,-0.004982757660462785,0.005901162542407655,-0.005494695480645849,-0.002066875058626925,-0.0012136254824746326,0.0019661035390866432,0.007979651380615542,0.005990295909666883,0.005572874984021598,0.007966753708255569,-0.008770149850015447,0.003999982700817279,-0.003170033069302372,0.005990149277912379,-0.0021012051874376514,-0.0035922993708557617,-0.005419534669452611,0.007297279941164549,0.0036567144730560554,-0.00333164969336095,0.001931310583965519,0.007905785498321275,0.0037388246093451516,0.005974935450838525,-0.0025700193475651787,-0.008229886107037376,0.005925771152922993,0.005999972848888739,0.007890106429863025,-0.006950321803572856,0.007907246170142964,0.0,-0.004839360726840284,0.0019960186457145613,-0.0016920571793416078,0.007997824223168585,0.0,-0.00317979025541052,0.0058874083572663,-0.006568097825454849,-0.0054651503555093565,0.01199167870361363,-0.003662306203757337,-0.002885828497610724,0.00980231723445768,0.007408824909244117,0.0,0.0078084253565656354,-0.0010572119212754504,0.003969886646095247,0.00790942510447883,0.0019457053157315553,0.005997592497602754,0.001961424536502571,-0.0020022344082522847,0.0,0.0,-0.003171565574058454,0.0,-0.0014593764139710116,0.007984366646616748,-0.0045836211729339445,0.003958495056536072,-0.0035360884344868664,0.0,-0.008712957581027081,0.0019373019236979734,0.007810879381885412,-0.001075804577088508,-0.006308538550243005,-0.003709386263165403,-0.00524336969758131,0.001962659823397558,0.003997645652915829,0.009859141013368357,0.003985986759475656,0.009778762116269315,-0.0014323130515423454,0.0,agent14,-0.42705440880883805
-0.48171798541868077,-0.001939032293748535,-0.0020384759441231487,-0.006406714821609795,-0.007531799920151299,-0.0030412957074270924,-0.0033931479877169273,-0.0025883705150095554,0.003872788919125926,0.001999697475056075,-0.004934570181258116,-0.006381525273497897,0.0,-0.003952362214906015,-0.0053282392674613415,0.005995893171507842,-0.005184506432273983,1,0.0,-0.0031813196445938906,-0.010149041997916202,0.009393276016385892,-0.004982757660462785,0.005901162542407655,-0.005494695480645849,-0.002066875058626925,-0.0012136254824746326,0.0019661035390866432,0.007979651380615542,0.005990295909666883,0.005572874984021598,0.007966753708255569,-0.008770149850015447,0.003999982700817279,-0.003170033069302372,0.005990149277912379,-0.0021012051874376514,-0.0035922993708557617,-0.005419534669452611,0.007297279941164549,0.0036567144730560554,-0.00333164969336095,0.001931310583965519,0.007905785498321275,0.0037388246093451516,0.005974935450838525,-0.0025700193475651787,-0.008229886107037376,0.005925771152922993,0.005999972848888739,0.007890106429863025,-0.006950321803572856,0.007907246170142964,0.0,-0.004839360726840284,0.0019960186457145613,-0.0016920571793416078,0.007997824223168585,0.0,-0.00317979025541052,0.0058874083572663,-0.006568097825454849,-0.0054651503555093565,0.01199167870361363,-0.003662306203757337,-0.002885828497610724,0.00980231723445768,0.00927399415661333,0.0,0.0078084253565656354,-0.0010572119212754504,0.003969886646095247,0.00790942510447883,0.0019457053157315553,0.005997592497602754,0.001961424536502571,-0.0020022344082522847,0.0,0.0,-0.003171565574058454,0.0,-0.0014593764139710116,0.007984366646616748,-0.0045836211729339445,0.003958495056536072,-0.0035360884344868664,0.0,-0.008712957581027081,0.0019373019236979734,0.007810879381885412,-0.001075804577088508,-0.006308538550243005,-0.003709386263165403,-0.00524336969758131,0.001962659823397558,0.003997645652915829,0.009859141013368357,0.003985986759475656,0.009778762116269315,-0.0014323130515423454,0.0,agent66,-1
-0.482725952172389,-0.001939032293748535,-0.0020384759441231487,-0.006406714821609795,-0.007531799920151299,-0.0030412957074270924,-0.0033931479877169273,-0.0025883705150095554,0.003872788919125926,0.001999697475056075,-0.004934570181258116,-0.006381525273497897,0.0,-0.003952362214906015,-0.0053282392674613415,0.005995893171507842,-0.005184506432273983,1,0.0,-0.0031813196445938906,-0.010149041997916202,0.009393276016385892,-0.004982757660462785,0.005901162542407655,-0.005494695480645849,-0.002066875058626925,-0.0012136254824746326,0.0019661035390866432,0.007979651380615542,0.005990295909666883,0.005572874984021598,0.009958669344383915,-0.008770149850015447,0.003999982700817279,-0.003170033069302372,0.005990149277912379,-0.0021012051874376514,-0.0035922993708557617,-0.005419534669452611,0.007297279941164549,0.0036567144730560554,-0.00333164969336095,0.001931310583965519,0.007905785498321275,0.0037388246093451516,0.005974935450838525,-0.0025700193475651787,-0.008229886107037376,0.005925771152922993,0.005999972848888739,0.007890106429863025,-0.006950321803572856,0.007907246170142964,0.0,-0.004839360726840284,0.0019960186457145613,-0.0016920571793416078,0.007997824223168585,0.0,-0.00317979025541052,0.0058874083572663,-0.006568097825454849,-0.0054651503555093565,0.01199167870361363,-0.003662306203757337,-0.002885828497610724,0.00980231723445768,0.00927399415661333,0.0,0.0078084253565656354,-0.0010572119212754504,0.003969886646095247,0.00790942510447883,0.0019457053157315553,0.005997592497602754,0.001961424536502571,-0.0020022344082522847,0.0,0.0,-0.003171565574058454,0.0,-0.0014593764139710116,0.007984366646616748,-0.0045836211729339445,0.003958495056536072,-0.0035360884344868664,0.0,-0.008712957581027081,0.0019373019236979734,0.007810879381885412,-0.001075804577088508,-0.006308538550243005,-0.003709386263165403,-0.00524336969758131,0.001962659823397558,0.003997645652915829,0.009859141013368357,0.003985986759475656,0.009778762116269315,-0.0014323130515423454,0.0,agent30,-0.6088742976619506
-0.4837339499966122,-0.001939032293748535,-0.0020384759441231487,-0.006406714821609795,-0.007531799920151299,-0.0030412957074270924,-0.0033931479877169273,-0.0025883705150095554,0.003872788919125926,0.001999697475056075,-0.004934570181258116,-0.006381525273497897,0.0,-0.003952362214906015,-0.0053282392674613415,0.005995893171507842,-0.005184506432273983,1,0.0,-0.0031813196445938906,-0.010149041997916202,0.009393276016385892,-0.004982757660462785,0.005901162542407655,-0.005494695480645849,-0.002066875058626925,-0.0012136254824746326,0.0019661035390866432,0.007979651380615542,0.005990295909666883,0.005572874984021598,0.009958669344383915,-0.008770149850015447,0.003999982700817279,-0.003170033069302372,0.005990149277912379,-0.0021012051874376514,-0.0035922993708557617,-0.005419534669452611,0.007297279941164549,0.0036567144730560554,-0.00333164969336095,0.001931310583965519,0.007905785498321275,0.0037388246093451516,0.005974935450838525,-0.0025700193475651787,-0.008229886107037376,0.005925771152922993,0.005999972848888739,0.007890106429863025,-0.006950321803572856,0.007907246170142964,0.0,-0.004839360726840284,0.0019960186457145613,-0.0016920571793416078,0.009997221215824173,0.0,-0.00317979025541052,0.0058874083572663,-0.006568097825454849,-0.0054651503555093565,0.01199167870361363,-0.003662306203757337,-0.002885828497610724,0.00980231723445768,0.00927399415661333,0.0,0.0078084253565656354,-0.0010572119212754504,0.003969886646095247,0.00790942510447883,0.0019457053157315553,0.005997592497602754,0.001961424536502571,-0.0020022344082522847,0.0,0.0,-0.003171565574058454,0.0,-0.0014593764139710116,0.007984366646616748,-0.0045836211729339445,0.003958495056536072,-0.0035360884344868664,0.0,-0.008712957581027081,0.0019373019236979734,0.007810879381885412,-0.001075804577088508,-0.006308538550243005,-0.003709386263165403,-0.00524336969758131,0.001962659823397558,0.003997645652915829,0.009859141013368357,0.003985986759475656,0.009778762116269315,-0.0014323130515423454,0.0,agent56,-0.4479982299778271
-0.4847359114211487,-0.001939032293748535,-0.0020384759441231487,-0.006406714821609795,-0.007531799920151299,-0.0030412957074270924,-0.0033931479877169273,-0.0025883705150095554,0.003872788919125926,0.001999697475056075,-0.004934570181258116,-0.006381525273497897,0.0,-0.003952362214906015,-0.0053282392674613415,0.005995893171507842,-0.005184506432273983,1,0.0,-0.0031813196445938906,-0.010149041997916202,0.009393276016385892,-0.004982757660462785,0.005901162542407655,-0.005494695480645849,-0.002066875058626925,-0.0012136254824746326,0.0019661035390866432,0.007979651380615542,0.005990295909666883,0.005572874984021598,0.009958669344383915,-0.008770149850015447,0.003999982700817279,-0.003170033069302372,0.005990149277912379,-0.0021012051874376514,-0.0035922993708557617,-0.005419534669452611,0.007297279941164549,0.0036567144730560554,-0.00333164969336095,0.001931310583965519,0.007905785498321275,0.0037388246093451516,0.005974935450838525,-0.0025700193475651787,-0.008229886107037376,0.005925771152922993,0.005999972848888739,0.007890106429863025,-0.006950321803572856,0.007907246170142964,0.0,-0.004839360726840284,0.0019960186457145613,-0.0016920571793416078,0.009997221215824173,0.0,-0.00317979025541052,0.0058874083572663,-0.006568097825454849,-0.0054651503555093565,0.01199167870361363,-0.003662306203757337,-0.002885828497610724,0.00980231723445768,0.00927399415661333,0.0,0.0078084253565656354,-0.0010572119212754504,0.003969886646095247,0.00790942510447883,0.0019457053157315553,0.005997592497602754,0.003922305402012258,-0.0020022344082522847,0.0,0.0,-0.003171565574058454,0.0,-0.0014593764139710116,0.007984366646616748,-0.0045836211729339445,0.003958495056536072,-0.0035360884344868664,0.0,-0.008712957581027081,0.0019373019236979734,0.007810879381885412,-0.001075804577088508,-0.006308538550243005,-0.003709386263165403,-0.00524336969758131,0.001962659823397558,0.003997645652915829,0.009859141013368357,0.003985986759475656,0.009778762116269315,-0.0014323130515423454,0.0,agent74,-0.763444995507199
-0.4857397842100678,-0.001939032293748535,-0.0020384759441231487,-0.006406714821609795,-0.007531799920151299,-0.0030412957074270924,-0.0033931479877169273,-0.0025883705150095554,0.005809204748169059,0.001999697475056075,-0.004934570181258116,-0.006381525273497897,0.0,-0.003952362214906015,-0.0053282392674613415,0.005995893171507842,-0.005184506432273983,1,0.0,-0.0031813196445938906,-0.010149041997916202,0.009393276016385892,-0.004982757660462785,0.005901162542407655,-0.005494695480645849,-0.002066875058626925,-0.0012136254824746326,0.0019661035390866432,0.007979651380615542,0.005990295909666883,0.005572874984021598,0.009958669344383915,-0.008770149850015447,0.003999982700817279,-0.003170033069302372,0.005990149277912379,-0.0021012051874376514,-0.0035922993708557617,-0.005419534669452611,0.007297279941164549,0.0036567144730560554,-0.00333164969336095,0.001931310583965519,0.007905785498321275,0.0037388246093451516,0.005974935450838525,-0.0025700193475651787,-0.008229886107037376,0.005925771152922993,0.005999972848888739,0.007890106429863025,-0.006950321803572856,0.007907246170142964,0.0,-0.004839360726840284,0.0019960186457145613,-0.0016920571793416078,0.009997221215824173,0.0,-0.00317979025541052,0.0058874083572663,-0.006568097825454849,-0.0054651503555093565,0.01199167870361363,-0.003662306203757337,-0.002885828497610724,0.00980231723445768,0.00927399415661333,0.0,0.0078084253565656354,-0.0010572119212754504,0.003969886646095247,0.00790942510447883,0.0019457053157315553,0.005997592497602754,0.003922305402012258,-0.0020022344082522847,0.0,0.0,-0.003171565574058454,0.0,-0.0014593764139710116,0.007984366646616748,-0.0045836211729339445,0.003958495056536072,-0.0035360884344868664,0.0,-0.008712957581027081,0.0019373019236979734,0.007810879381885412,-0.001075804577088508,-0.006308538550243005,-0.003709386263165403,-0.00524336969758131,0.001962659823397558,0.003997645652915829,0.009859141013368357,0.003985986759475656,0.009778762116269315,-0.0014323130515423454,0.0,agent7,-0.8413426162287472
-0.48674801409617485,-0.001939032293748535,-0.0020384759441231487,-0.006406714821609795,-0.007531799920151299,-0.0030412957074270924,-0.0033931479877169273,-0.0025883705150095554,0.005809204748169059,0.001999697475056075,-0.004934570181258116,-0.006381525273497897,0.0,-0.003952362214906015,-0.0053282392674613415,0.005995893171507842,-0.005184506432273983,1,0.0,-0.0031813196445938906,-0.010149041997916202,0.009393276016385892,-0.004982757660462785,0.005901162542407655,-0.005494695480645849,-0.002066875058626925,-0.0012136254824746326,0.0019661035390866432,0.007979651380615542,0.005990295909666883,0.005572874984021598,0.009958669344383915,-0.008770149850015447,0.003999982700817279,-0.003170033069302372,0.005990149277912379,-0.0021012051874376514,-0.0035922993708557617,-0.005419534669452611,0.007297279941164549,0.0036567144730560554,-0.00333164969336095,0.001931310583965519,0.007905785498321275,0.0037388246093451516,0.005974935450838525,-0.0025700193475651787,-0.009742742258100826,0.005925771152922993,0.005999972848888739,0.007890106429863025,-0.006950321803572856,0.007907246170142964,0.0,-0.004839360726840284,0.0019960186457145613,-0.0016920571793416078,0.009997221215824173,0.0,-0.00317979025541052,0.0058874083572663,-0.006568097825454849,-0.0054651503555093565,0.01199167870361363,-0.003662306203757337,-0.002885828497610724,0.00980231723445768,0.00927399415661333,0.0,0.0078084253565656354,-0.0010572119212754504,0.003969886646095247,0.00790942510447883,0.0019457053157315553,0.005997592497602754,0.003922305402012258,-0.0020022344082522847,0.0,0.0,-0.003171565574058454,0.0,-0.0014593764139710116,0.007984366646616748,-0.0045836211729339445,0.003958495056536072,-0.0035360884344868664,0.0,-0.008712957581027081,0.0019373019236979734,0.007810879381885412,-0.001075804577088508,-0.006308538550243005,-0.003709386263165403,-0.00524336969758131,0.001962659823397558,0.003997645652915829,0.009859141013368357,0.003985986759475656,0.009778762116269315,-0.0014323130515423454,0.0,agent46,0.5013203445931879
-0.48775442081099646,-0.001939032293748535,-0.0020384759441231487,-0.007775889605004728,-0.007531799920151299,-0.0030412957074270924,-0.0033931479877169273,-0.0025883705150095554,0.005809204748169059,0.001999697475056075,-0.004934570181258116,-0.006381525273497897,0.0,-0.003952362214906015,-0.0053282392674613415,0.005995893171507842,-0.005184506432273983,1,0.0,-0.0031813196445938906,-0.010149041997916202,0.009393276016385892,-0.004982757660462785,0.005901162542407655,-0.005494695480645849,-0.002066875058626925,-0.0012136254824746326,0.0019661035390866432,0.007979651380615542,0.005990295909666883,0.005572874984021598,0.009958669344383915,-0.008770149850015447,0.003999982700817279,-0.003170033069302372,0.005990149277912379,-0.0021012051874376514,-0.0035922993708557617,-0.005419534669452611,0.007297279941164549,0.0036567144730560554,-0.00333164969336095,0.001931310583965519,0.007905785498321275,0.0037388246093451516,0.005974935450838525,-0.0025700193475651787,-0.009742742258100826,0.005925771152922993,0.005999972848888739,0.007890106429863025,-0.006950321803572856,0.007907246170142964,0.0,-0.004839360726840284,0.0019960186457145613,-0.0016920571793416078,0.009997221215824173,0.0,-0.00317979025541052,0.0058874083572663,-0.006568097825454849,-0.0054651503555093565,0.01199167870361363,-0.003662306203757337,-0.002885828497610724,0.00980231723445768,0.00927399415661333,0.0,0.0078084253565656354,-0.0010572119212754504,0.003969886646095247,0.00790942510447883,0.0019457053157315553,0.005997592497602754,0.003922305402012258,-0.0020022344082522847,0.0,0.0,-0.003171565574058454,0.0,-0.0014593764139710116,0.007984366646616748,-0.0045836211729339445,0.003958495056536072,-0.0035360884344868664,0.0,-0.008712957581027081,0.0019373019236979734,0.007810879381885412,-0.001075804577088508,-0.006308538550243005,-0.003709386263165403,-0.00524336969758131,0.001962659823397558,0.003997645652915829,0.009859141013368357,0.003985986759475656,0.009778762116269315,-0.0014323130515423454,0.0,agent2,0.6364841227349144
-0.4887599936859805,-0.001939032293748535,-0.0020384759441231487,-0.007775889605004728,-0.007531799920151299,-0.0030412957074270924,-0.0033931479877169273,-0.0025883705150095554,0.005809204748169059,0.001999697475056075,-0.004934570181258116,-0.006381525273497897,0.0,-0.003952362214906015,-0.0053282392674613415,0.005995893171507842,-0.005184506432273983,1,0.0,-0.0031813196445938906,-0.010149041997916202,0.009393276016385892,-0.004982757660462785,0.005901162542407655,-0.005494695480645849,-0.002066875058626925,-0.0012136254824746326,0.0019661035390866432,0.007979651380615542,0.005990295909666883,0.007441677217322259,0.009958669344383915,-0.008770149850015447,0.003999982700817279,-0.003170033069302372,0.005990149277912379,-0.0021012051874376514,-0.0035922993708557617,-0.005419534669452611,0.007297279941164549,0.0036567144730560554,-0.00333164969336095,0.001931310583965519,0.007905785498321275,0.0037388246093451516,0.005974935450838525,-0.0025700193475651787,-0.009742742258100826,0.005925771152922993,0.005999972848888739,0.007890106429863025,-0.006950321803572856,0.007907246170142964,0.0,-0.004839360726840284,0.0019960186457145613,-0.0016920571793416078,0.009997221215824173,0.0,-0.00317979025541052,0.0058874083572663,-0.006568097825454849,-0.0054651503555093565,0.01199167870361363,-0.003662306203757337,-0.002885828497610724,0.00980231723445768,0.00927399415661333,0.0,0.0078084253565656354,-0.0010572119212754504,0.003969886646095247,0.00790942510447883,0.0019457053157315553,0.005997592497602754,0.003922305402012258,-0.0020022344082522847,0.0,0.0,-0.003171565574058454,0.0,-0.0014593764139710116,0.007984366646616748,-0.0045836211729339445,0.003958495056536072,-0.0035360884344868664,0.0,-0.008712957581027081,0.0019373019236979734,0.007810879381885412,-0.001075804577088508,-0.006308538550243005,-0.003709386263165403,-0.00524336969758131,0.001962659823397558,0.003997645652915829,0.009859141013368357,0.003985986759475656,0.009778762116269315,-0.0014323130515423454,0.0,agent29,-1
-0.48976790093215067,-0.001939032293748535,-0.0020384759441231487,-0.007775889605004728,-0.007531799920151299,-0.0030412957074270924,-0.0033931479877169273,-0.0025883705150095554,0.005809204748169059,0.001999697475056075,-0.004934570181258116,-0.006381525273497897,0.0,-0.003952362214906015,-0.0053282392674613415,0.005995893171507842,-0.005184506432273983,1,0.0,-0.0031813196445938906,-0.010149041997916202,0.009393276016385892,-0.004982757660462785,0.005901162542407655,-0.005494695480645849,-0.002066875058626925,-0.0012136254824746326,0.0019661035390866432,0.007979651380615542,0.005990295909666883,0.007441677217322259,0.009958669344383915,-0.008770149850015447,0.003999982700817279,-0.003170033069302372,0.005990149277912379,-0.0021012051874376514,-0.0035922993708557617,-0.005419534669452611,0.007297279941164549,0.0036567144730560554,-0.00333164969336095,0.001931310583965519,0.007905785498321275,0.0037388246093451516,0.005974935450838525,-0.0025700193475651787,-0.009742742258100826,0.005925771152922993,0.005999972848888739,0.007890106429863025,-0.006950321803572856,0.009883627124538844,0.0,-0.004839360726840284,0.0019960186457145613,-0.0016920571793416078,0.009997221215824173,0.0,-0.00317979025541052,0.0058874083572663,-0.006568097825454849,-0.0054651503555093565,0.01199167870361363,-0.003662306203757337,-0.002885828497610724,0.00980231723445768,0.00927399415661333,0.0,0.0078084253565656354,-0.0010572119212754504,0.003969886646095247,0.00790942510447883,0.0019457053157315553,0.005997592497602754,0.003922305402012258,-0.0020022344082522847,0.0,0.0,-0.003171565574058454,0.0,-0.0014593764139710116,0.007984366646616748,-0.0045836211729339445,0.003958495056536072,-0.0035360884344868664,0.0,-0.008712957581027081,0.0019373019236979734,0.007810879381885412,-0.001075804577088508,-0.006308538550243005,-0.003709386263165403,-0.00524336969758131,0.001962659823397558,0.003997645652915829,0.009859141013368357,0.003985986759475656,0.009778762116269315,-0.0014323130515423454,0.0,agent51,-0.27141673704285785
-0.49077770324938513,-0.001939032293748535,-0.0020384759441231487,-0.007775889605004728,-0.007531799920151299,-0.0030412957074270924,-0.0033931479877169273,-0.0025883705150095554,0.005809204748169059,0.001999697475056075,-0.004934570181258116,-0.006381525273497897,0.0,-0.003952362214906015,-0.0053282392674613415,0.005995893171507842,-0.005184506432273983,1,0.0,-0.0031813196445938906,-0.010149041997916202,0.009393276016385892,-0.004982757660462785,0.005901162542407655,-0.005494695480645849,-0.002066875058626925,-0.0012136254824746326,0.0019661035390866432,0.007979651380615542,0.005990295909666883,0.007441677217322259,0.009958669344383915,-0.008770149850015447,0.003999982700817279,-0.003170033069302372,0.005990149277912379,-0.0021012051874376514,-0.0035922993708557617,-0.005419534669452611,0.007297279941164549,0.0036567144730560554,-0.00333164969336095,0.001931310583965519,0.007905785498321275,0.0037388246093451516,0.005974935450838525,-0.0025700193475651787,-0.009742742258100826,0.005925771152922993,0.005999972848888739,0.007890106429863025,-0.006950321803572856,0.009883627124538844,0.0,-0.004839360726840284,0.0019960186457145613,-0.0016920571793416078,0.009997221215824173,0.0,-0.00317979025541052,0.0058874083572663,-0.006568097825454849,-0.0054651503555093565,0.01199167870361363,-0.003662306203757337,-0.002885828497610724,0.011763417012592078,0.00927399415661333,0.0,0.0078084253565656354,-0.0010572119212754504,0.003969886646095247,0.00790942510447883,0.0019457053157315553,0.005997592497602754,0.003922305402012258,-0.0020022344082522847,0.0,0.0,-0.003171565574058454,0.0,-0.0014593764139710116,0.007984366646616748,-0.0045836211729339445,0.003958495056536072,-0.0035360884344868664,0.0,-0.008712957581027081,0.0019373019236979734,0.007810879381885412,-0.001075804577088508,-0.006308538550243005,-0.003709386263165403,-0.00524336969758131,0.001962659823397558,0.003997645652915829,0.009859141013368357,0.003985986759475656,0.009778762116269315,-0.0014323130515423454,0.0,agent65,-0.7686952099773597
-0.49177939530656445,-0.001939032293748535,-0.0020384759441231487,-0.007775889605004728,-0.007531799920151299,-0.0030412957074270924,-0.0033931479877169273,-0.0025883705150095554,0.005809204748169059,0.001999697475056075,-0.004934570181258116,-0.006381525273497897,0.0,-0.003952362214906015,-0.0053282392674613415,0.005995893171507842,-0.005184506432273983,1,0.0,-0.0031813196445938906,-0.010149041997916202,0.009393276016385892,-0.004982757660462785,0.005901162542407655,-0.005494695480645849,-0.002066875058626925,-0.0012136254824746326,0.0019661035390866432,0.007979651380615542,0.005990295909666883,0.007441677217322259,0.009958669344383915,-0.008770149850015447,0.003999982700817279,-0.003170033069302372,0.005990149277912379,-0.0021012051874376514,-0.0035922993708557617,-0.005419534669452611,0.007297279941164549,0.0036567144730560554,-0.00333164969336095,0.001931310583965519,0.007905785498321275,0.0037388246093451516,0.005974935450838525,-0.0025700193475651787,-0.009742742258100826,0.005925771152922993,0.005999972848888739,0.007890106429863025,-0.006950321803572856,0.009883627124538844,0.0,-0.004839360726840284,0.0019960186457145613,-0.003020268561007459,0.009997221215824173,0.0,-0.00317979025541052,0.0058874083572663,-0.006568097825454849,-0.0054651503555093565,0.01199167870361363,-0.003662306203757337,-0.002885828497610724,0.011763417012592078,0.00927399415661333,0.0,0.0078084253565656354,-0.0010572119212754504,0.003969886646095247,0.00790942510447883,0.0019457053157315553,0.005997592497602754,0.003922305402012258,-0.0020022344082522847,0.0,0.0,-0.003171565574058454,0.0,-0.0014593764139710116,0.007984366646616748,-0.0045836211729339445,0.003958495056536072,-0.0035360884344868664,0.0,-0.008712957581027081,0.0019373019236979734,0.007810879381885412,-0.001075804577088508,-0.006308538550243005,-0.003709386263165403,-0.00524336969758131,0.001962659823397558,0.003997645652915829,0.009859141013368357,0.003985986759475656,0.009778762116269315,-0.0014323130515423454,0.0,agent55,0.6683500880955976
-0.49278085468297844,-0.001939032293748535,-0.0020384759441231487,-0.007775889605004728,-0.007531799920151299,-0.0030412957074270924,-0.0033931479877169273,-0.0025883705150095554,0.005809204748169059,0.001999697475056075,-0.004934570181258116,-0.006381525273497897,0.0,-0.003952362214906015,-0.0053282392674613415,0.005995893171507842,-0.005184506432273983,1,0.0,-0.0031813196445938906,-0.010149041997916202,0.009393276016385892,-0.004982757660462785,0.005901162542407655,-0.005494695480645849,-0.002066875058626925,-0.0012136254824746326,0.0019661035390866432,0.007979651380615542,0.005990295909666883,0.007441677217322259,0.009958669344383915,-0.008770149850015447,0.003999982700817279,-0.003170033069302372,0.005990149277912379,-0.0021012051874376514,-0.0035922993708557617,-0.005419534669452611,0.007297279941164549,0.0036567144730560554,-0.00333164969336095,0.001931310583965519,0.007905785498321275,0.0037388246093451516,0.005974935450838525,-0.0025700193475651787,-0.009742742258100826,0.005925771152922993,0.005999972848888739,0.007890106429863025,-0.006950321803572856,0.009883627124538844,0.0,-0.004839360726840284,0.0019960186457145613,-0.003020268561007459,0.009997221215824173,0.0,-0.00317979025541052,0.0058874083572663,-0.006568097825454849,-0.0054651503555093565,0.01199167870361363,-0.003662306203757337,-0.002885828497610724,0.011763417012592078,0.00927399415661333,0.0,0.0078084253565656354,-0.0010572119212754504,0.003969886646095247,0.00790942510447883,0.0019457053157315553,0.005997592497602754,0.003922305402012258,-0.0020022344082522847,0.0,0.0,-0.003171565574058454,0.0,-0.002456673806158311,0.007984366646616748,-0.0045836211729339445,0.003958495056536072,-0.0035360884344868664,0.0,-0.008712957581027081,0.0019373019236979734,0.007810879381885412,-0.001075804577088508,-0.006308538550243005,-0.003709386263165403,-0.00524336969758131,0.001962659823397558,0.003997645652915829,0.009859141013368357,0.003985986759475656,0.009778762116269315,-0.0014323130515423454,0.0,agent80,0.9243439099269174
-0.4937840262485525,-0.001939032293748535,-0.0020384759441231487,-0.007775889605004728,-0.007531799920151299,-0.0030412957074270924,-0.0033931479877169273,-0.0025883705150095554,0.005809204748169059,0.001999697475056075,-0.004934570181258116,-0.006381525273497897,0.0,-0.003952362214906015,-0.0053282392674613415,0.005995893171507842,-0.005184506432273983,1,0.0,-0.0031813196445938906,-0.010149041997916202,0.009393276016385892,-0.004982757660462785,0.005901162542407655,-0.005494695480645849,-0.002066875058626925,-0.0012136254824746326,0.0019661035390866432,0.007979651380615542,0.005990295909666883,0.007441677217322259,0.009958669344383915,-0.008770149850015447,0.003999982700817279,-0.003170033069302372,0.005990149277912379,-0.0021012051874376514,-0.0035922993708557617,-0.005419534669452611,0.007297279941164549,0.0036567144730560554,-0.00333164969336095,0.001931310583965519,0.007905785498321275,0.0037388246093451516,0.005974935450838525,-0.0025700193475651787,-0.009742742258100826,0.005925771152922993,0.005999972848888739,0.007890106429863025,-0.006950321803572856,0.009883627124538844,0.0,-0.004839360726840284,0.0019960186457145613,-0.003020268561007459,0.009997221215824173,0.0,-0.00317979025541052,0.0058874083572663,-0.006568097825454849,-0.0054651503555093565,0.01199167870361363,-0.003662306203757337,-0.002885828497610724,0.011763417012592078,0.00927399415661333,0.0,0.0078084253565656354,-0.0010572119212754504,0.003969886646095247,0.00790942510447883,0.0019457053157315553,0.005997592497602754,0.003922305402012258,-0.0020022344082522847,0.0,0.0,-0.004057368234004433,0.0,-0.002456673806158311,0.007984366646616748,-0.0045836211729339445,0.003958495056536072,-0.0035360884344868664,0.0,-0.008712957581027081,0.0019373019236979734,0.007810879381885412,-0.001075804577088508,-0.006308538550243005,-0.003709386263165403,-0.00524336969758131,0.001962659823397558,0.003997645652915829,0.009859141013368357,0.003985986759475656,0.009778762116269315,-0.0014323130515423454,0.0,agent78,1
-0.49479001654446214,-0.001939032293748535,-0.0020384759441231487,-0.007775889605004728,-0.007531799920151299,-0.0030412957074270924,-0.0033931479877169273,-0.0025883705150095554,0.005809204748169059,0.001999697475056075,-0.004934570181258116,-0.006381525273497897,0.0,-0.003952362214906015,-0.0053282392674613415,0.005995893171507842,-0.005184506432273983,1,0.0,-0.0031813196445938906,-0.010149041997916202,0.009393276016385892,-0.004982757660462785,0.005901162542407655,-0.005494695480645849,-0.002066875058626925,-0.0012136254824746326,0.0019661035390866432,0.007979651380615542,0.00798695371792094,0.007441677217322259,0.009958669344383915,-0.008770149850015447,0.003999982700817279,-0.003170033069302372,0.005990149277912379,-0.0021012051874376514,-0.0035922993708557617,-0.005419534669452611,0.007297279941164549,0.0036567144730560554,-0.00333164969336095,0.001931310583965519,0.007905785498321275,0.0037388246093451516,0.005974935450838525,-0.0025700193475651787,-0.009742742258100826,0.005925771152922993,0.005999972848888739,0.007890106429863025,-0.006950321803572856,0.009883627124538844,0.0,-0.004839360726840284,0.0019960186457145613,-0.003020268561007459,0.009997221215824173,0.0,-0.00317979025541052,0.0058874083572663,-0.006568097825454849,-0.0054651503555093565,0.01199167870361363,-0.003662306203757337,-0.002885828497610724,0.011763417012592078,0.00927399415661333,0.0,0.0078084253565656354,-0.0010572119212754504,0.003969886646095247,0.00790942510447883,0.0019457053157315553,0.005997592497602754,0.003922305402012258,-0.0020022344082522847,0.0,0.0,-0.004057368234004433,0.0,-0.002456673806158311,0.007984366646616748,-0.0045836211729339445,0.003958495056536072,-0.0035360884344868664,0.0,-0.008712957581027081,0.0019373019236979734,0.007810879381885412,-0.001075804577088508,-0.006308538550243005,-0.003709386263165403,-0.00524336969758131,0.001962659823397558,0.003997645652915829,0.009859141013368357,0.003985986759475656,0.009778762116269315,-0.0014323130515423454,0.0,agent28,-0.41202594718668795
-0.4958020082231658,-0.001939032293748535,-0.0020384759441231487,-0.007775889605004728,-0.007531799920151299,-0.0030412957074270924,-0.0033931479877169273,-0.0025883705150095554,0.005809204748169059,0.001999697475056075,-0.004934570181258116,-0.006381525273497897,0.0,-0.003952362214906015,-0.0053282392674613415,0.005995893171507842,-0.005184506432273983,1,0.0,-0.0031813196445938906,-0.010149041997916202,0.009393276016385892,-0.004982757660462785,0.005901162542407655,-0.005494695480645849,-0.002066875058626925,-0.0012136254824746326,0.0019661035390866432,0.007979651380615542,0.00798695371792094,0.007441677217322259,0.009958669344383915,-0.008770149850015447,0.003999982700817279,-0.003170033069302372,0.005990149277912379,-0.0021012051874376514,-0.0035922993708557617,-0.005419534669452611,0.007297279941164549,0.0036567144730560554,-0.00333164969336095,0.001931310583965519,0.007905785498321275,0.0037388246093451516,0.005974935450838525,-0.0025700193475651787,-0.009742742258100826,0.005925771152922993,0.005999972848888739,0.007890106429863025,-0.006950321803572856,0.009883627124538844,0.0,-0.004839360726840284,0.0019960186457145613,-0.003020268561007459,0.009997221215824173,0.0,-0.00317979025541052,0.0058874083572663,-0.006568097825454849,-0.0054651503555093565,0.01399013828018724,-0.003662306203757337,-0.002885828497610724,0.011763417012592078,0.00927399415661333,0.0,0.0078084253565656354,-0.0010572119212754504,0.003969886646095247,0.00790942510447883,0.0019457053157315553,0.005997592497602754,0.003922305402012258,-0.0020022344082522847,0.0,0.0,-0.004057368234004433,0.0,-0.002456673806158311,0.007984366646616748,-0.0045836211729339445,0.003958495056536072,-0.0035360884344868664,0.0,-0.008712957581027081,0.0019373019236979734,0.007810879381885412,-0.001075804577088508,-0.006308538550243005,-0.003709386263165403,-0.00524336969758131,0.001962659823397558,0.003997645652915829,0.009859141013368357,0.003985986759475656,0.009778762116269315,-0.0014323130515423454,0.0,agent62,-0.4392846397528527
-0.4968079339943187,-0.001939032293748535,-0.0020384759441231487,-0.007775889605004728,-0.007531799920151299,-0.0030412957074270924,-0.0033931479877169273,-0.0025883705150095554,0.005809204748169059,0.001999697475056075,-0.004934570181258116,-0.006381525273497897,0.0,-0.003952362214906015,-0.0053282392674613415,0.005995893171507842,-0.005184506432273983,1,0.0,-0.0031813196445938906,-0.010149041997916202,0.009393276016385892,-0.004982757660462785,0.005901162542407655,-0.005494695480645849,-0.002066875058626925,-0.0012136254824746326,0.0019661035390866432,0.007979651380615542,0.00798695371792094,0.007441677217322259,0.009958669344383915,-0.008770149850015447,0.003999982700817279,-0.003170033069302372,0.005990149277912379,-0.0021012051874376514,-0.0035922993708557617,-0.005419534669452611,0.007297279941164549,0.0036567144730560554,-0.00333164969336095,0.001931310583965519,0.007905785498321275,0.0037388246093451516,0.005974935450838525,-0.0025700193475651787,-0.009742742258100826,0.007900811842372771,0.005999972848888739,0.007890106429863025,-0.006950321803572856,0.009883627124538844,0.0,-0.004839360726840284,0.0019960186457145613,-0.003020268561007459,0.009997221215824173,0.0,-0.00317979025541052,0.0058874083572663,-0.006568097825454849,-0.0054651503555093565,0.01399013828018724,-0.003662306203757337,-0.002885828497610724,0.011763417012592078,0.00927399415661333,0.0,0.0078084253565656354,-0.0010572119212754504,0.003969886646095247,0.00790942510447883,0.0019457053157315553,0.005997592497602754,0.003922305402012258,-0.0020022344082522847,0.0,0.0,-0.004057368234004433,0.0,-0.002456673806158311,0.007984366646616748,-0.0045836211729339445,0.003958495056536072,-0.0035360884344868664,0.0,-0.008712957581027081,0.0019373019236979734,0.007810879381885412,-0.001075804577088508,-0.006308538550243005,-0.003709386263165403,-0.00524336969758131,0.001962659823397558,0.003997645652915829,0.009859141013368357,0.003985986759475656,0.009778762116269315,-0.0014323130515423454,0.0,agent47,-0.27237725332693213
-0.4978143155195922,-0.001939032293748535,-0.0020384759441231487,-0.007775889605004728,-0.007531799920151299,-0.0030412957074270924,-0.0033931479877169273,-0.0025883705150095554,0.005809204748169059,0.001999697475056075,-0.004934570181258116,-0.007404276915309659,0.0,-0.003952362214906015,-0.0053282392674613415,0.005995893171507842,-0.005184506432273983,1,0.0,-0.0031813196445938906,-0.010149041997916202,0.009393276016385892,-0.004982757660462785,0.005901162542407655,-0.005494695480645849,-0.002066875058626925,-0.0012136254824746326,0.0019661035390866432,0.007979651380615542,0.00798695371792094,0.007441677217322259,0.009958669344383915,-0.008770149850015447,0.003999982700817279,-0.003170033069302372,0.005990149277912379,-0.0021012051874376514,-0.0035922993708557617,-0.005419534669452611,0.007297279941164549,0.0036567144730560554,-0.00333164969336095,0.001931310583965519,0.007905785498321275,0.0037388246093451516,0.005974935450838525,-0.0025700193475651787,-0.009742742258100826,0.007900811842372771,0.005999972848888739,0.007890106429863025,-0.006950321803572856,0.009883627124538844,0.0,-0.004839360726840284,0.0019960186457145613,-0.003020268561007459,0.009997221215824173,0.0,-0.00317979025541052,0.0058874083572663,-0.006568097825454849,-0.0054651503555093565,0.01399013828018724,-0.003662306203757337,-0.002885828497610724,0.011763417012592078,0.00927399415661333,0.0,0.0078084253565656354,-0.0010572119212754504,0.003969886646095247,0.00790942510447883,0.0019457053157315553,0.005997592497602754,0.003922305402012258,-0.0020022344082522847,0.0,0.0,-0.004057368234004433,0.0,-0.002456673806158311,0.007984366646616748,-0.0045836211729339445,0.003958495056536072,-0.0035360884344868664,0.0,-0.008712957581027081,0.0019373019236979734,0.007810879381885412,-0.001075804577088508,-0.006308538550243005,-0.003709386263165403,-0.00524336969758131,0.001962659823397558,0.003997645652915829,0.009859141013368357,0.003985986759475656,0.009778762116269315,-0.0014323130515423454,0.0,agent10,0.9012252259759571
-0.4988241746606056,-0.001939032293748535,-0.0020384759441231487,-0.007775889605004728,-0.007531799920151299,-0.0030412957074270924,-0.0033931479877169273,-0.0025883705150095554,0.005809204748169059,0.001999697475056075,-0.004934570181258116,-0.007404276915309659,0.0,-0.003952362214906015,-0.0053282392674613415,0.005995893171507842,-0.005184506432273983,1,0.0,-0.0031813196445938906,-0.010149041997916202,0.009393276016385892,-0.004982757660462785,0.005901162542407655,-0.005494695480645849,-0.002066875058626925,-0.0012136254824746326,0.0019661035390866432,0.007979651380615542,0.00798695371792094,0.007441677217322259,0.009958669344383915,-0.008770149850015447,0.003999982700817279,-0.003170033069302372,0.005990149277912379,-0.0021012051874376514,-0.0035922993708557617,-0.005419534669452611,0.007297279941164549,0.0036567144730560554,-0.00333164969336095,0.001931310583965519,0.007905785498321275,0.0037388246093451516,0.005974935450838525,-0.0025700193475651787,-0.009742742258100826,0.007900811842372771,0.005999972848888739,0.007890106429863025,-0.006950321803572856,0.009883627124538844,0.0,-0.004839360726840284,0.0019960186457145613,-0.003020268561007459,0.009997221215824173,0.0,-0.00317979025541052,0.0058874083572663,-0.006568097825454849,-0.0054651503555093565,0.01399013828018724,-0.003662306203757337,-0.002885828497610724,0.011763417012592078,0.00927399415661333,0.0,0.0078084253565656354,-0.0010572119212754504,0.003969886646095247,0.00790942510447883,0.0019457053157315553,0.005997592497602754,0.003922305402012258,-0.0020022344082522847,0.0,0.0,-0.004057368234004433,0.0,-0.002456673806158311,0.007984366646616748,-0.0045836211729339445,0.003958495056536072,-0.0035360884344868664,0.0,-0.008712957581027081,0.0019373019236979734,0.007810879381885412,-0.001075804577088508,-0.006308538550243005,-0.003709386263165403,-0.00524336969758131,0.001962659823397558,0.003997645652915829,0.01183150344668816,0.003985986759475656,0.009778762116269315,-0.0014323130515423454,0.0,agent95,-0.7329209580467493
-0.4998334486547622,-0.001939032293748535,-0.0020384759441231487,-0.007775889605004728,-0.007531799920151299,-0.0030412957074270924,-0.0033931479877169273,-0.0025883705150095554,0.005809204748169059,0.001999697475056075,-0.004934570181258116,-0.007404276915309659,0.0,-0.003952362214906015,-0.0053282392674613415,0.005995893171507842,-0.005184506432273983,1,0.0,-0.0031813196445938906,-0.010149041997916202,0.009393276016385892,-0.004982757660462785,0.005901162542407655,-0.005494695480645849,-0.002066875058626925,-0.0012136254824746326,0.0019661035390866432,0.007979651380615542,0.00798695371792094,0.007441677217322259,0.009958669344383915,-0.008770149850015447,0.003999982700817279,-0.003170033069302372,0.005990149277912379,-0.0021012051874376514,-0.0035922993708557617,-0.005419534669452611,0.007297279941164549,0.0036567144730560554,-0.00333164969336095,0.001931310583965519,0.007905785498321275,0.0037388246093451516,0.005974935450838525,-0.0025700193475651787,-0.009742742258100826,0.007900811842372771,0.005999972848888739,0.007890106429863025,-0.006950321803572856,0.009883627124538844,0.0,-0.004839360726840284,0.0019960186457145613,-0.003020268561007459,0.009997221215824173,0.0,-0.00317979025541052,0.0058874083572663,-0.006568097825454849,-0.0054651503555093565,0.01399013828018724,-0.003662306203757337,-0.002885828497610724,0.011763417012592078,0.01114840555266102,0.0,0.0078084253565656354,-0.0010572119212754504,0.003969886646095247,0.00790942510447883,0.0019457053157315553,0.005997592497602754,0.003922305402012258,-0.0020022344082522847,0.0,0.0,-0.004057368234004433,0.0,-0.002456673806158311,0.007984366646616748,-0.0045836211729339445,0.003958495056536072,-0.0035360884344868664,0.0,-0.008712957581027081,0.0019373019236979734,0.007810879381885412,-0.001075804577088508,-0.006308538550243005,-0.003709386263165403,-0.00524336969758131,0.001962659823397558,0.003997645652915829,0.01183150344668816,0.003985986759475656,0.009778762116269315,-0.0014323130515423454,0.0,agent66,-1
-0.5008374010169772,-0.001939032293748535,-0.0020384759441231487,-0.007775889605004728,-0.007531799920151299,-0.0030412957074270924,-0.0033931479877169273,-0.0025883705150095554,0.005809204748169059,0.001999697475056075,-0.004934570181258116,-0.007404276915309659,0.0,-0.00504820748138735,-0.0053282392674613415,0.005995893171507842,-0.005184506432273983,1,0.0,-0.0031813196445938906,-0.010149041997916202,0.009393276016385892,-0.004982757660462785,0.005901162542407655,-0.005494695480645849,-0.002066875058626925,-0.0012136254824746326,0.0019661035390866432,0.007979651380615542,0.00798695371792094,0.007441677217322259,0.009958669344383915,-0.008770149850015447,0.003999982700817279,-0.003170033069302372,0.005990149277912379,-0.0021012051874376514,-0.0035922993708557617,-0.005419534669452611,0.007297279941164549,0.0036567144730560554,-0.00333164969336095,0.001931310583965519,0.007905785498321275,0.0037388246093451516,0.005974935450838525,-0.0025700193475651787,-0.009742742258100826,0.007900811842372771,0.005999972848888739,0.007890106429863025,-0.006950321803572856,0.009883627124538844,0.0,-0.004839360726840284,0.0019960186457145613,-0.003020268561007459,0.009997221215824173,0.0,-0.00317979025541052,0.0058874083572663,-0.006568097825454849,-0.0054651503555093565,0.01399013828018724,-0.003662306203757337,-0.002885828497610724,0.011763417012592078,0.01114840555266102,0.0,0.0078084253565656354,-0.0010572119212754504,0.003969886646095247,0.00790942510447883,0.0019457053157315553,0.005997592497602754,0.003922305402012258,-0.0020022344082522847,0.0,0.0,-0.004057368234004433,0.0,-0.002456673806158311,0.007984366646616748,-0.0045836211729339445,0.003958495056536072,-0.0035360884344868664,0.0,-0.008712957581027081,0.0019373019236979734,0.007810879381885412,-0.001075804577088508,-0.006308538550243005,-0.003709386263165403,-0.00524336969758131,0.001962659823397558,0.003997645652915829,0.01183150344668816,0.003985986759475656,0.009778762116269315,-0.0014323130515423454,0.0,agent12,0.8449005276533139
-0.5018405823366218,-0.001939032293748535,-0.0020384759441231487,-0.007775889605004728,-0.007531799920151299,-0.0030412957074270924,-0.0033931479877169273,-0.0025883705150095554,0.005809204748169059,0.001999697475056075,-0.004934570181258116,-0.007404276915309659,0.0,-0.00504820748138735,-0.0053282392674613415,0.005995893171507842,-0.005184506432273983,1,0.0,-0.004055063192448193,-0.010149041997916202,0.009393276016385892,-0.004982757660462785,0.005901162542407655,-0.005494695480645849,-0.002066875058626925,-0.0012136254824746326,0.0019661035390866432,0.007979651380615542,0.00798695371792094,0.007441677217322259,0.009958669344383915,-0.008770149850015447,0.003999982700817279,-0.003170033069302372,0.005990149277912379,-0.0021012051874376514,-0.0035922993708557617,-0.005419534669452611,0.007297279941164549,0.0036567144730560554,-0.00333164969336095,0.001931310583965519,0.007905785498321275,0.0037388246093451516,0.005974935450838525,-0.0025700193475651787,-0.009742742258100826,0.007900811842372771,0.005999972848888739,0.007890106429863025,-0.006950321803572856,0.009883627124538844,0.0,-0.004839360726840284,0.0019960186457145613,-0.003020268561007459,0.009997221215824173,0.0,-0.00317979025541052,0.0058874083572663,-0.006568097825454849,-0.0054651503555093565,0.01399013828018724,-0.003662306203757337,-0.002885828497610724,0.011763417012592078,0.01114840555266102,0.0,0.0078084253565656354,-0.0010572119212754504,0.003969886646095247,0.00790942510447883,0.0019457053157315553,0.005997592497602754,0.003922305402012258,-0.0020022344082522847,0.0,0.0,-0.004057368234004433,0.0,-0.002456673806158311,0.007984366646616748,-0.0045836211729339445,0.003958495056536072,-0.0035360884344868664,0.0,-0.008712957581027081,0.0019373019236979734,0.007810879381885412,-0.001075804577088508,-0.006308538550243005,-0.003709386263165403,-0.00524336969758131,0.001962659823397558,0.003997645652915829,0.01183150344668816,0.003985986759475656,0.009778762116269315,-0.0014323130515423454,0.0,agent18,1
-0.5028483907619783,-0.001939032293748535,-0.0020384759441231487,-0.007775889605004728,-0.007531799920151299,-0.0030412957074270924,-0.0033931479877169273,-0.0025883705150095554,0.005809204748169059,0.001999697475056075,-0.004934570181258116,-0.007404276915309659,0.0,-0.00504820748138735,-0.0053282392674613415,0.005995893171507842,-0.005184506432273983,1,0.0,-0.004055063192448193,-0.010149041997916202,0.009393276016385892,-0.004982757660462785,0.005901162542407655,-0.005494695480645849,-0.002066875058626925,-0.0012136254824746326,0.0019661035390866432,0.007979651380615542,0.00798695371792094,0.007441677217322259,0.009958669344383915,-0.008770149850015447,0.003999982700817279,-0.003170033069302372,0.005990149277912379,-0.0021012051874376514,-0.0035922993708557617,-0.005419534669452611,0.007297279941164549,0.0036567144730560554,-0.00333164969336095,0.001931310583965519,0.007905785498321275,0.0037388246093451516,0.005974935450838525,-0.0025700193475651787,-0.009742742258100826,0.007900811842372771,0.005999972848888739,0.007890106429863025,-0.006950321803572856,0.009883627124538844,0.0,-0.004839360726840284,0.0019960186457145613,-0.003020268561007459,0.009997221215824173,0.0,-0.00317979025541052,0.0058874083572663,-0.006568097825454849,-0.0054651503555093565,0.01399013828018724,-0.003662306203757337,-0.002885828497610724,0.011763417012592078,0.01114840555266102,0.0,0.009761014260297834,-0.0010572119212754504,0.003969886646095247,0.00790942510447883,0.0019457053157315553,0.005997592497602754,0.003922305402012258,-0.0020022344082522847,0.0,0.0,-0.004057368234004433,0.0,-0.002456673806158311,0.007984366646616748,-0.0045836211729339445,0.003958495056536072,-0.0035360884344868664,0.0,-0.008712957581027081,0.0019373019236979734,0.007810879381885412,-0.001075804577088508,-0.006308538550243005,-0.003709386263165403,-0.00524336969758131,0.001962659823397558,0.003997645652915829,0.01183150344668816,0.003985986759475656,0.009778762116269315,-0.0014323130515423454,0.0,agent68,-0.8097727055969351
-0.5018483907619783,-0.001939032293748535,-0.0020384759441231487,-0.007775889605004728,-0.007531799920151299,-0.0030412957074270924,-0.0033931479877169273,-0.0025883705150095554,0.005809204748169059,0.001999697475056075,-0.004934570181258116,-0.007404276915309659,0.0,-0.00504820748138735,-0.0053282392674613415,0.005995893171507842,-0.005184506432273983,1,0.0,-0.004055063192448193,-0.010149041997916202,0.009393276016385892,-0.004982757660462785,0.005901162542407655,-0.005494695480645849,-0.002066875058626925,-0.0012136254824746326,0.0019661035390866432,0.007979651380615542,0.00798695371792094,0.007441677217322259,0.009958669344383915,-0.008770149850015447,0.003999982700817279,-0.003170033069302372,0.005990149277912379,-0.0021012051874376514,-0.0035922993708557617,-0.005419534669452611,0.007297279941164549,0.0036567144730560554,-0.00333164969336095,0.001931310583965519,0.007905785498321275,0.0037388246093451516,0.005974935450838525,-0.0025700193475651787,-0.009742742258100826,0.007900811842372771,0.005999972848888739,0.007890106429863025,-0.006950321803572856,0.009883627124538844,0.0,-0.004839360726840284,0.0019960186457145613,-0.003020268561007459,0.009997221215824173,0.0,-0.00317979025541052,0.0058874083572663,-0.006568097825454849,-0.0054651503555093565,0.01399013828018724,-0.003662306203757337,-0.002885828497610724,0.011763417012592078,0.01114840555266102,0.0,0.009761014260297834,-0.0010572119212754504,0.003969886646095247,0.00790942510447883,0.0019457053157315553,0.005997592497602754,0.003922305402012258,-0.0020022344082522847,0.0,-0.0008707233571920661,-0.004057368234004433,0.0,-0.002456673806158311,0.007984366646616748,-0.0045836211729339445,0.003958495056536072,-0.0035360884344868664,0.0,-0.008712957581027081,0.0019373019236979734,0.007810879381885412,-0.001075804577088508,-0.006308538550243005,-0.003709386263165403,-0.00524336969758131,0.001962659823397558,0.003997645652915829,0.01183150344668816,0.003985986759475656,0.009778762116269315,-0.0014323130515423454,0.0,agent77,1
-0.5028514320576857,-0.001939032293748535,-0.0020384759441231487,-0.007775889605004728,-0.007531799920151299,-0.003913521413009921,-0.0033931479877169273,-0.0025883705150095554,0.005809204748169059,0.001999697475056075,-0.004934570181258116,-0.007404276915309659,0.0,-0.00504820748138735,-0.0053282392674613415,0.005995893171507842,-0.005184506432273983,1,0.0,-0.004055063192448193,-0.010149041997916202,0.009393276016385892,-0.004982757660462785,0.005901162542407655,-0.005494695480645849,-0.002066875058626925,-0.0012136254824746326,0.0019661035390866432,0.007979651380615542,0.00798695371792094,0.007441677217322259,0.009958669344383915,-0.008770149850015447,0.003999982700817279,-0.003170033069302372,0.005990149277912379,-0.0021012051874376514,-0.0035922993708557617,-0.005419534669452611,0.007297279941164549,0.0036567144730560554,-0.00333164969336095,0.001931310583965519,0.007905785498321275,0.0037388246093451516,0.005974935450838525,-0.0025700193475651787,-0.009742742258100826,0.007900811842372771,0.005999972848888739,0.007890106429863025,-0.006950321803572856,0.009883627124538844,0.0,-0.004839360726840284,0.0019960186457145613,-0.003020268561007459,0.009997221215824173,0.0,-0.00317979025541052,0.0058874083572663,-0.006568097825454849,-0.0054651503555093565,0.01399013828018724,-0.003662306203757337,-0.002885828497610724,0.011763417012592078,0.01114840555266102,0.0,0.009761014260297834,-0.0010572119212754504,0.003969886646095247,0.00790942510447883,0.0019457053157315553,0.005997592497602754,0.003922305402012258,-0.0020022344082522847,0.0,-0.0008707233571920661,-0.004057368234004433,0.0,-0.002456673806158311,0.007984366646616748,-0.0045836211729339445,0.003958495056536072,-0.0035360884344868664,0.0,-0.008712957581027081,0.0019373019236979734,0.007810879381885412,-0.001075804577088508,-0.006308538550243005,-0.003709386263165403,-0.00524336969758131,0.001962659823397558,0.003997645652915829,0.01183150344668816,0.003985986759475656,0.009778762116269315,-0.0014323130515423454,0.0,agent4,1
-0.5038574320305346,-0.001939032293748535,-0.0020384759441231487,-0.007775889605004728,-0.007531799920151299,-0.003913521413009921,-0.0033931479877169273,-0.0025883705150095554,0.005809204748169059,0.001999697475056075,-0.004934570181258116,-0.007404276915309659,0.0,-0.00504820748138735,-0.0053282392674613415,0.005995893171507842,-0.005184506432273983,1,0.0,-0.004055063192448193,-0.010149041997916202,0.009393276016385892,-0.004982757660462785,0.005901162542407655,-0.005494695480645849,-0.002066875058626925,-0.0012136254824746326,0.0019661035390866432,0.007979651380615542,0.00798695371792094,0.007441677217322259,0.009958669344383915,-0.008770149850015447,0.003999982700817279,-0.003170033069302372,0.005990149277912379,-0.0021012051874376514,-0.0035922993708557617,-0.005419534669452611,0.007297279941164549,0.0036567144730560554,-0.00333164969336095,0.001931310583965519,0.007905785498321275,0.0037388246093451516,0.005974935450838525,-0.0025700193475651787,-0.009742742258100826,0.007900811842372771,0.007999959027524574,0.007890106429863025,-0.006950321803572856,0.009883627124538844,0.0,-0.004839360726840284,0.0019960186457145613,-0.003020268561007459,0.009997221215824173,0.0,-0.00317979025541052,0.0058874083572663,-0.006568097825454849,-0.0054651503555093565,0.01399013828018724,-0.003662306203757337,-0.002885828497610724,0.011763417012592078,0.01114840555266102,0.0,0.009761014260297834,-0.0010572119212754504,0.003969886646095247,0.00790942510447883,0.0019457053157315553,0.005997592497602754,0.003922305402012258,-0.0020022344082522847,0.0,-0.0008707233571920661,-0.004057368234004433,0.0,-0.002456673806158311,0.007984366646616748,-0.0045836211729339445,0.003958495056536072,-0.0035360884344868664,0.0,-0.008712957581027081,0.0019373019236979734,0.007810879381885412,-0.001075804577088508,-0.006308538550243005,-0.003709386263165403,-0.00524336969758131,0.001962659823397558,0.003997645652915829,0.01183150344668816,0.003985986759475656,0.009778762116269315,-0.0014323130515423454,0.0,agent48,-0.4975937968166062
-0.5048600020498821,-0.001939032293748535,-0.0020384759441231487,-0.007775889605004728,-0.007531799920151299,-0.003913521413009921,-0.0033931479877169273,-0.0025883705150095554,0.005809204748169059,0.001999697475056075,-0.004934570181258116,-0.007404276915309659,0.0,-0.00504820748138735,-0.0053282392674613415,0.005995893171507842,-0.005184506432273983,1,0.0,-0.004055063192448193,-0.010149041997916202,0.009393276016385892,-0.004982757660462785,0.005901162542407655,-0.005494695480645849,-0.002066875058626925,-0.0012136254824746326,0.0019661035390866432,0.007979651380615542,0.00798695371792094,0.007441677217322259,0.009958669344383915,-0.008770149850015447,0.003999982700817279,-0.003170033069302372,0.005990149277912379,-0.0021012051874376514,-0.0035922993708557617,-0.005419534669452611,0.007297279941164549,0.0036567144730560554,-0.00333164969336095,0.001931310583965519,0.007905785498321275,0.0037388246093451516,0.005974935450838525,-0.0036066506710521183,-0.009742742258100826,0.007900811842372771,0.007999959027524574,0.007890106429863025,-0.006950321803572856,0.009883627124538844,0.0,-0.004839360726840284,0.0019960186457145613,-0.003020268561007459,0.009997221215824173,0.0,-0.00317979025541052,0.0058874083572663,-0.006568097825454849,-0.0054651503555093565,0.01399013828018724,-0.003662306203757337,-0.002885828497610724,0.011763417012592078,0.01114840555266102,0.0,0.009761014260297834,-0.0010572119212754504,0.003969886646095247,0.00790942510447883,0.0019457053157315553,0.005997592497602754,0.003922305402012258,-0.0020022344082522847,0.0,-0.0008707233571920661,-0.004057368234004433,0.0,-0.002456673806158311,0.007984366646616748,-0.0045836211729339445,0.003958495056536072,-0.0035360884344868664,0.0,-0.008712957581027081,0.0019373019236979734,0.007810879381885412,-0.001075804577088508,-0.006308538550243005,-0.003709386263165403,-0.00524336969758131,0.001962659823397558,0.003997645652915829,0.01183150344668816,0.003985986759475656,0.009778762116269315,-0.0014323130515423454,0.0,agent45,0.884212217888417
-0.5058612156753646,-0.001939032293748535,-0.0020384759441231487,-0.007775889605004728,-0.007531799920151299,-0.003913521413009921,-0.0033931479877169273,-0.0025883705150095554,0.005809204748169059,0.001999697475056075,-0.004934570181258116,-0.007404276915309659,0.0,-0.00504820748138735,-0.0053282392674613415,0.005995893171507842,-0.005184506432273983,1,0.0,-0.004055063192448193,-0.010149041997916202,0.009393276016385892,-0.004982757660462785,0.005901162542407655,-0.005494695480645849,-0.002066875058626925,-0.002267382764654451,0.0019661035390866432,0.007979651380615542,0.00798695371792094,0.007441677217322259,0.009958669344383915,-0.008770149850015447,0.003999982700817279,-0.003170033069302372,0.005990149277912379,-0.0021012051874376514,-0.0035922993708557617,-0.005419534669452611,0.007297279941164549,0.0036567144730560554,-0.00333164969336095,0.001931310583965519,0.007905785498321275,0.0037388246093451516,0.005974935450838525,-0.0036066506710521183,-0.009742742258100826,0.007900811842372771,0.007999959027524574,0.007890106429863025,-0.006950321803572856,0.009883627124538844,0.0,-0.004839360726840284,0.0019960186457145613,-0.003020268561007459,0.009997221215824173,0.0,-0.00317979025541052,0.0058874083572663,-0.006568097825454849,-0.0054651503555093565,0.01399013828018724,-0.003662306203757337,-0.002885828497610724,0.011763417012592078,0.01114840555266102,0.0,0.009761014260297834,-0.0010572119212754504,0.003969886646095247,0.00790942510447883,0.0019457053157315553,0.005997592497602754,0.003922305402012258,-0.0020022344082522847,0.0,-0.0008707233571920661,-0.004057368234004433,0.0,-0.002456673806158311,0.007984366646616748,-0.0045836211729339445,0.003958495056536072,-0.0035360884344868664,0.0,-0.008712957581027081,0.0019373019236979734,0.007810879381885412,-0.001075804577088508,-0.006308538550243005,-0.003709386263165403,-0.00524336969758131,0.001962659823397558,0.003997645652915829,0.01183150344668816,0.003985986759475656,0.009778762116269315,-0.0014323130515423454,0.0,agent25,0.8708163536531458
-0.5068632116940103,-0.001939032293748535,-0.0020384759441231487,-0.007775889605004728,-0.007531799920151299,-0.003913521413009921,-0.0033931479877169273,-0.0025883705150095554,0.005809204748169059,0.001999697475056075,-0.004934570181258116,-0.007404276915309659,0.0,-0.00504820748138735,-0.0053282392674613415,0.005995893171507842,-0.005184506432273983,1,0.0,-0.004055063192448193,-0.010149041997916202,0.009393276016385892,-0.004982757660462785,0.005901162542407655,-0.005494695480645849,-0.002066875058626925,-0.002267382764654451,0.0019661035390866432,0.007979651380615542,0.00798695371792094,0.007441677217322259,0.009958669344383915,-0.008770149850015447,0.003999982700817279,-0.003170033069302372,0.005990149277912379,-0.0021012051874376514,-0.0035922993708557617,-0.005419534669452611,0.007297279941164549,0.0036567144730560554,-0.00333164969336095,0.001931310583965519,0.007905785498321275,0.0037388246093451516,0.005974935450838525,-0.0036066506710521183,-0.009742742258100826,0.007900811842372771,0.007999959027524574,0.007890106429863025,-0.006950321803572856,0.009883627124538844,0.0,-0.004839360726840284,0.0039921269162198295,-0.003020268561007459,0.009997221215824173,0.0,-0.00317979025541052,0.0058874083572663,-0.006568097825454849,-0.0054651503555093565,0.01399013828018724,-0.003662306203757337,-0.002885828497610724,0.011763417012592078,0.01114840555266102,0.0,0.009761014260297834,-0.0010572119212754504,0.003969886646095247,0.00790942510447883,0.0019457053157315553,0.005997592497602754,0.003922305402012258,-0.0020022344082522847,0.0,-0.0008707233571920661,-0.004057368234004433,0.0,-0.002456673806158311,0.007984366646616748,-0.0045836211729339445,0.003958495056536072,-0.0035360884344868664,0.0,-0.008712957581027081,0.0019373019236979734,0.007810879381885412,-0.001075804577088508,-0.006308538550243005,-0.003709386263165403,-0.00524336969758131,0.001962659823397558,0.003997645652915829,0.01183150344668816,0.003985986759475656,0.009778762116269315,-0.0014323130515423454,0.0,agent54,-0.41763730174346086
-0.5078642874985874,-0.001939032293748535,-0.0020384759441231487,-0.007775889605004728,-0.007531799920151299,-0.003913521413009921,-0.0033931479877169273,-0.0025883705150095554,0.005809204748169059,0.001999697475056075,-0.004934570181258116,-0.007404276915309659,0.0,-0.00504820748138735,-0.0053282392674613415,0.005995893171507842,-0.005184506432273983,1,0.0,-0.004055063192448193,-0.010149041997916202,0.009393276016385892,-0.004982757660462785,0.005901162542407655,-0.005494695480645849,-0.002066875058626925,-0.002267382764654451,0.0019661035390866432,0.007979651380615542,0.00798695371792094,0.007441677217322259,0.009958669344383915,-0.008770149850015447,0.003999982700817279,-0.003170033069302372,0.005990149277912379,-0.0021012051874376514,-0.0035922993708557617,-0.005419534669452611,0.007297279941164549,0.0036567144730560554,-0.00333164969336095,0.001931310583965519,0.007905785498321275,0.0037388246093451516,0.005974935450838525,-0.0036066506710521183,-0.009742742258100826,0.007900811842372771,0.007999959027524574,0.007890106429863025,-0.006950321803572856,0.009883627124538844,0.0,-0.004839360726840284,0.0039921269162198295,-0.003020268561007459,0.009997221215824173,0.0,-0.00317979025541052,0.0058874083572663,-0.006568097825454849,-0.0054651503555093565,0.01399013828018724,-0.003662306203757337,-0.002885828497610724,0.011763417012592078,0.01114840555266102,0.0,0.009761014260297834,-0.0010572119212754504,0.003969886646095247,0.00790942510447883,0.0019457053157315553,0.005997592497602754,0.003922305402012258,-0.0020022344082522847,0.0,-0.0008707233571920661,-0.004057368234004433,0.0,-0.002456673806158311,0.007984366646616748,-0.0045836211729339445,0.003958495056536072,-0.0035360884344868664,0.0,-0.008712957581027081,0.0019373019236979734,0.007810879381885412,-0.001940486207710114,-0.006308538550243005,-0.003709386263165403,-0.00524336969758131,0.001962659823397558,0.003997645652915829,0.01183150344668816,0.003985986759475656,0.009778762116269315,-0.0014323130515423454,0.0,agent89,1
-0.5088662897329956,-0.001939032293748535,-0.0020384759441231487,-0.007775889605004728,-0.007531799920151299,-0.003913521413009921,-0.0033931479877169273,-0.0025883705150095554,0.005809204748169059,0.001999697475056075,-0.004934570181258116,-0.007404276915309659,0.0,-0.00504820748138735,-0.0053282392674613415,0.005995893171507842,-0.005184506432273983,1,0.0,-0.004055063192448193,-0.010149041997916202,0.009393276016385892,-0.004982757660462785,0.005901162542407655,-0.005494695480645849,-0.002066875058626925,-0.002267382764654451,0.0019661035390866432,0.007979651380615542,0.00798695371792094,0.007441677217322259,0.009958669344383915,-0.008770149850015447,0.003999982700817279,-0.003170033069302372,0.005990149277912379,-0.0021012051874376514,-0.0035922993708557617,-0.005419534669452611,0.007297279941164549,0.0036567144730560554,-0.00333164969336095,0.001931310583965519,0.007905785498321275,0.0037388246093451516,0.005974935450838525,-0.0036066506710521183,-0.009742742258100826,0.007900811842372771,0.007999959027524574,0.007890106429863025,-0.006950321803572856,0.009883627124538844,0.0,-0.004839360726840284,0.0039921269162198295,-0.003020268561007459,0.009997221215824173,0.0,-0.00317979025541052,0.0058874083572663,-0.006568097825454849,-0.0054651503555093565,0.01399013828018724,-0.003662306203757337,-0.002885828497610724,0.011763417012592078,0.01114840555266102,0.0,0.009761014260297834,-0.0010572119212754504,0.003969886646095247,0.00790942510447883,0.0019457053157315553,0.005997592497602754,0.003922305402012258,-0.0028654070534954736,0.0,-0.0008707233571920661,-0.004057368234004433,0.0,-0.002456673806158311,0.007984366646616748,-0.0045836211729339445,0.003958495056536072,-0.0035360884344868664,0.0,-0.008712957581027081,0.0019373019236979734,0.007810879381885412,-0.001940486207710114,-0.006308538550243005,-0.003709386263165403,-0.00524336969758131,0.001962659823397558,0.003997645652915829,0.01183150344668816,0.003985986759475656,0.009778762116269315,-0.0014323130515423454,0.0,agent75,1
-0.5098688781035107,-0.001939032293748535,-0.0020384759441231487,-0.007775889605004728,-0.007531799920151299,-0.003913521413009921,-0.0033931479877169273,-0.003477158620638481,0.005809204748169059,0.001999697475056075,-0.004934570181258116,-0.007404276915309659,0.0,-0.00504820748138735,-0.0053282392674613415,0.005995893171507842,-0.005184506432273983,1,0.0,-0.004055063192448193,-0.010149041997916202,0.009393276016385892,-0.004982757660462785,0.005901162542407655,-0.005494695480645849,-0.002066875058626925,-0.002267382764654451,0.0019661035390866432,0.007979651380615542,0.00798695371792094,0.007441677217322259,0.009958669344383915,-0.008770149850015447,0.003999982700817279,-0.003170033069302372,0.005990149277912379,-0.0021012051874376514,-0.0035922993708557617,-0.005419534669452611,0.007297279941164549,0.0036567144730560554,-0.00333164969336095,0.001931310583965519,0.007905785498321275,0.0037388246093451516,0.005974935450838525,-0.0036066506710521183,-0.009742742258100826,0.007900811842372771,0.007999959027524574,0.007890106429863025,-0.006950321803572856,0.009883627124538844,0.0,-0.004839360726840284,0.0039921269162198295,-0.003020268561007459,0.009997221215824173,0.0,-0.00317979025541052,0.0058874083572663,-0.006568097825454849,-0.0054651503555093565,0.01399013828018724,-0.003662306203757337,-0.002885828497610724,0.011763417012592078,0.01114840555266102,0.0,0.009761014260297834,-0.0010572119212754504,0.003969886646095247,0.00790942510447883,0.0019457053157315553,0.005997592497602754,0.003922305402012258,-0.0028654070534954736,0.0,-0.0008707233571920661,-0.004057368234004433,0.0,-0.002456673806158311,0.007984366646616748,-0.0045836211729339445,0.003958495056536072,-0.0035360884344868664,0.0,-0.008712957581027081,0.0019373019236979734,0.007810879381885412,-0.001940486207710114,-0.006308538550243005,-0.003709386263165403,-0.00524336969758131,0.001962659823397558,0.003997645652915829,0.01183150344668816,0.003985986759475656,0.009778762116269315,-0.0014323130515423454,0.0,agent6,0.9819133011999325
-0.5108748756960083,-0.001939032293748535,-0.0020384759441231487,-0.007775889605004728,-0.007531799920151299,-0.003913521413009921,-0.0033931479877169273,-0.003477158620638481,0.005809204748169059,0.001999697475056075,-0.004934570181258116,-0.007404276915309659,0.0,-0.00504820748138735,-0.0053282392674613415,0.005995893171507842,-0.005184506432273983,1,0.0,-0.004055063192448193,-0.010149041997916202,0.009393276016385892,-0.004982757660462785,0.005901162542407655,-0.005494695480645849,-0.002066875058626925,-0.002267382764654451,0.0019661035390866432,0.007979651380615542,0.00798695371792094,0.007441677217322259,0.009958669344383915,-0.008770149850015447,0.003999982700817279,-0.003170033069302372,0.005990149277912379,-0.0021012051874376514,-0.0035922993708557617,-0.005419534669452611,0.007297279941164549,0.0036567144730560554,-0.00333164969336095,0.001931310583965519,0.007905785498321275,0.0037388246093451516,0.005974935450838525,-0.0036066506710521183,-0.009742742258100826,0.007900811842372771,0.007999959027524574,0.007890106429863025,-0.006950321803572856,0.009883627124538844,0.0,-0.004839360726840284,0.0039921269162198295,-0.003020268561007459,0.009997221215824173,0.0,-0.00317979025541052,0.0058874083572663,-0.006568097825454849,-0.0054651503555093565,0.01399013828018724,-0.003662306203757337,-0.002885828497610724,0.011763417012592078,0.01114840555266102,0.0,0.009761014260297834,-0.0010572119212754504,0.003969886646095247,0.00790942510447883,0.0019457053157315553,0.007996829990674928,0.003922305402012258,-0.0028654070534954736,0.0,-0.0008707233571920661,-0.004057368234004433,0.0,-0.002456673806158311,0.007984366646616748,-0.0045836211729339445,0.003958495056536072,-0.0035360884344868664,0.0,-0.008712957581027081,0.0019373019236979734,0.007810879381885412,-0.001940486207710114,-0.006308538550243005,-0.003709386263165403,-0.00524336969758131,0.001962659823397558,0.003997645652915829,0.01183150344668816,0.003985986759475656,0.009778762116269315,-0.0014323130515423454,0.0,agent73,-0.5489203038860876
-0.511876812997932,-0.001939032293748535,-0.0020384759441231487,-0.007775889605004728,-0.007531799920151299,-0.003913521413009921,-0.0033931479877169273,-0.003477158620638481,0.005809204748169059,0.001999697475056075,-0.004934570181258116,-0.007404276915309659,0.0,-0.00504820748138735,-0.0053282392674613415,0.005995893171507842,-0.005184506432273983,1,0.0,-0.004055063192448193,-0.010149041997916202,0.009393276016385892,-0.004982757660462785,0.005901162542407655,-0.005494695480645849,-0.002066875058626925,-0.002267382764654451,0.0019661035390866432,0.007979651380615542,0.00798695371792094,0.007441677217322259,0.009958669344383915,-0.008770149850015447,0.003999982700817279,-0.003170033069302372,0.005990149277912379,-0.0021012051874376514,-0.0035922993708557617,-0.005419534669452611,0.007297279941164549,0.0036567144730560554,-0.00333164969336095,0.001931310583965519,0.007905785498321275,0.0037388246093451516,0.005974935450838525,-0.0036066506710521183,-0.009742742258100826,0.007900811842372771,0.007999959027524574,0.007890106429863025,-0.006950321803572856,0.009883627124538844,0.0,-0.004839360726840284,0.0039921269162198295,-0.003020268561007459,0.009997221215824173,0.0,-0.00317979025541052,0.0058874083572663,-0.006568097825454849,-0.0054651503555093565,0.01399013828018724,-0.003662306203757337,-0.002885828497610724,0.011763417012592078,0.01114840555266102,0.0,0.009761014260297834,-0.0010572119212754504,0.003969886646095247,0.00790942510447883,0.0019457053157315553,0.007996829990674928,0.003922305402012258,-0.0028654070534954736,0.0,-0.0008707233571920661,-0.004057368234004433,0.0,-0.002456673806158311,0.007984366646616748,-0.0045836211729339445,0.003958495056536072,-0.0035360884344868664,0.0,-0.008712957581027081,0.003874974728217719,0.007810879381885412,-0.001940486207710114,-0.006308538550243005,-0.003709386263165403,-0.00524336969758131,0.001962659823397558,0.003997645652915829,0.01183150344668816,0.003985986759475656,0.009778762116269315,-0.0014323130515423454,0.0,agent87,-0.15781058840471543
-0.5128803490863665,-0.001939032293748535,-0.0020384759441231487,-0.007775889605004728,-0.007531799920151299,-0.003913521413009921,-0.0033931479877169273,-0.003477158620638481,0.005809204748169059,0.001999697475056075,-0.004934570181258116,-0.007404276915309659,0.0,-0.00504820748138735,-0.0053282392674613415,0.005995893171507842,-0.005184506432273983,1,0.0,-0.004055063192448193,-0.010149041997916202,0.009393276016385892,-0.004982757660462785,0.005901162542407655,-0.005494695480645849,-0.002066875058626925,-0.002267382764654451,0.0019661035390866432,0.007979651380615542,0.00798695371792094,0.007441677217322259,0.009958669344383915,-0.008770149850015447,0.003999982700817279,-0.003170033069302372,0.005990149277912379,-0.0021012051874376514,-0.0035922993708557617,-0.005419534669452611,0.007297279941164549,0.0036567144730560554,-0.00333164969336095,0.001931310583965519,0.007905785498321275,0.0037388246093451516,0.005974935450838525,-0.0036066506710521183,-0.009742742258100826,0.007900811842372771,0.007999959027524574,0.007890106429863025,-0.006950321803572856,0.009883627124538844,0.0,-0.004839360726840284,0.0039921269162198295,-0.003020268561007459,0.009997221215824173,0.0,-0.00317979025541052,0.0058874083572663,-0.006568097825454849,-0.0054651503555093565,0.01399013828018724,-0.003662306203757337,-0.002885828497610724,0.011763417012592078,0.01114840555266102,0.0,0.009761014260297834,-0.0010572119212754504,0.003969886646095247,0.00790942510447883,0.0019457053157315553,0.007996829990674928,0.003922305402012258,-0.0028654070534954736,0.0,-0.0008707233571920661,-0.004057368234004433,0.0,-0.002456673806158311,0.007984366646616748,-0.0045836211729339445,0.003958495056536072,-0.005115981532137646,0.0,-0.008712957581027081,0.003874974728217719,0.007810879381885412,-0.001940486207710114,-0.006308538550243005,-0.003709386263165403,-0.00524336969758131,0.001962659823397558,0.003997645652915829,0.01183150344668816,0.003985986759475656,0.009778762116269315,-0.0014323130515423454,0.0,agent84,0.4047549585976421
-0.5138822895725742,-0.001939032293748535,-0.0020384759441231487,-0.007775889605004728,-0.007531799920151299,-0.003913521413009921,-0.0033931479877169273,-0.003477158620638481,0.005809204748169059,0.001999697475056075,-0.004934570181258116,-0.007404276915309659,0.0,-0.00504820748138735,-0.0053282392674613415,0.005995893171507842,-0.005184506432273983,1,0.0,-0.004055063192448193,-0.010149041997916202,0.009393276016385892,-0.004982757660462785,0.005901162542407655,-0.005494695480645849,-0.002066875058626925,-0.002267382764654451,0.0019661035390866432,0.007979651380615542,0.00798695371792094,0.007441677217322259,0.009958669344383915,-0.008770149850015447,0.003999982700817279,-0.003170033069302372,0.005990149277912379,-0.0021012051874376514,-0.0035922993708557617,-0.005419534669452611,0.007297279941164549,0.0036567144730560554,-0.00333164969336095,0.001931310583965519,0.007905785498321275,0.0037388246093451516,0.005974935450838525,-0.0036066506710521183,-0.009742742258100826,0.007900811842372771,0.007999959027524574,0.007890106429863025,-0.006950321803572856,0.009883627124538844,0.0,-0.004839360726840284,0.0039921269162198295,-0.003020268561007459,0.009997221215824173,0.0,-0.00317979025541052,0.0058874083572663,-0.006568097825454849,-0.0054651503555093565,0.01399013828018724,-0.003662306203757337,-0.002885828497610724,0.011763417012592078,0.01114840555266102,0.0,0.009761014260297834,-0.0010572119212754504,0.003969886646095247,0.00790942510447883,0.0019457053157315553,0.007996829990674928,0.003922305402012258,-0.0028654070534954736,0.0,-0.0008707233571920661,-0.004057368234004433,0.0,-0.002456673806158311,0.007984366646616748,-0.0045836211729339445,0.003958495056536072,-0.005115981532137646,0.0,-0.008712957581027081,0.003874974728217719,0.007810879381885412,-0.0027960827323842714,-0.006308538550243005,-0.003709386263165403,-0.00524336969758131,0.001962659823397558,0.003997645652915829,0.01183150344668816,0.003985986759475656,0.009778762116269315,-0.0014323130515423454,0.0,agent89,1
-0.5148851754010718,-0.001939032293748535,-0.0020384759441231487,-0.007775889605004728,-0.007531799920151299,-0.003913521413009921,-0.0033931479877169273,-0.003477158620638481,0.005809204748169059,0.001999697475056075,-0.004934570181258116,-0.007404276915309659,0.0,-0.00504820748138735,-0.0053282392674613415,0.005995893171507842,-0.005184506432273983,1,0.0,-0.004055063192448193,-0.010149041997916202,0.009393276016385892,-0.004982757660462785,0.005901162542407655,-0.005494695480645849,-0.002066875058626925,-0.002267382764654451,0.0019661035390866432,0.007979651380615542,0.00798695371792094,0.007441677217322259,0.009958669344383915,-0.008770149850015447,0.003999982700817279,-0.003170033069302372,0.005990149277912379,-0.0021012051874376514,-0.0035922993708557617,-0.005419534669452611,0.007297279941164549,0.0036567144730560554,-0.00333164969336095,0.001931310583965519,0.007905785498321275,0.0037388246093451516,0.005974935450838525,-0.0036066506710521183,-0.009742742258100826,0.007900811842372771,0.007999959027524574,0.007890106429863025,-0.006950321803572856,0.009883627124538844,0.0,-0.004839360726840284,0.0039921269162198295,-0.003020268561007459,0.009997221215824173,0.0,-0.00317979025541052,0.0058874083572663,-0.006568097825454849,-0.0054651503555093565,0.01399013828018724,-0.003662306203757337,-0.004059496390550192,0.011763417012592078,0.01114840555266102,0.0,0.009761014260297834,-0.0010572119212754504,0.003969886646095247,0.00790942510447883,0.0019457053157315553,0.007996829990674928,0.003922305402012258,-0.0028654070534954736,0.0,-0.0008707233571920661,-0.004057368234004433,0.0,-0.002456673806158311,0.007984366646616748,-0.0045836211729339445,0.003958495056536072,-0.005115981532137646,0.0,-0.008712957581027081,0.003874974728217719,0.007810879381885412,-0.0027960827323842714,-0.006308538550243005,-0.003709386263165403,-0.00524336969758131,0.001962659823397558,0.003997645652915829,0.01183150344668816,0.003985986759475656,0.009778762116269315,-0.0014323130515423454,0.0,agent64,0.771677593949412
-0.5158891338961283,-0.001939032293748535,-0.0020384759441231487,-0.007775889605004728,-0.007531799920151299,-0.003913521413009921,-0.0033931479877169273,-0.003477158620638481,0.005809204748169059,0.001999697475056075,-0.004934570181258116,-0.007404276915309659,0.0,-0.00504820748138735,-0.0053282392674613415,0.005995893171507842,-0.005184506432273983,1,0.0,-0.004055063192448193,-0.010149041997916202,0.009393276016385892,-0.004982757660462785,0.005901162542407655,-0.005494695480645849,-0.002066875058626925,-0.002267382764654451,0.0019661035390866432,0.007979651380615542,0.00798695371792094,0.007441677217322259,0.009958669344383915,-0.008770149850015447,0.003999982700817279,-0.003170033069302372,0.005990149277912379,-0.0021012051874376514,-0.0035922993708557617,-0.005419534669452611,0.007297279941164549,0.0036567144730560554,-0.00333164969336095,0.001931310583965519,0.007905785498321275,0.0037388246093451516,0.005974935450838525,-0.0036066506710521183,-0.009742742258100826,0.007900811842372771,0.007999959027524574,0.007890106429863025,-0.006950321803572856,0.009883627124538844,0.0,-0.004839360726840284,0.0039921269162198295,-0.003020268561007459,0.009997221215824173,0.0,-0.00317979025541052,0.0058874083572663,-0.006568097825454849,-0.0054651503555093565,0.01399013828018724,-0.003662306203757337,-0.004059496390550192,0.011763417012592078,0.01114840555266102,0.0,0.009761014260297834,-0.0010572119212754504,0.003969886646095247,0.00790942510447883,0.0019457053157315553,0.007996829990674928,0.003922305402012258,-0.0028654070534954736,0.0,-0.0008707233571920661,-0.004057368234004433,0.0,-0.002456673806158311,0.007984366646616748,-0.0045836211729339445,0.005937752653737241,-0.005115981532137646,0.0,-0.008712957581027081,0.003874974728217719,0.007810879381885412,-0.0027960827323842714,-0.006308538550243005,-0.003709386263165403,-0.00524336969758131,0.001962659823397558,0.003997645652915829,0.01183150344668816,0.003985986759475656,0.009778762116269315,-0.0014323130515423454,0.0,agent83,-0.7185633666677415
-0.5168950213044856,-0.001939032293748535,-0.0020384759441231487,-0.007775889605004728,-0.007531799920151299,-0.003913521413009921,-0.0033931479877169273,-0.003477158620638481,0.005809204748169059,0.001999697475056075,-0.004934570181258116,-0.007404276915309659,0.0,-0.00504820748138735,-0.0053282392674613415,0.005995893171507842,-0.005184506432273983,1,0.0,-0.004055063192448193,-0.010149041997916202,0.009393276016385892,-0.004982757660462785,0.005901162542407655,-0.005494695480645849,-0.002066875058626925,-0.002267382764654451,0.0019661035390866432,0.007979651380615542,0.00798695371792094,0.007441677217322259,0.009958669344383915,-0.008770149850015447,0.003999982700817279,-0.003170033069302372,0.005990149277912379,-0.0021012051874376514,-0.0035922993708557617,-0.005419534669452611,0.007297279941164549,0.0036567144730560554,-0.00333164969336095,0.001931310583965519,0.007905785498321275,0.0037388246093451516,0.005974935450838525,-0.0036066506710521183,-0.009742742258100826,0.007900811842372771,0.007999959027524574,0.007890106429863025,-0.006950321803572856,0.009883627124538844,0.0,-0.004839360726840284,0.0039921269162198295,-0.003020268561007459,0.009997221215824173,0.0,-0.00317979025541052,0.007849518307777118,-0.006568097825454849,-0.0054651503555093565,0.01399013828018724,-0.003662306203757337,-0.004059496390550192,0.011763417012592078,0.01114840555266102,0.0,0.009761014260297834,-0.0010572119212754504,0.003969886646095247,0.00790942510447883,0.0019457053157315553,0.007996829990674928,0.003922305402012258,-0.0028654070534954736,0.0,-0.0008707233571920661,-0.004057368234004433,0.0,-0.002456673806158311,0.007984366646616748,-0.0045836211729339445,0.005937752653737241,-0.005115981532137646,0.0,-0.008712957581027081,0.003874974728217719,0.007810879381885412,-0.0027960827323842714,-0.006308538550243005,-0.003709386263165403,-0.00524336969758131,0.001962659823397558,0.003997645652915829,0.01183150344668816,0.003985986759475656,0.009778762116269315,-0.0014323130515423454,0.0,agent59,-0.24060728019275576
-0.5158950213044856,-0.001939032293748535,-0.0020384759441231487,-0.007775889605004728,-0.007531799920151299,-0.003913521413009921,-0.0033931479877169273,-0.003477158620638481,0.005809204748169059,0.001999697475056075,-0.004934570181258116,-0.007404276915309659,0.0,-0.00504820748138735,-0.0053282392674613415,0.005995893171507842,-0.005184506432273983,1,0.0,-0.004055063192448193,-0.010149041997916202,0.009393276016385892,-0.004982757660462785,0.005901162542407655,-0.005494695480645849,-0.002066875058626925,-0.002267382764654451,0.0019661035390866432,0.007979651380615542,0.00798695371792094,0.007441677217322259,0.009958669344383915,-0.008770149850015447,0.003999982700817279,-0.003170033069302372,0.005990149277912379,-0.0021012051874376514,-0.0035922993708557617,-0.005419534669452611,0.007297279941164549,0.0036567144730560554,-0.00333164969336095,0.001931310583965519,0.007905785498321275,0.0037388246093451516,0.005974935450838525,-0.0036066506710521183,-0.009742742258100826,0.007900811842372771,0.007999959027524574,0.007890106429863025,-0.006950321803572856,0.009883627124538844,0.0,-0.004839360726840284,0.0039921269162198295,-0.003020268561007459,0.009997221215824173,0.0,-0.00317979025541052,0.007849518307777118,-0.006568097825454849,-0.0054651503555093565,0.01399013828018724,-0.003662306203757337,-0.004059496390550192,0.011763417012592078,0.01114840555266102,0.0,0.009761014260297834,-0.0010572119212754504,0.003969886646095247,0.00790942510447883,0.0019457053157315553,0.007996829990674928,0.003922305402012258,-0.0028654070534954736,0.0,-0.0008707233571920661,-0.004057368234004433,-0.0011595414001970958,-0.002456673806158311,0.007984366646616748,-0.0045836211729339445,0.005937752653737241,-0.005115981532137646,0.0,-0.008712957581027081,0.003874974728217719,0.007810879381885412,-0.0027960827323842714,-0.006308538550243005,-0.003709386263165403,-0.00524336969758131,0.001962659823397558,0.003997645652915829,0.01183150344668816,0.003985986759475656,0.009778762116269315,-0.0014323130515423454,0.0,agent79,0.7796068875278185
-0.5169009962399365,-0.001939032293748535,-0.0020384759441231487,-0.007775889605004728,-0.007531799920151299,-0.003913521413009921,-0.0033931479877169273,-0.003477158620638481,0.005809204748169059,0.001999697475056075,-0.004934570181258116,-0.007404276915309659,0.0,-0.00504820748138735,-0.0053282392674613415,0.005995893171507842,-0.005184506432273983,1,0.0,-0.004055063192448193,-0.010149041997916202,0.009393276016385892,-0.004982757660462785,0.005901162542407655,-0.005494695480645849,-0.002066875058626925,-0.002267382764654451,0.0019661035390866432,0.007979651380615542,0.00798695371792094,0.007441677217322259,0.009958669344383915,-0.008770149850015447,0.003999982700817279,-0.003170033069302372,0.005990149277912379,-0.0021012051874376514,-0.0035922993708557617,-0.005419534669452611,0.007297279941164549,0.0036567144730560554,-0.00333164969336095,0.001931310583965519,0.007905785498321275,0.0037388246093451516,0.007966712341643301,-0.0036066506710521183,-0.009742742258100826,0.007900811842372771,0.007999959027524574,0.007890106429863025,-0.006950321803572856,0.009883627124538844,0.0,-0.004839360726840284,0.0039921269162198295,-0.003020268561007459,0.009997221215824173,0.0,-0.00317979025541052,0.007849518307777118,-0.006568097825454849,-0.0054651503555093565,0.01399013828018724,-0.003662306203757337,-0.004059496390550192,0.011763417012592078,0.01114840555266102,0.0,0.009761014260297834,-0.0010572119212754504,0.003969886646095247,0.00790942510447883,0.0019457053157315553,0.007996829990674928,0.003922305402012258,-0.0028654070534954736,0.0,-0.0008707233571920661,-0.004057368234004433,-0.0011595414001970958,-0.002456673806158311,0.007984366646616748,-0.0045836211729339445,0.005937752653737241,-0.005115981532137646,0.0,-0.008712957581027081,0.003874974728217719,0.007810879381885412,-0.0027960827323842714,-0.006308538550243005,-0.003709386263165403,-0.00524336969758131,0.001962659823397558,0.003997645652915829,0.01183150344668816,0.003985986759475656,0.009778762116269315,-0.0014323130515423454,0.0,agent44,-0.6441378315920361
-0.5179068974024789,-0.001939032293748535,-0.0020384759441231487,-0.007775889605004728,-0.007531799920151299,-0.003913521413009921,-0.0033931479877169273,-0.003477158620638481,0.005809204748169059,0.001999697475056075,-0.004934570181258116,-0.007404276915309659,0.0,-0.00504820748138735,-0.0053282392674613415,0.005995893171507842,-0.005184506432273983,1,0.0,-0.004055063192448193,-0.010149041997916202,0.009393276016385892,-0.004982757660462785,0.007867880943812862,-0.005494695480645849,-0.002066875058626925,-0.002267382764654451,0.0019661035390866432,0.007979651380615542,0.00798695371792094,0.007441677217322259,0.009958669344383915,-0.008770149850015447,0.003999982700817279,-0.003170033069302372,0.005990149277912379,-0.0021012051874376514,-0.0035922993708557617,-0.005419534669452611,0.007297279941164549,0.0036567144730560554,-0.00333164969336095,0.001931310583965519,0.007905785498321275,0.0037388246093451516,0.007966712341643301,-0.0036066506710521183,-0.009742742258100826,0.007900811842372771,0.007999959027524574,0.007890106429863025,-0.006950321803572856,0.009883627124538844,0.0,-0.004839360726840284,0.0039921269162198295,-0.003020268561007459,0.009997221215824173,0.0,-0.00317979025541052,0.007849518307777118,-0.006568097825454849,-0.0054651503555093565,0.01399013828018724,-0.003662306203757337,-0.004059496390550192,0.011763417012592078,0.01114840555266102,0.0,0.009761014260297834,-0.0010572119212754504,0.003969886646095247,0.00790942510447883,0.0019457053157315553,0.007996829990674928,0.003922305402012258,-0.0028654070534954736,0.0,-0.0008707233571920661,-0.004057368234004433,-0.0011595414001970958,-0.002456673806158311,0.007984366646616748,-0.0045836211729339445,0.005937752653737241,-0.005115981532137646,0.0,-0.008712957581027081,0.003874974728217719,0.007810879381885412,-0.0027960827323842714,-0.006308538550243005,-0.003709386263165403,-0.00524336969758131,0.001962659823397558,0.003997645652915829,0.01183150344668816,0.003985986759475656,0.009778762116269315,-0.0014323130515423454,0.0,agent22,-0.25890255207876084
-0.5169068974024789,-0.001939032293748535,-0.0020384759441231487,-0.007775889605004728,-0.007531799920151299,-0.003913521413009921,-0.0033931479877169273,-0.003477158620638481,0.005809204748169059,0.001999697475056075,-0.004934570181258116,-0.007404276915309659,0.0,-0.00504820748138735,-0.0053282392674613415,0.005995893171507842,-0.005184506432273983,1,0.0,-0.004055063192448193,-0.010149041997916202,0.009393276016385892,-0.004982757660462785,0.007867880943812862,-0.005494695480645849,-0.002066875058626925,-0.002267382764654451,0.0019661035390866432,0.007979651380615542,0.00798695371792094,0.007441677217322259,0.009958669344383915,-0.008770149850015447,0.003999982700817279,-0.003170033069302372,0.005990149277912379,-0.0021012051874376514,-0.0035922993708557617,-0.005419534669452611,0.007297279941164549,0.0036567144730560554,-0.00333164969336095,0.001931310583965519,0.007905785498321275,0.0037388246093451516,0.007966712341643301,-0.0036066506710521183,-0.009742742258100826,0.007900811842372771,0.007999959027524574,0.007890106429863025,-0.006950321803572856,0.009883627124538844,0.0019352612551865624,-0.004839360726840284,0.0039921269162198295,-0.003020268561007459,0.009997221215824173,0.0,-0.00317979025541052,0.007849518307777118,-0.006568097825454849,-0.0054651503555093565,0.01399013828018724,-0.003662306203757337,-0.004059496390550192,0.011763417012592078,0.01114840555266102,0.0,0.009761014260297834,-0.0010572119212754504,0.003969886646095247,0.00790942510447883,0.0019457053157315553,0.007996829990674928,0.003922305402012258,-0.0028654070534954736,0.0,-0.0008707233571920661,-0.004057368234004433,-0.0011595414001970958,-0.002456673806158311,0.007984366646616748,-0.0045836211729339445,0.005937752653737241,-0.005115981532137646,0.0,-0.008712957581027081,0.003874974728217719,0.007810879381885412,-0.0027960827323842714,-0.006308538550243005,-0.003709386263165403,-0.00524336969758131,0.001962659823397558,0.003997645652915829,0.01183150344668816,0.003985986759475656,0.009778762116269315,-0.0014323130515423454,0.0,agent52,-0.15807709092881372
-0.5179147469207867,-0.001939032293748535,-0.0020384759441231487,-0.007775889605004728,-0.007531799920151299,-0.003913521413009921,-0.0033931479877169273,-0.003477158620638481,0.005809204748169059,0.001999697475056075,-0.004934570181258116,-0.007404276915309659,0.0,-0.00504820748138735,-0.0053282392674613415,0.005995893171507842,-0.005184506432273983,1,0.0,-0.004055063192448193,-0.010149041997916202,0.009393276016385892,-0.004982757660462785,0.007867880943812862,-0.005494695480645849,-0.002066875058626925,-0.002267382764654451,0.0019661035390866432,0.007979651380615542,0.00798695371792094,0.007441677217322259,0.009958669344383915,-0.008770149850015447,0.003999982700817279,-0.003170033069302372,0.005990149277912379,-0.0021012051874376514,-0.0035922993708557617,-0.005419534669452611,0.007297279941164549,0.0036567144730560554,-0.00333164969336095,0.001931310583965519,0.007905785498321275,0.0037388246093451516,0.007966712341643301,-0.0036066506710521183,-0.009742742258100826,0.007900811842372771,0.007999959027524574,0.007890106429863025,-0.006950321803572856,0.009883627124538844,0.0019352612551865624,-0.004839360726840284,0.0039921269162198295,-0.003020268561007459,0.009997221215824173,0.0,-0.00317979025541052,0.009811350816226461,-0.006568097825454849,-0.0054651503555093565,0.01399013828018724,-0.003662306203757337,-0.004059496390550192,0.011763417012592078,0.01114840555266102,0.0,0.009761014260297834,-0.0010572119212754504,0.003969886646095247,0.00790942510447883,0.0019457053157315553,0.007996829990674928,0.003922305402012258,-0.0028654070534954736,0.0,-0.0008707233571920661,-0.004057368234004433,-0.0011595414001970958,-0.002456673806158311,0.007984366646616748,-0.0045836211729339445,0.005937752653737241,-0.005115981532137646,0.0,-0.008712957581027081,0.003874974728217719,0.007810879381885412,-0.0027960827323842714,-0.006308538550243005,-0.003709386263165403,-0.00524336969758131,0.001962659823397558,0.003997645652915829,0.01183150344668816,0.003985986759475656,0.009778762116269315,-0.0014323130515423454,0.0,agent59,-0.2406190346554677
-0.518922647732629,-0.001939032293748535,-0.0020384759441231487,-0.007775889605004728,-0.007531799920151299,-0.003913521413009921,-0.0033931479877169273,-0.003477158620638481,0.005809204748169059,0.001999697475056075,-0.004934570181258116,-0.007404276915309659,0.0,-0.00504820748138735,-0.0053282392674613415,0.005995893171507842,-0.005184506432273983,1,0.0,-0.004055063192448193,-0.010149041997916202,0.009393276016385892,-0.004982757660462785,0.007867880943812862,-0.005494695480645849,-0.002066875058626925,-0.002267382764654451,0.0019661035390866432,0.007979651380615542,0.00798695371792094,0.007441677217322259,0.009958669344383915,-0.008770149850015447,0.003999982700817279,-0.003170033069302372,0.005990149277912379,-0.0021012051874376514,-0.0035922993708557617,-0.005419534669452611,0.007297279941164549,0.0036567144730560554,-0.00333164969336095,0.001931310583965519,0.007905785498321275,0.0037388246093451516,0.007966712341643301,-0.0036066506710521183,-0.009742742258100826,0.009875628491847593,0.007999959027524574,0.007890106429863025,-0.006950321803572856,0.009883627124538844,0.0019352612551865624,-0.004839360726840284,0.0039921269162198295,-0.003020268561007459,0.009997221215824173,0.0,-0.00317979025541052,0.009811350816226461,-0.006568097825454849,-0.0054651503555093565,0.01399013828018724,-0.003662306203757337,-0.004059496390550192,0.011763417012592078,0.01114840555266102,0.0,0.009761014260297834,-0.0010572119212754504,0.003969886646095247,0.00790942510447883,0.0019457053157315553,0.007996829990674928,0.003922305402012258,-0.0028654070534954736,0.0,-0.0008707233571920661,-0.004057368234004433,-0.0011595414001970958,-0.002456673806158311,0.007984366646616748,-0.0045836211729339445,0.005937752653737241,-0.005115981532137646,0.0,-0.008712957581027081,0.003874974728217719,0.007810879381885412,-0.0027960827323842714,-0.006308538550243005,-0.003709386263165403,-0.00524336969758131,0.001962659823397558,0.003997645652915829,0.01183150344668816,0.003985986759475656,0.009778762116269315,-0.0014323130515423454,0.0,agent47,-0.29348947862339503
-0.5199280672672985,-0.001939032293748535,-0.0020384759441231487,-0.007775889605004728,-0.007531799920151299,-0.003913521413009921,-0.0033931479877169273,-0.003477158620638481,0.005809204748169059,0.001999697475056075,-0.004934570181258116,-0.007404276915309659,0.0,-0.00504820748138735,-0.0053282392674613415,0.005995893171507842,-0.005184506432273983,1,0.0,-0.004055063192448193,-0.010149041997916202,0.009393276016385892,-0.004982757660462785,0.007867880943812862,-0.005494695480645849,-0.002066875058626925,-0.002267382764654451,0.0019661035390866432,0.007979651380615542,0.00798695371792094,0.007441677217322259,0.009958669344383915,-0.008770149850015447,0.003999982700817279,-0.003170033069302372,0.005990149277912379,-0.0021012051874376514,-0.0035922993708557617,-0.006265971664555061,0.007297279941164549,0.0036567144730560554,-0.00333164969336095,0.001931310583965519,0.007905785498321275,0.0037388246093451516,0.007966712341643301,-0.0036066506710521183,-0.009742742258100826,0.009875628491847593,0.007999959027524574,0.007890106429863025,-0.006950321803572856,0.009883627124538844,0.0019352612551865624,-0.004839360726840284,0.0039921269162198295,-0.003020268561007459,0.009997221215824173,0.0,-0.00317979025541052,0.009811350816226461,-0.006568097825454849,-0.0054651503555093565,0.01399013828018724,-0.003662306203757337,-0.004059496390550192,0.011763417012592078,0.01114840555266102,0.0,0.009761014260297834,-0.0010572119212754504,0.003969886646095247,0.00790942510447883,0.0019457053157315553,0.007996829990674928,0.003922305402012258,-0.0028654070534954736,0.0,-0.0008707233571920661,-0.004057368234004433,-0.0011595414001970958,-0.002456673806158311,0.007984366646616748,-0.0045836211729339445,0.005937752653737241,-0.005115981532137646,0.0,-0.008712957581027081,0.003874974728217719,0.007810879381885412,-0.0027960827323842714,-0.006308538550243005,-0.003709386263165403,-0.00524336969758131,0.001962659823397558,0.003997645652915829,0.01183150344668816,0.003985986759475656,0.009778762116269315,-0.0014323130515423454,0.0,agent37,1
-0.5209332517737307,-0.001939032293748535,-0.0020384759441231487,-0.007775889605004728,-0.007531799920151299,-0.003913521413009921,-0.0033931479877169273,-0.003477158620638481,0.005809204748169059,0.001999697475056075,-0.004934570181258116,-0.007404276915309659,0.0,-0.00504820748138735,-0.0053282392674613415,0.005995893171507842,-0.00602941576744053,1,0.0,-0.004055063192448193,-0.010149041997916202,0.009393276016385892,-0.004982757660462785,0.007867880943812862,-0.005494695480645849,-0.002066875058626925,-0.002267382764654451,0.0019661035390866432,0.007979651380615542,0.00798695371792094,0.007441677217322259,0.009958669344383915,-0.008770149850015447,0.003999982700817279,-0.003170033069302372,0.005990149277912379,-0.0021012051874376514,-0.0035922993708557617,-0.006265971664555061,0.007297279941164549,0.0036567144730560554,-0.00333164969336095,0.001931310583965519,0.007905785498321275,0.0037388246093451516,0.007966712341643301,-0.0036066506710521183,-0.009742742258100826,0.009875628491847593,0.007999959027524574,0.007890106429863025,-0.006950321803572856,0.009883627124538844,0.0019352612551865624,-0.004839360726840284,0.0039921269162198295,-0.003020268561007459,0.009997221215824173,0.0,-0.00317979025541052,0.009811350816226461,-0.006568097825454849,-0.0054651503555093565,0.01399013828018724,-0.003662306203757337,-0.004059496390550192,0.011763417012592078,0.01114840555266102,0.0,0.009761014260297834,-0.0010572119212754504,0.003969886646095247,0.00790942510447883,0.0019457053157315553,0.007996829990674928,0.003922305402012258,-0.0028654070534954736,0.0,-0.0008707233571920661,-0.004057368234004433,-0.0011595414001970958,-0.002456673806158311,0.007984366646616748,-0.0045836211729339445,0.005937752653737241,-0.005115981532137646,0.0,-0.008712957581027081,0.003874974728217719,0.007810879381885412,-0.0027960827323842714,-0.006308538550243005,-0.003709386263165403,-0.00524336969758131,0.001962659823397558,0.003997645652915829,0.01183150344668816,0.003985986759475656,0.009778762116269315,-0.0014323130515423454,0.0,agent15,1
-0.5219382345313912,-0.001939032293748535,-0.0020384759441231487,-0.007775889605004728,-0.007531799920151299,-0.003913521413009921,-0.0033931479877169273,-0.003477158620638481,0.005809204748169059,0.001999697475056075,-0.004934570181258116,-0.007404276915309659,0.0,-0.00504820748138735,-0.0053282392674613415,0.005995893171507842,-0.00602941576744053,1,0.0,-0.004055063192448193,-0.010149041997916202,0.009393276016385892,-0.006290965250428329,0.007867880943812862,-0.005494695480645849,-0.002066875058626925,-0.002267382764654451,0.0019661035390866432,0.007979651380615542,0.00798695371792094,0.007441677217322259,0.009958669344383915,-0.008770149850015447,0.003999982700817279,-0.003170033069302372,0.005990149277912379,-0.0021012051874376514,-0.0035922993708557617,-0.006265971664555061,0.007297279941164549,0.0036567144730560554,-0.00333164969336095,0.001931310583965519,0.007905785498321275,0.0037388246093451516,0.007966712341643301,-0.0036066506710521183,-0.009742742258100826,0.009875628491847593,0.007999959027524574,0.007890106429863025,-0.006950321803572856,0.009883627124538844,0.0019352612551865624,-0.004839360726840284,0.0039921269162198295,-0.003020268561007459,0.009997221215824173,0.0,-0.00317979025541052,0.009811350816226461,-0.006568097825454849,-0.0054651503555093565,0.01399013828018724,-0.003662306203757337,-0.004059496390550192,0.011763417012592078,0.01114840555266102,0.0,0.009761014260297834,-0.0010572119212754504,0.003969886646095247,0.00790942510447883,0.0019457053157315553,0.007996829990674928,0.003922305402012258,-0.0028654070534954736,0.0,-0.0008707233571920661,-0.004057368234004433,-0.0011595414001970958,-0.002456673806158311,0.007984366646616748,-0.0045836211729339445,0.005937752653737241,-0.005115981532137646,0.0,-0.008712957581027081,0.003874974728217719,0.007810879381885412,-0.0027960827323842714,-0.006308538550243005,-0.003709386263165403,-0.00524336969758131,0.001962659823397558,0.003997645652915829,0.01183150344668816,0.003985986759475656,0.009778762116269315,-0.0014323130515423454,0.0,agent21,0.655325571814391
-0.5229422918996253,-0.001939032293748535,-0.0020384759441231487,-0.007775889605004728,-0.007531799920151299,-0.003913521413009921,-0.0033931479877169273,-0.003477158620638481,0.005809204748169059,0.001999697475056075,-0.004934570181258116,-0.007404276915309659,0.0,-0.00504820748138735,-0.0053282392674613415,0.005995893171507842,-0.00602941576744053,1,0.0,-0.004055063192448193,-0.010149041997916202,0.009393276016385892,-0.006290965250428329,0.007867880943812862,-0.005494695480645849,-0.002066875058626925,-0.002267382764654451,0.0019661035390866432,0.007979651380615542,0.00798695371792094,0.007441677217322259,0.009958669344383915,-0.008770149850015447,0.003999982700817279,-0.003170033069302372,0.005990149277912379,-0.0021012051874376514,-0.0035922993708557617,-0.006265971664555061,0.007297279941164549,0.0036567144730560554,-0.00333164969336095,0.001931310583965519,0.007905785498321275,0.0037388246093451516,0.007966712341643301,-0.0036066506710521183,-0.009742742258100826,0.009875628491847593,0.007999959027524574,0.007890106429863025,-0.006950321803572856,0.009883627124538844,0.0019352612551865624,-0.004839360726840284,0.0039921269162198295,-0.003020268561007459,0.009997221215824173,0.0,-0.00317979025541052,0.009811350816226461,-0.006568097825454849,-0.0054651503555093565,0.01399013828018724,-0.003662306203757337,-0.004059496390550192,0.011763417012592078,0.01114840555266102,0.0,0.009761014260297834,-0.0010572119212754504,0.003969886646095247,0.00790942510447883,0.0019457053157315553,0.007996829990674928,0.003922305402012258,-0.0028654070534954736,0.0,-0.0008707233571920661,-0.004899220239140169,-0.0011595414001970958,-0.002456673806158311,0.007984366646616748,-0.0045836211729339445,0.005937752653737241,-0.005115981532137646,0.0,-0.008712957581027081,0.003874974728217719,0.007810879381885412,-0.0027960827323842714,-0.006308538550243005,-0.003709386263165403,-0.00524336969758131,0.001962659823397558,0.003997645652915829,0.01183150344668816,0.003985986759475656,0.009778762116269315,-0.0014323130515423454,0.0,agent78,1
-0.5239521675281171,-0.001939032293748535,-0.0020384759441231487,-0.007775889605004728,-0.007531799920151299,-0.003913521413009921,-0.0033931479877169273,-0.003477158620638481,0.005809204748169059,0.001999697475056075,-0.004934570181258116,-0.007404276915309659,0.0,-0.00504820748138735,-0.0053282392674613415,0.005995893171507842,-0.00602941576744053,1,0.0,-0.004055063192448193,-0.010149041997916202,0.009393276016385892,-0.006290965250428329,0.007867880943812862,-0.005494695480645849,-0.002066875058626925,-0.002267382764654451,0.0019661035390866432,0.007979651380615542,0.00798695371792094,0.007441677217322259,0.009958669344383915,-0.008770149850015447,0.003999982700817279,-0.003170033069302372,0.005990149277912379,-0.0021012051874376514,-0.0035922993708557617,-0.006265971664555061,0.007297279941164549,0.0036567144730560554,-0.00333164969336095,0.001931310583965519,0.007905785498321275,0.0037388246093451516,0.007966712341643301,-0.0036066506710521183,-0.009742742258100826,0.01185021943559392,0.007999959027524574,0.007890106429863025,-0.006950321803572856,0.009883627124538844,0.0019352612551865624,-0.004839360726840284,0.0039921269162198295,-0.003020268561007459,0.009997221215824173,0.0,-0.00317979025541052,0.009811350816226461,-0.006568097825454849,-0.0054651503555093565,0.01399013828018724,-0.003662306203757337,-0.004059496390550192,0.011763417012592078,0.01114840555266102,0.0,0.009761014260297834,-0.0010572119212754504,0.003969886646095247,0.00790942510447883,0.0019457053157315553,0.007996829990674928,0.003922305402012258,-0.0028654070534954736,0.0,-0.0008707233571920661,-0.004899220239140169,-0.0011595414001970958,-0.002456673806158311,0.007984366646616748,-0.0045836211729339445,0.005937752653737241,-0.005115981532137646,0.0,-0.008712957581027081,0.003874974728217719,0.007810879381885412,-0.0027960827323842714,-0.006308538550243005,-0.003709386263165403,-0.00524336969758131,0.001962659823397558,0.003997645652915829,0.01183150344668816,0.003985986759475656,0.009778762116269315,-0.0014323130515423454,0.0,agent47,-0.2975135614606089
-0.5249599434177221,-0.001939032293748535,-0.0020384759441231487,-0.009052719002417301,-0.007531799920151299,-0.003913521413009921,-0.0033931479877169273,-0.003477158620638481,0.005809204748169059,0.001999697475056075,-0.004934570181258116,-0.007404276915309659,0.0,-0.00504820748138735,-0.0053282392674613415,0.005995893171507842,-0.00602941576744053,1,0.0,-0.004055063192448193,-0.010149041997916202,0.009393276016385892,-0.006290965250428329,0.007867880943812862,-0.005494695480645849,-0.002066875058626925,-0.002267382764654451,0.0019661035390866432,0.007979651380615542,0.00798695371792094,0.007441677217322259,0.009958669344383915,-0.008770149850015447,0.003999982700817279,-0.003170033069302372,0.005990149277912379,-0.0021012051874376514,-0.0035922993708557617,-0.006265971664555061,0.007297279941164549,0.0036567144730560554,-0.00333164969336095,0.001931310583965519,0.007905785498321275,0.0037388246093451516,0.007966712341643301,-0.0036066506710521183,-0.009742742258100826,0.01185021943559392,0.007999959027524574,0.007890106429863025,-0.006950321803572856,0.009883627124538844,0.0019352612551865624,-0.004839360726840284,0.0039921269162198295,-0.003020268561007459,0.009997221215824173,0.0,-0.00317979025541052,0.009811350816226461,-0.006568097825454849,-0.0054651503555093565,0.01399013828018724,-0.003662306203757337,-0.004059496390550192,0.011763417012592078,0.01114840555266102,0.0,0.009761014260297834,-0.0010572119212754504,0.003969886646095247,0.00790942510447883,0.0019457053157315553,0.007996829990674928,0.003922305402012258,-0.0028654070534954736,0.0,-0.0008707233571920661,-0.004899220239140169,-0.0011595414001970958,-0.002456673806158311,0.007984366646616748,-0.0045836211729339445,0.005937752653737241,-0.005115981532137646,0.0,-0.008712957581027081,0.003874974728217719,0.007810879381885412,-0.0027960827323842714,-0.006308538550243005,-0.003709386263165403,-0.00524336969758131,0.001962659823397558,0.003997645652915829,0.01183150344668816,0.003985986759475656,0.009778762116269315,-0.0014323130515423454,0.0,agent2,0.6786870989083542
-0.5259635500683931,-0.001939032293748535,-0.0020384759441231487,-0.009052719002417301,-0.007531799920151299,-0.003913521413009921,-0.0033931479877169273,-0.003477158620638481,0.005809204748169059,0.001999697475056075,-0.004934570181258116,-0.007404276915309659,0.0,-0.00504820748138735,-0.0053282392674613415,0.005995893171507842,-0.00602941576744053,1,0.0,-0.004055063192448193,-0.010149041997916202,0.009393276016385892,-0.006290965250428329,0.007867880943812862,-0.005494695480645849,-0.002066875058626925,-0.002267382764654451,0.0019661035390866432,0.007979651380615542,0.00798695371792094,0.007441677217322259,0.009958669344383915,-0.008770149850015447,0.003999982700817279,-0.003170033069302372,0.005990149277912379,-0.0021012051874376514,-0.0035922993708557617,-0.006265971664555061,0.007297279941164549,0.0036567144730560554,-0.00333164969336095,0.001931310583965519,0.007905785498321275,0.0037388246093451516,0.007966712341643301,-0.004579501686185785,-0.009742742258100826,0.01185021943559392,0.007999959027524574,0.007890106429863025,-0.006950321803572856,0.009883627124538844,0.0019352612551865624,-0.004839360726840284,0.0039921269162198295,-0.003020268561007459,0.009997221215824173,0.0,-0.00317979025541052,0.009811350816226461,-0.006568097825454849,-0.0054651503555093565,0.01399013828018724,-0.003662306203757337,-0.004059496390550192,0.011763417012592078,0.01114840555266102,0.0,0.009761014260297834,-0.0010572119212754504,0.003969886646095247,0.00790942510447883,0.0019457053157315553,0.007996829990674928,0.003922305402012258,-0.0028654070534954736,0.0,-0.0008707233571920661,-0.004899220239140169,-0.0011595414001970958,-0.002456673806158311,0.007984366646616748,-0.0045836211729339445,0.005937752653737241,-0.005115981532137646,0.0,-0.008712957581027081,0.003874974728217719,0.007810879381885412,-0.0027960827323842714,-0.006308538550243005,-0.003709386263165403,-0.00524336969758131,0.001962659823397558,0.003997645652915829,0.01183150344668816,0.003985986759475656,0.009778762116269315,-0.0014323130515423454,0.0,agent45,0.9083222931751503
-0.5269688783076606,-0.001939032293748535,-0.0020384759441231487,-0.009052719002417301,-0.007531799920151299,-0.003913521413009921,-0.0033931479877169273,-0.003477158620638481,0.005809204748169059,0.001999697475056075,-0.004934570181258116,-0.007404276915309659,0.0,-0.00504820748138735,-0.006877563452201898,0.005995893171507842,-0.00602941576744053,1,0.0,-0.004055063192448193,-0.010149041997916202,0.009393276016385892,-0.006290965250428329,0.007867880943812862,-0.005494695480645849,-0.002066875058626925,-0.002267382764654451,0.0019661035390866432,0.007979651380615542,0.00798695371792094,0.007441677217322259,0.009958669344383915,-0.008770149850015447,0.003999982700817279,-0.003170033069302372,0.005990149277912379,-0.0021012051874376514,-0.0035922993708557617,-0.006265971664555061,0.007297279941164549,0.0036567144730560554,-0.00333164969336095,0.001931310583965519,0.007905785498321275,0.0037388246093451516,0.007966712341643301,-0.004579501686185785,-0.009742742258100826,0.01185021943559392,0.007999959027524574,0.007890106429863025,-0.006950321803572856,0.009883627124538844,0.0019352612551865624,-0.004839360726840284,0.0039921269162198295,-0.003020268561007459,0.009997221215824173,0.0,-0.00317979025541052,0.009811350816226461,-0.006568097825454849,-0.0054651503555093565,0.01399013828018724,-0.003662306203757337,-0.004059496390550192,0.011763417012592078,0.01114840555266102,0.0,0.009761014260297834,-0.0010572119212754504,0.003969886646095247,0.00790942510447883,0.0019457053157315553,0.007996829990674928,0.003922305402012258,-0.0028654070534954736,0.0,-0.0008707233571920661,-0.004899220239140169,-0.0011595414001970958,-0.002456673806158311,0.007984366646616748,-0.0045836211729339445,0.005937752653737241,-0.005115981532137646,0.0,-0.008712957581027081,0.003874974728217719,0.007810879381885412,-0.0027960827323842714,-0.006308538550243005,-0.003709386263165403,-0.00524336969758131,0.001962659823397558,0.003997645652915829,0.01183150344668816,0.003985986759475656,0.009778762116269315,-0.0014323130515423454,0.0,agent13,0.4234318525531315
-0.5259688783076606,-0.001939032293748535,-0.0020384759441231487,-0.009052719002417301,-0.007531799920151299,-0.003913521413009921,-0.0033931479877169273,-0.003477158620638481,0.005809204748169059,0.001999697475056075,-0.004934570181258116,-0.007404276915309659,0.0,-0.00504820748138735,-0.006877563452201898,0.005995893171507842,-0.00602941576744053,1,0.001995553018654641,-0.004055063192448193,-0.010149041997916202,0.009393276016385892,-0.006290965250428329,0.007867880943812862,-0.005494695480645849,-0.002066875058626925,-0.002267382764654451,0.0019661035390866432,0.007979651380615542,0.00798695371792094,0.007441677217322259,0.009958669344383915,-0.008770149850015447,0.003999982700817279,-0.003170033069302372,0.005990149277912379,-0.0021012051874376514,-0.0035922993708557617,-0.006265971664555061,0.007297279941164549,0.0036567144730560554,-0.00333164969336095,0.001931310583965519,0.007905785498321275,0.0037388246093451516,0.007966712341643301,-0.004579501686185785,-0.009742742258100826,0.01185021943559392,0.007999959027524574,0.007890106429863025,-0.006950321803572856,0.009883627124538844,0.0019352612551865624,-0.004839360726840284,0.0039921269162198295,-0.003020268561007459,0.009997221215824173,0.0,-0.00317979025541052,0.009811350816226461,-0.006568097825454849,-0.0054651503555093565,0.01399013828018724,-0.003662306203757337,-0.004059496390550192,0.011763417012592078,0.01114840555266102,0.0,0.009761014260297834,-0.0010572119212754504,0.003969886646095247,0.00790942510447883,0.0019457053157315553,0.007996829990674928,0.003922305402012258,-0.0028654070534954736,0.0,-0.0008707233571920661,-0.004899220239140169,-0.0011595414001970958,-0.002456673806158311,0.007984366646616748,-0.0045836211729339445,0.005937752653737241,-0.005115981532137646,0.0,-0.008712957581027081,0.003874974728217719,0.007810879381885412,-0.0027960827323842714,-0.006308538550243005,-0.003709386263165403,-0.00524336969758131,0.001962659823397558,0.003997645652915829,0.01183150344668816,0.003985986759475656,0.009778762116269315,-0.0014323130515423454,0.0,agent17,-0.6212766865247833
-0.5269722099573539,-0.001939032293748535,-0.0020384759441231487,-0.009052719002417301,-0.007531799920151299,-0.003913521413009921,-0.0033931479877169273,-0.003477158620638481,0.005809204748169059,0.001999697475056075,-0.004934570181258116,-0.007404276915309659,0.0,-0.00504820748138735,-0.006877563452201898,0.005995893171507842,-0.00602941576744053,1,0.001995553018654641,-0.004055063192448193,-0.010149041997916202,0.009393276016385892,-0.006290965250428329,0.007867880943812862,-0.005494695480645849,-0.002066875058626925,-0.002267382764654451,0.0019661035390866432,0.007979651380615542,0.00798695371792094,0.007441677217322259,0.009958669344383915,-0.008770149850015447,0.003999982700817279,-0.003170033069302372,0.005990149277912379,-0.0021012051874376514,-0.0035922993708557617,-0.006265971664555061,0.007297279941164549,0.0036567144730560554,-0.00477616717438601,0.001931310583965519,0.007905785498321275,0.0037388246093451516,0.007966712341643301,-0.004579501686185785,-0.009742742258100826,0.01185021943559392,0.007999959027524574,0.007890106429863025,-0.006950321803572856,0.009883627124538844,0.0019352612551865624,-0.004839360726840284,0.0039921269162198295,-0.003020268561007459,0.009997221215824173,0.0,-0.00317979025541052,0.009811350816226461,-0.006568097825454849,-0.0054651503555093565,0.01399013828018724,-0.003662306203757337,-0.004059496390550192,0.011763417012592078,0.01114840555266102,0.0,0.009761014260297834,-0.0010572119212754504,0.003969886646095247,0.00790942510447883,0.0019457053157315553,0.007996829990674928,0.003922305402012258,-0.0028654070534954736,0.0,-0.0008707233571920661,-0.004899220239140169,-0.0011595414001970958,-0.002456673806158311,0.007984366646616748,-0.0045836211729339445,0.005937752653737241,-0.005115981532137646,0.0,-0.008712957581027081,0.003874974728217719,0.007810879381885412,-0.0027960827323842714,-0.006308538550243005,-0.003709386263165403,-0.00524336969758131,0.001962659823397558,0.003997645652915829,0.01183150344668816,0.003985986759475656,0.009778762116269315,-0.0014323130515423454,0.0,agent40,0.5280543842202018
-0.5279812626763564,-0.001939032293748535,-0.0020384759441231487,-0.010321062071159457,-0.007531799920151299,-0.003913521413009921,-0.0033931479877169273,-0.003477158620638481,0.005809204748169059,0.001999697475056075,-0.004934570181258116,-0.007404276915309659,0.0,-0.00504820748138735,-0.006877563452201898,0.005995893171507842,-0.00602941576744053,1,0.001995553018654641,-0.004055063192448193,-0.010149041997916202,0.009393276016385892,-0.006290965250428329,0.007867880943812862,-0.005494695480645849,-0.002066875058626925,-0.002267382764654451,0.0019661035390866432,0.007979651380615542,0.00798695371792094,0.007441677217322259,0.009958669344383915,-0.008770149850015447,0.003999982700817279,-0.003170033069302372,0.005990149277912379,-0.0021012051874376514,-0.0035922993708557617,-0.006265971664555061,0.007297279941164549,0.0036567144730560554,-0.00477616717438601,0.001931310583965519,0.007905785498321275,0.0037388246093451516,0.007966712341643301,-0.004579501686185785,-0.009742742258100826,0.01185021943559392,0.007999959027524574,0.007890106429863025,-0.006950321803572856,0.009883627124538844,0.0019352612551865624,-0.004839360726840284,0.0039921269162198295,-0.003020268561007459,0.009997221215824173,0.0,-0.00317979025541052,0.009811350816226461,-0.006568097825454849,-0.0054651503555093565,0.01399013828018724,-0.003662306203757337,-0.004059496390550192,0.011763417012592078,0.01114840555266102,0.0,0.009761014260297834,-0.0010572119212754504,0.003969886646095247,0.00790942510447883,0.0019457053157315553,0.007996829990674928,0.003922305402012258,-0.0028654070534954736,0.0,-0.0008707233571920661,-0.004899220239140169,-0.0011595414001970958,-0.002456673806158311,0.007984366646616748,-0.0045836211729339445,0.005937752653737241,-0.005115981532137646,0.0,-0.008712957581027081,0.003874974728217719,0.007810879381885412,-0.0027960827323842714,-0.006308538550243005,-0.003709386263165403,-0.00524336969758131,0.001962659823397558,0.003997645652915829,0.01183150344668816,0.003985986759475656,0.009778762116269315,-0.0014323130515423454,0.0,agent2,0.6827028962243378
-0.5279812626763564,-0.001939032293748535,-0.0020384759441231487,-0.010321062071159457,-0.007531799920151299,-0.003913521413009921,-0.0033931479877169273,-0.003477158620638481,0.005809204748169059,0.001999697475056075,-0.004934570181258116,-0.007404276915309659,0.0,-0.00504820748138735,-0.006877563452201898,0.005995893171507842,-0.00602941576744053,1,0.001995553018654641,-0.004055063192448193,-0.010149041997916202,0.009393276016385892,-0.006290965250428329,0.007867880943812862,-0.005494695480645849,-0.002066875058626925,-0.002267382764654451,0.0019661035390866432,0.007979651380615542,0.00798695371792094,0.007441677217322259,0.009958669344383915,-0.008770149850015447,0.003999982700817279,-0.003170033069302372,0.005990149277912379,-0.0021012051874376514,-0.0035922993708557617,-0.006265971664555061,0.007297279941164549,0.0036567144730560554,-0.00477616717438601,0.001931310583965519,0.007905785498321275,0.0037388246093451516,0.007966712341643301,-0.004579501686185785,-0.009742742258100826,0.01185021943559392,0.007999959027524574,0.007890106429863025,-0.006950321803572856,0.009883627124538844,0.0019352612551865624,-0.004839360726840284,0.0039921269162198295,-0.003020268561007459,0.009997221215824173,0.0,-0.00317979025541052,0.009811350816226461,-0.006568097825454849,-0.0054651503555093565,0.01399013828018724,-0.003662306203757337,-0.004059496390550192,0.011763417012592078,0.01114840555266102,0.0,0.009761014260297834,-0.0010572119212754504,0.003969886646095247,0.00790942510447883,0.0019457053157315553,0.007996829990674928,0.003922305402012258,-0.0028654070534954736,0.0,-0.0008707233571920661,-0.004899220239140169,-0.0011595414001970958,-0.002456673806158311,0.007984366646616748,-0.0045836211729339445,0.005937752653737241,-0.005115981532137646,0.0,-0.008712957581027081,0.003874974728217719,0.007810879381885412,-0.0027960827323842714,-0.006308538550243005,-0.003709386263165403,-0.00524336969758131,0.001962659823397558,0.003997645652915829,0.01183150344668816,0.003985986759475656,0.009778762116269315,-0.0014323130515423454,0.0,agent16,-0.5279812626763564
-0.5269812626763564,-0.001939032293748535,-0.0020384759441231487,-0.010321062071159457,-0.007531799920151299,-0.003913521413009921,-0.0033931479877169273,-0.003477158620638481,0.005809204748169059,0.001999697475056075,-0.004934570181258116,-0.007404276915309659,0.0,-0.00504820748138735,-0.006877563452201898,0.005995893171507842,-0.00602941576744053,1,0.001995553018654641,-0.004055063192448193,-0.010149041997916202,0.009393276016385892,-0.006290965250428329,0.007867880943812862,-0.005494695480645849,-0.002066875058626925,-0.002267382764654451,0.0019661035390866432,0.007979651380615542,0.00798695371792094,0.007441677217322259,0.009958669344383915,-0.008770149850015447,0.003999982700817279,-0.003170033069302372,0.005990149277912379,-0.0021012051874376514,-0.0035922993708557617,-0.006265971664555061,0.007297279941164549,0.0036567144730560554,-0.00477616717438601,0.001931310583965519,0.007905785498321275,0.0037388246093451516,0.007966712341643301,-0.004579501686185785,-0.009742742258100826,0.01185021943559392,0.007999959027524574,0.007890106429863025,-0.006950321803572856,0.009883627124538844,0.0019352612551865624,-0.004839360726840284,0.0039921269162198295,-0.003020268561007459,0.009997221215824173,0.0019666016016328604,-0.00317979025541052,0.009811350816226461,-0.006568097825454849,-0.0054651503555093565,0.01399013828018724,-0.003662306203757337,-0.004059496390550192,0.011763417012592078,0.01114840555266102,0.0,0.009761014260297834,-0.0010572119212754504,0.003969886646095247,0.00790942510447883,0.0019457053157315553,0.007996829990674928,0.003922305402012258,-0.0028654070534954736,0.0,-0.0008707233571920661,-0.004899220239140169,-0.0011595414001970958,-0.002456673806158311,0.007984366646616748,-0.0045836211729339445,0.005937752653737241,-0.005115981532137646,0.0,-0.008712957581027081,0.003874974728217719,0.007810879381885412,-0.0027960827323842714,-0.006308538550243005,-0.003709386263165403,-0.00524336969758131,0.001962659823397558,0.003997645652915829,0.01183150344668816,0.003985986759475656,0.009778762116269315,-0.0014323130515423454,0.0,agent57,-0.7864320253648794
-0.5279875286480209,-0.001939032293748535,-0.0020384759441231487,-0.010321062071159457,-0.007531799920151299,-0.003913521413009921,-0.0033931479877169273,-0.003477158620638481,0.005809204748169059,0.001999697475056075,-0.004934570181258116,-0.007404276915309659,0.0,-0.00504820748138735,-0.006877563452201898,0.005995893171507842,-0.00602941576744053,1,0.001995553018654641,-0.004055063192448193,-0.010149041997916202,0.009393276016385892,-0.006290965250428329,0.007867880943812862,-0.005494695480645849,-0.002066875058626925,-0.002267382764654451,0.0019661035390866432,0.007979651380615542,0.00798695371792094,0.007441677217322259,0.009958669344383915,-0.008770149850015447,0.003999982700817279,-0.003170033069302372,0.005990149277912379,-0.0021012051874376514,-0.0035922993708557617,-0.007100135776272721,0.007297279941164549,0.0036567144730560554,-0.00477616717438601,0.001931310583965519,0.007905785498321275,0.0037388246093451516,0.007966712341643301,-0.004579501686185785,-0.009742742258100826,0.01185021943559392,0.007999959027524574,0.007890106429863025,-0.006950321803572856,0.009883627124538844,0.0019352612551865624,-0.004839360726840284,0.0039921269162198295,-0.003020268561007459,0.009997221215824173,0.0019666016016328604,-0.00317979025541052,0.009811350816226461,-0.006568097825454849,-0.0054651503555093565,0.01399013828018724,-0.003662306203757337,-0.004059496390550192,0.011763417012592078,0.01114840555266102,0.0,0.009761014260297834,-0.0010572119212754504,0.003969886646095247,0.00790942510447883,0.0019457053157315553,0.007996829990674928,0.003922305402012258,-0.0028654070534954736,0.0,-0.0008707233571920661,-0.004899220239140169,-0.0011595414001970958,-0.002456673806158311,0.007984366646616748,-0.0045836211729339445,0.005937752653737241,-0.005115981532137646,0.0,-0.008712957581027081,0.003874974728217719,0.007810879381885412,-0.0027960827323842714,-0.006308538550243005,-0.003709386263165403,-0.00524336969758131,0.001962659823397558,0.003997645652915829,0.01183150344668816,0.003985986759475656,0.009778762116269315,-0.0014323130515423454,0.0,agent37,1
-0.5289914036227491,-0.001939032293748535,-0.0020384759441231487,-0.010321062071159457,-0.007531799920151299,-0.003913521413009921,-0.0033931479877169273,-0.003477158620638481,0.005809204748169059,0.001999697475056075,-0.004934570181258116,-0.007404276915309659,0.0,-0.00504820748138735,-0.006877563452201898,0.005995893171507842,-0.00602941576744053,1,0.001995553018654641,-0.004055063192448193,-0.010149041997916202,0.009393276016385892,-0.006290965250428329,0.007867880943812862,-0.005494695480645849,-0.002066875058626925,-0.002267382764654451,0.0019661035390866432,0.007979651380615542,0.00798695371792094,0.007441677217322259,0.009958669344383915,-0.008770149850015447,0.003999982700817279,-0.003170033069302372,0.005990149277912379,-0.0021012051874376514,-0.0035922993708557617,-0.007100135776272721,0.007297279941164549,0.0036567144730560554,-0.00477616717438601,0.001931310583965519,0.007905785498321275,0.0037388246093451516,0.007966712341643301,-0.004579501686185785,-0.009742742258100826,0.01185021943559392,0.007999959027524574,0.007890106429863025,-0.006950321803572856,0.009883627124538844,0.0019352612551865624,-0.004839360726840284,0.0039921269162198295,-0.003020268561007459,0.009997221215824173,0.0019666016016328604,-0.00317979025541052,0.009811350816226461,-0.006568097825454849,-0.0054651503555093565,0.01399013828018724,-0.003662306203757337,-0.004059496390550192,0.011763417012592078,0.01114840555266102,0.0,0.009761014260297834,-0.0010572119212754504,0.003969886646095247,0.00790942510447883,0.0019457053157315553,0.007996829990674928,0.003922305402012258,-0.0028654070534954736,0.0,-0.0008707233571920661,-0.004899220239140169,-0.0011595414001970958,-0.002456673806158311,0.007984366646616748,-0.0045836211729339445,0.005937752653737241,-0.005115981532137646,0.0,-0.008712957581027081,0.005812653885916888,0.007810879381885412,-0.0027960827323842714,-0.006308538550243005,-0.003709386263165403,-0.00524336969758131,0.001962659823397558,0.003997645652915829,0.01183150344668816,0.003985986759475656,0.009778762116269315,-0.0014323130515423454,0.0,agent87,-0.17494123621363822
-0.5299954036054499,-0.001939032293748535,-0.0020384759441231487,-0.010321062071159457,-0.007531799920151299,-0.003913521413009921,-0.0033931479877169273,-0.003477158620638481,0.005809204748169059,0.001999697475056075,-0.004934570181258116,-0.007404276915309659,0.0,-0.00504820748138735,-0.006877563452201898,0.005995893171507842,-0.00602941576744053,1,0.001995553018654641,-0.004055063192448193,-0.010149041997916202,0.009393276016385892,-0.006290965250428329,0.007867880943812862,-0.005494695480645849,-0.002066875058626925,-0.002267382764654451,0.0019661035390866432,0.007979651380615542,0.00798695371792094,0.007441677217322259,0.009958669344383915,-0.008770149850015447,0.005999971980909008,-0.003170033069302372,0.005990149277912379,-0.0021012051874376514,-0.0035922993708557617,-0.007100135776272721,0.007297279941164549,0.0036567144730560554,-0.00477616717438601,0.001931310583965519,0.007905785498321275,0.0037388246093451516,0.007966712341643301,-0.004579501686185785,-0.009742742258100826,0.01185021943559392,0.007999959027524574,0.007890106429863025,-0.006950321803572856,0.009883627124538844,0.0019352612551865624,-0.004839360726840284,0.0039921269162198295,-0.003020268561007459,0.009997221215824173,0.0019666016016328604,-0.00317979025541052,0.009811350816226461,-0.006568097825454849,-0.0054651503555093565,0.01399013828018724,-0.003662306203757337,-0.004059496390550192,0.011763417012592078,0.01114840555266102,0.0,0.009761014260297834,-0.0010572119212754504,0.003969886646095247,0.00790942510447883,0.0019457053157315553,0.007996829990674928,0.003922305402012258,-0.0028654070534954736,0.0,-0.0008707233571920661,-0.004899220239140169,-0.0011595414001970958,-0.002456673806158311,0.007984366646616748,-0.0045836211729339445,0.005937752653737241,-0.005115981532137646,0.0,-0.008712957581027081,0.005812653885916888,0.007810879381885412,-0.0027960827323842714,-0.006308538550243005,-0.003709386263165403,-0.00524336969758131,0.001962659823397558,0.003997645652915829,0.01183150344668816,0.003985986759475656,0.009778762116269315,-0.0014323130515423454,0.0,agent32,-0.5336217185734523
-0.5309988807640705,-0.001939032293748535,-0.0020384759441231487,-0.010321062071159457,-0.007531799920151299,-0.003913521413009921,-0.0033931479877169273,-0.004306715653111579,0.005809204748169059,0.001999697475056075,-0.004934570181258116,-0.007404276915309659,0.0,-0.00504820748138735,-0.006877563452201898,0.005995893171507842,-0.00602941576744053,1,0.001995553018654641,-0.004055063192448193,-0.010149041997916202,0.009393276016385892,-0.006290965250428329,0.007867880943812862,-0.005494695480645849,-0.002066875058626925,-0.002267382764654451,0.0019661035390866432,0.007979651380615542,0.00798695371792094,0.007441677217322259,0.009958669344383915,-0.008770149850015447,0.005999971980909008,-0.003170033069302372,0.005990149277912379,-0.0021012051874376514,-0.0035922993708557617,-0.007100135776272721,0.007297279941164549,0.0036567144730560554,-0.00477616717438601,0.001931310583965519,0.007905785498321275,0.0037388246093451516,0.007966712341643301,-0.004579501686185785,-0.009742742258100826,0.01185021943559392,0.007999959027524574,0.007890106429863025,-0.006950321803572856,0.009883627124538844,0.0019352612551865624,-0.004839360726840284,0.0039921269162198295,-0.003020268561007459,0.009997221215824173,0.0019666016016328604,-0.00317979025541052,0.009811350816226461,-0.006568097825454849,-0.0054651503555093565,0.01399013828018724,-0.003662306203757337,-0.004059496390550192,0.011763417012592078,0.01114840555266102,0.0,0.009761014260297834,-0.0010572119212754504,0.003969886646095247,0.00790942510447883,0.0019457053157315553,0.007996829990674928,0.003922305402012258,-0.0028654070534954736,0.0,-0.0008707233571920661,-0.004899220239140169,-0.0011595414001970958,-0.002456673806158311,0.007984366646616748,-0.0045836211729339445,0.005937752653737241,-0.005115981532137646,0.0,-0.008712957581027081,0.005812653885916888,0.007810879381885412,-0.0027960827323842714,-0.006308538550243005,-0.003709386263165403,-0.00524336969758131,0.001962659823397558,0.003997645652915829,0.01183150344668816,0.003985986759475656,0.009778762116269315,-0.0014323130515423454,0.0,agent6,1
-0.5320020507971398,-0.001939032293748535,-0.0020384759441231487,-0.010321062071159457,-0.007531799920151299,-0.003913521413009921,-0.0033931479877169273,-0.004306715653111579,0.005809204748169059,0.001999697475056075,-0.004934570181258116,-0.007404276915309659,0.0,-0.00504820748138735,-0.006877563452201898,0.005995893171507842,-0.00602941576744053,1,0.001995553018654641,-0.004055063192448193,-0.010149041997916202,0.009393276016385892,-0.006290965250428329,0.007867880943812862,-0.005494695480645849,-0.002066875058626925,-0.002267382764654451,0.0019661035390866432,0.007979651380615542,0.00798695371792094,0.007441677217322259,0.009958669344383915,-0.008770149850015447,0.005999971980909008,-0.003998054282851954,0.005990149277912379,-0.0021012051874376514,-0.0035922993708557617,-0.007100135776272721,0.007297279941164549,0.0036567144730560554,-0.00477616717438601,0.001931310583965519,0.007905785498321275,0.0037388246093451516,0.007966712341643301,-0.004579501686185785,-0.009742742258100826,0.01185021943559392,0.007999959027524574,0.007890106429863025,-0.006950321803572856,0.009883627124538844,0.0019352612551865624,-0.004839360726840284,0.0039921269162198295,-0.003020268561007459,0.009997221215824173,0.0019666016016328604,-0.00317979025541052,0.009811350816226461,-0.006568097825454849,-0.0054651503555093565,0.01399013828018724,-0.003662306203757337,-0.004059496390550192,0.011763417012592078,0.01114840555266102,0.0,0.009761014260297834,-0.0010572119212754504,0.003969886646095247,0.00790942510447883,0.0019457053157315553,0.007996829990674928,0.003922305402012258,-0.0028654070534954736,0.0,-0.0008707233571920661,-0.004899220239140169,-0.0011595414001970958,-0.002456673806158311,0.007984366646616748,-0.0045836211729339445,0.005937752653737241,-0.005115981532137646,0.0,-0.008712957581027081,0.005812653885916888,0.007810879381885412,-0.0027960827323842714,-0.006308538550243005,-0.003709386263165403,-0.00524336969758131,0.001962659823397558,0.003997645652915829,0.01183150344668816,0.003985986759475656,0.009778762116269315,-0.0014323130515423454,0.0,agent33,1
-0.533002921520497,-0.001939032293748535,-0.0020384759441231487,-0.010321062071159457,-0.007531799920151299,-0.003913521413009921,-0.0033931479877169273,-0.004306715653111579,0.005809204748169059,0.001999697475056075,-0.004934570181258116,-0.007404276915309659,0.0,-0.00504820748138735,-0.006877563452201898,0.005995893171507842,-0.00602941576744053,1,0.001995553018654641,-0.004055063192448193,-0.010149041997916202,0.009393276016385892,-0.006290965250428329,0.007867880943812862,-0.005494695480645849,-0.002066875058626925,-0.002267382764654451,0.0019661035390866432,0.007979651380615542,0.00798695371792094,0.007441677217322259,0.009958669344383915,-0.008770149850015447,0.005999971980909008,-0.003998054282851954,0.005990149277912379,-0.0021012051874376514,-0.0035922993708557617,-0.007100135776272721,0.007297279941164549,0.0036567144730560554,-0.00477616717438601,0.001931310583965519,0.007905785498321275,0.0037388246093451516,0.007966712341643301,-0.004579501686185785,-0.009742742258100826,0.01185021943559392,0.007999959027524574,0.007890106429863025,-0.006950321803572856,0.009883627124538844,0.0019352612551865624,-0.004839360726840284,0.0039921269162198295,-0.003020268561007459,0.009997221215824173,0.0019666016016328604,-0.00317979025541052,0.009811350816226461,-0.006568097825454849,-0.0054651503555093565,0.01399013828018724,-0.003662306203757337,-0.004059496390550192,0.011763417012592078,0.01114840555266102,0.0,0.009761014260297834,-0.0010572119212754504,0.003969886646095247,0.00790942510447883,0.0019457053157315553,0.007996829990674928,0.003922305402012258,-0.0028654070534954736,0.0,-0.0016972082153687452,-0.004899220239140169,-0.0011595414001970958,-0.002456673806158311,0.007984366646616748,-0.0045836211729339445,0.005937752653737241,-0.005115981532137646,0.0,-0.008712957581027081,0.005812653885916888,0.007810879381885412,-0.0027960827323842714,-0.006308538550243005,-0.003709386263165403,-0.00524336969758131,0.001962659823397558,0.003997645652915829,0.01183150344668816,0.003985986759475656,0.009778762116269315,-0.0014323130515423454,0.0,agent77,1
-0.53400683504191,-0.001939032293748535,-0.0020384759441231487,-0.010321062071159457,-0.007531799920151299,-0.004738472434314731,-0.0033931479877169273,-0.004306715653111579,0.005809204748169059,0.001999697475056075,-0.004934570181258116,-0.007404276915309659,0.0,-0.00504820748138735,-0.006877563452201898,0.005995893171507842,-0.00602941576744053,1,0.001995553018654641,-0.004055063192448193,-0.010149041997916202,0.009393276016385892,-0.006290965250428329,0.007867880943812862,-0.005494695480645849,-0.002066875058626925,-0.002267382764654451,0.0019661035390866432,0.007979651380615542,0.00798695371792094,0.007441677217322259,0.009958669344383915,-0.008770149850015447,0.005999971980909008,-0.003998054282851954,0.005990149277912379,-0.0021012051874376514,-0.0035922993708557617,-0.007100135776272721,0.007297279941164549,0.0036567144730560554,-0.00477616717438601,0.001931310583965519,0.007905785498321275,0.0037388246093451516,0.007966712341643301,-0.004579501686185785,-0.009742742258100826,0.01185021943559392,0.007999959027524574,0.007890106429863025,-0.006950321803572856,0.009883627124538844,0.0019352612551865624,-0.004839360726840284,0.0039921269162198295,-0.003020268561007459,0.009997221215824173,0.0019666016016328604,-0.00317979025541052,0.009811350816226461,-0.006568097825454849,-0.0054651503555093565,0.01399013828018724,-0.003662306203757337,-0.004059496390550192,0.011763417012592078,0.01114840555266102,0.0,0.009761014260297834,-0.0010572119212754504,0.003969886646095247,0.00790942510447883,0.0019457053157315553,0.007996829990674928,0.003922305402012258,-0.0028654070534954736,0.0,-0.0016972082153687452,-0.004899220239140169,-0.0011595414001970958,-0.002456673806158311,0.007984366646616748,-0.0045836211729339445,0.005937752653737241,-0.005115981532137646,0.0,-0.008712957581027081,0.005812653885916888,0.007810879381885412,-0.0027960827323842714,-0.006308538550243005,-0.003709386263165403,-0.00524336969758131,0.001962659823397558,0.003997645652915829,0.01183150344668816,0.003985986759475656,0.009778762116269315,-0.0014323130515423454,0.0,agent4,1
-0.5350142393188253,-0.001939032293748535,-0.0020384759441231487,-0.010321062071159457,-0.007531799920151299,-0.004738472434314731,-0.0033931479877169273,-0.004306715653111579,0.005809204748169059,0.001999697475056075,-0.004934570181258116,-0.008305450509452784,0.0,-0.00504820748138735,-0.006877563452201898,0.005995893171507842,-0.00602941576744053,1,0.001995553018654641,-0.004055063192448193,-0.010149041997916202,0.009393276016385892,-0.006290965250428329,0.007867880943812862,-0.005494695480645849,-0.002066875058626925,-0.002267382764654451,0.0019661035390866432,0.007979651380615542,0.00798695371792094,0.007441677217322259,0.009958669344383915,-0.008770149850015447,0.005999971980909008,-0.003998054282851954,0.005990149277912379,-0.0021012051874376514,-0.0035922993708557617,-0.007100135776272721,0.007297279941164549,0.0036567144730560554,-0.00477616717438601,0.001931310583965519,0.007905785498321275,0.0037388246093451516,0.007966712341643301,-0.004579501686185785,-0.009742742258100826,0.01185021943559392,0.007999959027524574,0.007890106429863025,-0.006950321803572856,0.009883627124538844,0.0019352612551865624,-0.004839360726840284,0.0039921269162198295,-0.003020268561007459,0.009997221215824173,0.0019666016016328604,-0.00317979025541052,0.009811350816226461,-0.006568097825454849,-0.0054651503555093565,0.01399013828018724,-0.003662306203757337,-0.004059496390550192,0.011763417012592078,0.01114840555266102,0.0,0.009761014260297834,-0.0010572119212754504,0.003969886646095247,0.00790942510447883,0.0019457053157315553,0.007996829990674928,0.003922305402012258,-0.0028654070534954736,0.0,-0.0016972082153687452,-0.004899220239140169,-0.0011595414001970958,-0.002456673806158311,0.007984366646616748,-0.0045836211729339445,0.005937752653737241,-0.005115981532137646,0.0,-0.008712957581027081,0.005812653885916888,0.007810879381885412,-0.0027960827323842714,-0.006308538550243005,-0.003709386263165403,-0.00524336969758131,0.001962659823397558,0.003997645652915829,0.01183150344668816,0.003985986759475656,0.009778762116269315,-0.0014323130515423454,0.0,agent10,0.9484414142112468
-0.5340142393188253,-0.001939032293748535,-0.0020384759441231487,-0.010321062071159457,-0.007531799920151299,-0.004738472434314731,-0.0033931479877169273,-0.004306715653111579,0.005809204748169059,0.001999697475056075,-0.004934570181258116,-0.008305450509452784,0.0,-0.00504820748138735,-0.006877563452201898,0.005995893171507842,-0.00602941576744053,1,0.001995553018654641,-0.004055063192448193,-0.010149041997916202,0.009393276016385892,-0.006290965250428329,0.007867880943812862,-0.005494695480645849,-0.002066875058626925,-0.002267382764654451,0.0019661035390866432,0.007979651380615542,0.00798695371792094,0.007441677217322259,0.009958669344383915,-0.008770149850015447,0.005999971980909008,-0.003998054282851954,0.005990149277912379,-0.0021012051874376514,-0.0035922993708557617,-0.007100135776272721,0.007297279941164549,0.0036567144730560554,-0.00477616717438601,0.001931310583965519,0.007905785498321275,0.0037388246093451516,0.007966712341643301,-0.004579501686185785,-0.009742742258100826,0.01185021943559392,0.007999959027524574,0.007890106429863025,-0.006950321803572856,0.009883627124538844,0.0019352612551865624,-0.004839360726840284,0.0039921269162198295,-0.003020268561007459,0.009997221215824173,0.0019666016016328604,-0.00317979025541052,0.009811350816226461,-0.006568097825454849,-0.0054651503555093565,0.01399013828018724,-0.003662306203757337,-0.004059496390550192,0.011763417012592078,0.01114840555266102,0.0,0.009761014260297834,-0.0010572119212754504,0.003969886646095247,0.00790942510447883,0.0019457053157315553,0.007996829990674928,0.003922305402012258,-0.0028654070534954736,-0.0010676075284892764,-0.0016972082153687452,-0.004899220239140169,-0.0011595414001970958,-0.002456673806158311,0.007984366646616748,-0.0045836211729339445,0.005937752653737241,-0.005115981532137646,0.0,-0.008712957581027081,0.005812653885916888,0.007810879381885412,-0.0027960827323842714,-0.006308538550243005,-0.003709386263165403,-0.00524336969758131,0.001962659823397558,0.003997645652915829,0.01183150344668816,0.003985986759475656,0.009778762116269315,-0.0014323130515423454,0.0,agent76,0.8305570488318326
-0.5350239820610834,-0.001939032293748535,-0.0020384759441231487,-0.010321062071159457,-0.007531799920151299,-0.004738472434314731,-0.0033931479877169273,-0.004306715653111579,0.005809204748169059,0.001999697475056075,-0.004934570181258116,-0.008305450509452784,0.0,-0.00504820748138735,-0.006877563452201898,0.005995893171507842,-0.00602941576744053,1,0.001995553018654641,-0.004055063192448193,-0.010149041997916202,0.009393276016385892,-0.006290965250428329,0.007867880943812862,-0.005494695480645849,-0.002066875058626925,-0.002267382764654451,0.0019661035390866432,0.007979651380615542,0.00798695371792094,0.007441677217322259,0.009958669344383915,-0.008770149850015447,0.005999971980909008,-0.003998054282851954,0.005990149277912379,-0.0021012051874376514,-0.0035922993708557617,-0.007100135776272721,0.007297279941164549,0.0036567144730560554,-0.00477616717438601,0.001931310583965519,0.007905785498321275,0.0037388246093451516,0.007966712341643301,-0.004579501686185785,-0.011142525965441947,0.01185021943559392,0.007999959027524574,0.007890106429863025,-0.006950321803572856,0.009883627124538844,0.0019352612551865624,-0.004839360726840284,0.0039921269162198295,-0.003020268561007459,0.009997221215824173,0.0019666016016328604,-0.00317979025541052,0.009811350816226461,-0.006568097825454849,-0.0054651503555093565,0.01399013828018724,-0.003662306203757337,-0.004059496390550192,0.011763417012592078,0.01114840555266102,0.0,0.009761014260297834,-0.0010572119212754504,0.003969886646095247,0.00790942510447883,0.0019457053157315553,0.007996829990674928,0.003922305402012258,-0.0028654070534954736,-0.0010676075284892764,-0.0016972082153687452,-0.004899220239140169,-0.0011595414001970958,-0.002456673806158311,0.007984366646616748,-0.0045836211729339445,0.005937752653737241,-0.005115981532137646,0.0,-0.008712957581027081,0.005812653885916888,0.007810879381885412,-0.0027960827323842714,-0.006308538550243005,-0.003709386263165403,-0.00524336969758131,0.001962659823397558,0.003997645652915829,0.01183150344668816,0.003985986759475656,0.009778762116269315,-0.0014323130515423454,0.0,agent46,0.5616283051808653
-0.5360259447209068,-0.001939032293748535,-0.0020384759441231487,-0.010321062071159457,-0.007531799920151299,-0.004738472434314731,-0.0033931479877169273,-0.004306715653111579,0.005809204748169059,0.001999697475056075,-0.004934570181258116,-0.008305450509452784,0.0,-0.00504820748138735,-0.006877563452201898,0.005995893171507842,-0.00602941576744053,1,0.001995553018654641,-0.004055063192448193,-0.010149041997916202,0.009393276016385892,-0.006290965250428329,0.007867880943812862,-0.005494695480645849,-0.002066875058626925,-0.002267382764654451,0.0019661035390866432,0.007979651380615542,0.00798695371792094,0.007441677217322259,0.009958669344383915,-0.008770149850015447,0.005999971980909008,-0.003998054282851954,0.005990149277912379,-0.0021012051874376514,-0.0035922993708557617,-0.007100135776272721,0.007297279941164549,0.0036567144730560554,-0.00477616717438601,0.001931310583965519,0.007905785498321275,0.0037388246093451516,0.007966712341643301,-0.004579501686185785,-0.011142525965441947,0.01185021943559392,0.007999959027524574,0.007890106429863025,-0.006950321803572856,0.009883627124538844,0.0019352612551865624,-0.004839360726840284,0.0039921269162198295,-0.003020268561007459,0.009997221215824173,0.0019666016016328604,-0.00317979025541052,0.009811350816226461,-0.006568097825454849,-0.0054651503555093565,0.01399013828018724,-0.003662306203757337,-0.004059496390550192,0.011763417012592078,0.01114840555266102,0.0,0.009761014260297834,-0.0010572119212754504,0.003969886646095247,0.00790942510447883,0.0019457053157315553,0.007996829990674928,0.003922305402012258,-0.0028654070534954736,-0.0010676075284892764,-0.0016972082153687452,-0.004899220239140169,-0.0011595414001970958,-0.002456673806158311,0.007984366646616748,-0.0045836211729339445,0.005937752653737241,-0.005115981532137646,0.0,-0.008712957581027081,0.005812653885916888,0.007810879381885412,-0.0027960827323842714,-0.006308538550243005,-0.003709386263165403,-0.00524336969758131,0.003926150842053098,0.003997645652915829,0.01183150344668816,0.003985986759475656,0.009778762116269315,-0.0014323130515423454,0.0,agent93,-0.2648056209363825
-0.5370314098712623,-0.001939032293748535,-0.0020384759441231487,-0.010321062071159457,-0.007531799920151299,-0.004738472434314731,-0.0033931479877169273,-0.004306715653111579,0.005809204748169059,0.001999697475056075,-0.004934570181258116,-0.008305450509452784,0.0,-0.00504820748138735,-0.006877563452201898,0.005995893171507842,-0.00602941576744053,1,0.001995553018654641,-0.004055063192448193,-0.010149041997916202,0.009393276016385892,-0.006290965250428329,0.007867880943812862,-0.005494695480645849,-0.002066875058626925,-0.002267382764654451,0.0019661035390866432,0.007979651380615542,0.00798695371792094,0.007441677217322259,0.009958669344383915,-0.008770149850015447,0.005999971980909008,-0.003998054282851954,0.005990149277912379,-0.0021012051874376514,-0.0035922993708557617,-0.007100135776272721,0.007297279941164549,0.0036567144730560554,-0.00477616717438601,0.001931310583965519,0.007905785498321275,0.0037388246093451516,0.007966712341643301,-0.004579501686185785,-0.011142525965441947,0.01185021943559392,0.007999959027524574,0.007890106429863025,-0.006950321803572856,0.009883627124538844,0.0019352612551865624,-0.004839360726840284,0.0039921269162198295,-0.003020268561007459,0.009997221215824173,0.0019666016016328604,-0.00317979025541052,0.009811350816226461,-0.006568097825454849,-0.007028204390835157,0.01399013828018724,-0.003662306203757337,-0.004059496390550192,0.011763417012592078,0.01114840555266102,0.0,0.009761014260297834,-0.0010572119212754504,0.003969886646095247,0.00790942510447883,0.0019457053157315553,0.007996829990674928,0.003922305402012258,-0.0028654070534954736,-0.0010676075284892764,-0.0016972082153687452,-0.004899220239140169,-0.0011595414001970958,-0.002456673806158311,0.007984366646616748,-0.0045836211729339445,0.005937752653737241,-0.005115981532137646,0.0,-0.008712957581027081,0.005812653885916888,0.007810879381885412,-0.0027960827323842714,-0.006308538550243005,-0.003709386263165403,-0.00524336969758131,0.003926150842053098,0.003997645652915829,0.01183150344668816,0.003985986759475656,0.009778762116269315,-0.0014323130515423454,0.0,agent61,0.3987959256631777
-0.5380351486958717,-0.001939032293748535,-0.0020384759441231487,-0.010321062071159457,-0.007531799920151299,-0.004738472434314731,-0.0033931479877169273,-0.004306715653111579,0.005809204748169059,0.001999697475056075,-0.004934570181258116,-0.008305450509452784,0.0,-0.00504820748138735,-0.006877563452201898,0.005995893171507842,-0.00602941576744053,1,0.001995553018654641,-0.004055063192448193,-0.010149041997916202,0.009393276016385892,-0.006290965250428329,0.007867880943812862,-0.005494695480645849,-0.002066875058626925,-0.002267382764654451,0.0019661035390866432,0.007979651380615542,0.00798695371792094,0.007441677217322259,0.009958669344383915,-0.008770149850015447,0.005999971980909008,-0.003998054282851954,0.005990149277912379,-0.0021012051874376514,-0.0035922993708557617,-0.007100135776272721,0.007297279941164549,0.0036567144730560554,-0.00477616717438601,0.001931310583965519,0.007905785498321275,0.005631654651622256,0.007966712341643301,-0.004579501686185785,-0.011142525965441947,0.01185021943559392,0.007999959027524574,0.007890106429863025,-0.006950321803572856,0.009883627124538844,0.0019352612551865624,-0.004839360726840284,0.0039921269162198295,-0.003020268561007459,0.009997221215824173,0.0019666016016328604,-0.00317979025541052,0.009811350816226461,-0.006568097825454849,-0.007028204390835157,0.01399013828018724,-0.003662306203757337,-0.004059496390550192,0.011763417012592078,0.01114840555266102,0.0,0.009761014260297834,-0.0010572119212754504,0.003969886646095247,0.00790942510447883,0.0019457053157315553,0.007996829990674928,0.003922305402012258,-0.0028654070534954736,-0.0010676075284892764,-0.0016972082153687452,-0.004899220239140169,-0.0011595414001970958,-0.002456673806158311,0.007984366646616748,-0.0045836211729339445,0.005937752653737241,-0.005115981532137646,0.0,-0.008712957581027081,0.005812653885916888,0.007810879381885412,-0.0027960827323842714,-0.006308538550243005,-0.003709386263165403,-0.00524336969758131,0.003926150842053098,0.003997645652915829,0.01183150344668816,0.003985986759475656,0.009778762116269315,-0.0014323130515423454,0.0,agent43,-1
-0.5390421769002625,-0.001939032293748535,-0.0020384759441231487,-0.010321062071159457,-0.007531799920151299,-0.004738472434314731,-0.0033931479877169273,-0.004306715653111579,0.005809204748169059,0.001999697475056075,-0.004934570181258116,-0.008305450509452784,0.0,-0.00504820748138735,-0.006877563452201898,0.005995893171507842,-0.00602941576744053,1,0.001995553018654641,-0.004055063192448193,-0.010149041997916202,0.009393276016385892,-0.006290965250428329,0.007867880943812862,-0.005494695480645849,-0.002066875058626925,-0.002267382764654451,0.0019661035390866432,0.007979651380615542,0.00798695371792094,0.007441677217322259,0.009958669344383915,-0.008770149850015447,0.005999971980909008,-0.003998054282851954,0.005990149277912379,-0.0021012051874376514,-0.0035922993708557617,-0.007100135776272721,0.007297279941164549,0.0036567144730560554,-0.00477616717438601,0.001931310583965519,0.007905785498321275,0.005631654651622256,0.007966712341643301,-0.004579501686185785,-0.011142525965441947,0.01185021943559392,0.007999959027524574,0.007890106429863025,-0.006950321803572856,0.009883627124538844,0.0019352612551865624,-0.004839360726840284,0.0039921269162198295,-0.003020268561007459,0.009997221215824173,0.0019666016016328604,-0.00317979025541052,0.009811350816226461,-0.006568097825454849,-0.008588438448269063,0.01399013828018724,-0.003662306203757337,-0.004059496390550192,0.011763417012592078,0.01114840555266102,0.0,0.009761014260297834,-0.0010572119212754504,0.003969886646095247,0.00790942510447883,0.0019457053157315553,0.007996829990674928,0.003922305402012258,-0.0028654070534954736,-0.0010676075284892764,-0.0016972082153687452,-0.004899220239140169,-0.0011595414001970958,-0.002456673806158311,0.007984366646616748,-0.0045836211729339445,0.005937752653737241,-0.005115981532137646,0.0,-0.008712957581027081,0.005812653885916888,0.007810879381885412,-0.0027960827323842714,-0.006308538550243005,-0.003709386263165403,-0.00524336969758131,0.003926150842053098,0.003997645652915829,0.01183150344668816,0.003985986759475656,0.009778762116269315,-0.0014323130515423454,0.0,agent61,0.3997984640159936
-0.5400501436126041,-0.001939032293748535,-0.0020384759441231487,-0.010321062071159457,-0.007531799920151299,-0.004738472434314731,-0.0033931479877169273,-0.004306715653111579,0.005809204748169059,0.001999697475056075,-0.004934570181258116,-0.008305450509452784,0.0,-0.00504820748138735,-0.006877563452201898,0.005995893171507842,-0.00602941576744053,1,0.001995553018654641,-0.004055063192448193,-0.010149041997916202,0.009393276016385892,-0.006290965250428329,0.007867880943812862,-0.005494695480645849,-0.002066875058626925,-0.002267382764654451,0.0019661035390866432,0.007979651380615542,0.00798695371792094,0.007441677217322259,0.009958669344383915,-0.008770149850015447,0.005999971980909008,-0.003998054282851954,0.005990149277912379,-0.0021012051874376514,-0.0035922993708557617,-0.007100135776272721,0.007297279941164549,0.0036567144730560554,-0.00477616717438601,0.001931310583965519,0.007905785498321275,0.005631654651622256,0.009958490982963777,-0.004579501686185785,-0.011142525965441947,0.01185021943559392,0.007999959027524574,0.007890106429863025,-0.006950321803572856,0.009883627124538844,0.0019352612551865624,-0.004839360726840284,0.0039921269162198295,-0.003020268561007459,0.009997221215824173,0.0019666016016328604,-0.00317979025541052,0.009811350816226461,-0.006568097825454849,-0.008588438448269063,0.01399013828018724,-0.003662306203757337,-0.004059496390550192,0.011763417012592078,0.01114840555266102,0.0,0.009761014260297834,-0.0010572119212754504,0.003969886646095247,0.00790942510447883,0.0019457053157315553,0.007996829990674928,0.003922305402012258,-0.0028654070534954736,-0.0010676075284892764,-0.0016972082153687452,-0.004899220239140169,-0.0011595414001970958,-0.002456673806158311,0.007984366646616748,-0.0045836211729339445,0.005937752653737241,-0.005115981532137646,0.0,-0.008712957581027081,0.005812653885916888,0.007810879381885412,-0.0027960827323842714,-0.006308538550243005,-0.003709386263165403,-0.00524336969758131,0.003926150842053098,0.003997645652915829,0.01183150344668816,0.003985986759475656,0.009778762116269315,-0.0014323130515423454,0.0,agent44,-0.6672713364508397
-0.5410538059188078,-0.001939032293748535,-0.0020384759441231487,-0.010321062071159457,-0.007531799920151299,-0.004738472434314731,-0.0033931479877169273,-0.004306715653111579,0.005809204748169059,0.001999697475056075,-0.004934570181258116,-0.008305450509452784,0.0,-0.00504820748138735,-0.006877563452201898,0.005995893171507842,-0.00602941576744053,1,0.001995553018654641,-0.004055063192448193,-0.010149041997916202,0.009393276016385892,-0.006290965250428329,0.007867880943812862,-0.005494695480645849,-0.002066875058626925,-0.002267382764654451,0.0019661035390866432,0.007979651380615542,0.00798695371792094,0.007441677217322259,0.009958669344383915,-0.008770149850015447,0.005999971980909008,-0.003998054282851954,0.005990149277912379,-0.0021012051874376514,-0.0035922993708557617,-0.007100135776272721,0.007297279941164549,0.0036567144730560554,-0.00477616717438601,0.001931310583965519,0.007905785498321275,0.005631654651622256,0.009958490982963777,-0.004579501686185785,-0.011142525965441947,0.01185021943559392,0.007999959027524574,0.007890106429863025,-0.006950321803572856,0.009883627124538844,0.0019352612551865624,-0.004839360726840284,0.0039921269162198295,-0.003020268561007459,0.009997221215824173,0.0019666016016328604,-0.00317979025541052,0.009811350816226461,-0.006568097825454849,-0.008588438448269063,0.01399013828018724,-0.005116797072521963,-0.004059496390550192,0.011763417012592078,0.01114840555266102,0.0,0.009761014260297834,-0.0010572119212754504,0.003969886646095247,0.00790942510447883,0.0019457053157315553,0.007996829990674928,0.003922305402012258,-0.0028654070534954736,-0.0010676075284892764,-0.0016972082153687452,-0.004899220239140169,-0.0011595414001970958,-0.002456673806158311,0.007984366646616748,-0.0045836211729339445,0.005937752653737241,-0.005115981532137646,0.0,-0.008712957581027081,0.005812653885916888,0.007810879381885412,-0.0027960827323842714,-0.006308538550243005,-0.003709386263165403,-0.00524336969758131,0.003926150842053098,0.003997645652915829,0.01183150344668816,0.003985986759475656,0.009778762116269315,-0.0014323130515423454,0.0,agent63,0.5044680527203986
-0.5420621113693173,-0.001939032293748535,-0.0020384759441231487,-0.010321062071159457,-0.007531799920151299,-0.004738472434314731,-0.0033931479877169273,-0.004306715653111579,0.005809204748169059,0.001999697475056075,-0.004934570181258116,-0.009184152536455811,0.0,-0.00504820748138735,-0.006877563452201898,0.005995893171507842,-0.00602941576744053,1,0.001995553018654641,-0.004055063192448193,-0.010149041997916202,0.009393276016385892,-0.006290965250428329,0.007867880943812862,-0.005494695480645849,-0.002066875058626925,-0.002267382764654451,0.0019661035390866432,0.007979651380615542,0.00798695371792094,0.007441677217322259,0.009958669344383915,-0.008770149850015447,0.005999971980909008,-0.003998054282851954,0.005990149277912379,-0.0021012051874376514,-0.0035922993708557617,-0.007100135776272721,0.007297279941164549,0.0036567144730560554,-0.00477616717438601,0.001931310583965519,0.007905785498321275,0.005631654651622256,0.009958490982963777,-0.004579501686185785,-0.011142525965441947,0.01185021943559392,0.007999959027524574,0.007890106429863025,-0.006950321803572856,0.009883627124538844,0.0019352612551865624,-0.004839360726840284,0.0039921269162198295,-0.003020268561007459,0.009997221215824173,0.0019666016016328604,-0.00317979025541052,0.009811350816226461,-0.006568097825454849,-0.008588438448269063,0.01399013828018724,-0.005116797072521963,-0.004059496390550192,0.011763417012592078,0.01114840555266102,0.0,0.009761014260297834,-0.0010572119212754504,0.003969886646095247,0.00790942510447883,0.0019457053157315553,0.007996829990674928,0.003922305402012258,-0.0028654070534954736,-0.0010676075284892764,-0.0016972082153687452,-0.004899220239140169,-0.0011595414001970958,-0.002456673806158311,0.007984366646616748,-0.0045836211729339445,0.005937752653737241,-0.005115981532137646,0.0,-0.008712957581027081,0.005812653885916888,0.007810879381885412,-0.0027960827323842714,-0.006308538550243005,-0.003709386263165403,-0.00524336969758131,0.003926150842053098,0.003997645652915829,0.01183150344668816,0.003985986759475656,0.009778762116269315,-0.0014323130515423454,0.0,agent10,0.956476142360673
-0.5430657680837904,-0.001939032293748535,-0.0020384759441231487,-0.010321062071159457,-0.007531799920151299,-0.004738472434314731,-0.0033931479877169273,-0.004306715653111579,0.005809204748169059,0.001999697475056075,-0.004934570181258116,-0.009184152536455811,0.0,-0.00504820748138735,-0.006877563452201898,0.005995893171507842,-0.00602941576744053,1,0.001995553018654641,-0.004055063192448193,-0.010149041997916202,0.009393276016385892,-0.006290965250428329,0.007867880943812862,-0.005494695480645849,-0.002066875058626925,-0.002267382764654451,0.0019661035390866432,0.007979651380615542,0.00798695371792094,0.007441677217322259,0.009958669344383915,-0.008770149850015447,0.005999971980909008,-0.003998054282851954,0.005990149277912379,-0.0021012051874376514,-0.0035922993708557617,-0.007100135776272721,0.007297279941164549,0.005551860918134291,-0.00477616717438601,0.001931310583965519,0.007905785498321275,0.005631654651622256,0.009958490982963777,-0.004579501686185785,-0.011142525965441947,0.01185021943559392,0.007999959027524574,0.007890106429863025,-0.006950321803572856,0.009883627124538844,0.0019352612551865624,-0.004839360726840284,0.0039921269162198295,-0.003020268561007459,0.009997221215824173,0.0019666016016328604,-0.00317979025541052,0.009811350816226461,-0.006568097825454849,-0.008588438448269063,0.01399013828018724,-0.005116797072521963,-0.004059496390550192,0.011763417012592078,0.01114840555266102,0.0,0.009761014260297834,-0.0010572119212754504,0.003969886646095247,0.00790942510447883,0.0019457053157315553,0.007996829990674928,0.003922305402012258,-0.0028654070534954736,-0.0010676075284892764,-0.0016972082153687452,-0.004899220239140169,-0.0011595414001970958,-0.002456673806158311,0.007984366646616748,-0.0045836211729339445,0.005937752653737241,-0.005115981532137646,0.0,-0.008712957581027081,0.005812653885916888,0.007810879381885412,-0.0027960827323842714,-0.006308538550243005,-0.003709386263165403,-0.00524336969758131,0.003926150842053098,0.003997645652915829,0.01183150344668816,0.003985986759475656,0.009778762116269315,-0.0014323130515423454,0.0,agent39,-1
-0.5440682247575965,-0.001939032293748535,-0.0020384759441231487,-0.010321062071159457,-0.007531799920151299,-0.004738472434314731,-0.0033931479877169273,-0.004306715653111579,0.005809204748169059,0.001999697475056075,-0.004934570181258116,-0.009184152536455811,0.0,-0.00504820748138735,-0.006877563452201898,0.005995893171507842,-0.00602941576744053,1,0.001995553018654641,-0.004055063192448193,-0.010149041997916202,0.009393276016385892,-0.006290965250428329,0.007867880943812862,-0.005494695480645849,-0.002066875058626925,-0.002267382764654451,0.0019661035390866432,0.007979651380615542,0.00798695371792094,0.007441677217322259,0.009958669344383915,-0.008770149850015447,0.005999971980909008,-0.003998054282851954,0.005990149277912379,-0.0021012051874376514,-0.0035922993708557617,-0.007100135776272721,0.007297279941164549,0.005551860918134291,-0.00477616717438601,0.001931310583965519,0.007905785498321275,0.005631654651622256,0.009958490982963777,-0.004579501686185785,-0.011142525965441947,0.01185021943559392,0.007999959027524574,0.007890106429863025,-0.006950321803572856,0.009883627124538844,0.0019352612551865624,-0.004839360726840284,0.0039921269162198295,-0.003020268561007459,0.009997221215824173,0.0019666016016328604,-0.00317979025541052,0.009811350816226461,-0.006568097825454849,-0.008588438448269063,0.01399013828018724,-0.005116797072521963,-0.004059496390550192,0.011763417012592078,0.01114840555266102,0.0,0.009761014260297834,-0.0010572119212754504,0.003969886646095247,0.00790942510447883,0.0019457053157315553,0.007996829990674928,0.003922305402012258,-0.0028654070534954736,-0.0010676075284892764,-0.0016972082153687452,-0.004899220239140169,-0.0011595414001970958,-0.0032851239147910468,0.007984366646616748,-0.0045836211729339445,0.005937752653737241,-0.005115981532137646,0.0,-0.008712957581027081,0.005812653885916888,0.007810879381885412,-0.0027960827323842714,-0.006308538550243005,-0.003709386263165403,-0.00524336969758131,0.003926150842053098,0.003997645652915829,0.01183150344668816,0.003985986759475656,0.009778762116269315,-0.0014323130515423454,0.0,agent80,0.9876529463554525
-0.5450693842989968,-0.001939032293748535,-0.0020384759441231487,-0.010321062071159457,-0.007531799920151299,-0.004738472434314731,-0.0033931479877169273,-0.004306715653111579,0.005809204748169059,0.001999697475056075,-0.004934570181258116,-0.009184152536455811,0.0,-0.00504820748138735,-0.006877563452201898,0.005995893171507842,-0.00602941576744053,1,0.001995553018654641,-0.004055063192448193,-0.010149041997916202,0.009393276016385892,-0.006290965250428329,0.007867880943812862,-0.005494695480645849,-0.002066875058626925,-0.002267382764654451,0.0019661035390866432,0.007979651380615542,0.00798695371792094,0.007441677217322259,0.009958669344383915,-0.008770149850015447,0.005999971980909008,-0.003998054282851954,0.005990149277912379,-0.0021012051874376514,-0.0035922993708557617,-0.007100135776272721,0.007297279941164549,0.005551860918134291,-0.00477616717438601,0.001931310583965519,0.007905785498321275,0.005631654651622256,0.009958490982963777,-0.004579501686185785,-0.011142525965441947,0.01185021943559392,0.007999959027524574,0.007890106429863025,-0.006950321803572856,0.009883627124538844,0.0019352612551865624,-0.004839360726840284,0.0039921269162198295,-0.003020268561007459,0.009997221215824173,0.0019666016016328604,-0.00317979025541052,0.009811350816226461,-0.006568097825454849,-0.008588438448269063,0.01399013828018724,-0.005116797072521963,-0.004059496390550192,0.011763417012592078,0.01114840555266102,0.0,0.009761014260297834,-0.0010572119212754504,0.003969886646095247,0.00790942510447883,0.0019457053157315553,0.007996829990674928,0.003922305402012258,-0.0028654070534954736,-0.0010676075284892764,-0.0016972082153687452,-0.004899220239140169,-0.002233533791395238,-0.0032851239147910468,0.007984366646616748,-0.0045836211729339445,0.005937752653737241,-0.005115981532137646,0.0,-0.008712957581027081,0.005812653885916888,0.007810879381885412,-0.0027960827323842714,-0.006308538550243005,-0.003709386263165403,-0.00524336969758131,0.003926150842053098,0.003997645652915829,0.01183150344668816,0.003985986759475656,0.009778762116269315,-0.0014323130515423454,0.0,agent79,0.816819433208231
-0.5460772900844951,-0.001939032293748535,-0.0020384759441231487,-0.010321062071159457,-0.007531799920151299,-0.004738472434314731,-0.0033931479877169273,-0.004306715653111579,0.005809204748169059,0.001999697475056075,-0.004934570181258116,-0.009184152536455811,0.0,-0.00504820748138735,-0.006877563452201898,0.005995893171507842,-0.00602941576744053,1,0.001995553018654641,-0.004055063192448193,-0.010149041997916202,0.009393276016385892,-0.006290965250428329,0.007867880943812862,-0.005494695480645849,-0.002066875058626925,-0.002267382764654451,0.0019661035390866432,0.007979651380615542,0.00798695371792094,0.007441677217322259,0.009958669344383915,-0.008770149850015447,0.005999971980909008,-0.003998054282851954,0.005990149277912379,-0.0021012051874376514,-0.0035922993708557617,-0.007100135776272721,0.007297279941164549,0.005551860918134291,-0.00477616717438601,0.001931310583965519,0.00988246083149163,0.005631654651622256,0.009958490982963777,-0.004579501686185785,-0.011142525965441947,0.01185021943559392,0.007999959027524574,0.007890106429863025,-0.006950321803572856,0.009883627124538844,0.0019352612551865624,-0.004839360726840284,0.0039921269162198295,-0.003020268561007459,0.009997221215824173,0.0019666016016328604,-0.00317979025541052,0.009811350816226461,-0.006568097825454849,-0.008588438448269063,0.01399013828018724,-0.005116797072521963,-0.004059496390550192,0.011763417012592078,0.01114840555266102,0.0,0.009761014260297834,-0.0010572119212754504,0.003969886646095247,0.00790942510447883,0.0019457053157315553,0.007996829990674928,0.003922305402012258,-0.0028654070534954736,-0.0010676075284892764,-0.0016972082153687452,-0.004899220239140169,-0.002233533791395238,-0.0032851239147910468,0.007984366646616748,-0.0045836211729339445,0.005937752653737241,-0.005115981532137646,0.0,-0.008712957581027081,0.005812653885916888,0.007810879381885412,-0.0027960827323842714,-0.006308538550243005,-0.003709386263165403,-0.00524336969758131,0.003926150842053098,0.003997645652915829,0.01183150344668816,0.003985986759475656,0.009778762116269315,-0.0014323130515423454,0.0,agent42,-0.7610539524035024
-0.5470818737056681,-0.001939032293748535,-0.0020384759441231487,-0.010321062071159457,-0.007531799920151299,-0.004738472434314731,-0.0033931479877169273,-0.004306715653111579,0.005809204748169059,0.001999697475056075,-0.004934570181258116,-0.009184152536455811,0.0,-0.00504820748138735,-0.006877563452201898,0.005995893171507842,-0.00602941576744053,1,0.001995553018654641,-0.004055063192448193,-0.010149041997916202,0.009393276016385892,-0.006290965250428329,0.007867880943812862,-0.005494695480645849,-0.002066875058626925,-0.002267382764654451,0.0019661035390866432,0.007979651380615542,0.00798695371792094,0.007441677217322259,0.009958669344383915,-0.008770149850015447,0.005999971980909008,-0.003998054282851954,0.005990149277912379,-0.0021012051874376514,-0.0035922993708557617,-0.007100135776272721,0.007297279941164549,0.005551860918134291,-0.00477616717438601,0.001931310583965519,0.00988246083149163,0.005631654651622256,0.009958490982963777,-0.004579501686185785,-0.011142525965441947,0.01185021943559392,0.007999959027524574,0.007890106429863025,-0.006950321803572856,0.009883627124538844,0.0019352612551865624,-0.004839360726840284,0.0039921269162198295,-0.003020268561007459,0.009997221215824173,0.0019666016016328604,-0.00317979025541052,0.009811350816226461,-0.006568097825454849,-0.008588438448269063,0.01399013828018724,-0.005116797072521963,-0.004059496390550192,0.011763417012592078,0.01114840555266102,0.0,0.009761014260297834,-0.0010572119212754504,0.003969886646095247,0.00790942510447883,0.0019457053157315553,0.007996829990674928,0.003922305402012258,-0.0028654070534954736,-0.0010676075284892764,-0.0016972082153687452,-0.004899220239140169,-0.002233533791395238,-0.0032851239147910468,0.007984366646616748,-0.005388443679476437,0.005937752653737241,-0.005115981532137646,0.0,-0.008712957581027081,0.005812653885916888,0.007810879381885412,-0.0027960827323842714,-0.006308538550243005,-0.003709386263165403,-0.00524336969758131,0.003926150842053098,0.003997645652915829,0.01183150344668816,0.003985986759475656,0.009778762116269315,-0.0014323130515423454,0.0,agent82,1
-0.5480917573327926,-0.001939032293748535,-0.0020384759441231487,-0.010321062071159457,-0.007531799920151299,-0.004738472434314731,-0.0033931479877169273,-0.004306715653111579,0.005809204748169059,0.001999697475056075,-0.004934570181258116,-0.009184152536455811,0.0,-0.00504820748138735,-0.006877563452201898,0.005995893171507842,-0.00602941576744053,1,0.001995553018654641,-0.004055063192448193,-0.010149041997916202,0.009393276016385892,-0.006290965250428329,0.007867880943812862,-0.005494695480645849,-0.002066875058626925,-0.002267382764654451,0.0019661035390866432,0.007979651380615542,0.00798695371792094,0.007441677217322259,0.009958669344383915,-0.008770149850015447,0.005999971980909008,-0.003998054282851954,0.005990149277912379,-0.0021012051874376514,-0.0035922993708557617,-0.007100135776272721,0.007297279941164549,0.005551860918134291,-0.00477616717438601,0.001931310583965519,0.00988246083149163,0.005631654651622256,0.009958490982963777,-0.004579501686185785,-0.011142525965441947,0.01185021943559392,0.007999959027524574,0.007890106429863025,-0.006950321803572856,0.01186001258181929,0.0019352612551865624,-0.004839360726840284,0.0039921269162198295,-0.003020268561007459,0.009997221215824173,0.0019666016016328604,-0.00317979025541052,0.009811350816226461,-0.006568097825454849,-0.008588438448269063,0.01399013828018724,-0.005116797072521963,-0.004059496390550192,0.011763417012592078,0.01114840555266102,0.0,0.009761014260297834,-0.0010572119212754504,0.003969886646095247,0.00790942510447883,0.0019457053157315553,0.007996829990674928,0.003922305402012258,-0.0028654070534954736,-0.0010676075284892764,-0.0016972082153687452,-0.004899220239140169,-0.002233533791395238,-0.0032851239147910468,0.007984366646616748,-0.005388443679476437,0.005937752653737241,-0.005115981532137646,0.0,-0.008712957581027081,0.005812653885916888,0.007810879381885412,-0.0027960827323842714,-0.006308538550243005,-0.003709386263165403,-0.00524336969758131,0.003926150842053098,0.003997645652915829,0.01183150344668816,0.003985986759475656,0.009778762116269315,-0.0014323130515423454,0.0,agent51,-0.32975933589813566
-0.5491015183470529,-0.001939032293748535,-0.0020384759441231487,-0.010321062071159457,-0.007531799920151299,-0.004738472434314731,-0.0033931479877169273,-0.004306715653111579,0.005809204748169059,0.001999697475056075,-0.004934570181258116,-0.009184152536455811,0.0,-0.00504820748138735,-0.006877563452201898,0.005995893171507842,-0.00602941576744053,1,0.001995553018654641,-0.004055063192448193,-0.010149041997916202,0.009393276016385892,-0.006290965250428329,0.007867880943812862,-0.005494695480645849,-0.002066875058626925,-0.002267382764654451,0.0019661035390866432,0.007979651380615542,0.00798695371792094,0.007441677217322259,0.009958669344383915,-0.008770149850015447,0.005999971980909008,-0.003998054282851954,0.005990149277912379,-0.0021012051874376514,-0.0035922993708557617,-0.007100135776272721,0.007297279941164549,0.005551860918134291,-0.00477616717438601,0.001931310583965519,0.00988246083149163,0.005631654651622256,0.009958490982963777,-0.004579501686185785,-0.011142525965441947,0.01185021943559392,0.007999959027524574,0.007890106429863025,-0.006950321803572856,0.01186001258181929,0.0019352612551865624,-0.004839360726840284,0.0039921269162198295,-0.003020268561007459,0.009997221215824173,0.0019666016016328604,-0.00317979025541052,0.009811350816226461,-0.006568097825454849,-0.008588438448269063,0.01399013828018724,-0.005116797072521963,-0.004059496390550192,0.011763417012592078,0.01114840555266102,0.0,0.01171361837912823,-0.0010572119212754504,0.003969886646095247,0.00790942510447883,0.0019457053157315553,0.007996829990674928,0.003922305402012258,-0.0028654070534954736,-0.0010676075284892764,-0.0016972082153687452,-0.004899220239140169,-0.002233533791395238,-0.0032851239147910468,0.007984366646616748,-0.005388443679476437,0.005937752653737241,-0.005115981532137646,0.0,-0.008712957581027081,0.005812653885916888,0.007810879381885412,-0.0027960827323842714,-0.006308538550243005,-0.003709386263165403,-0.00524336969758131,0.003926150842053098,0.003997645652915829,0.01183150344668816,0.003985986759475656,0.009778762116269315,-0.0014323130515423454,0.0,agent68,-0.8559744660697487
-0.550105227733316,-0.001939032293748535,-0.0020384759441231487,-0.010321062071159457,-0.007531799920151299,-0.004738472434314731,-0.0033931479877169273,-0.004306715653111579,0.005809204748169059,0.001999697475056075,-0.004934570181258116,-0.009184152536455811,0.0,-0.00504820748138735,-0.006877563452201898,0.005995893171507842,-0.00602941576744053,1,0.001995553018654641,-0.004055063192448193,-0.010149041997916202,0.009393276016385892,-0.006290965250428329,0.007867880943812862,-0.005494695480645849,-0.002066875058626925,-0.002267382764654451,0.0019661035390866432,0.007979651380615542,0.00798695371792094,0.007441677217322259,0.009958669344383915,-0.008770149850015447,0.005999971980909008,-0.003998054282851954,0.005990149277912379,-0.0021012051874376514,-0.0035922993708557617,-0.007100135776272721,0.007297279941164549,0.005551860918134291,-0.00477616717438601,0.001931310583965519,0.00988246083149163,0.005631654651622256,0.009958490982963777,-0.004579501686185785,-0.011142525965441947,0.01185021943559392,0.007999959027524574,0.007890106429863025,-0.006950321803572856,0.01186001258181929,0.0019352612551865624,-0.004839360726840284,0.0039921269162198295,-0.003020268561007459,0.009997221215824173,0.0019666016016328604,-0.00317979025541052,0.009811350816226461,-0.006568097825454849,-0.008588438448269063,0.01399013828018724,-0.005116797072521963,-0.004059496390550192,0.011763417012592078,0.01114840555266102,0.0,0.01171361837912823,-0.0010572119212754504,0.003969886646095247,0.00790942510447883,0.0019457053157315553,0.007996829990674928,0.003922305402012258,-0.0028654070534954736,-0.0010676075284892764,-0.0016972082153687452,-0.004899220239140169,-0.002233533791395238,-0.0032851239147910468,0.007984366646616748,-0.005388443679476437,0.005937752653737241,-0.005115981532137646,0.0,-0.008712957581027081,0.005812653885916888,0.007810879381885412,-0.0027960827323842714,-0.006308538550243005,-0.005199743968884977,-0.00524336969758131,0.003926150842053098,0.003997645652915829,0.01183150344668816,0.003985986759475656,0.009778762116269315,-0.0014323130515423454,0.0,agent91,0.460494731923743
-0.5511073289385034,-0.001939032293748535,-0.0020384759441231487,-0.010321062071159457,-0.007531799920151299,-0.004738472434314731,-0.0033931479877169273,-0.004306715653111579,0.005809204748169059,0.001999697475056075,-0.004934570181258116,-0.009184152536455811,0.0,-0.00504820748138735,-0.006877563452201898,0.005995893171507842,-0.00602941576744053,1,0.001995553018654641,-0.004055063192448193,-0.010149041997916202,0.009393276016385892,-0.006290965250428329,0.007867880943812862,-0.005494695480645849,-0.002066875058626925,-0.002267382764654451,0.0019661035390866432,0.007979651380615542,0.00798695371792094,0.007441677217322259,0.009958669344383915,-0.008770149850015447,0.005999971980909008,-0.003998054282851954,0.005990149277912379,-0.0028997920789145737,-0.0035922993708557617,-0.007100135776272721,0.007297279941164549,0.005551860918134291,-0.00477616717438601,0.001931310583965519,0.00988246083149163,0.005631654651622256,0.009958490982963777,-0.004579501686185785,-0.011142525965441947,0.01185021943559392,0.007999959027524574,0.007890106429863025,-0.006950321803572856,0.01186001258181929,0.0019352612551865624,-0.004839360726840284,0.0039921269162198295,-0.003020268561007459,0.009997221215824173,0.0019666016016328604,-0.00317979025541052,0.009811350816226461,-0.006568097825454849,-0.008588438448269063,0.01399013828018724,-0.005116797072521963,-0.004059496390550192,0.011763417012592078,0.01114840555266102,0.0,0.01171361837912823,-0.0010572119212754504,0.003969886646095247,0.00790942510447883,0.0019457053157315553,0.007996829990674928,0.003922305402012258,-0.0028654070534954736,-0.0010676075284892764,-0.0016972082153687452,-0.004899220239140169,-0.002233533791395238,-0.0032851239147910468,0.007984366646616748,-0.005388443679476437,0.005937752653737241,-0.005115981532137646,0.0,-0.008712957581027081,0.005812653885916888,0.007810879381885412,-0.0027960827323842714,-0.006308538550243005,-0.005199743968884977,-0.00524336969758131,0.003926150842053098,0.003997645652915829,0.01183150344668816,0.003985986759475656,0.009778762116269315,-0.0014323130515423454,0.0,agent35,1
-0.5521127173821829,-0.001939032293748535,-0.0020384759441231487,-0.010321062071159457,-0.007531799920151299,-0.004738472434314731,-0.0033931479877169273,-0.004306715653111579,0.005809204748169059,0.001999697475056075,-0.004934570181258116,-0.009184152536455811,0.0,-0.00504820748138735,-0.006877563452201898,0.005995893171507842,-0.00602941576744053,1,0.001995553018654641,-0.004055063192448193,-0.010149041997916202,0.009393276016385892,-0.006290965250428329,0.007867880943812862,-0.005494695480645849,-0.002066875058626925,-0.002267382764654451,0.0019661035390866432,0.007979651380615542,0.00798695371792094,0.007441677217322259,0.009958669344383915,-0.008770149850015447,0.005999971980909008,-0.003998054282851954,0.005990149277912379,-0.0028997920789145737,-0.0035922993708557617,-0.007100135776272721,0.007297279941164549,0.005551860918134291,-0.00477616717438601,0.001931310583965519,0.00988246083149163,0.005631654651622256,0.009958490982963777,-0.004579501686185785,-0.011142525965441947,0.01185021943559392,0.007999959027524574,0.007890106429863025,-0.006950321803572856,0.01186001258181929,0.0019352612551865624,-0.004839360726840284,0.0039921269162198295,-0.003020268561007459,0.009997221215824173,0.0019666016016328604,-0.00317979025541052,0.009811350816226461,-0.006568097825454849,-0.008588438448269063,0.01399013828018724,-0.005116797072521963,-0.004059496390550192,0.011763417012592078,0.01114840555266102,0.0,0.01171361837912823,-0.0010572119212754504,0.003969886646095247,0.00790942510447883,0.0019457053157315553,0.007996829990674928,0.003922305402012258,-0.0028654070534954736,-0.0010676075284892764,-0.0016972082153687452,-0.004899220239140169,-0.002233533791395238,-0.0032851239147910468,0.007984366646616748,-0.006185476706533067,0.005937752653737241,-0.005115981532137646,0.0,-0.008712957581027081,0.005812653885916888,0.007810879381885412,-0.0027960827323842714,-0.006308538550243005,-0.005199743968884977,-0.00524336969758131,0.003926150842053098,0.003997645652915829,0.01183150344668816,0.003985986759475656,0.009778762116269315,-0.0014323130515423454,0.0,agent82,1
-0.5531176166024221,-0.001939032293748535,-0.0020384759441231487,-0.010321062071159457,-0.007531799920151299,-0.004738472434314731,-0.0033931479877169273,-0.004306715653111579,0.005809204748169059,0.001999697475056075,-0.004934570181258116,-0.009184152536455811,0.0,-0.00504820748138735,-0.006877563452201898,0.005995893171507842,-0.00602941576744053,1,0.001995553018654641,-0.004055063192448193,-0.010149041997916202,0.009393276016385892,-0.006290965250428329,0.007867880943812862,-0.005494695480645849,-0.002066875058626925,-0.002267382764654451,0.0019661035390866432,0.007979651380615542,0.00798695371792094,0.007441677217322259,0.009958669344383915,-0.008770149850015447,0.005999971980909008,-0.003998054282851954,0.005990149277912379,-0.0028997920789145737,-0.0035922993708557617,-0.007100135776272721,0.007297279941164549,0.005551860918134291,-0.00477616717438601,0.001931310583965519,0.00988246083149163,0.005631654651622256,0.009958490982963777,-0.004579501686185785,-0.011142525965441947,0.01185021943559392,0.007999959027524574,0.007890106429863025,-0.006950321803572856,0.01186001258181929,0.0019352612551865624,-0.004839360726840284,0.0039921269162198295,-0.003020268561007459,0.009997221215824173,0.0019666016016328604,-0.00317979025541052,0.009811350816226461,-0.006568097825454849,-0.008588438448269063,0.01399013828018724,-0.005116797072521963,-0.004059496390550192,0.011763417012592078,0.01114840555266102,0.0,0.01171361837912823,-0.0010572119212754504,0.003969886646095247,0.00790942510447883,0.0019457053157315553,0.007996829990674928,0.003922305402012258,-0.0028654070534954736,-0.0010676075284892764,-0.0016972082153687452,-0.005694693295410416,-0.002233533791395238,-0.0032851239147910468,0.007984366646616748,-0.006185476706533067,0.005937752653737241,-0.005115981532137646,0.0,-0.008712957581027081,0.005812653885916888,0.007810879381885412,-0.0027960827323842714,-0.006308538550243005,-0.005199743968884977,-0.00524336969758131,0.003926150842053098,0.003997645652915829,0.01183150344668816,0.003985986759475656,0.009778762116269315,-0.0014323130515423454,0.0,agent78,1
-0.554120516394501,-0.001939032293748535,-0.0020384759441231487,-0.010321062071159457,-0.007531799920151299,-0.004738472434314731,-0.0033931479877169273,-0.004306715653111579,0.005809204748169059,0.001999697475056075,-0.004934570181258116,-0.009184152536455811,0.0,-0.00504820748138735,-0.006877563452201898,0.005995893171507842,-0.00602941576744053,1,0.001995553018654641,-0.004055063192448193,-0.010149041997916202,0.009393276016385892,-0.006290965250428329,0.007867880943812862,-0.005494695480645849,-0.002066875058626925,-0.002267382764654451,0.0019661035390866432,0.007979651380615542,0.00798695371792094,0.007441677217322259,0.009958669344383915,-0.008770149850015447,0.005999971980909008,-0.003998054282851954,0.005990149277912379,-0.0036937049134141793,-0.0035922993708557617,-0.007100135776272721,0.007297279941164549,0.005551860918134291,-0.00477616717438601,0.001931310583965519,0.00988246083149163,0.005631654651622256,0.009958490982963777,-0.004579501686185785,-0.011142525965441947,0.01185021943559392,0.007999959027524574,0.007890106429863025,-0.006950321803572856,0.01186001258181929,0.0019352612551865624,-0.004839360726840284,0.0039921269162198295,-0.003020268561007459,0.009997221215824173,0.0019666016016328604,-0.00317979025541052,0.009811350816226461,-0.006568097825454849,-0.008588438448269063,0.01399013828018724,-0.005116797072521963,-0.004059496390550192,0.011763417012592078,0.01114840555266102,0.0,0.01171361837912823,-0.0010572119212754504,0.003969886646095247,0.00790942510447883,0.0019457053157315553,0.007996829990674928,0.003922305402012258,-0.0028654070534954736,-0.0010676075284892764,-0.0016972082153687452,-0.005694693295410416,-0.002233533791395238,-0.0032851239147910468,0.007984366646616748,-0.006185476706533067,0.005937752653737241,-0.005115981532137646,0.0,-0.008712957581027081,0.005812653885916888,0.007810879381885412,-0.0027960827323842714,-0.006308538550243005,-0.005199743968884977,-0.00524336969758131,0.003926150842053098,0.003997645652915829,0.01183150344668816,0.003985986759475656,0.009778762116269315,-0.0014323130515423454,0.0,agent35,1
-0.5551274667163045,-0.001939032293748535,-0.0020384759441231487,-0.010321062071159457,-0.007531799920151299,-0.004738472434314731,-0.0033931479877169273,-0.004306715653111579,0.005809204748169059,0.001999697475056075,-0.004934570181258116,-0.009184152536455811,0.0,-0.00504820748138735,-0.006877563452201898,0.005995893171507842,-0.00602941576744053,1,0.001995553018654641,-0.004055063192448193,-0.010149041997916202,0.009393276016385892,-0.006290965250428329,0.007867880943812862,-0.005494695480645849,-0.002066875058626925,-0.002267382764654451,0.0019661035390866432,0.007979651380615542,0.00798695371792094,0.007441677217322259,0.009958669344383915,-0.008770149850015447,0.005999971980909008,-0.003998054282851954,0.005990149277912379,-0.0036937049134141793,-0.0035922993708557617,-0.007100135776272721,0.007297279941164549,0.005551860918134291,-0.00477616717438601,0.001931310583965519,0.00988246083149163,0.005631654651622256,0.009958490982963777,-0.004579501686185785,-0.011142525965441947,0.01185021943559392,0.007999959027524574,0.007890106429863025,-0.008268984541722571,0.01186001258181929,0.0019352612551865624,-0.004839360726840284,0.0039921269162198295,-0.003020268561007459,0.009997221215824173,0.0019666016016328604,-0.00317979025541052,0.009811350816226461,-0.006568097825454849,-0.008588438448269063,0.01399013828018724,-0.005116797072521963,-0.004059496390550192,0.011763417012592078,0.01114840555266102,0.0,0.01171361837912823,-0.0010572119212754504,0.003969886646095247,0.00790942510447883,0.0019457053157315553,0.007996829990674928,0.003922305402012258,-0.0028654070534954736,-0.0010676075284892764,-0.0016972082153687452,-0.005694693295410416,-0.002233533791395238,-0.0032851239147910468,0.007984366646616748,-0.006185476706533067,0.005937752653737241,-0.005115981532137646,0.0,-0.008712957581027081,0.005812653885916888,0.007810879381885412,-0.0027960827323842714,-0.006308538550243005,-0.005199743968884977,-0.00524336969758131,0.003926150842053098,0.003997645652915829,0.01183150344668816,0.003985986759475656,0.009778762116269315,-0.0014323130515423454,0.0,agent50,0.613215991944276
-0.5561347639962457,-0.001939032293748535,-0.0020384759441231487,-0.010321062071159457,-0.007531799920151299,-0.004738472434314731,-0.0033931479877169273,-0.004306715653111579,0.005809204748169059,0.001999697475056075,-0.004934570181258116,-0.009184152536455811,0.0,-0.00504820748138735,-0.006877563452201898,0.005995893171507842,-0.00602941576744053,1,0.001995553018654641,-0.004055063192448193,-0.010149041997916202,0.009393276016385892,-0.006290965250428329,0.007867880943812862,-0.005494695480645849,-0.002066875058626925,-0.002267382764654451,0.0019661035390866432,0.007979651380615542,0.00798695371792094,0.007441677217322259,0.009958669344383915,-0.008770149850015447,0.005999971980909008,-0.003998054282851954,0.005990149277912379,-0.0036937049134141793,-0.0035922993708557617,-0.007100135776272721,0.009198324155729423,0.005551860918134291,-0.00477616717438601,0.001931310583965519,0.00988246083149163,0.005631654651622256,0.009958490982963777,-0.004579501686185785,-0.011142525965441947,0.01185021943559392,0.007999959027524574,0.007890106429863025,-0.008268984541722571,0.01186001258181929,0.0019352612551865624,-0.004839360726840284,0.0039921269162198295,-0.003020268561007459,0.009997221215824173,0.0019666016016328604,-0.00317979025541052,0.009811350816226461,-0.006568097825454849,-0.008588438448269063,0.01399013828018724,-0.005116797072521963,-0.004059496390550192,0.011763417012592078,0.01114840555266102,0.0,0.01171361837912823,-0.0010572119212754504,0.003969886646095247,0.00790942510447883,0.0019457053157315553,0.007996829990674928,0.003922305402012258,-0.0028654070534954736,-0.0010676075284892764,-0.0016972082153687452,-0.005694693295410416,-0.002233533791395238,-0.0032851239147910468,0.007984366646616748,-0.006185476706533067,0.005937752653737241,-0.005115981532137646,0.0,-0.008712957581027081,0.005812653885916888,0.007810879381885412,-0.0027960827323842714,-0.006308538550243005,-0.005199743968884977,-0.00524336969758131,0.003926150842053098,0.003997645652915829,0.01183150344668816,0.003985986759475656,0.009778762116269315,-0.0014323130515423454,0.0,agent38,-1
-0.5571407017488995,-0.001939032293748535,-0.0020384759441231487,-0.010321062071159457,-0.007531799920151299,-0.004738472434314731,-0.0033931479877169273,-0.004306715653111579,0.005809204748169059,0.001999697475056075,-0.004934570181258116,-0.009184152536455811,0.0,-0.00504820748138735,-0.006877563452201898,0.005995893171507842,-0.00602941576744053,1,0.001995553018654641,-0.004055063192448193,-0.010149041997916202,0.009393276016385892,-0.006290965250428329,0.007867880943812862,-0.005494695480645849,-0.002066875058626925,-0.002267382764654451,0.0019661035390866432,0.007979651380615542,0.00798695371792094,0.007441677217322259,0.009958669344383915,-0.008770149850015447,0.005999971980909008,-0.003998054282851954,0.005990149277912379,-0.0036937049134141793,-0.0035922993708557617,-0.007100135776272721,0.009198324155729423,0.005551860918134291,-0.00477616717438601,0.001931310583965519,0.00988246083149163,0.005631654651622256,0.009958490982963777,-0.004579501686185785,-0.011142525965441947,0.01185021943559392,0.007999959027524574,0.007890106429863025,-0.008268984541722571,0.01186001258181929,0.0019352612551865624,-0.004839360726840284,0.0039921269162198295,-0.003020268561007459,0.009997221215824173,0.0019666016016328604,-0.00317979025541052,0.009811350816226461,-0.006568097825454849,-0.008588438448269063,0.01399013828018724,-0.005116797072521963,-0.004059496390550192,0.011763417012592078,0.01114840555266102,0.0,0.01171361837912823,-0.0010572119212754504,0.003969886646095247,0.00790942510447883,0.0019457053157315553,0.007996829990674928,0.003922305402012258,-0.0028654070534954736,-0.0010676075284892764,-0.0016972082153687452,-0.005694693295410416,-0.002233533791395238,-0.0032851239147910468,0.007984366646616748,-0.006185476706533067,0.007917016039632113,-0.005115981532137646,0.0,-0.008712957581027081,0.005812653885916888,0.007810879381885412,-0.0027960827323842714,-0.006308538550243005,-0.005199743968884977,-0.00524336969758131,0.003926150842053098,0.003997645652915829,0.01183150344668816,0.003985986759475656,0.009778762116269315,-0.0014323130515423454,0.0,agent83,-0.7597845324966246
-0.5581459014928684,-0.001939032293748535,-0.0020384759441231487,-0.010321062071159457,-0.007531799920151299,-0.004738472434314731,-0.0033931479877169273,-0.004306715653111579,0.005809204748169059,0.001999697475056075,-0.004934570181258116,-0.009184152536455811,0.0,-0.00504820748138735,-0.006877563452201898,0.005995893171507842,-0.00602941576744053,1,0.001995553018654641,-0.004055063192448193,-0.010149041997916202,0.009393276016385892,-0.006290965250428329,0.007867880943812862,-0.005494695480645849,-0.002066875058626925,-0.002267382764654451,0.0019661035390866432,0.007979651380615542,0.00798695371792094,0.007441677217322259,0.009958669344383915,-0.008770149850015447,0.005999971980909008,-0.003998054282851954,0.005990149277912379,-0.0036937049134141793,-0.0035922993708557617,-0.007100135776272721,0.009198324155729423,0.005551860918134291,-0.00477616717438601,0.001931310583965519,0.00988246083149163,0.005631654651622256,0.009958490982963777,-0.004579501686185785,-0.011142525965441947,0.01185021943559392,0.007999959027524574,0.007890106429863025,-0.008268984541722571,0.01186001258181929,0.0019352612551865624,-0.004839360726840284,0.0039921269162198295,-0.003020268561007459,0.009997221215824173,0.0019666016016328604,-0.00317979025541052,0.009811350816226461,-0.006568097825454849,-0.008588438448269063,0.01399013828018724,-0.005116797072521963,-0.004059496390550192,0.011763417012592078,0.01114840555266102,0.0,0.01171361837912823,-0.0010572119212754504,0.003969886646095247,0.00790942510447883,0.0019457053157315553,0.007996829990674928,0.003922305402012258,-0.0028654070534954736,-0.0010676075284892764,-0.0016972082153687452,-0.005694693295410416,-0.002233533791395238,-0.0032851239147910468,0.007984366646616748,-0.006185476706533067,0.007917016039632113,-0.005115981532137646,0.0,-0.008712957581027081,0.005812653885916888,0.007810879381885412,-0.0027960827323842714,-0.006308538550243005,-0.006674759733696768,-0.00524336969758131,0.003926150842053098,0.003997645652915829,0.01183150344668816,0.003985986759475656,0.009778762116269315,-0.0014323130515423454,0.0,agent91,0.4675389898505866
-0.5591507408535952,-0.001939032293748535,-0.0020384759441231487,-0.010321062071159457,-0.007531799920151299,-0.004738472434314731,-0.0033931479877169273,-0.004306715653111579,0.005809204748169059,0.001999697475056075,-0.004934570181258116,-0.009184152536455811,0.0,-0.00504820748138735,-0.006877563452201898,0.005995893171507842,-0.00602941576744053,1,0.001995553018654641,-0.004055063192448193,-0.010149041997916202,0.009393276016385892,-0.006290965250428329,0.007867880943812862,-0.005494695480645849,-0.002066875058626925,-0.002267382764654451,0.0019661035390866432,0.007979651380615542,0.00798695371792094,0.007441677217322259,0.009958669344383915,-0.008770149850015447,0.005999971980909008,-0.003998054282851954,0.005990149277912379,-0.0036937049134141793,-0.0035922993708557617,-0.007100135776272721,0.009198324155729423,0.005551860918134291,-0.00477616717438601,0.001931310583965519,0.00988246083149163,0.005631654651622256,0.009958490982963777,-0.004579501686185785,-0.011142525965441947,0.01185021943559392,0.007999959027524574,0.007890106429863025,-0.008268984541722571,0.01186001258181929,0.0019352612551865624,-0.005908677232322095,0.0039921269162198295,-0.003020268561007459,0.009997221215824173,0.0019666016016328604,-0.00317979025541052,0.009811350816226461,-0.006568097825454849,-0.008588438448269063,0.01399013828018724,-0.005116797072521963,-0.004059496390550192,0.011763417012592078,0.01114840555266102,0.0,0.01171361837912823,-0.0010572119212754504,0.003969886646095247,0.00790942510447883,0.0019457053157315553,0.007996829990674928,0.003922305402012258,-0.0028654070534954736,-0.0010676075284892764,-0.0016972082153687452,-0.005694693295410416,-0.002233533791395238,-0.0032851239147910468,0.007984366646616748,-0.006185476706533067,0.007917016039632113,-0.005115981532137646,0.0,-0.008712957581027081,0.005812653885916888,0.007810879381885412,-0.0027960827323842714,-0.006308538550243005,-0.006674759733696768,-0.00524336969758131,0.003926150842053098,0.003997645652915829,0.01183150344668816,0.003985986759475656,0.009778762116269315,-0.0014323130515423454,0.0,agent53,0.8061733386545313
-0.5601541340015829,-0.001939032293748535,-0.0020384759441231487,-0.010321062071159457,-0.007531799920151299,-0.004738472434314731,-0.004690674327780978,-0.004306715653111579,0.005809204748169059,0.001999697475056075,-0.004934570181258116,-0.009184152536455811,0.0,-0.00504820748138735,-0.006877563452201898,0.005995893171507842,-0.00602941576744053,1,0.001995553018654641,-0.004055063192448193,-0.010149041997916202,0.009393276016385892,-0.006290965250428329,0.007867880943812862,-0.005494695480645849,-0.002066875058626925,-0.002267382764654451,0.0019661035390866432,0.007979651380615542,0.00798695371792094,0.007441677217322259,0.009958669344383915,-0.008770149850015447,0.005999971980909008,-0.003998054282851954,0.005990149277912379,-0.0036937049134141793,-0.0035922993708557617,-0.007100135776272721,0.009198324155729423,0.005551860918134291,-0.00477616717438601,0.001931310583965519,0.00988246083149163,0.005631654651622256,0.009958490982963777,-0.004579501686185785,-0.011142525965441947,0.01185021943559392,0.007999959027524574,0.007890106429863025,-0.008268984541722571,0.01186001258181929,0.0019352612551865624,-0.005908677232322095,0.0039921269162198295,-0.003020268561007459,0.009997221215824173,0.0019666016016328604,-0.00317979025541052,0.009811350816226461,-0.006568097825454849,-0.008588438448269063,0.01399013828018724,-0.005116797072521963,-0.004059496390550192,0.011763417012592078,0.01114840555266102,0.0,0.01171361837912823,-0.0010572119212754504,0.003969886646095247,0.00790942510447883,0.0019457053157315553,0.007996829990674928,0.003922305402012258,-0.0028654070534954736,-0.0010676075284892764,-0.0016972082153687452,-0.005694693295410416,-0.002233533791395238,-0.0032851239147910468,0.007984366646616748,-0.006185476706533067,0.007917016039632113,-0.005115981532137646,0.0,-0.008712957581027081,0.005812653885916888,0.007810879381885412,-0.0027960827323842714,-0.006308538550243005,-0.006674759733696768,-0.00524336969758131,0.003926150842053098,0.003997645652915829,0.01183150344668816,0.003985986759475656,0.009778762116269315,-0.0014323130515423454,0.0,agent5,0.6261539962802352
-0.5611659655050295,-0.001939032293748535,-0.0020384759441231487,-0.010321062071159457,-0.007531799920151299,-0.004738472434314731,-0.004690674327780978,-0.004306715653111579,0.005809204748169059,0.001999697475056075,-0.004934570181258116,-0.009184152536455811,0.0,-0.00504820748138735,-0.006877563452201898,0.005995893171507842,-0.00602941576744053,1,0.001995553018654641,-0.004055063192448193,-0.010149041997916202,0.009393276016385892,-0.006290965250428329,0.007867880943812862,-0.005494695480645849,-0.002066875058626925,-0.002267382764654451,0.0019661035390866432,0.007979651380615542,0.00798695371792094,0.007441677217322259,0.009958669344383915,-0.008770149850015447,0.005999971980909008,-0.003998054282851954,0.005990149277912379,-0.0036937049134141793,-0.0035922993708557617,-0.007100135776272721,0.009198324155729423,0.005551860918134291,-0.00477616717438601,0.001931310583965519,0.00988246083149163,0.005631654651622256,0.009958490982963777,-0.004579501686185785,-0.011142525965441947,0.01185021943559392,0.007999959027524574,0.007890106429863025,-0.008268984541722571,0.01186001258181929,0.0019352612551865624,-0.005908677232322095,0.0039921269162198295,-0.003020268561007459,0.009997221215824173,0.0019666016016328604,-0.00317979025541052,0.009811350816226461,-0.006568097825454849,-0.008588438448269063,0.01399013828018724,-0.005116797072521963,-0.004059496390550192,0.011763417012592078,0.01114840555266102,0.0,0.01171361837912823,-0.0010572119212754504,0.003969886646095247,0.00790942510447883,0.0019457053157315553,0.007996829990674928,0.003922305402012258,-0.0028654070534954736,-0.0010676075284892764,-0.0016972082153687452,-0.005694693295410416,-0.002233533791395238,-0.0032851239147910468,0.007984366646616748,-0.006185476706533067,0.007917016039632113,-0.005115981532137646,0.0,-0.008712957581027081,0.005812653885916888,0.007810879381885412,-0.0027960827323842714,-0.006308538550243005,-0.006674759733696768,-0.00524336969758131,0.003926150842053098,0.003997645652915829,0.013803877181306531,0.003985986759475656,0.009778762116269315,-0.0014323130515423454,0.0,agent95,-0.795212702795108
-0.5621757768558457,-0.001939032293748535,-0.0020384759441231487,-0.010321062071159457,-0.007531799920151299,-0.004738472434314731,-0.004690674327780978,-0.004306715653111579,0.005809204748169059,0.001999697475056075,-0.004934570181258116,-0.009184152536455811,0.0,-0.00504820748138735,-0.006877563452201898,0.005995893171507842,-0.00602941576744053,1,0.001995553018654641,-0.004055063192448193,-0.010149041997916202,0.009393276016385892,-0.006290965250428329,0.007867880943812862,-0.005494695480645849,-0.002066875058626925,-0.002267382764654451,0.0019661035390866432,0.007979651380615542,0.00798695371792094,0.007441677217322259,0.009958669344383915,-0.008770149850015447,0.005999971980909008,-0.003998054282851954,0.005990149277912379,-0.0036937049134141793,-0.0035922993708557617,-0.007100135776272721,0.009198324155729423,0.005551860918134291,-0.00477616717438601,0.001931310583965519,0.00988246083149163,0.005631654651622256,0.009958490982963777,-0.004579501686185785,-0.011142525965441947,0.01185021943559392,0.007999959027524574,0.007890106429863025,-0.008268984541722571,0.01186001258181929,0.0019352612551865624,-0.005908677232322095,0.0039921269162198295,-0.003020268561007459,0.009997221215824173,0.0019666016016328604,-0.00317979025541052,0.011773189989252291,-0.006568097825454849,-0.008588438448269063,0.01399013828018724,-0.005116797072521963,-0.004059496390550192,0.011763417012592078,0.01114840555266102,0.0,0.01171361837912823,-0.0010572119212754504,0.003969886646095247,0.00790942510447883,0.0019457053157315553,0.007996829990674928,0.003922305402012258,-0.0028654070534954736,-0.0010676075284892764,-0.0016972082153687452,-0.005694693295410416,-0.002233533791395238,-0.0032851239147910468,0.007984366646616748,-0.006185476706533067,0.007917016039632113,-0.005115981532137646,0.0,-0.008712957581027081,0.005812653885916888,0.007810879381885412,-0.0027960827323842714,-0.006308538550243005,-0.006674759733696768,-0.00524336969758131,0.003926150842053098,0.003997645652915829,0.013803877181306531,0.003985986759475656,0.009778762116269315,-0.0014323130515423454,0.0,agent59,-0.28490222566872453
-0.5631813287167639,-0.001939032293748535,-0.0020384759441231487,-0.010321062071159457,-0.007531799920151299,-0.004738472434314731,-0.004690674327780978,-0.004306715653111579,0.005809204748169059,0.001999697475056075,-0.004934570181258116,-0.009184152536455811,0.0,-0.00504820748138735,-0.006877563452201898,0.005995893171507842,-0.00602941576744053,1,0.001995553018654641,-0.004055063192448193,-0.010149041997916202,0.009393276016385892,-0.006290965250428329,0.007867880943812862,-0.005494695480645849,-0.002066875058626925,-0.002267382764654451,0.0019661035390866432,0.007979651380615542,0.00798695371792094,0.007441677217322259,0.009958669344383915,-0.008770149850015447,0.005999971980909008,-0.003998054282851954,0.005990149277912379,-0.0036937049134141793,-0.0035922993708557617,-0.007100135776272721,0.009198324155729423,0.0074560158929484,-0.00477616717438601,0.001931310583965519,0.00988246083149163,0.005631654651622256,0.009958490982963777,-0.004579501686185785,-0.011142525965441947,0.01185021943559392,0.007999959027524574,0.007890106429863025,-0.008268984541722571,0.01186001258181929,0.0019352612551865624,-0.005908677232322095,0.0039921269162198295,-0.003020268561007459,0.009997221215824173,0.0019666016016328604,-0.00317979025541052,0.011773189989252291,-0.006568097825454849,-0.008588438448269063,0.01399013828018724,-0.005116797072521963,-0.004059496390550192,0.011763417012592078,0.01114840555266102,0.0,0.01171361837912823,-0.0010572119212754504,0.003969886646095247,0.00790942510447883,0.0019457053157315553,0.007996829990674928,0.003922305402012258,-0.0028654070534954736,-0.0010676075284892764,-0.0016972082153687452,-0.005694693295410416,-0.002233533791395238,-0.0032851239147910468,0.007984366646616748,-0.006185476706533067,0.007917016039632113,-0.005115981532137646,0.0,-0.008712957581027081,0.005812653885916888,0.007810879381885412,-0.0027960827323842714,-0.006308538550243005,-0.006674759733696768,-0.00524336969758131,0.003926150842053098,0.003997645652915829,0.013803877181306531,0.003985986759475656,0.009778762116269315,-0.0014323130515423454,0.0,agent39,-1
-0.5641861048839383,-0.001939032293748535,-0.0020384759441231487,-0.010321062071159457,-0.007531799920151299,-0.004738472434314731,-0.004690674327780978,-0.004306715653111579,0.005809204748169059,0.001999697475056075,-0.004934570181258116,-0.009184152536455811,0.0,-0.00504820748138735,-0.006877563452201898,0.005995893171507842,-0.00602941576744053,1,0.001995553018654641,-0.004055063192448193,-0.010149041997916202,0.009393276016385892,-0.006290965250428329,0.007867880943812862,-0.005494695480645849,-0.002066875058626925,-0.002267382764654451,0.0019661035390866432,0.007979651380615542,0.00798695371792094,0.007441677217322259,0.009958669344383915,-0.008770149850015447,0.005999971980909008,-0.003998054282851954,0.005990149277912379,-0.0036937049134141793,-0.0035922993708557617,-0.007100135776272721,0.009198324155729423,0.0074560158929484,-0.006134914808866877,0.001931310583965519,0.00988246083149163,0.005631654651622256,0.009958490982963777,-0.004579501686185785,-0.011142525965441947,0.01185021943559392,0.007999959027524574,0.007890106429863025,-0.008268984541722571,0.01186001258181929,0.0019352612551865624,-0.005908677232322095,0.0039921269162198295,-0.003020268561007459,0.009997221215824173,0.0019666016016328604,-0.00317979025541052,0.011773189989252291,-0.006568097825454849,-0.008588438448269063,0.01399013828018724,-0.005116797072521963,-0.004059496390550192,0.011763417012592078,0.01114840555266102,0.0,0.01171361837912823,-0.0010572119212754504,0.003969886646095247,0.00790942510447883,0.0019457053157315553,0.007996829990674928,0.003922305402012258,-0.0028654070534954736,-0.0010676075284892764,-0.0016972082153687452,-0.005694693295410416,-0.002233533791395238,-0.0032851239147910468,0.007984366646616748,-0.006185476706533067,0.007917016039632113,-0.005115981532137646,0.0,-0.008712957581027081,0.005812653885916888,0.007810879381885412,-0.0027960827323842714,-0.006308538550243005,-0.006674759733696768,-0.00524336969758131,0.003926150842053098,0.003997645652915829,0.013803877181306531,0.003985986759475656,0.009778762116269315,-0.0014323130515423454,0.0,agent40,0.5692959253763444
-0.5651880401451934,-0.001939032293748535,-0.0020384759441231487,-0.010321062071159457,-0.007531799920151299,-0.004738472434314731,-0.004690674327780978,-0.004306715653111579,0.005809204748169059,0.001999697475056075,-0.004934570181258116,-0.009184152536455811,0.0,-0.00504820748138735,-0.006877563452201898,0.005995893171507842,-0.00602941576744053,1,0.001995553018654641,-0.004055063192448193,-0.010149041997916202,0.009393276016385892,-0.006290965250428329,0.007867880943812862,-0.005494695480645849,-0.002066875058626925,-0.002267382764654451,0.0019661035390866432,0.007979651380615542,0.00798695371792094,0.007441677217322259,0.009958669344383915,-0.008770149850015447,0.005999971980909008,-0.003998054282851954,0.005990149277912379,-0.0036937049134141793,-0.0035922993708557617,-0.007100135776272721,0.009198324155729423,0.0074560158929484,-0.006134914808866877,0.001931310583965519,0.00988246083149163,0.005631654651622256,0.009958490982963777,-0.004579501686185785,-0.011142525965441947,0.01185021943559392,0.007999959027524574,0.007890106429863025,-0.008268984541722571,0.01186001258181929,0.0038712539005597854,-0.005908677232322095,0.0039921269162198295,-0.003020268561007459,0.009997221215824173,0.0019666016016328604,-0.00317979025541052,0.011773189989252291,-0.006568097825454849,-0.008588438448269063,0.01399013828018724,-0.005116797072521963,-0.004059496390550192,0.011763417012592078,0.01114840555266102,0.0,0.01171361837912823,-0.0010572119212754504,0.003969886646095247,0.00790942510447883,0.0019457053157315553,0.007996829990674928,0.003922305402012258,-0.0028654070534954736,-0.0010676075284892764,-0.0016972082153687452,-0.005694693295410416,-0.002233533791395238,-0.0032851239147910468,0.007984366646616748,-0.006185476706533067,0.007917016039632113,-0.005115981532137646,0.0,-0.008712957581027081,0.005812653885916888,0.007810879381885412,-0.0027960827323842714,-0.006308538550243005,-0.006674759733696768,-0.00524336969758131,0.003926150842053098,0.003997645652915829,0.013803877181306531,0.003985986759475656,0.009778762116269315,-0.0014323130515423454,0.0,agent52,-0.20639467226773664
-0.5651880401451934,-0.001939032293748535,-0.0020384759441231487,-0.010321062071159457,-0.007531799920151299,-0.004738472434314731,-0.004690674327780978,-0.004306715653111579,0.005809204748169059,0.001999697475056075,-0.004934570181258116,-0.009184152536455811,0.0,-0.00504820748138735,-0.006877563452201898,0.005995893171507842,-0.00602941576744053,1,0.001995553018654641,-0.004055063192448193,-0.010149041997916202,0.009393276016385892,-0.006290965250428329,0.007867880943812862,-0.005494695480645849,-0.002066875058626925,-0.002267382764654451,0.0019661035390866432,0.007979651380615542,0.00798695371792094,0.007441677217322259,0.009958669344383915,-0.008770149850015447,0.005999971980909008,-0.003998054282851954,0.005990149277912379,-0.0036937049134141793,-0.0035922993708557617,-0.007100135776272721,0.009198324155729423,0.0074560158929484,-0.006134914808866877,0.001931310583965519,0.00988246083149163,0.005631654651622256,0.009958490982963777,-0.004579501686185785,-0.011142525965441947,0.01185021943559392,0.007999959027524574,0.007890106429863025,-0.008268984541722571,0.01186001258181929,0.0038712539005597854,-0.005908677232322095,0.0039921269162198295,-0.003020268561007459,0.009997221215824173,0.0019666016016328604,-0.00317979025541052,0.011773189989252291,-0.006568097825454849,-0.008588438448269063,0.01399013828018724,-0.005116797072521963,-0.004059496390550192,0.011763417012592078,0.01114840555266102,0.0,0.01171361837912823,-0.0010572119212754504,0.003969886646095247,0.00790942510447883,0.0019457053157315553,0.007996829990674928,0.003922305402012258,-0.0028654070534954736,-0.0010676075284892764,-0.0016972082153687452,-0.005694693295410416,-0.002233533791395238,-0.0032851239147910468,0.007984366646616748,-0.006185476706533067,0.007917016039632113,-0.005115981532137646,0.0,-0.008712957581027081,0.005812653885916888,0.007810879381885412,-0.0027960827323842714,-0.006308538550243005,-0.006674759733696768,-0.00524336969758131,0.003926150842053098,0.003997645652915829,0.013803877181306531,0.003985986759475656,0.009778762116269315,-0.0014323130515423454,0.0,agent16,-0.5651880401451934
-0.566192099641584,-0.001939032293748535,-0.0020384759441231487,-0.010321062071159457,-0.007531799920151299,-0.004738472434314731,-0.004690674327780978,-0.004306715653111579,0.005809204748169059,0.001999697475056075,-0.004934570181258116,-0.009184152536455811,0.0,-0.00504820748138735,-0.006877563452201898,0.005995893171507842,-0.00602941576744053,1,0.001995553018654641,-0.004055063192448193,-0.010149041997916202,0.009393276016385892,-0.006290965250428329,0.007867880943812862,-0.005494695480645849,-0.002066875058626925,-0.002267382764654451,0.0019661035390866432,0.007979651380615542,0.00798695371792094,0.007441677217322259,0.009958669344383915,-0.008770149850015447,0.005999971980909008,-0.003998054282851954,0.005990149277912379,-0.0036937049134141793,-0.0035922993708557617,-0.007100135776272721,0.009198324155729423,0.0074560158929484,-0.006134914808866877,0.001931310583965519,0.00988246083149163,0.005631654651622256,0.009958490982963777,-0.004579501686185785,-0.011142525965441947,0.01185021943559392,0.007999959027524574,0.007890106429863025,-0.008268984541722571,0.01186001258181929,0.0038712539005597854,-0.005908677232322095,0.0039921269162198295,-0.003020268561007459,0.009997221215824173,0.0019666016016328604,-0.00317979025541052,0.011773189989252291,-0.006568097825454849,-0.008588438448269063,0.01399013828018724,-0.005116797072521963,-0.005080607542341574,0.011763417012592078,0.01114840555266102,0.0,0.01171361837912823,-0.0010572119212754504,0.003969886646095247,0.00790942510447883,0.0019457053157315553,0.007996829990674928,0.003922305402012258,-0.0028654070534954736,-0.0010676075284892764,-0.0016972082153687452,-0.005694693295410416,-0.002233533791395238,-0.0032851239147910468,0.007984366646616748,-0.006185476706533067,0.007917016039632113,-0.005115981532137646,0.0,-0.008712957581027081,0.005812653885916888,0.007810879381885412,-0.0027960827323842714,-0.006308538550243005,-0.006674759733696768,-0.00524336969758131,0.003926150842053098,0.003997645652915829,0.013803877181306531,0.003985986759475656,0.009778762116269315,-0.0014323130515423454,0.0,agent64,0.834018054902007
-0.5671931672491125,-0.001939032293748535,-0.0020384759441231487,-0.010321062071159457,-0.007531799920151299,-0.004738472434314731,-0.004690674327780978,-0.004306715653111579,0.005809204748169059,0.001999697475056075,-0.004934570181258116,-0.009184152536455811,0.0,-0.00504820748138735,-0.006877563452201898,0.005995893171507842,-0.00602941576744053,1,0.001995553018654641,-0.004055063192448193,-0.010149041997916202,0.009393276016385892,-0.006290965250428329,0.007867880943812862,-0.005494695480645849,-0.002066875058626925,-0.002267382764654451,0.0019661035390866432,0.007979651380615542,0.00798695371792094,0.007441677217322259,0.009958669344383915,-0.008770149850015447,0.005999971980909008,-0.003998054282851954,0.005990149277912379,-0.0036937049134141793,-0.0035922993708557617,-0.007100135776272721,0.009198324155729423,0.0074560158929484,-0.006134914808866877,0.001931310583965519,0.00988246083149163,0.005631654651622256,0.009958490982963777,-0.004579501686185785,-0.011142525965441947,0.01185021943559392,0.007999959027524574,0.007890106429863025,-0.008268984541722571,0.01186001258181929,0.0038712539005597854,-0.005908677232322095,0.0039921269162198295,-0.003020268561007459,0.009997221215824173,0.0019666016016328604,-0.00317979025541052,0.011773189989252291,-0.006568097825454849,-0.008588438448269063,0.01399013828018724,-0.005116797072521963,-0.005080607542341574,0.011763417012592078,0.01114840555266102,0.0,0.01171361837912823,-0.0010572119212754504,0.003969886646095247,0.00790942510447883,0.0019457053157315553,0.007996829990674928,0.003922305402012258,-0.0028654070534954736,-0.002045257892955947,-0.0016972082153687452,-0.005694693295410416,-0.002233533791395238,-0.0032851239147910468,0.007984366646616748,-0.006185476706533067,0.007917016039632113,-0.005115981532137646,0.0,-0.008712957581027081,0.005812653885916888,0.007810879381885412,-0.0027960827323842714,-0.006308538550243005,-0.006674759733696768,-0.00524336969758131,0.003926150842053098,0.003997645652915829,0.013803877181306531,0.003985986759475656,0.009778762116269315,-0.0014323130515423454,0.0,agent76,0.8637377136942522
-0.5681951628021311,-0.001939032293748535,-0.0020384759441231487,-0.010321062071159457,-0.007531799920151299,-0.004738472434314731,-0.004690674327780978,-0.004306715653111579,0.005809204748169059,0.001999697475056075,-0.004934570181258116,-0.009184152536455811,0.0,-0.00504820748138735,-0.006877563452201898,0.005995893171507842,-0.00602941576744053,1,0.003990818608045546,-0.004055063192448193,-0.010149041997916202,0.009393276016385892,-0.006290965250428329,0.007867880943812862,-0.005494695480645849,-0.002066875058626925,-0.002267382764654451,0.0019661035390866432,0.007979651380615542,0.00798695371792094,0.007441677217322259,0.009958669344383915,-0.008770149850015447,0.005999971980909008,-0.003998054282851954,0.005990149277912379,-0.0036937049134141793,-0.0035922993708557617,-0.007100135776272721,0.009198324155729423,0.0074560158929484,-0.006134914808866877,0.001931310583965519,0.00988246083149163,0.005631654651622256,0.009958490982963777,-0.004579501686185785,-0.011142525965441947,0.01185021943559392,0.007999959027524574,0.007890106429863025,-0.008268984541722571,0.01186001258181929,0.0038712539005597854,-0.005908677232322095,0.0039921269162198295,-0.003020268561007459,0.009997221215824173,0.0019666016016328604,-0.00317979025541052,0.011773189989252291,-0.006568097825454849,-0.008588438448269063,0.01399013828018724,-0.005116797072521963,-0.005080607542341574,0.011763417012592078,0.01114840555266102,0.0,0.01171361837912823,-0.0010572119212754504,0.003969886646095247,0.00790942510447883,0.0019457053157315553,0.007996829990674928,0.003922305402012258,-0.0028654070534954736,-0.002045257892955947,-0.0016972082153687452,-0.005694693295410416,-0.002233533791395238,-0.0032851239147910468,0.007984366646616748,-0.006185476706533067,0.007917016039632113,-0.005115981532137646,0.0,-0.008712957581027081,0.005812653885916888,0.007810879381885412,-0.0027960827323842714,-0.006308538550243005,-0.006674759733696768,-0.00524336969758131,0.003926150842053098,0.003997645652915829,0.013803877181306531,0.003985986759475656,0.009778762116269315,-0.0014323130515423454,0.0,agent17,-0.6645010354725491
-0.5692026044793485,-0.001939032293748535,-0.0020384759441231487,-0.010321062071159457,-0.007531799920151299,-0.004738472434314731,-0.004690674327780978,-0.004306715653111579,0.005809204748169059,0.001999697475056075,-0.004934570181258116,-0.009184152536455811,0.0,-0.00504820748138735,-0.006877563452201898,0.005995893171507842,-0.00602941576744053,1,0.003990818608045546,-0.004055063192448193,-0.010149041997916202,0.009393276016385892,-0.006290965250428329,0.007867880943812862,-0.005494695480645849,-0.002066875058626925,-0.002267382764654451,0.0019661035390866432,0.007979651380615542,0.00798695371792094,0.00934844950860852,0.009958669344383915,-0.008770149850015447,0.005999971980909008,-0.003998054282851954,0.005990149277912379,-0.0036937049134141793,-0.0035922993708557617,-0.007100135776272721,0.009198324155729423,0.0074560158929484,-0.006134914808866877,0.001931310583965519,0.00988246083149163,0.005631654651622256,0.009958490982963777,-0.004579501686185785,-0.011142525965441947,0.01185021943559392,0.007999959027524574,0.007890106429863025,-0.008268984541722571,0.01186001258181929,0.0038712539005597854,-0.005908677232322095,0.0039921269162198295,-0.003020268561007459,0.009997221215824173,0.0019666016016328604,-0.00317979025541052,0.011773189989252291,-0.006568097825454849,-0.008588438448269063,0.01399013828018724,-0.005116797072521963,-0.005080607542341574,0.011763417012592078,0.01114840555266102,0.0,0.01171361837912823,-0.0010572119212754504,0.003969886646095247,0.00790942510447883,0.0019457053157315553,0.007996829990674928,0.003922305402012258,-0.0028654070534954736,-0.002045257892955947,-0.0016972082153687452,-0.005694693295410416,-0.002233533791395238,-0.0032851239147910468,0.007984366646616748,-0.006185476706533067,0.007917016039632113,-0.005115981532137646,0.0,-0.008712957581027081,0.005812653885916888,0.007810879381885412,-0.0027960827323842714,-0.006308538550243005,-0.006674759733696768,-0.00524336969758131,0.003926150842053098,0.003997645652915829,0.013803877181306531,0.003985986759475656,0.009778762116269315,-0.0014323130515423454,0.0,agent29,-1
-0.5702046429552926,-0.001939032293748535,-0.002807277537170763,-0.010321062071159457,-0.007531799920151299,-0.004738472434314731,-0.004690674327780978,-0.004306715653111579,0.005809204748169059,0.001999697475056075,-0.004934570181258116,-0.009184152536455811,0.0,-0.00504820748138735,-0.006877563452201898,0.005995893171507842,-0.00602941576744053,1,0.003990818608045546,-0.004055063192448193,-0.010149041997916202,0.009393276016385892,-0.006290965250428329,0.007867880943812862,-0.005494695480645849,-0.002066875058626925,-0.002267382764654451,0.0019661035390866432,0.007979651380615542,0.00798695371792094,0.00934844950860852,0.009958669344383915,-0.008770149850015447,0.005999971980909008,-0.003998054282851954,0.005990149277912379,-0.0036937049134141793,-0.0035922993708557617,-0.007100135776272721,0.009198324155729423,0.0074560158929484,-0.006134914808866877,0.001931310583965519,0.00988246083149163,0.005631654651622256,0.009958490982963777,-0.004579501686185785,-0.011142525965441947,0.01185021943559392,0.007999959027524574,0.007890106429863025,-0.008268984541722571,0.01186001258181929,0.0038712539005597854,-0.005908677232322095,0.0039921269162198295,-0.003020268561007459,0.009997221215824173,0.0019666016016328604,-0.00317979025541052,0.011773189989252291,-0.006568097825454849,-0.008588438448269063,0.01399013828018724,-0.005116797072521963,-0.005080607542341574,0.011763417012592078,0.01114840555266102,0.0,0.01171361837912823,-0.0010572119212754504,0.003969886646095247,0.00790942510447883,0.0019457053157315553,0.007996829990674928,0.003922305402012258,-0.0028654070534954736,-0.002045257892955947,-0.0016972082153687452,-0.005694693295410416,-0.002233533791395238,-0.0032851239147910468,0.007984366646616748,-0.006185476706533067,0.007917016039632113,-0.005115981532137646,0.0,-0.008712957581027081,0.005812653885916888,0.007810879381885412,-0.0027960827323842714,-0.006308538550243005,-0.006674759733696768,-0.00524336969758131,0.003926150842053098,0.003997645652915829,0.013803877181306531,0.003985986759475656,0.009778762116269315,-0.0014323130515423454,0.0,agent1,1
-0.571206340163508,-0.001939032293748535,-0.002807277537170763,-0.010321062071159457,-0.007531799920151299,-0.004738472434314731,-0.004690674327780978,-0.004306715653111579,0.005809204748169059,0.001999697475056075,-0.004934570181258116,-0.009184152536455811,0.0,-0.00504820748138735,-0.006877563452201898,0.005995893171507842,-0.00602941576744053,1,0.003990818608045546,-0.004055063192448193,-0.010149041997916202,0.009393276016385892,-0.006290965250428329,0.007867880943812862,-0.005494695480645849,-0.002066875058626925,-0.002267382764654451,0.0019661035390866432,0.007979651380615542,0.00798695371792094,0.00934844950860852,0.009958669344383915,-0.008770149850015447,0.005999971980909008,-0.003998054282851954,0.005990149277912379,-0.0036937049134141793,-0.0035922993708557617,-0.007100135776272721,0.009198324155729423,0.0074560158929484,-0.006134914808866877,0.001931310583965519,0.00988246083149163,0.005631654651622256,0.009958490982963777,-0.004579501686185785,-0.011142525965441947,0.01185021943559392,0.007999959027524574,0.007890106429863025,-0.008268984541722571,0.01186001258181929,0.0038712539005597854,-0.005908677232322095,0.0039921269162198295,-0.003020268561007459,0.009997221215824173,0.0019666016016328604,-0.00317979025541052,0.011773189989252291,-0.006568097825454849,-0.008588438448269063,0.01399013828018724,-0.005116797072521963,-0.005080607542341574,0.011763417012592078,0.01114840555266102,0.0,0.01171361837912823,-0.0010572119212754504,0.003969886646095247,0.00790942510447883,0.0019457053157315553,0.007996829990674928,0.003922305402012258,-0.0028654070534954736,-0.002045257892955947,-0.0024644369049895663,-0.005694693295410416,-0.002233533791395238,-0.0032851239147910468,0.007984366646616748,-0.006185476706533067,0.007917016039632113,-0.005115981532137646,0.0,-0.008712957581027081,0.005812653885916888,0.007810879381885412,-0.0027960827323842714,-0.006308538550243005,-0.006674759733696768,-0.00524336969758131,0.003926150842053098,0.003997645652915829,0.013803877181306531,0.003985986759475656,0.009778762116269315,-0.0014323130515423454,0.0,agent77,1
-0.5722124750783169,-0.001939032293748535,-0.002807277537170763,-0.010321062071159457,-0.007531799920151299,-0.004738472434314731,-0.004690674327780978,-0.004306715653111579,0.005809204748169059,0.001999697475056075,-0.004934570181258116,-0.009184152536455811,0.0,-0.00504820748138735,-0.006877563452201898,0.005995893171507842,-0.00602941576744053,1,0.003990818608045546,-0.004055063192448193,-0.010149041997916202,0.009393276016385892,-0.006290965250428329,0.007867880943812862,-0.005494695480645849,-0.002066875058626925,-0.002267382764654451,0.0019661035390866432,0.007979651380615542,0.00798695371792094,0.00934844950860852,0.009958669344383915,-0.008770149850015447,0.005999971980909008,-0.003998054282851954,0.005990149277912379,-0.0036937049134141793,-0.0035922993708557617,-0.007100135776272721,0.009198324155729423,0.0074560158929484,-0.007475354419601976,0.001931310583965519,0.00988246083149163,0.005631654651622256,0.009958490982963777,-0.004579501686185785,-0.011142525965441947,0.01185021943559392,0.007999959027524574,0.007890106429863025,-0.008268984541722571,0.01186001258181929,0.0038712539005597854,-0.005908677232322095,0.0039921269162198295,-0.003020268561007459,0.009997221215824173,0.0019666016016328604,-0.00317979025541052,0.011773189989252291,-0.006568097825454849,-0.008588438448269063,0.01399013828018724,-0.005116797072521963,-0.005080607542341574,0.011763417012592078,0.01114840555266102,0.0,0.01171361837912823,-0.0010572119212754504,0.003969886646095247,0.00790942510447883,0.0019457053157315553,0.007996829990674928,0.003922305402012258,-0.0028654070534954736,-0.002045257892955947,-0.0024644369049895663,-0.005694693295410416,-0.002233533791395238,-0.0032851239147910468,0.007984366646616748,-0.006185476706533067,0.007917016039632113,-0.005115981532137646,0.0,-0.008712957581027081,0.005812653885916888,0.007810879381885412,-0.0027960827323842714,-0.006308538550243005,-0.006674759733696768,-0.00524336969758131,0.003926150842053098,0.003997645652915829,0.013803877181306531,0.003985986759475656,0.009778762116269315,-0.0014323130515423454,0.0,agent40,0.577323493375788
-0.573219352641769,-0.001939032293748535,-0.002807277537170763,-0.010321062071159457,-0.007531799920151299,-0.004738472434314731,-0.004690674327780978,-0.004306715653111579,0.005809204748169059,0.001999697475056075,-0.004934570181258116,-0.009184152536455811,0.0,-0.00504820748138735,-0.008327432870141562,0.005995893171507842,-0.00602941576744053,1,0.003990818608045546,-0.004055063192448193,-0.010149041997916202,0.009393276016385892,-0.006290965250428329,0.007867880943812862,-0.005494695480645849,-0.002066875058626925,-0.002267382764654451,0.0019661035390866432,0.007979651380615542,0.00798695371792094,0.00934844950860852,0.009958669344383915,-0.008770149850015447,0.005999971980909008,-0.003998054282851954,0.005990149277912379,-0.0036937049134141793,-0.0035922993708557617,-0.007100135776272721,0.009198324155729423,0.0074560158929484,-0.007475354419601976,0.001931310583965519,0.00988246083149163,0.005631654651622256,0.009958490982963777,-0.004579501686185785,-0.011142525965441947,0.01185021943559392,0.007999959027524574,0.007890106429863025,-0.008268984541722571,0.01186001258181929,0.0038712539005597854,-0.005908677232322095,0.0039921269162198295,-0.003020268561007459,0.009997221215824173,0.0019666016016328604,-0.00317979025541052,0.011773189989252291,-0.006568097825454849,-0.008588438448269063,0.01399013828018724,-0.005116797072521963,-0.005080607542341574,0.011763417012592078,0.01114840555266102,0.0,0.01171361837912823,-0.0010572119212754504,0.003969886646095247,0.00790942510447883,0.0019457053157315553,0.007996829990674928,0.003922305402012258,-0.0028654070534954736,-0.002045257892955947,-0.0024644369049895663,-0.005694693295410416,-0.002233533791395238,-0.0032851239147910468,0.007984366646616748,-0.006185476706533067,0.007917016039632113,-0.005115981532137646,0.0,-0.008712957581027081,0.005812653885916888,0.007810879381885412,-0.0027960827323842714,-0.006308538550243005,-0.006674759733696768,-0.00524336969758131,0.003926150842053098,0.003997645652915829,0.013803877181306531,0.003985986759475656,0.009778762116269315,-0.0014323130515423454,0.0,agent13,0.4767208708120081
-0.5742311258317583,-0.001939032293748535,-0.002807277537170763,-0.010321062071159457,-0.007531799920151299,-0.004738472434314731,-0.004690674327780978,-0.004306715653111579,0.005809204748169059,0.001999697475056075,-0.004934570181258116,-0.009184152536455811,0.0,-0.00504820748138735,-0.008327432870141562,0.005995893171507842,-0.00602941576744053,1,0.003990818608045546,-0.004055063192448193,-0.010149041997916202,0.009393276016385892,-0.006290965250428329,0.007867880943812862,-0.005494695480645849,-0.002066875058626925,-0.002267382764654451,0.0019661035390866432,0.007979651380615542,0.00798695371792094,0.00934844950860852,0.009958669344383915,-0.008770149850015447,0.005999971980909008,-0.003998054282851954,0.005990149277912379,-0.0036937049134141793,-0.0035922993708557617,-0.007100135776272721,0.009198324155729423,0.0074560158929484,-0.007475354419601976,0.001931310583965519,0.00988246083149163,0.005631654651622256,0.009958490982963777,-0.004579501686185785,-0.011142525965441947,0.01185021943559392,0.007999959027524574,0.007890106429863025,-0.008268984541722571,0.01186001258181929,0.0038712539005597854,-0.005908677232322095,0.0039921269162198295,-0.003020268561007459,0.009997221215824173,0.0019666016016328604,-0.00317979025541052,0.013735029044616506,-0.006568097825454849,-0.008588438448269063,0.01399013828018724,-0.005116797072521963,-0.005080607542341574,0.011763417012592078,0.01114840555266102,0.0,0.01171361837912823,-0.0010572119212754504,0.003969886646095247,0.00790942510447883,0.0019457053157315553,0.007996829990674928,0.003922305402012258,-0.0028654070534954736,-0.002045257892955947,-0.0024644369049895663,-0.005694693295410416,-0.002233533791395238,-0.0032851239147910468,0.007984366646616748,-0.006185476706533067,0.007917016039632113,-0.005115981532137646,0.0,-0.008712957581027081,0.005812653885916888,0.007810879381885412,-0.0027960827323842714,-0.006308538550243005,-0.006674759733696768,-0.00524336969758131,0.003926150842053098,0.003997645652915829,0.013803877181306531,0.003985986759475656,0.009778762116269315,-0.0014323130515423454,0.0,agent59,-0.29695518690257916
-0.5752391226617489,-0.001939032293748535,-0.002807277537170763,-0.010321062071159457,-0.007531799920151299,-0.004738472434314731,-0.004690674327780978,-0.004306715653111579,0.005809204748169059,0.001999697475056075,-0.004934570181258116,-0.009184152536455811,0.0,-0.00504820748138735,-0.008327432870141562,0.005995893171507842,-0.00602941576744053,1,0.003990818608045546,-0.004055063192448193,-0.010149041997916202,0.009393276016385892,-0.006290965250428329,0.007867880943812862,-0.005494695480645849,-0.002066875058626925,-0.002267382764654451,0.0019661035390866432,0.007979651380615542,0.00798695371792094,0.00934844950860852,0.009958669344383915,-0.008770149850015447,0.005999971980909008,-0.003998054282851954,0.005990149277912379,-0.0036937049134141793,-0.0035922993708557617,-0.007100135776272721,0.009198324155729423,0.0074560158929484,-0.007475354419601976,0.001931310583965519,0.00988246083149163,0.005631654651622256,0.009958490982963777,-0.004579501686185785,-0.011142525965441947,0.01185021943559392,0.007999959027524574,0.007890106429863025,-0.008268984541722571,0.01186001258181929,0.0038712539005597854,-0.005908677232322095,0.0039921269162198295,-0.003020268561007459,0.009997221215824173,0.0019666016016328604,-0.00317979025541052,0.013735029044616506,-0.006568097825454849,-0.008588438448269063,0.01399013828018724,-0.005116797072521963,-0.005080607542341574,0.011763417012592078,0.01114840555266102,0.0,0.01171361837912823,-0.0010572119212754504,0.003969886646095247,0.00790942510447883,0.0019457053157315553,0.009996028021793897,0.003922305402012258,-0.0028654070534954736,-0.002045257892955947,-0.0024644369049895663,-0.005694693295410416,-0.002233533791395238,-0.0032851239147910468,0.007984366646616748,-0.006185476706533067,0.007917016039632113,-0.005115981532137646,0.0,-0.008712957581027081,0.005812653885916888,0.007810879381885412,-0.0027960827323842714,-0.006308538550243005,-0.006674759733696768,-0.00524336969758131,0.003926150842053098,0.003997645652915829,0.013803877181306531,0.003985986759475656,0.009778762116269315,-0.0014323130515423454,0.0,agent73,-0.6142803176096359
-0.57624214293031,-0.001939032293748535,-0.002807277537170763,-0.010321062071159457,-0.007531799920151299,-0.004738472434314731,-0.004690674327780978,-0.004306715653111579,0.005809204748169059,0.001999697475056075,-0.004934570181258116,-0.009184152536455811,0.0,-0.00504820748138735,-0.008327432870141562,0.005995893171507842,-0.00602941576744053,1,0.003990818608045546,-0.004055063192448193,-0.010149041997916202,0.009393276016385892,-0.006290965250428329,0.007867880943812862,-0.005494695480645849,-0.002066875058626925,-0.002267382764654451,0.0019661035390866432,0.007979651380615542,0.00798695371792094,0.00934844950860852,0.009958669344383915,-0.008770149850015447,0.005999971980909008,-0.003998054282851954,0.005990149277912379,-0.0036937049134141793,-0.0035922993708557617,-0.007100135776272721,0.009198324155729423,0.0074560158929484,-0.007475354419601976,0.001931310583965519,0.00988246083149163,0.005631654651622256,0.009958490982963777,-0.004579501686185785,-0.011142525965441947,0.01185021943559392,0.007999959027524574,0.007890106429863025,-0.008268984541722571,0.01186001258181929,0.0038712539005597854,-0.005908677232322095,0.0039921269162198295,-0.004120996981371052,0.009997221215824173,0.0019666016016328604,-0.00317979025541052,0.013735029044616506,-0.006568097825454849,-0.008588438448269063,0.01399013828018724,-0.005116797072521963,-0.005080607542341574,0.011763417012592078,0.01114840555266102,0.0,0.01171361837912823,-0.0010572119212754504,0.003969886646095247,0.00790942510447883,0.0019457053157315553,0.009996028021793897,0.003922305402012258,-0.0028654070534954736,-0.002045257892955947,-0.0024644369049895663,-0.005694693295410416,-0.002233533791395238,-0.0032851239147910468,0.007984366646616748,-0.006185476706533067,0.007917016039632113,-0.005115981532137646,0.0,-0.008712957581027081,0.005812653885916888,0.007810879381885412,-0.0027960827323842714,-0.006308538550243005,-0.006674759733696768,-0.00524336969758131,0.003926150842053098,0.003997645652915829,0.013803877181306531,0.003985986759475656,0.009778762116269315,-0.0014323130515423454,0.0,agent55,0.7658586214541725
-0.5772519216924262,-0.001939032293748535,-0.002807277537170763,-0.010321062071159457,-0.007531799920151299,-0.004738472434314731,-0.004690674327780978,-0.004306715653111579,0.005809204748169059,0.001999697475056075,-0.004934570181258116,-0.009184152536455811,0.0,-0.00504820748138735,-0.008327432870141562,0.005995893171507842,-0.00602941576744053,1,0.003990818608045546,-0.004055063192448193,-0.010149041997916202,0.009393276016385892,-0.006290965250428329,0.007867880943812862,-0.005494695480645849,-0.002066875058626925,-0.002267382764654451,0.0019661035390866432,0.007979651380615542,0.00798695371792094,0.00934844950860852,0.009958669344383915,-0.008770149850015447,0.005999971980909008,-0.003998054282851954,0.005990149277912379,-0.0036937049134141793,-0.0035922993708557617,-0.007100135776272721,0.009198324155729423,0.0074560158929484,-0.007475354419601976,0.001931310583965519,0.00988246083149163,0.005631654651622256,0.009958490982963777,-0.004579501686185785,-0.011142525965441947,0.01185021943559392,0.007999959027524574,0.007890106429863025,-0.008268984541722571,0.01186001258181929,0.0038712539005597854,-0.005908677232322095,0.0039921269162198295,-0.004120996981371052,0.009997221215824173,0.0019666016016328604,-0.00317979025541052,0.013735029044616506,-0.006568097825454849,-0.008588438448269063,0.01399013828018724,-0.005116797072521963,-0.005080607542341574,0.011763417012592078,0.01114840555266102,0.0,0.01171361837912823,-0.0010572119212754504,0.003969886646095247,0.00790942510447883,0.0019457053157315553,0.009996028021793897,0.003922305402012258,-0.0028654070534954736,-0.002045257892955947,-0.0024644369049895663,-0.005694693295410416,-0.002233533791395238,-0.0032851239147910468,0.007984366646616748,-0.006185476706533067,0.007917016039632113,-0.005115981532137646,0.0,-0.008712957581027081,0.005812653885916888,0.007810879381885412,-0.0027960827323842714,-0.006308538550243005,-0.006674759733696768,-0.00524336969758131,0.003926150842053098,0.003997645652915829,0.013803877181306531,0.003985986759475656,0.011734730197091219,-0.0014323130515423454,0.0,agent97,-0.872997662434485
-0.5782579118417042,-0.001939032293748535,-0.002807277537170763,-0.010321062071159457,-0.007531799920151299,-0.004738472434314731,-0.004690674327780978,-0.004306715653111579,0.005809204748169059,0.001999697475056075,-0.004934570181258116,-0.009184152536455811,0.0,-0.00504820748138735,-0.008327432870141562,0.005995893171507842,-0.00602941576744053,1,0.003990818608045546,-0.004055063192448193,-0.010149041997916202,0.009393276016385892,-0.006290965250428329,0.007867880943812862,-0.005494695480645849,-0.002066875058626925,-0.002267382764654451,0.0019661035390866432,0.007979651380615542,0.00798695371792094,0.00934844950860852,0.009958669344383915,-0.008770149850015447,0.005999971980909008,-0.003998054282851954,0.007986758799561684,-0.0036937049134141793,-0.0035922993708557617,-0.007100135776272721,0.009198324155729423,0.0074560158929484,-0.007475354419601976,0.001931310583965519,0.00988246083149163,0.005631654651622256,0.009958490982963777,-0.004579501686185785,-0.011142525965441947,0.01185021943559392,0.007999959027524574,0.007890106429863025,-0.008268984541722571,0.01186001258181929,0.0038712539005597854,-0.005908677232322095,0.0039921269162198295,-0.004120996981371052,0.009997221215824173,0.0019666016016328604,-0.00317979025541052,0.013735029044616506,-0.006568097825454849,-0.008588438448269063,0.01399013828018724,-0.005116797072521963,-0.005080607542341574,0.011763417012592078,0.01114840555266102,0.0,0.01171361837912823,-0.0010572119212754504,0.003969886646095247,0.00790942510447883,0.0019457053157315553,0.009996028021793897,0.003922305402012258,-0.0028654070534954736,-0.002045257892955947,-0.0024644369049895663,-0.005694693295410416,-0.002233533791395238,-0.0032851239147910468,0.007984366646616748,-0.006185476706533067,0.007917016039632113,-0.005115981532137646,0.0,-0.008712957581027081,0.005812653885916888,0.007810879381885412,-0.0027960827323842714,-0.006308538550243005,-0.006674759733696768,-0.00524336969758131,0.003926150842053098,0.003997645652915829,0.013803877181306531,0.003985986759475656,0.011734730197091219,-0.0014323130515423454,0.0,agent34,-0.6595984862922327
-0.5792598575470199,-0.001939032293748535,-0.002807277537170763,-0.010321062071159457,-0.007531799920151299,-0.004738472434314731,-0.004690674327780978,-0.004306715653111579,0.005809204748169059,0.001999697475056075,-0.004934570181258116,-0.009184152536455811,0.0,-0.00504820748138735,-0.008327432870141562,0.005995893171507842,-0.00602941576744053,1,0.003990818608045546,-0.004055063192448193,-0.010149041997916202,0.009393276016385892,-0.006290965250428329,0.007867880943812862,-0.005494695480645849,-0.002066875058626925,-0.002267382764654451,0.0019661035390866432,0.007979651380615542,0.00798695371792094,0.00934844950860852,0.009958669344383915,-0.008770149850015447,0.005999971980909008,-0.003998054282851954,0.007986758799561684,-0.0036937049134141793,-0.0035922993708557617,-0.007100135776272721,0.009198324155729423,0.0074560158929484,-0.007475354419601976,0.001931310583965519,0.00988246083149163,0.005631654651622256,0.009958490982963777,-0.004579501686185785,-0.011142525965441947,0.01185021943559392,0.007999959027524574,0.007890106429863025,-0.008268984541722571,0.01186001258181929,0.0038712539005597854,-0.005908677232322095,0.0039921269162198295,-0.004120996981371052,0.009997221215824173,0.0019666016016328604,-0.00317979025541052,0.013735029044616506,-0.006568097825454849,-0.008588438448269063,0.01399013828018724,-0.005116797072521963,-0.005080607542341574,0.011763417012592078,0.01114840555266102,0.0,0.01171361837912823,-0.0010572119212754504,0.003969886646095247,0.00790942510447883,0.003892750672690288,0.009996028021793897,0.003922305402012258,-0.0028654070534954736,-0.002045257892955947,-0.0024644369049895663,-0.005694693295410416,-0.002233533791395238,-0.0032851239147910468,0.007984366646616748,-0.006185476706533067,0.007917016039632113,-0.005115981532137646,0.0,-0.008712957581027081,0.005812653885916888,0.007810879381885412,-0.0027960827323842714,-0.006308538550243005,-0.006674759733696768,-0.00524336969758131,0.003926150842053098,0.003997645652915829,0.013803877181306531,0.003985986759475656,0.011734730197091219,-0.0014323130515423454,0.0,agent72,-0.25282084252947173
-0.5802678575060475,-0.001939032293748535,-0.002807277537170763,-0.010321062071159457,-0.007531799920151299,-0.004738472434314731,-0.004690674327780978,-0.004306715653111579,0.005809204748169059,0.001999697475056075,-0.004934570181258116,-0.009184152536455811,0.0,-0.00504820748138735,-0.008327432870141562,0.005995893171507842,-0.00602941576744053,1,0.003990818608045546,-0.004055063192448193,-0.010149041997916202,0.009393276016385892,-0.006290965250428329,0.007867880943812862,-0.005494695480645849,-0.002066875058626925,-0.002267382764654451,0.0019661035390866432,0.007979651380615542,0.00798695371792094,0.00934844950860852,0.009958669344383915,-0.008770149850015447,0.005999971980909008,-0.003998054282851954,0.007986758799561684,-0.0036937049134141793,-0.0035922993708557617,-0.007100135776272721,0.009198324155729423,0.0074560158929484,-0.007475354419601976,0.001931310583965519,0.00988246083149163,0.005631654651622256,0.009958490982963777,-0.004579501686185785,-0.011142525965441947,0.01185021943559392,0.009999949984346923,0.007890106429863025,-0.008268984541722571,0.01186001258181929,0.0038712539005597854,-0.005908677232322095,0.0039921269162198295,-0.004120996981371052,0.009997221215824173,0.0019666016016328604,-0.00317979025541052,0.013735029044616506,-0.006568097825454849,-0.008588438448269063,0.01399013828018724,-0.005116797072521963,-0.005080607542341574,0.011763417012592078,0.01114840555266102,0.0,0.01171361837912823,-0.0010572119212754504,0.003969886646095247,0.00790942510447883,0.003892750672690288,0.009996028021793897,0.003922305402012258,-0.0028654070534954736,-0.002045257892955947,-0.0024644369049895663,-0.005694693295410416,-0.002233533791395238,-0.0032851239147910468,0.007984366646616748,-0.006185476706533067,0.007917016039632113,-0.005115981532137646,0.0,-0.008712957581027081,0.005812653885916888,0.007810879381885412,-0.0027960827323842714,-0.006308538550243005,-0.006674759733696768,-0.00524336969758131,0.003926150842053098,0.003997645652915829,0.013803877181306531,0.003985986759475656,0.011734730197091219,-0.0014323130515423454,0.0,agent48,-0.5750070519667853
-0.5812718555603303,-0.001939032293748535,-0.002807277537170763,-0.010321062071159457,-0.007531799920151299,-0.004738472434314731,-0.004690674327780978,-0.004306715653111579,0.005809204748169059,0.001999697475056075,-0.004934570181258116,-0.009184152536455811,0.0,-0.00504820748138735,-0.008327432870141562,0.005995893171507842,-0.00602941576744053,1,0.003990818608045546,-0.004055063192448193,-0.010149041997916202,0.009393276016385892,-0.006290965250428329,0.007867880943812862,-0.005494695480645849,-0.002066875058626925,-0.002267382764654451,0.0019661035390866432,0.007979651380615542,0.00798695371792094,0.00934844950860852,0.009958669344383915,-0.008770149850015447,0.005999971980909008,-0.004749431032118577,0.007986758799561684,-0.0036937049134141793,-0.0035922993708557617,-0.007100135776272721,0.009198324155729423,0.0074560158929484,-0.007475354419601976,0.001931310583965519,0.00988246083149163,0.005631654651622256,0.009958490982963777,-0.004579501686185785,-0.011142525965441947,0.01185021943559392,0.009999949984346923,0.007890106429863025,-0.008268984541722571,0.01186001258181929,0.0038712539005597854,-0.005908677232322095,0.0039921269162198295,-0.004120996981371052,0.009997221215824173,0.0019666016016328604,-0.00317979025541052,0.013735029044616506,-0.006568097825454849,-0.008588438448269063,0.01399013828018724,-0.005116797072521963,-0.005080607542341574,0.011763417012592078,0.01114840555266102,0.0,0.01171361837912823,-0.0010572119212754504,0.003969886646095247,0.00790942510447883,0.003892750672690288,0.009996028021793897,0.003922305402012258,-0.0028654070534954736,-0.002045257892955947,-0.0024644369049895663,-0.005694693295410416,-0.002233533791395238,-0.0032851239147910468,0.007984366646616748,-0.006185476706533067,0.007917016039632113,-0.005115981532137646,0.0,-0.008712957581027081,0.005812653885916888,0.007810879381885412,-0.0027960827323842714,-0.006308538550243005,-0.006674759733696768,-0.00524336969758131,0.003926150842053098,0.003997645652915829,0.013803877181306531,0.003985986759475656,0.011734730197091219,-0.0014323130515423454,0.0,agent33,1
-0.5822818142296747,-0.001939032293748535,-0.002807277537170763,-0.010321062071159457,-0.007531799920151299,-0.004738472434314731,-0.004690674327780978,-0.004306715653111579,0.005809204748169059,0.001999697475056075,-0.004934570181258116,-0.009184152536455811,0.0,-0.00504820748138735,-0.008327432870141562,0.005995893171507842,-0.00602941576744053,1,0.003990818608045546,-0.004055063192448193,-0.010149041997916202,0.009393276016385892,-0.006290965250428329,0.007867880943812862,-0.005494695480645849,-0.002066875058626925,-0.002267382764654451,0.0019661035390866432,0.007979651380615542,0.00798695371792094,0.00934844950860852,0.011950460621664825,-0.008770149850015447,0.005999971980909008,-0.004749431032118577,0.007986758799561684,-0.0036937049134141793,-0.0035922993708557617,-0.007100135776272721,0.009198324155729423,0.0074560158929484,-0.007475354419601976,0.001931310583965519,0.00988246083149163,0.005631654651622256,0.009958490982963777,-0.004579501686185785,-0.011142525965441947,0.01185021943559392,0.009999949984346923,0.007890106429863025,-0.008268984541722571,0.01186001258181929,0.0038712539005597854,-0.005908677232322095,0.0039921269162198295,-0.004120996981371052,0.009997221215824173,0.0019666016016328604,-0.00317979025541052,0.013735029044616506,-0.006568097825454849,-0.008588438448269063,0.01399013828018724,-0.005116797072521963,-0.005080607542341574,0.011763417012592078,0.01114840555266102,0.0,0.01171361837912823,-0.0010572119212754504,0.003969886646095247,0.00790942510447883,0.003892750672690288,0.009996028021793897,0.003922305402012258,-0.0028654070534954736,-0.002045257892955947,-0.0024644369049895663,-0.005694693295410416,-0.002233533791395238,-0.0032851239147910468,0.007984366646616748,-0.006185476706533067,0.007917016039632113,-0.005115981532137646,0.0,-0.008712957581027081,0.005812653885916888,0.007810879381885412,-0.0027960827323842714,-0.006308538550243005,-0.006674759733696768,-0.00524336969758131,0.003926150842053098,0.003997645652915829,0.013803877181306531,0.003985986759475656,0.011734730197091219,-0.0014323130515423454,0.0,agent30,-0.7094024351975882
-0.5832840816124394,-0.001939032293748535,-0.002807277537170763,-0.010321062071159457,-0.007531799920151299,-0.004738472434314731,-0.004690674327780978,-0.004306715653111579,0.005809204748169059,0.001999697475056075,-0.004934570181258116,-0.009184152536455811,0.0,-0.00504820748138735,-0.008327432870141562,0.005995893171507842,-0.00602941576744053,1,0.003990818608045546,-0.004055063192448193,-0.010149041997916202,0.009393276016385892,-0.006290965250428329,0.007867880943812862,-0.005494695480645849,-0.002066875058626925,-0.0030792102718999953,0.0019661035390866432,0.007979651380615542,0.00798695371792094,0.00934844950860852,0.011950460621664825,-0.008770149850015447,0.005999971980909008,-0.004749431032118577,0.007986758799561684,-0.0036937049134141793,-0.0035922993708557617,-0.007100135776272721,0.009198324155729423,0.0074560158929484,-0.007475354419601976,0.001931310583965519,0.00988246083149163,0.005631654651622256,0.009958490982963777,-0.004579501686185785,-0.011142525965441947,0.01185021943559392,0.009999949984346923,0.007890106429863025,-0.008268984541722571,0.01186001258181929,0.0038712539005597854,-0.005908677232322095,0.0039921269162198295,-0.004120996981371052,0.009997221215824173,0.0019666016016328604,-0.00317979025541052,0.013735029044616506,-0.006568097825454849,-0.008588438448269063,0.01399013828018724,-0.005116797072521963,-0.005080607542341574,0.011763417012592078,0.01114840555266102,0.0,0.01171361837912823,-0.0010572119212754504,0.003969886646095247,0.00790942510447883,0.003892750672690288,0.009996028021793897,0.003922305402012258,-0.0028654070534954736,-0.002045257892955947,-0.0024644369049895663,-0.005694693295410416,-0.002233533791395238,-0.0032851239147910468,0.007984366646616748,-0.006185476706533067,0.007917016039632113,-0.005115981532137646,0.0,-0.008712957581027081,0.005812653885916888,0.007810879381885412,-0.0027960827323842714,-0.006308538550243005,-0.006674759733696768,-0.00524336969758131,0.003926150842053098,0.003997645652915829,0.013803877181306531,0.003985986759475656,0.011734730197091219,-0.0014323130515423454,0.0,agent25,0.9592579956710984
-0.5842940788336553,-0.001939032293748535,-0.002807277537170763,-0.010321062071159457,-0.007531799920151299,-0.004738472434314731,-0.004690674327780978,-0.004306715653111579,0.005809204748169059,0.001999697475056075,-0.004934570181258116,-0.009184152536455811,0.0,-0.00504820748138735,-0.008327432870141562,0.005995893171507842,-0.00602941576744053,1,0.003990818608045546,-0.004055063192448193,-0.010149041997916202,0.009393276016385892,-0.006290965250428329,0.007867880943812862,-0.005494695480645849,-0.002066875058626925,-0.0030792102718999953,0.0019661035390866432,0.007979651380615542,0.00798695371792094,0.00934844950860852,0.011950460621664825,-0.008770149850015447,0.005999971980909008,-0.004749431032118577,0.007986758799561684,-0.0036937049134141793,-0.0035922993708557617,-0.007100135776272721,0.009198324155729423,0.0074560158929484,-0.007475354419601976,0.001931310583965519,0.00988246083149163,0.005631654651622256,0.009958490982963777,-0.004579501686185785,-0.011142525965441947,0.01185021943559392,0.009999949984346923,0.007890106429863025,-0.008268984541722571,0.01186001258181929,0.0038712539005597854,-0.005908677232322095,0.0039921269162198295,-0.004120996981371052,0.011996652724109023,0.0019666016016328604,-0.00317979025541052,0.013735029044616506,-0.006568097825454849,-0.008588438448269063,0.01399013828018724,-0.005116797072521963,-0.005080607542341574,0.011763417012592078,0.01114840555266102,0.0,0.01171361837912823,-0.0010572119212754504,0.003969886646095247,0.00790942510447883,0.003892750672690288,0.009996028021793897,0.003922305402012258,-0.0028654070534954736,-0.002045257892955947,-0.0024644369049895663,-0.005694693295410416,-0.002233533791395238,-0.0032851239147910468,0.007984366646616748,-0.006185476706533067,0.007917016039632113,-0.005115981532137646,0.0,-0.008712957581027081,0.005812653885916888,0.007810879381885412,-0.0027960827323842714,-0.006308538550243005,-0.006674759733696768,-0.00524336969758131,0.003926150842053098,0.003997645652915829,0.013803877181306531,0.003985986759475656,0.011734730197091219,-0.0014323130515423454,0.0,agent56,-0.5495648967127139
-0.5853001082494227,-0.001939032293748535,-0.002807277537170763,-0.010321062071159457,-0.007531799920151299,-0.004738472434314731,-0.004690674327780978,-0.004306715653111579,0.005809204748169059,0.001999697475056075,-0.004934570181258116,-0.009184152536455811,0.0,-0.00504820748138735,-0.008327432870141562,0.005995893171507842,-0.00677442190332684,1,0.003990818608045546,-0.004055063192448193,-0.010149041997916202,0.009393276016385892,-0.006290965250428329,0.007867880943812862,-0.005494695480645849,-0.002066875058626925,-0.0030792102718999953,0.0019661035390866432,0.007979651380615542,0.00798695371792094,0.00934844950860852,0.011950460621664825,-0.008770149850015447,0.005999971980909008,-0.004749431032118577,0.007986758799561684,-0.0036937049134141793,-0.0035922993708557617,-0.007100135776272721,0.009198324155729423,0.0074560158929484,-0.007475354419601976,0.001931310583965519,0.00988246083149163,0.005631654651622256,0.009958490982963777,-0.004579501686185785,-0.011142525965441947,0.01185021943559392,0.009999949984346923,0.007890106429863025,-0.008268984541722571,0.01186001258181929,0.0038712539005597854,-0.005908677232322095,0.0039921269162198295,-0.004120996981371052,0.011996652724109023,0.0019666016016328604,-0.00317979025541052,0.013735029044616506,-0.006568097825454849,-0.008588438448269063,0.01399013828018724,-0.005116797072521963,-0.005080607542341574,0.011763417012592078,0.01114840555266102,0.0,0.01171361837912823,-0.0010572119212754504,0.003969886646095247,0.00790942510447883,0.003892750672690288,0.009996028021793897,0.003922305402012258,-0.0028654070534954736,-0.002045257892955947,-0.0024644369049895663,-0.005694693295410416,-0.002233533791395238,-0.0032851239147910468,0.007984366646616748,-0.006185476706533067,0.007917016039632113,-0.005115981532137646,0.0,-0.008712957581027081,0.005812653885916888,0.007810879381885412,-0.0027960827323842714,-0.006308538550243005,-0.006674759733696768,-0.00524336969758131,0.003926150842053098,0.003997645652915829,0.013803877181306531,0.003985986759475656,0.011734730197091219,-0.0014323130515423454,0.0,agent15,1
-0.5863053516191202,-0.001939032293748535,-0.002807277537170763,-0.010321062071159457,-0.007531799920151299,-0.004738472434314731,-0.004690674327780978,-0.004306715653111579,0.005809204748169059,0.001999697475056075,-0.004934570181258116,-0.009184152536455811,0.0,-0.00504820748138735,-0.008327432870141562,0.005995893171507842,-0.00677442190332684,1,0.003990818608045546,-0.004055063192448193,-0.010149041997916202,0.009393276016385892,-0.006290965250428329,0.007867880943812862,-0.005494695480645849,-0.002066875058626925,-0.0030792102718999953,0.0019661035390866432,0.007979651380615542,0.00798695371792094,0.00934844950860852,0.011950460621664825,-0.008770149850015447,0.005999971980909008,-0.004749431032118577,0.007986758799561684,-0.0036937049134141793,-0.0035922993708557617,-0.007100135776272721,0.009198324155729423,0.0074560158929484,-0.007475354419601976,0.001931310583965519,0.00988246083149163,0.005631654651622256,0.009958490982963777,-0.004579501686185785,-0.011142525965441947,0.01185021943559392,0.009999949984346923,0.007890106429863025,-0.008268984541722571,0.01186001258181929,0.0038712539005597854,-0.005908677232322095,0.0039921269162198295,-0.004120996981371052,0.011996652724109023,0.0019666016016328604,-0.00317979025541052,0.013735029044616506,-0.006568097825454849,-0.008588438448269063,0.01399013828018724,-0.005116797072521963,-0.005080607542341574,0.011763417012592078,0.01114840555266102,0.0,0.01171361837912823,-0.0010572119212754504,0.003969886646095247,0.00790942510447883,0.003892750672690288,0.009996028021793897,0.003922305402012258,-0.0028654070534954736,-0.002045257892955947,-0.0024644369049895663,-0.005694693295410416,-0.002233533791395238,-0.0032851239147910468,0.007984366646616748,-0.006185476706533067,0.007917016039632113,-0.005115981532137646,0.0,-0.008712957581027081,0.005812653885916888,0.007810879381885412,-0.0027960827323842714,-0.006308538550243005,-0.006674759733696768,-0.005986781480973494,0.003926150842053098,0.003997645652915829,0.013803877181306531,0.003985986759475656,0.011734730197091219,-0.0014323130515423454,0.0,agent92,1
-0.5873073968770132,-0.001939032293748535,-0.002807277537170763,-0.010321062071159457,-0.007531799920151299,-0.004738472434314731,-0.004690674327780978,-0.004306715653111579,0.005809204748169059,0.001999697475056075,-0.004934570181258116,-0.009184152536455811,0.0,-0.00504820748138735,-0.008327432870141562,0.005995893171507842,-0.00677442190332684,1,0.003990818608045546,-0.004055063192448193,-0.010149041997916202,0.009393276016385892,-0.006290965250428329,0.007867880943812862,-0.005494695480645849,-0.002066875058626925,-0.0030792102718999953,0.0019661035390866432,0.007979651380615542,0.00798695371792094,0.00934844950860852,0.011950460621664825,-0.008770149850015447,0.005999971980909008,-0.004749431032118577,0.007986758799561684,-0.0036937049134141793,-0.0035922993708557617,-0.007100135776272721,0.009198324155729423,0.0074560158929484,-0.007475354419601976,0.001931310583965519,0.00988246083149163,0.005631654651622256,0.009958490982963777,-0.004579501686185785,-0.011142525965441947,0.01185021943559392,0.009999949984346923,0.007890106429863025,-0.008268984541722571,0.01186001258181929,0.0038712539005597854,-0.005908677232322095,0.0039921269162198295,-0.004120996981371052,0.011996652724109023,0.0019666016016328604,-0.00317979025541052,0.013735029044616506,-0.006568097825454849,-0.008588438448269063,0.01399013828018724,-0.005116797072521963,-0.005080607542341574,0.011763417012592078,0.01114840555266102,0.0,0.01171361837912823,-0.0010572119212754504,0.003969886646095247,0.00790942510447883,0.003892750672690288,0.009996028021793897,0.003922305402012258,-0.0028654070534954736,-0.0029660553530880015,-0.0024644369049895663,-0.005694693295410416,-0.002233533791395238,-0.0032851239147910468,0.007984366646616748,-0.006185476706533067,0.007917016039632113,-0.005115981532137646,0.0,-0.008712957581027081,0.005812653885916888,0.007810879381885412,-0.0027960827323842714,-0.006308538550243005,-0.006674759733696768,-0.005986781480973494,0.003926150842053098,0.003997645652915829,0.013803877181306531,0.003985986759475656,0.011734730197091219,-0.0014323130515423454,0.0,agent76,0.8828457909580792
-0.5883173968269975,-0.001939032293748535,-0.002807277537170763,-0.010321062071159457,-0.007531799920151299,-0.004738472434314731,-0.004690674327780978,-0.004306715653111579,0.005809204748169059,0.001999697475056075,-0.004934570181258116,-0.009184152536455811,0.0,-0.00504820748138735,-0.008327432870141562,0.005995893171507842,-0.00677442190332684,1,0.003990818608045546,-0.004055063192448193,-0.010149041997916202,0.009393276016385892,-0.006290965250428329,0.007867880943812862,-0.005494695480645849,-0.002066875058626925,-0.0030792102718999953,0.0019661035390866432,0.007979651380615542,0.00798695371792094,0.00934844950860852,0.011950460621664825,-0.008770149850015447,0.005999971980909008,-0.004749431032118577,0.007986758799561684,-0.0036937049134141793,-0.0035922993708557617,-0.007100135776272721,0.009198324155729423,0.0074560158929484,-0.007475354419601976,0.001931310583965519,0.00988246083149163,0.005631654651622256,0.009958490982963777,-0.004579501686185785,-0.011142525965441947,0.01185021943559392,0.011999936146937736,0.007890106429863025,-0.008268984541722571,0.01186001258181929,0.0038712539005597854,-0.005908677232322095,0.0039921269162198295,-0.004120996981371052,0.011996652724109023,0.0019666016016328604,-0.00317979025541052,0.013735029044616506,-0.006568097825454849,-0.008588438448269063,0.01399013828018724,-0.005116797072521963,-0.005080607542341574,0.011763417012592078,0.01114840555266102,0.0,0.01171361837912823,-0.0010572119212754504,0.003969886646095247,0.00790942510447883,0.003892750672690288,0.009996028021793897,0.003922305402012258,-0.0028654070534954736,-0.0029660553530880015,-0.0024644369049895663,-0.005694693295410416,-0.002233533791395238,-0.0032851239147910468,0.007984366646616748,-0.006185476706533067,0.007917016039632113,-0.005115981532137646,0.0,-0.008712957581027081,0.005812653885916888,0.007810879381885412,-0.0027960827323842714,-0.006308538550243005,-0.006674759733696768,-0.005986781480973494,0.003926150842053098,0.003997645652915829,0.013803877181306531,0.003985986759475656,0.011734730197091219,-0.0014323130515423454,0.0,agent48,-0.5820467107644827
-0.5893236877922479,-0.001939032293748535,-0.002807277537170763,-0.010321062071159457,-0.007531799920151299,-0.004738472434314731,-0.004690674327780978,-0.004306715653111579,0.005809204748169059,0.001999697475056075,-0.004934570181258116,-0.009184152536455811,0.0,-0.00504820748138735,-0.008327432870141562,0.005995893171507842,-0.00677442190332684,1,0.003990818608045546,-0.004055063192448193,-0.010149041997916202,0.009393276016385892,-0.007422313456716878,0.007867880943812862,-0.005494695480645849,-0.002066875058626925,-0.0030792102718999953,0.0019661035390866432,0.007979651380615542,0.00798695371792094,0.00934844950860852,0.011950460621664825,-0.008770149850015447,0.005999971980909008,-0.004749431032118577,0.007986758799561684,-0.0036937049134141793,-0.0035922993708557617,-0.007100135776272721,0.009198324155729423,0.0074560158929484,-0.007475354419601976,0.001931310583965519,0.00988246083149163,0.005631654651622256,0.009958490982963777,-0.004579501686185785,-0.011142525965441947,0.01185021943559392,0.011999936146937736,0.007890106429863025,-0.008268984541722571,0.01186001258181929,0.0038712539005597854,-0.005908677232322095,0.0039921269162198295,-0.004120996981371052,0.011996652724109023,0.0019666016016328604,-0.00317979025541052,0.013735029044616506,-0.006568097825454849,-0.008588438448269063,0.01399013828018724,-0.005116797072521963,-0.005080607542341574,0.011763417012592078,0.01114840555266102,0.0,0.01171361837912823,-0.0010572119212754504,0.003969886646095247,0.00790942510447883,0.003892750672690288,0.009996028021793897,0.003922305402012258,-0.0028654070534954736,-0.0029660553530880015,-0.0024644369049895663,-0.005694693295410416,-0.002233533791395238,-0.0032851239147910468,0.007984366646616748,-0.006185476706533067,0.007917016039632113,-0.005115981532137646,0.0,-0.008712957581027081,0.005812653885916888,0.007810879381885412,-0.0027960827323842714,-0.006308538550243005,-0.006674759733696768,-0.005986781480973494,0.003926150842053098,0.003997645652915829,0.013803877181306531,0.003985986759475656,0.011734730197091219,-0.0014323130515423454,0.0,agent21,0.72975073017665
-0.5903355478048297,-0.001939032293748535,-0.002807277537170763,-0.010321062071159457,-0.007531799920151299,-0.004738472434314731,-0.004690674327780978,-0.004306715653111579,0.005809204748169059,0.001999697475056075,-0.004934570181258116,-0.009184152536455811,0.0,-0.00504820748138735,-0.008327432870141562,0.005995893171507842,-0.00677442190332684,1,0.003990818608045546,-0.004055063192448193,-0.010149041997916202,0.009393276016385892,-0.007422313456716878,0.007867880943812862,-0.005494695480645849,-0.002066875058626925,-0.0030792102718999953,0.0019661035390866432,0.007979651380615542,0.00798695371792094,0.00934844950860852,0.011950460621664825,-0.008770149850015447,0.005999971980909008,-0.004749431032118577,0.007986758799561684,-0.0036937049134141793,-0.0035922993708557617,-0.007100135776272721,0.009198324155729423,0.0074560158929484,-0.007475354419601976,0.001931310583965519,0.00988246083149163,0.005631654651622256,0.009958490982963777,-0.004579501686185785,-0.011142525965441947,0.01185021943559392,0.011999936146937736,0.007890106429863025,-0.008268984541722571,0.013836399874967546,0.0038712539005597854,-0.005908677232322095,0.0039921269162198295,-0.004120996981371052,0.011996652724109023,0.0019666016016328604,-0.00317979025541052,0.013735029044616506,-0.006568097825454849,-0.008588438448269063,0.01399013828018724,-0.005116797072521963,-0.005080607542341574,0.011763417012592078,0.01114840555266102,0.0,0.01171361837912823,-0.0010572119212754504,0.003969886646095247,0.00790942510447883,0.003892750672690288,0.009996028021793897,0.003922305402012258,-0.0028654070534954736,-0.0029660553530880015,-0.0024644369049895663,-0.005694693295410416,-0.002233533791395238,-0.0032851239147910468,0.007984366646616748,-0.006185476706533067,0.007917016039632113,-0.005115981532137646,0.0,-0.008712957581027081,0.005812653885916888,0.007810879381885412,-0.0027960827323842714,-0.006308538550243005,-0.006674759733696768,-0.005986781480973494,0.003926150842053098,0.003997645652915829,0.013803877181306531,0.003985986759475656,0.011734730197091219,-0.0014323130515423454,0.0,agent51,-0.3720095978130399
-0.5913395454504826,-0.001939032293748535,-0.002807277537170763,-0.010321062071159457,-0.007531799920151299,-0.004738472434314731,-0.004690674327780978,-0.004306715653111579,0.005809204748169059,0.001999697475056075,-0.004934570181258116,-0.009184152536455811,0.0,-0.00504820748138735,-0.008327432870141562,0.005995893171507842,-0.00677442190332684,1,0.003990818608045546,-0.004055063192448193,-0.010149041997916202,0.009393276016385892,-0.007422313456716878,0.007867880943812862,-0.005494695480645849,-0.002066875058626925,-0.0030792102718999953,0.0019661035390866432,0.007979651380615542,0.00798695371792094,0.00934844950860852,0.011950460621664825,-0.008770149850015447,0.005999971980909008,-0.004749431032118577,0.007986758799561684,-0.0036937049134141793,-0.0035922993708557617,-0.007100135776272721,0.009198324155729423,0.0074560158929484,-0.007475354419601976,0.001931310583965519,0.00988246083149163,0.005631654651622256,0.009958490982963777,-0.004579501686185785,-0.011142525965441947,0.01185021943559392,0.011999936146937736,0.007890106429863025,-0.008268984541722571,0.013836399874967546,0.0038712539005597854,-0.005908677232322095,0.0039921269162198295,-0.004120996981371052,0.011996652724109023,0.0019666016016328604,-0.00317979025541052,0.013735029044616506,-0.006568097825454849,-0.008588438448269063,0.01399013828018724,-0.005116797072521963,-0.005080607542341574,0.011763417012592078,0.01114840555266102,0.0,0.01171361837912823,-0.0010572119212754504,0.003969886646095247,0.00790942510447883,0.003892750672690288,0.009996028021793897,0.003922305402012258,-0.0028654070534954736,-0.0029660553530880015,-0.0024644369049895663,-0.005694693295410416,-0.002233533791395238,-0.0032851239147910468,0.007984366646616748,-0.006185476706533067,0.007917016039632113,-0.005115981532137646,0.0,-0.008712957581027081,0.005812653885916888,0.007810879381885412,-0.0027960827323842714,-0.006308538550243005,-0.006674759733696768,-0.005986781480973494,0.003926150842053098,0.00599656516320389,0.013803877181306531,0.003985986759475656,0.011734730197091219,-0.0014323130515423454,0.0,agent94,-0.5438492119212933
-0.5923451771051342,-0.001939032293748535,-0.002807277537170763,-0.010321062071159457,-0.007531799920151299,-0.004738472434314731,-0.004690674327780978,-0.004306715653111579,0.005809204748169059,0.001999697475056075,-0.004934570181258116,-0.009184152536455811,0.0,-0.00504820748138735,-0.008327432870141562,0.005995893171507842,-0.00677442190332684,1,0.003990818608045546,-0.004055063192448193,-0.010149041997916202,0.009393276016385892,-0.007422313456716878,0.007867880943812862,-0.005494695480645849,-0.002066875058626925,-0.0030792102718999953,0.0019661035390866432,0.007979651380615542,0.00798695371792094,0.00934844950860852,0.011950460621664825,-0.008770149850015447,0.005999971980909008,-0.004749431032118577,0.007986758799561684,-0.0036937049134141793,-0.0035922993708557617,-0.007100135776272721,0.009198324155729423,0.0074560158929484,-0.007475354419601976,0.001931310583965519,0.00988246083149163,0.0075481529680659475,0.009958490982963777,-0.004579501686185785,-0.011142525965441947,0.01185021943559392,0.011999936146937736,0.007890106429863025,-0.008268984541722571,0.013836399874967546,0.0038712539005597854,-0.005908677232322095,0.0039921269162198295,-0.004120996981371052,0.011996652724109023,0.0019666016016328604,-0.00317979025541052,0.013735029044616506,-0.006568097825454849,-0.008588438448269063,0.01399013828018724,-0.005116797072521963,-0.005080607542341574,0.011763417012592078,0.01114840555266102,0.0,0.01171361837912823,-0.0010572119212754504,0.003969886646095247,0.00790942510447883,0.003892750672690288,0.009996028021793897,0.003922305402012258,-0.0028654070534954736,-0.0029660553530880015,-0.0024644369049895663,-0.005694693295410416,-0.002233533791395238,-0.0032851239147910468,0.007984366646616748,-0.006185476706533067,0.007917016039632113,-0.005115981532137646,0.0,-0.008712957581027081,0.005812653885916888,0.007810879381885412,-0.0027960827323842714,-0.006308538550243005,-0.006674759733696768,-0.005986781480973494,0.003926150842053098,0.00599656516320389,0.013803877181306531,0.003985986759475656,0.011734730197091219,-0.0014323130515423454,0.0,agent43,-1
-0.5933518518648679,-0.001939032293748535,-0.002807277537170763,-0.010321062071159457,-0.007531799920151299,-0.004738472434314731,-0.004690674327780978,-0.004306715653111579,0.005809204748169059,0.001999697475056075,-0.004934570181258116,-0.009184152536455811,0.0,-0.00504820748138735,-0.008327432870141562,0.005995893171507842,-0.00677442190332684,1,0.003990818608045546,-0.004055063192448193,-0.010149041997916202,0.009393276016385892,-0.007422313456716878,0.007867880943812862,-0.005494695480645849,-0.002066875058626925,-0.0030792102718999953,0.0019661035390866432,0.007979651380615542,0.00798695371792094,0.00934844950860852,0.011950460621664825,-0.008770149850015447,0.005999971980909008,-0.004749431032118577,0.007986758799561684,-0.0036937049134141793,-0.0035922993708557617,-0.007100135776272721,0.009198324155729423,0.0074560158929484,-0.007475354419601976,0.001931310583965519,0.00988246083149163,0.0075481529680659475,0.009958490982963777,-0.004579501686185785,-0.011142525965441947,0.01185021943559392,0.011999936146937736,0.007890106429863025,-0.008268984541722571,0.013836399874967546,0.0038712539005597854,-0.005908677232322095,0.0039921269162198295,-0.004120996981371052,0.011996652724109023,0.0019666016016328604,-0.00317979025541052,0.013735029044616506,-0.006568097825454849,-0.008588438448269063,0.01399013828018724,-0.005116797072521963,-0.005080607542341574,0.011763417012592078,0.01114840555266102,0.0,0.01171361837912823,-0.0010572119212754504,0.003969886646095247,0.00790942510447883,0.003892750672690288,0.009996028021793897,0.003922305402012258,-0.0028654070534954736,-0.0029660553530880015,-0.0024644369049895663,-0.005694693295410416,-0.002233533791395238,-0.0032851239147910468,0.007984366646616748,-0.006185476706533067,0.007917016039632113,-0.005115981532137646,0.0,-0.008712957581027081,0.005812653885916888,0.007810879381885412,-0.0027960827323842714,-0.006308538550243005,-0.008075143625727978,-0.005986781480973494,0.003926150842053098,0.00599656516320389,0.013803877181306531,0.003985986759475656,0.011734730197091219,-0.0014323130515423454,0.0,agent91,0.5027494379567704
-0.594362172926939,-0.001939032293748535,-0.002807277537170763,-0.011413243640813368,-0.007531799920151299,-0.004738472434314731,-0.004690674327780978,-0.004306715653111579,0.005809204748169059,0.001999697475056075,-0.004934570181258116,-0.009184152536455811,0.0,-0.00504820748138735,-0.008327432870141562,0.005995893171507842,-0.00677442190332684,1,0.003990818608045546,-0.004055063192448193,-0.010149041997916202,0.009393276016385892,-0.007422313456716878,0.007867880943812862,-0.005494695480645849,-0.002066875058626925,-0.0030792102718999953,0.0019661035390866432,0.007979651380615542,0.00798695371792094,0.00934844950860852,0.011950460621664825,-0.008770149850015447,0.005999971980909008,-0.004749431032118577,0.007986758799561684,-0.0036937049134141793,-0.0035922993708557617,-0.007100135776272721,0.009198324155729423,0.0074560158929484,-0.007475354419601976,0.001931310583965519,0.00988246083149163,0.0075481529680659475,0.009958490982963777,-0.004579501686185785,-0.011142525965441947,0.01185021943559392,0.011999936146937736,0.007890106429863025,-0.008268984541722571,0.013836399874967546,0.0038712539005597854,-0.005908677232322095,0.0039921269162198295,-0.004120996981371052,0.011996652724109023,0.0019666016016328604,-0.00317979025541052,0.013735029044616506,-0.006568097825454849,-0.008588438448269063,0.01399013828018724,-0.005116797072521963,-0.005080607542341574,0.011763417012592078,0.01114840555266102,0.0,0.01171361837912823,-0.0010572119212754504,0.003969886646095247,0.00790942510447883,0.003892750672690288,0.009996028021793897,0.003922305402012258,-0.0028654070534954736,-0.0029660553530880015,-0.0024644369049895663,-0.005694693295410416,-0.002233533791395238,-0.0032851239147910468,0.007984366646616748,-0.006185476706533067,0.007917016039632113,-0.005115981532137646,0.0,-0.008712957581027081,0.005812653885916888,0.007810879381885412,-0.0027960827323842714,-0.006308538550243005,-0.008075143625727978,-0.005986781480973494,0.003926150842053098,0.00599656516320389,0.013803877181306531,0.003985986759475656,0.011734730197091219,-0.0014323130515423454,0.0,agent2,0.754103847107154
-0.5953705003598092,-0.001939032293748535,-0.002807277537170763,-0.011413243640813368,-0.007531799920151299,-0.004738472434314731,-0.004690674327780978,-0.004306715653111579,0.005809204748169059,0.001999697475056075,-0.004934570181258116,-0.009184152536455811,0.0,-0.00504820748138735,-0.009730946183779388,0.005995893171507842,-0.00677442190332684,1,0.003990818608045546,-0.004055063192448193,-0.010149041997916202,0.009393276016385892,-0.007422313456716878,0.007867880943812862,-0.005494695480645849,-0.002066875058626925,-0.0030792102718999953,0.0019661035390866432,0.007979651380615542,0.00798695371792094,0.00934844950860852,0.011950460621664825,-0.008770149850015447,0.005999971980909008,-0.004749431032118577,0.007986758799561684,-0.0036937049134141793,-0.0035922993708557617,-0.007100135776272721,0.009198324155729423,0.0074560158929484,-0.007475354419601976,0.001931310583965519,0.00988246083149163,0.0075481529680659475,0.009958490982963777,-0.004579501686185785,-0.011142525965441947,0.01185021943559392,0.011999936146937736,0.007890106429863025,-0.008268984541722571,0.013836399874967546,0.0038712539005597854,-0.005908677232322095,0.0039921269162198295,-0.004120996981371052,0.011996652724109023,0.0019666016016328604,-0.00317979025541052,0.013735029044616506,-0.006568097825454849,-0.008588438448269063,0.01399013828018724,-0.005116797072521963,-0.005080607542341574,0.011763417012592078,0.01114840555266102,0.0,0.01171361837912823,-0.0010572119212754504,0.003969886646095247,0.00790942510447883,0.003892750672690288,0.009996028021793897,0.003922305402012258,-0.0028654070534954736,-0.0029660553530880015,-0.0024644369049895663,-0.005694693295410416,-0.002233533791395238,-0.0032851239147910468,0.007984366646616748,-0.006185476706533067,0.007917016039632113,-0.005115981532137646,0.0,-0.008712957581027081,0.005812653885916888,0.007810879381885412,-0.0027960827323842714,-0.006308538550243005,-0.008075143625727978,-0.005986781480973494,0.003926150842053098,0.00599656516320389,0.013803877181306531,0.003985986759475656,0.011734730197091219,-0.0014323130515423454,0.0,agent13,0.4978710314412246
-0.5963724393921029,-0.0026664287770393814,-0.002807277537170763,-0.011413243640813368,-0.007531799920151299,-0.004738472434314731,-0.004690674327780978,-0.004306715653111579,0.005809204748169059,0.001999697475056075,-0.004934570181258116,-0.009184152536455811,0.0,-0.00504820748138735,-0.009730946183779388,0.005995893171507842,-0.00677442190332684,1,0.003990818608045546,-0.004055063192448193,-0.010149041997916202,0.009393276016385892,-0.007422313456716878,0.007867880943812862,-0.005494695480645849,-0.002066875058626925,-0.0030792102718999953,0.0019661035390866432,0.007979651380615542,0.00798695371792094,0.00934844950860852,0.011950460621664825,-0.008770149850015447,0.005999971980909008,-0.004749431032118577,0.007986758799561684,-0.0036937049134141793,-0.0035922993708557617,-0.007100135776272721,0.009198324155729423,0.0074560158929484,-0.007475354419601976,0.001931310583965519,0.00988246083149163,0.0075481529680659475,0.009958490982963777,-0.004579501686185785,-0.011142525965441947,0.01185021943559392,0.011999936146937736,0.007890106429863025,-0.008268984541722571,0.013836399874967546,0.0038712539005597854,-0.005908677232322095,0.0039921269162198295,-0.004120996981371052,0.011996652724109023,0.0019666016016328604,-0.00317979025541052,0.013735029044616506,-0.006568097825454849,-0.008588438448269063,0.01399013828018724,-0.005116797072521963,-0.005080607542341574,0.011763417012592078,0.01114840555266102,0.0,0.01171361837912823,-0.0010572119212754504,0.003969886646095247,0.00790942510447883,0.003892750672690288,0.009996028021793897,0.003922305402012258,-0.0028654070534954736,-0.0029660553530880015,-0.0024644369049895663,-0.005694693295410416,-0.002233533791395238,-0.0032851239147910468,0.007984366646616748,-0.006185476706533067,0.007917016039632113,-0.005115981532137646,0.0,-0.008712957581027081,0.005812653885916888,0.007810879381885412,-0.0027960827323842714,-0.006308538550243005,-0.008075143625727978,-0.005986781480973494,0.003926150842053098,0.00599656516320389,0.013803877181306531,0.003985986759475656,0.011734730197091219,-0.0014323130515423454,0.0,agent0,1
-0.597374439089578,-0.0026664287770393814,-0.002807277537170763,-0.011413243640813368,-0.007531799920151299,-0.004738472434314731,-0.004690674327780978,-0.004306715653111579,0.005809204748169059,0.003999288514204764,-0.004934570181258116,-0.009184152536455811,0.0,-0.00504820748138735,-0.009730946183779388,0.005995893171507842,-0.00677442190332684,1,0.003990818608045546,-0.004055063192448193,-0.010149041997916202,0.009393276016385892,-0.007422313456716878,0.007867880943812862,-0.005494695480645849,-0.002066875058626925,-0.0030792102718999953,0.0019661035390866432,0.007979651380615542,0.00798695371792094,0.00934844950860852,0.011950460621664825,-0.008770149850015447,0.005999971980909008,-0.004749431032118577,0.007986758799561684,-0.0036937049134141793,-0.0035922993708557617,-0.007100135776272721,0.009198324155729423,0.0074560158929484,-0.007475354419601976,0.001931310583965519,0.00988246083149163,0.0075481529680659475,0.009958490982963777,-0.004579501686185785,-0.011142525965441947,0.01185021943559392,0.011999936146937736,0.007890106429863025,-0.008268984541722571,0.013836399874967546,0.0038712539005597854,-0.005908677232322095,0.0039921269162198295,-0.004120996981371052,0.011996652724109023,0.0019666016016328604,-0.00317979025541052,0.013735029044616506,-0.006568097825454849,-0.008588438448269063,0.01399013828018724,-0.005116797072521963,-0.005080607542341574,0.011763417012592078,0.01114840555266102,0.0,0.01171361837912823,-0.0010572119212754504,0.003969886646095247,0.00790942510447883,0.003892750672690288,0.009996028021793897,0.003922305402012258,-0.0028654070534954736,-0.0029660553530880015,-0.0024644369049895663,-0.005694693295410416,-0.002233533791395238,-0.0032851239147910468,0.007984366646616748,-0.006185476706533067,0.007917016039632113,-0.005115981532137646,0.0,-0.008712957581027081,0.005812653885916888,0.007810879381885412,-0.0027960827323842714,-0.006308538550243005,-0.008075143625727978,-0.005986781480973494,0.003926150842053098,0.00599656516320389,0.013803877181306531,0.003985986759475656,0.011734730197091219,-0.0014323130515423454,0.0,agent8,-0.6249717698497039
-0.5983825142332038,-0.0026664287770393814,-0.002807277537170763,-0.011413243640813368,-0.007531799920151299,-0.004738472434314731,-0.004690674327780978,-0.004306715653111579,0.005809204748169059,0.003999288514204764,-0.004934570181258116,-0.009184152536455811,0.0,-0.00504820748138735,-0.009730946183779388,0.005995893171507842,-0.00677442190332684,1,0.003990818608045546,-0.004055063192448193,-0.010149041997916202,0.009393276016385892,-0.007422313456716878,0.007867880943812862,-0.005494695480645849,-0.002066875058626925,-0.0030792102718999953,0.0019661035390866432,0.007979651380615542,0.00798695371792094,0.00934844950860852,0.011950460621664825,-0.008770149850015447,0.005999971980909008,-0.004749431032118577,0.007986758799561684,-0.0036937049134141793,-0.0035922993708557617,-0.007100135776272721,0.009198324155729423,0.0074560158929484,-0.007475354419601976,0.001931310583965519,0.00988246083149163,0.0075481529680659475,0.009958490982963777,-0.004579501686185785,-0.011142525965441947,0.01185021943559392,0.011999936146937736,0.007890106429863025,-0.008268984541722571,0.013836399874967546,0.0038712539005597854,-0.005908677232322095,0.0039921269162198295,-0.004120996981371052,0.011996652724109023,0.0019666016016328604,-0.00317979025541052,0.013735029044616506,-0.006568097825454849,-0.008588438448269063,0.01399013828018724,-0.005116797072521963,-0.005080607542341574,0.011763417012592078,0.01114840555266102,0.0,0.01171361837912823,-0.0010572119212754504,0.003969886646095247,0.00790942510447883,0.003892750672690288,0.009996028021793897,0.003922305402012258,-0.0028654070534954736,-0.0029660553530880015,-0.0024644369049895663,-0.005694693295410416,-0.002233533791395238,-0.0032851239147910468,0.007984366646616748,-0.006185476706533067,0.007917016039632113,-0.005115981532137646,0.0,-0.008712957581027081,0.005812653885916888,0.007810879381885412,-0.0027960827323842714,-0.006308538550243005,-0.009465566689554812,-0.005986781480973494,0.003926150842053098,0.00599656516320389,0.013803877181306531,0.003985986759475656,0.011734730197091219,-0.0014323130515423454,0.0,agent91,0.5067785722029381
-0.5993963506330787,-0.0026664287770393814,-0.002807277537170763,-0.011413243640813368,-0.007531799920151299,-0.004738472434314731,-0.004690674327780978,-0.004306715653111579,0.005809204748169059,0.003999288514204764,-0.004934570181258116,-0.009184152536455811,0.0,-0.00504820748138735,-0.009730946183779388,0.005995893171507842,-0.00677442190332684,1,0.003990818608045546,-0.004055063192448193,-0.010149041997916202,0.009393276016385892,-0.007422313456716878,0.007867880943812862,-0.005494695480645849,-0.002066875058626925,-0.0030792102718999953,0.0019661035390866432,0.007979651380615542,0.00798695371792094,0.00934844950860852,0.011950460621664825,-0.008770149850015447,0.005999971980909008,-0.004749431032118577,0.007986758799561684,-0.0036937049134141793,-0.0035922993708557617,-0.007100135776272721,0.009198324155729423,0.0074560158929484,-0.007475354419601976,0.001931310583965519,0.00988246083149163,0.0075481529680659475,0.009958490982963777,-0.004579501686185785,-0.011142525965441947,0.01185021943559392,0.011999936146937736,0.007890106429863025,-0.008268984541722571,0.015812567556168652,0.0038712539005597854,-0.005908677232322095,0.0039921269162198295,-0.004120996981371052,0.011996652724109023,0.0019666016016328604,-0.00317979025541052,0.013735029044616506,-0.006568097825454849,-0.008588438448269063,0.01399013828018724,-0.005116797072521963,-0.005080607542341574,0.011763417012592078,0.01114840555266102,0.0,0.01171361837912823,-0.0010572119212754504,0.003969886646095247,0.00790942510447883,0.003892750672690288,0.009996028021793897,0.003922305402012258,-0.0028654070534954736,-0.0029660553530880015,-0.0024644369049895663,-0.005694693295410416,-0.002233533791395238,-0.0032851239147910468,0.007984366646616748,-0.006185476706533067,0.007917016039632113,-0.005115981532137646,0.0,-0.008712957581027081,0.005812653885916888,0.007810879381885412,-0.0027960827323842714,-0.006308538550243005,-0.009465566689554812,-0.005986781480973494,0.003926150842053098,0.00599656516320389,0.013803877181306531,0.003985986759475656,0.011734730197091219,-0.0014323130515423454,0.0,agent51,-0.38006018922316864
-0.6003993166884318,-0.0026664287770393814,-0.002807277537170763,-0.011413243640813368,-0.007531799920151299,-0.004738472434314731,-0.004690674327780978,-0.004306715653111579,0.005809204748169059,0.003999288514204764,-0.004934570181258116,-0.009184152536455811,0.0,-0.00504820748138735,-0.009730946183779388,0.005995893171507842,-0.00677442190332684,1,0.003990818608045546,-0.004055063192448193,-0.010149041997916202,0.009393276016385892,-0.007422313456716878,0.007867880943812862,-0.005494695480645849,-0.002066875058626925,-0.0030792102718999953,0.0019661035390866432,0.007979651380615542,0.00798695371792094,0.00934844950860852,0.011950460621664825,-0.008770149850015447,0.005999971980909008,-0.004749431032118577,0.007986758799561684,-0.0036937049134141793,-0.0035922993708557617,-0.007100135776272721,0.009198324155729423,0.0074560158929484,-0.007475354419601976,0.001931310583965519,0.00988246083149163,0.0075481529680659475,0.009958490982963777,-0.004579501686185785,-0.011142525965441947,0.01185021943559392,0.011999936146937736,0.007890106429863025,-0.008268984541722571,0.015812567556168652,0.0038712539005597854,-0.005908677232322095,0.0039921269162198295,-0.004120996981371052,0.011996652724109023,0.0019666016016328604,-0.00317979025541052,0.013735029044616506,-0.006568097825454849,-0.008588438448269063,0.01399013828018724,-0.005116797072521963,-0.005080607542341574,0.011763417012592078,0.01114840555266102,0.0,0.01171361837912823,-0.0010572119212754504,0.003969886646095247,0.00790942510447883,0.003892750672690288,0.009996028021793897,0.003922305402012258,-0.0028654070534954736,-0.003849547555969327,-0.0024644369049895663,-0.005694693295410416,-0.002233533791395238,-0.0032851239147910468,0.007984366646616748,-0.006185476706533067,0.007917016039632113,-0.005115981532137646,0.0,-0.008712957581027081,0.005812653885916888,0.007810879381885412,-0.0027960827323842714,-0.006308538550243005,-0.009465566689554812,-0.005986781480973494,0.003926150842053098,0.00599656516320389,0.013803877181306531,0.003985986759475656,0.011734730197091219,-0.0014323130515423454,0.0,agent76,0.8949314561875498
-0.6014058847862572,-0.0026664287770393814,-0.002807277537170763,-0.011413243640813368,-0.007531799920151299,-0.004738472434314731,-0.004690674327780978,-0.004306715653111579,0.005809204748169059,0.003999288514204764,-0.004934570181258116,-0.009184152536455811,0.0,-0.00504820748138735,-0.009730946183779388,0.005995893171507842,-0.00677442190332684,1,0.003990818608045546,-0.004055063192448193,-0.010149041997916202,0.009393276016385892,-0.007422313456716878,0.007867880943812862,-0.005494695480645849,-0.002066875058626925,-0.0030792102718999953,0.0019661035390866432,0.007979651380615542,0.00798695371792094,0.00934844950860852,0.011950460621664825,-0.008770149850015447,0.005999971980909008,-0.004749431032118577,0.007986758799561684,-0.0036937049134141793,-0.0035922993708557617,-0.007100135776272721,0.009198324155729423,0.0074560158929484,-0.007475354419601976,0.001931310583965519,0.00988246083149163,0.0075481529680659475,0.009958490982963777,-0.004579501686185785,-0.011142525965441947,0.01185021943559392,0.011999936146937736,0.007890106429863025,-0.008268984541722571,0.015812567556168652,0.0038712539005597854,-0.005908677232322095,0.0039921269162198295,-0.004120996981371052,0.011996652724109023,0.0019666016016328604,-0.00317979025541052,0.013735029044616506,-0.007682295677241903,-0.008588438448269063,0.01399013828018724,-0.005116797072521963,-0.005080607542341574,0.011763417012592078,0.01114840555266102,0.0,0.01171361837912823,-0.0010572119212754504,0.003969886646095247,0.00790942510447883,0.003892750672690288,0.009996028021793897,0.003922305402012258,-0.0028654070534954736,-0.003849547555969327,-0.0024644369049895663,-0.005694693295410416,-0.002233533791395238,-0.0032851239147910468,0.007984366646616748,-0.006185476706533067,0.007917016039632113,-0.005115981532137646,0.0,-0.008712957581027081,0.005812653885916888,0.007810879381885412,-0.0027960827323842714,-0.006308538550243005,-0.009465566689554812,-0.005986781480973494,0.003926150842053098,0.00599656516320389,0.013803877181306531,0.003985986759475656,0.011734730197091219,-0.0014323130515423454,0.0,agent60,0.7306169478349932
-0.6024101915019103,-0.0026664287770393814,-0.002807277537170763,-0.011413243640813368,-0.007531799920151299,-0.004738472434314731,-0.004690674327780978,-0.005024465249197551,0.005809204748169059,0.003999288514204764,-0.004934570181258116,-0.009184152536455811,0.0,-0.00504820748138735,-0.009730946183779388,0.005995893171507842,-0.00677442190332684,1,0.003990818608045546,-0.004055063192448193,-0.010149041997916202,0.009393276016385892,-0.007422313456716878,0.007867880943812862,-0.005494695480645849,-0.002066875058626925,-0.0030792102718999953,0.0019661035390866432,0.007979651380615542,0.00798695371792094,0.00934844950860852,0.011950460621664825,-0.008770149850015447,0.005999971980909008,-0.004749431032118577,0.007986758799561684,-0.0036937049134141793,-0.0035922993708557617,-0.007100135776272721,0.009198324155729423,0.0074560158929484,-0.007475354419601976,0.001931310583965519,0.00988246083149163,0.0075481529680659475,0.009958490982963777,-0.004579501686185785,-0.011142525965441947,0.01185021943559392,0.011999936146937736,0.007890106429863025,-0.008268984541722571,0.015812567556168652,0.0038712539005597854,-0.005908677232322095,0.0039921269162198295,-0.004120996981371052,0.011996652724109023,0.0019666016016328604,-0.00317979025541052,0.013735029044616506,-0.007682295677241903,-0.008588438448269063,0.01399013828018724,-0.005116797072521963,-0.005080607542341574,0.011763417012592078,0.01114840555266102,0.0,0.01171361837912823,-0.0010572119212754504,0.003969886646095247,0.00790942510447883,0.003892750672690288,0.009996028021793897,0.003922305402012258,-0.0028654070534954736,-0.003849547555969327,-0.0024644369049895663,-0.005694693295410416,-0.002233533791395238,-0.0032851239147910468,0.007984366646616748,-0.006185476706533067,0.007917016039632113,-0.005115981532137646,0.0,-0.008712957581027081,0.005812653885916888,0.007810879381885412,-0.0027960827323842714,-0.006308538550243005,-0.009465566689554812,-0.005986781480973494,0.003926150842053098,0.00599656516320389,0.013803877181306531,0.003985986759475656,0.011734730197091219,-0.0014323130515423454,0.0,agent6,1
-0.6034187799403586,-0.0026664287770393814,-0.002807277537170763,-0.011413243640813368,-0.007531799920151299,-0.004738472434314731,-0.004690674327780978,-0.005024465249197551,0.005809204748169059,0.003999288514204764,-0.004934570181258116,-0.009184152536455811,0.0,-0.00504820748138735,-0.009730946183779388,0.005995893171507842,-0.00677442190332684,1,0.003990818608045546,-0.004055063192448193,-0.010149041997916202,0.009393276016385892,-0.007422313456716878,0.007867880943812862,-0.005494695480645849,-0.002066875058626925,-0.0030792102718999953,0.0019661035390866432,0.007979651380615542,0.00798695371792094,0.00934844950860852,0.011950460621664825,-0.008770149850015447,0.005999971980909008,-0.004749431032118577,0.007986758799561684,-0.0036937049134141793,-0.0035922993708557617,-0.007100135776272721,0.009198324155729423,0.0074560158929484,-0.007475354419601976,0.001931310583965519,0.00988246083149163,0.0075481529680659475,0.009958490982963777,-0.004579501686185785,-0.011142525965441947,0.01185021943559392,0.011999936146937736,0.007890106429863025,-0.008268984541722571,0.015812567556168652,0.0038712539005597854,-0.005908677232322095,0.0039921269162198295,-0.004120996981371052,0.011996652724109023,0.0019666016016328604,-0.00317979025541052,0.013735029044616506,-0.007682295677241903,-0.010019602215367698,0.01399013828018724,-0.005116797072521963,-0.005080607542341574,0.011763417012592078,0.01114840555266102,0.0,0.01171361837912823,-0.0010572119212754504,0.003969886646095247,0.00790942510447883,0.003892750672690288,0.009996028021793897,0.003922305402012258,-0.0028654070534954736,-0.003849547555969327,-0.0024644369049895663,-0.005694693295410416,-0.002233533791395238,-0.0032851239147910468,0.007984366646616748,-0.006185476706533067,0.007917016039632113,-0.005115981532137646,0.0,-0.008712957581027081,0.005812653885916888,0.007810879381885412,-0.0027960827323842714,-0.006308538550243005,-0.009465566689554812,-0.005986781480973494,0.003926150842053098,0.00599656516320389,0.013803877181306531,0.003985986759475656,0.011734730197091219,-0.0014323130515423454,0.0,agent61,0.46420710903410145
-0.6044227792288729,-0.0026664287770393814,-0.002807277537170763,-0.011413243640813368,-0.007531799920151299,-0.004738472434314731,-0.004690674327780978,-0.005024465249197551,0.005809204748169059,0.005998907724917928,-0.004934570181258116,-0.009184152536455811,0.0,-0.00504820748138735,-0.009730946183779388,0.005995893171507842,-0.00677442190332684,1,0.003990818608045546,-0.004055063192448193,-0.010149041997916202,0.009393276016385892,-0.007422313456716878,0.007867880943812862,-0.005494695480645849,-0.002066875058626925,-0.0030792102718999953,0.0019661035390866432,0.007979651380615542,0.00798695371792094,0.00934844950860852,0.011950460621664825,-0.008770149850015447,0.005999971980909008,-0.004749431032118577,0.007986758799561684,-0.0036937049134141793,-0.0035922993708557617,-0.007100135776272721,0.009198324155729423,0.0074560158929484,-0.007475354419601976,0.001931310583965519,0.00988246083149163,0.0075481529680659475,0.009958490982963777,-0.004579501686185785,-0.011142525965441947,0.01185021943559392,0.011999936146937736,0.007890106429863025,-0.008268984541722571,0.015812567556168652,0.0038712539005597854,-0.005908677232322095,0.0039921269162198295,-0.004120996981371052,0.011996652724109023,0.0019666016016328604,-0.00317979025541052,0.013735029044616506,-0.007682295677241903,-0.010019602215367698,0.01399013828018724,-0.005116797072521963,-0.005080607542341574,0.011763417012592078,0.01114840555266102,0.0,0.01171361837912823,-0.0010572119212754504,0.003969886646095247,0.00790942510447883,0.003892750672690288,0.009996028021793897,0.003922305402012258,-0.0028654070534954736,-0.003849547555969327,-0.0024644369049895663,-0.005694693295410416,-0.002233533791395238,-0.0032851239147910468,0.007984366646616748,-0.006185476706533067,0.007917016039632113,-0.005115981532137646,0.0,-0.008712957581027081,0.005812653885916888,0.007810879381885412,-0.0027960827323842714,-0.006308538550243005,-0.009465566689554812,-0.005986781480973494,0.003926150842053098,0.00599656516320389,0.013803877181306531,0.003985986759475656,0.011734730197091219,-0.0014323130515423454,0.0,agent8,-0.6310154930358028
-0.6054326616897043,-0.0026664287770393814,-0.002807277537170763,-0.011413243640813368,-0.007531799920151299,-0.004738472434314731,-0.004690674327780978,-0.005024465249197551,0.005809204748169059,0.005998907724917928,-0.004934570181258116,-0.009184152536455811,0.0,-0.00504820748138735,-0.009730946183779388,0.005995893171507842,-0.00677442190332684,1,0.003990818608045546,-0.004055063192448193,-0.010149041997916202,0.009393276016385892,-0.007422313456716878,0.007867880943812862,-0.005494695480645849,-0.002066875058626925,-0.0030792102718999953,0.0019661035390866432,0.007979651380615542,0.00798695371792094,0.00934844950860852,0.011950460621664825,-0.008770149850015447,0.005999971980909008,-0.004749431032118577,0.007986758799561684,-0.0036937049134141793,-0.0035922993708557617,-0.007100135776272721,0.009198324155729423,0.0074560158929484,-0.007475354419601976,0.001931310583965519,0.011859143180198555,0.0075481529680659475,0.009958490982963777,-0.004579501686185785,-0.011142525965441947,0.01185021943559392,0.011999936146937736,0.007890106429863025,-0.008268984541722571,0.015812567556168652,0.0038712539005597854,-0.005908677232322095,0.0039921269162198295,-0.004120996981371052,0.011996652724109023,0.0019666016016328604,-0.00317979025541052,0.013735029044616506,-0.007682295677241903,-0.010019602215367698,0.01399013828018724,-0.005116797072521963,-0.005080607542341574,0.011763417012592078,0.01114840555266102,0.0,0.01171361837912823,-0.0010572119212754504,0.003969886646095247,0.00790942510447883,0.003892750672690288,0.009996028021793897,0.003922305402012258,-0.0028654070534954736,-0.003849547555969327,-0.0024644369049895663,-0.005694693295410416,-0.002233533791395238,-0.0032851239147910468,0.007984366646616748,-0.006185476706533067,0.007917016039632113,-0.005115981532137646,0.0,-0.008712957581027081,0.005812653885916888,0.007810879381885412,-0.0027960827323842714,-0.006308538550243005,-0.009465566689554812,-0.005986781480973494,0.003926150842053098,0.00599656516320389,0.013803877181306531,0.003985986759475656,0.011734730197091219,-0.0014323130515423454,0.0,agent42,-0.8203748632339847
-0.6064404725690862,-0.0026664287770393814,-0.002807277537170763,-0.011413243640813368,-0.007531799920151299,-0.004738472434314731,-0.004690674327780978,-0.005024465249197551,0.005809204748169059,0.005998907724917928,-0.004934570181258116,-0.009184152536455811,0.0,-0.00504820748138735,-0.009730946183779388,0.005995893171507842,-0.00677442190332684,1,0.003990818608045546,-0.004055063192448193,-0.010149041997916202,0.009393276016385892,-0.007422313456716878,0.007867880943812862,-0.005494695480645849,-0.002066875058626925,-0.0030792102718999953,0.0019661035390866432,0.007979651380615542,0.00798695371792094,0.00934844950860852,0.011950460621664825,-0.008770149850015447,0.005999971980909008,-0.004749431032118577,0.007986758799561684,-0.0036937049134141793,-0.0035922993708557617,-0.007100135776272721,0.009198324155729423,0.0074560158929484,-0.007475354419601976,0.001931310583965519,0.011859143180198555,0.0075481529680659475,0.009958490982963777,-0.004579501686185785,-0.011142525965441947,0.01185021943559392,0.011999936146937736,0.007890106429863025,-0.008268984541722571,0.015812567556168652,0.0038712539005597854,-0.005908677232322095,0.0039921269162198295,-0.004120996981371052,0.011996652724109023,0.0019666016016328604,-0.00317979025541052,0.013735029044616506,-0.007682295677241903,-0.010019602215367698,0.01399013828018724,-0.005116797072521963,-0.005080607542341574,0.011763417012592078,0.01114840555266102,0.0,0.01171361837912823,-0.0010572119212754504,0.003969886646095247,0.00790942510447883,0.003892750672690288,0.009996028021793897,0.003922305402012258,-0.0028654070534954736,-0.003849547555969327,-0.0024644369049895663,-0.005694693295410416,-0.002233533791395238,-0.0032851239147910468,0.007984366646616748,-0.006185476706533067,0.007917016039632113,-0.005115981532137646,0.0,-0.008712957581027081,0.005812653885916888,0.00976363478392067,-0.0027960827323842714,-0.006308538550243005,-0.009465566689554812,-0.005986781480973494,0.003926150842053098,0.00599656516320389,0.013803877181306531,0.003985986759475656,0.011734730197091219,-0.0014323130515423454,0.0,agent88,-0.9128236113441879
-0.6074484522204668,-0.0026664287770393814,-0.002807277537170763,-0.011413243640813368,-0.007531799920151299,-0.004738472434314731,-0.004690674327780978,-0.005024465249197551,0.005809204748169059,0.005998907724917928,-0.004934570181258116,-0.009184152536455811,0.0,-0.00504820748138735,-0.009730946183779388,0.005995893171507842,-0.00677442190332684,1,0.003990818608045546,-0.004055063192448193,-0.010149041997916202,0.009393276016385892,-0.007422313456716878,0.007867880943812862,-0.005494695480645849,-0.002066875058626925,-0.0030792102718999953,0.0019661035390866432,0.009974618250532308,0.00798695371792094,0.00934844950860852,0.011950460621664825,-0.008770149850015447,0.005999971980909008,-0.004749431032118577,0.007986758799561684,-0.0036937049134141793,-0.0035922993708557617,-0.007100135776272721,0.009198324155729423,0.0074560158929484,-0.007475354419601976,0.001931310583965519,0.011859143180198555,0.0075481529680659475,0.009958490982963777,-0.004579501686185785,-0.011142525965441947,0.01185021943559392,0.011999936146937736,0.007890106429863025,-0.008268984541722571,0.015812567556168652,0.0038712539005597854,-0.005908677232322095,0.0039921269162198295,-0.004120996981371052,0.011996652724109023,0.0019666016016328604,-0.00317979025541052,0.013735029044616506,-0.007682295677241903,-0.010019602215367698,0.01399013828018724,-0.005116797072521963,-0.005080607542341574,0.011763417012592078,0.01114840555266102,0.0,0.01171361837912823,-0.0010572119212754504,0.003969886646095247,0.00790942510447883,0.003892750672690288,0.009996028021793897,0.003922305402012258,-0.0028654070534954736,-0.003849547555969327,-0.0024644369049895663,-0.005694693295410416,-0.002233533791395238,-0.0032851239147910468,0.007984366646616748,-0.006185476706533067,0.007917016039632113,-0.005115981532137646,0.0,-0.008712957581027081,0.005812653885916888,0.00976363478392067,-0.0027960827323842714,-0.006308538550243005,-0.009465566689554812,-0.005986781480973494,0.003926150842053098,0.00599656516320389,0.013803877181306531,0.003985986759475656,0.011734730197091219,-0.0014323130515423454,0.0,agent27,-0.5061097187272658
-0.6084578454964832,-0.0026664287770393814,-0.002807277537170763,-0.011413243640813368,-0.007531799920151299,-0.004738472434314731,-0.004690674327780978,-0.005024465249197551,0.005809204748169059,0.005998907724917928,-0.004934570181258116,-0.009184152536455811,0.0,-0.00504820748138735,-0.009730946183779388,0.005995893171507842,-0.00677442190332684,1,0.003990818608045546,-0.004055063192448193,-0.010149041997916202,0.011316227657553838,-0.007422313456716878,0.007867880943812862,-0.005494695480645849,-0.002066875058626925,-0.0030792102718999953,0.0019661035390866432,0.009974618250532308,0.00798695371792094,0.00934844950860852,0.011950460621664825,-0.008770149850015447,0.005999971980909008,-0.004749431032118577,0.007986758799561684,-0.0036937049134141793,-0.0035922993708557617,-0.007100135776272721,0.009198324155729423,0.0074560158929484,-0.007475354419601976,0.001931310583965519,0.011859143180198555,0.0075481529680659475,0.009958490982963777,-0.004579501686185785,-0.011142525965441947,0.01185021943559392,0.011999936146937736,0.007890106429863025,-0.008268984541722571,0.015812567556168652,0.0038712539005597854,-0.005908677232322095,0.0039921269162198295,-0.004120996981371052,0.011996652724109023,0.0019666016016328604,-0.00317979025541052,0.013735029044616506,-0.007682295677241903,-0.010019602215367698,0.01399013828018724,-0.005116797072521963,-0.005080607542341574,0.011763417012592078,0.01114840555266102,0.0,0.01171361837912823,-0.0010572119212754504,0.003969886646095247,0.00790942510447883,0.003892750672690288,0.009996028021793897,0.003922305402012258,-0.0028654070534954736,-0.003849547555969327,-0.0024644369049895663,-0.005694693295410416,-0.002233533791395238,-0.0032851239147910468,0.007984366646616748,-0.006185476706533067,0.007917016039632113,-0.005115981532137646,0.0,-0.008712957581027081,0.005812653885916888,0.00976363478392067,-0.0027960827323842714,-0.006308538550243005,-0.009465566689554812,-0.005986781480973494,0.003926150842053098,0.00599656516320389,0.013803877181306531,0.003985986759475656,0.011734730197091219,-0.0014323130515423454,0.0,agent20,-1
-0.6094670438206389,-0.0026664287770393814,-0.002807277537170763,-0.011413243640813368,-0.007531799920151299,-0.004738472434314731,-0.004690674327780978,-0.005024465249197551,0.005809204748169059,0.005998907724917928,-0.004934570181258116,-0.009184152536455811,0.0,-0.00504820748138735,-0.009730946183779388,0.005995893171507842,-0.00677442190332684,1,0.003990818608045546,-0.004055063192448193,-0.010149041997916202,0.011316227657553838,-0.007422313456716878,0.007867880943812862,-0.005494695480645849,-0.002066875058626925,-0.0030792102718999953,0.0019661035390866432,0.009974618250532308,0.00798695371792094,0.00934844950860852,0.011950460621664825,-0.008770149850015447,0.005999971980909008,-0.004749431032118577,0.007986758799561684,-0.0036937049134141793,-0.0035922993708557617,-0.007100135776272721,0.011121671526352794,0.0074560158929484,-0.007475354419601976,0.001931310583965519,0.011859143180198555,0.0075481529680659475,0.009958490982963777,-0.004579501686185785,-0.011142525965441947,0.01185021943559392,0.011999936146937736,0.007890106429863025,-0.008268984541722571,0.015812567556168652,0.0038712539005597854,-0.005908677232322095,0.0039921269162198295,-0.004120996981371052,0.011996652724109023,0.0019666016016328604,-0.00317979025541052,0.013735029044616506,-0.007682295677241903,-0.010019602215367698,0.01399013828018724,-0.005116797072521963,-0.005080607542341574,0.011763417012592078,0.01114840555266102,0.0,0.01171361837912823,-0.0010572119212754504,0.003969886646095247,0.00790942510447883,0.003892750672690288,0.009996028021793897,0.003922305402012258,-0.0028654070534954736,-0.003849547555969327,-0.0024644369049895663,-0.005694693295410416,-0.002233533791395238,-0.0032851239147910468,0.007984366646616748,-0.006185476706533067,0.007917016039632113,-0.005115981532137646,0.0,-0.008712957581027081,0.005812653885916888,0.00976363478392067,-0.0027960827323842714,-0.006308538550243005,-0.009465566689554812,-0.005986781480973494,0.003926150842053098,0.00599656516320389,0.013803877181306531,0.003985986759475656,0.011734730197091219,-0.0014323130515423454,0.0,agent38,-1
-0.6104709365713116,-0.0026664287770393814,-0.002807277537170763,-0.011413243640813368,-0.007531799920151299,-0.004738472434314731,-0.004690674327780978,-0.005024465249197551,0.005809204748169059,0.005998907724917928,-0.004934570181258116,-0.009184152536455811,0.0,-0.00504820748138735,-0.009730946183779388,0.005995893171507842,-0.00677442190332684,1,0.003990818608045546,-0.004055063192448193,-0.010149041997916202,0.011316227657553838,-0.007422313456716878,0.007867880943812862,-0.005494695480645849,-0.002066875058626925,-0.0030792102718999953,0.0019661035390866432,0.009974618250532308,0.00798695371792094,0.00934844950860852,0.011950460621664825,-0.008770149850015447,0.005999971980909008,-0.004749431032118577,0.007986758799561684,-0.0036937049134141793,-0.0035922993708557617,-0.007100135776272721,0.011121671526352794,0.0074560158929484,-0.007475354419601976,0.001931310583965519,0.011859143180198555,0.0075481529680659475,0.009958490982963777,-0.004579501686185785,-0.011142525965441947,0.01185021943559392,0.011999936146937736,0.007890106429863025,-0.008268984541722571,0.015812567556168652,0.0038712539005597854,-0.005908677232322095,0.0039921269162198295,-0.004120996981371052,0.011996652724109023,0.0019666016016328604,-0.00317979025541052,0.013735029044616506,-0.007682295677241903,-0.010019602215367698,0.01399013828018724,-0.005116797072521963,-0.005080607542341574,0.011763417012592078,0.01114840555266102,0.0,0.01171361837912823,-0.0010572119212754504,0.003969886646095247,0.00790942510447883,0.005839473641920077,0.009996028021793897,0.003922305402012258,-0.0028654070534954736,-0.003849547555969327,-0.0024644369049895663,-0.005694693295410416,-0.002233533791395238,-0.0032851239147910468,0.007984366646616748,-0.006185476706533067,0.007917016039632113,-0.005115981532137646,0.0,-0.008712957581027081,0.005812653885916888,0.00976363478392067,-0.0027960827323842714,-0.006308538550243005,-0.009465566689554812,-0.005986781480973494,0.003926150842053098,0.00599656516320389,0.013803877181306531,0.003985986759475656,0.011734730197091219,-0.0014323130515423454,0.0,agent72,-0.2830408476592088
-0.611482079097277,-0.0026664287770393814,-0.002807277537170763,-0.011413243640813368,-0.007531799920151299,-0.004738472434314731,-0.004690674327780978,-0.005024465249197551,0.005809204748169059,0.005998907724917928,-0.004934570181258116,-0.009184152536455811,0.0,-0.00504820748138735,-0.009730946183779388,0.005995893171507842,-0.00677442190332684,1,0.003990818608045546,-0.004055063192448193,-0.010149041997916202,0.011316227657553838,-0.007422313456716878,0.007867880943812862,-0.005494695480645849,-0.002066875058626925,-0.0030792102718999953,0.0019661035390866432,0.009974618250532308,0.00798695371792094,0.00934844950860852,0.011950460621664825,-0.008770149850015447,0.005999971980909008,-0.004749431032118577,0.007986758799561684,-0.0036937049134141793,-0.0035922993708557617,-0.007100135776272721,0.011121671526352794,0.0074560158929484,-0.007475354419601976,0.001931310583965519,0.011859143180198555,0.0075481529680659475,0.009958490982963777,-0.004579501686185785,-0.01236306906531392,0.01185021943559392,0.011999936146937736,0.007890106429863025,-0.008268984541722571,0.015812567556168652,0.0038712539005597854,-0.005908677232322095,0.0039921269162198295,-0.004120996981371052,0.011996652724109023,0.0019666016016328604,-0.00317979025541052,0.013735029044616506,-0.007682295677241903,-0.010019602215367698,0.01399013828018724,-0.005116797072521963,-0.005080607542341574,0.011763417012592078,0.01114840555266102,0.0,0.01171361837912823,-0.0010572119212754504,0.003969886646095247,0.00790942510447883,0.005839473641920077,0.009996028021793897,0.003922305402012258,-0.0028654070534954736,-0.003849547555969327,-0.0024644369049895663,-0.005694693295410416,-0.002233533791395238,-0.0032851239147910468,0.007984366646616748,-0.006185476706533067,0.007917016039632113,-0.005115981532137646,0.0,-0.008712957581027081,0.005812653885916888,0.00976363478392067,-0.0027960827323842714,-0.006308538550243005,-0.009465566689554812,-0.005986781480973494,0.003926150842053098,0.00599656516320389,0.013803877181306531,0.003985986759475656,0.011734730197091219,-0.0014323130515423454,0.0,agent46,0.6380937594921541
-0.6124920537155276,-0.0026664287770393814,-0.002807277537170763,-0.011413243640813368,-0.007531799920151299,-0.004738472434314731,-0.004690674327780978,-0.005024465249197551,0.005809204748169059,0.005998907724917928,-0.004934570181258116,-0.009184152536455811,0.0,-0.00504820748138735,-0.009730946183779388,0.005995893171507842,-0.00677442190332684,1,0.003990818608045546,-0.004055063192448193,-0.010149041997916202,0.011316227657553838,-0.007422313456716878,0.007867880943812862,-0.005494695480645849,-0.002066875058626925,-0.0030792102718999953,0.0019661035390866432,0.01196948348857946,0.00798695371792094,0.00934844950860852,0.011950460621664825,-0.008770149850015447,0.005999971980909008,-0.004749431032118577,0.007986758799561684,-0.0036937049134141793,-0.0035922993708557617,-0.007100135776272721,0.011121671526352794,0.0074560158929484,-0.007475354419601976,0.001931310583965519,0.011859143180198555,0.0075481529680659475,0.009958490982963777,-0.004579501686185785,-0.01236306906531392,0.01185021943559392,0.011999936146937736,0.007890106429863025,-0.008268984541722571,0.015812567556168652,0.0038712539005597854,-0.005908677232322095,0.0039921269162198295,-0.004120996981371052,0.011996652724109023,0.0019666016016328604,-0.00317979025541052,0.013735029044616506,-0.007682295677241903,-0.010019602215367698,0.01399013828018724,-0.005116797072521963,-0.005080607542341574,0.011763417012592078,0.01114840555266102,0.0,0.01171361837912823,-0.0010572119212754504,0.003969886646095247,0.00790942510447883,0.005839473641920077,0.009996028021793897,0.003922305402012258,-0.0028654070534954736,-0.003849547555969327,-0.0024644369049895663,-0.005694693295410416,-0.002233533791395238,-0.0032851239147910468,0.007984366646616748,-0.006185476706533067,0.007917016039632113,-0.005115981532137646,0.0,-0.008712957581027081,0.005812653885916888,0.00976363478392067,-0.0027960827323842714,-0.006308538550243005,-0.009465566689554812,-0.005986781480973494,0.003926150842053098,0.00599656516320389,0.013803877181306531,0.003985986759475656,0.011734730197091219,-0.0014323130515423454,0.0,agent27,-0.5101434196148388
-0.6134971705126001,-0.0026664287770393814,-0.002807277537170763,-0.011413243640813368,-0.007531799920151299,-0.004738472434314731,-0.004690674327780978,-0.005024465249197551,0.005809204748169059,0.005998907724917928,-0.004934570181258116,-0.009184152536455811,0.0,-0.00504820748138735,-0.009730946183779388,0.005995893171507842,-0.00677442190332684,1,0.003990818608045546,-0.004055063192448193,-0.010149041997916202,0.011316227657553838,-0.007422313456716878,0.007867880943812862,-0.005494695480645849,-0.002066875058626925,-0.0030792102718999953,0.0019661035390866432,0.01196948348857946,0.00798695371792094,0.00934844950860852,0.011950460621664825,-0.008770149850015447,0.005999971980909008,-0.004749431032118577,0.007986758799561684,-0.0036937049134141793,-0.0035922993708557617,-0.007100135776272721,0.011121671526352794,0.0074560158929484,-0.007475354419601976,0.001931310583965519,0.011859143180198555,0.0075481529680659475,0.009958490982963777,-0.004579501686185785,-0.01236306906531392,0.01185021943559392,0.011999936146937736,0.007890106429863025,-0.008268984541722571,0.015812567556168652,0.0038712539005597854,-0.005908677232322095,0.0039921269162198295,-0.004120996981371052,0.011996652724109023,0.0019666016016328604,-0.00317979025541052,0.013735029044616506,-0.007682295677241903,-0.010019602215367698,0.01399013828018724,-0.0064094297366529066,-0.005080607542341574,0.011763417012592078,0.01114840555266102,0.0,0.01171361837912823,-0.0010572119212754504,0.003969886646095247,0.00790942510447883,0.005839473641920077,0.009996028021793897,0.003922305402012258,-0.0028654070534954736,-0.003849547555969327,-0.0024644369049895663,-0.005694693295410416,-0.002233533791395238,-0.0032851239147910468,0.007984366646616748,-0.006185476706533067,0.007917016039632113,-0.005115981532137646,0.0,-0.008712957581027081,0.005812653885916888,0.00976363478392067,-0.0027960827323842714,-0.006308538550243005,-0.009465566689554812,-0.005986781480973494,0.003926150842053098,0.00599656516320389,0.013803877181306531,0.003985986759475656,0.011734730197091219,-0.0014323130515423454,0.0,agent63,0.5769341406059662
-0.6145033559893066,-0.0026664287770393814,-0.002807277537170763,-0.011413243640813368,-0.007531799920151299,-0.004738472434314731,-0.004690674327780978,-0.005024465249197551,0.005809204748169059,0.005998907724917928,-0.004934570181258116,-0.009184152536455811,0.0,-0.00504820748138735,-0.009730946183779388,0.005995893171507842,-0.00677442190332684,1,0.003990818608045546,-0.004055063192448193,-0.010149041997916202,0.011316227657553838,-0.007422313456716878,0.007867880943812862,-0.005494695480645849,-0.002066875058626925,-0.0030792102718999953,0.0019661035390866432,0.01196948348857946,0.00798695371792094,0.00934844950860852,0.011950460621664825,-0.008770149850015447,0.005999971980909008,-0.004749431032118577,0.007986758799561684,-0.0036937049134141793,-0.0035922993708557617,-0.007100135776272721,0.011121671526352794,0.0074560158929484,-0.007475354419601976,0.001931310583965519,0.011859143180198555,0.0075481529680659475,0.009958490982963777,-0.004579501686185785,-0.01236306906531392,0.01185021943559392,0.011999936146937736,0.007890106429863025,-0.008268984541722571,0.015812567556168652,0.0038712539005597854,-0.005908677232322095,0.0039921269162198295,-0.004120996981371052,0.011996652724109023,0.0019666016016328604,-0.00317979025541052,0.013735029044616506,-0.007682295677241903,-0.010019602215367698,0.01399013828018724,-0.0064094297366529066,-0.005080607542341574,0.011763417012592078,0.01114840555266102,0.0,0.01171361837912823,-0.0010572119212754504,0.003969886646095247,0.00790942510447883,0.005839473641920077,0.009996028021793897,0.003922305402012258,-0.0028654070534954736,-0.003849547555969327,-0.0024644369049895663,-0.005694693295410416,-0.002233533791395238,-0.0032851239147910468,0.007984366646616748,-0.006883790146906984,0.007917016039632113,-0.005115981532137646,0.0,-0.008712957581027081,0.005812653885916888,0.00976363478392067,-0.0027960827323842714,-0.006308538550243005,-0.009465566689554812,-0.005986781480973494,0.003926150842053098,0.00599656516320389,0.013803877181306531,0.003985986759475656,0.011734730197091219,-0.0014323130515423454,0.0,agent82,1
-0.6155116249738484,-0.0026664287770393814,-0.002807277537170763,-0.011413243640813368,-0.007531799920151299,-0.004738472434314731,-0.004690674327780978,-0.005024465249197551,0.005809204748169059,0.005998907724917928,-0.004934570181258116,-0.009184152536455811,0.0,-0.00504820748138735,-0.009730946183779388,0.005995893171507842,-0.00677442190332684,1,0.003990818608045546,-0.004055063192448193,-0.010149041997916202,0.011316227657553838,-0.007422313456716878,0.007867880943812862,-0.005494695480645849,-0.002066875058626925,-0.0030792102718999953,0.0019661035390866432,0.01196948348857946,0.00798695371792094,0.00934844950860852,0.011950460621664825,-0.008770149850015447,0.005999971980909008,-0.004749431032118577,0.007986758799561684,-0.0036937049134141793,-0.0035922993708557617,-0.007100135776272721,0.011121671526352794,0.0074560158929484,-0.007475354419601976,0.001931310583965519,0.011859143180198555,0.0075481529680659475,0.009958490982963777,-0.004579501686185785,-0.01236306906531392,0.01185021943559392,0.011999936146937736,0.007890106429863025,-0.009439378311855132,0.015812567556168652,0.0038712539005597854,-0.005908677232322095,0.0039921269162198295,-0.004120996981371052,0.011996652724109023,0.0019666016016328604,-0.00317979025541052,0.013735029044616506,-0.007682295677241903,-0.010019602215367698,0.01399013828018724,-0.0064094297366529066,-0.005080607542341574,0.011763417012592078,0.01114840555266102,0.0,0.01171361837912823,-0.0010572119212754504,0.003969886646095247,0.00790942510447883,0.005839473641920077,0.009996028021793897,0.003922305402012258,-0.0028654070534954736,-0.003849547555969327,-0.0024644369049895663,-0.005694693295410416,-0.002233533791395238,-0.0032851239147910468,0.007984366646616748,-0.006883790146906984,0.007917016039632113,-0.005115981532137646,0.0,-0.008712957581027081,0.005812653885916888,0.00976363478392067,-0.0027960827323842714,-0.006308538550243005,-0.009465566689554812,-0.005986781480973494,0.003926150842053098,0.00599656516320389,0.013803877181306531,0.003985986759475656,0.011734730197091219,-0.0014323130515423454,0.0,agent50,0.6736008555304288
-0.6145116249738484,-0.0026664287770393814,-0.002807277537170763,-0.011413243640813368,-0.007531799920151299,-0.004738472434314731,-0.004690674327780978,-0.005024465249197551,0.005809204748169059,0.005998907724917928,-0.004934570181258116,-0.009184152536455811,0.0,-0.00504820748138735,-0.009730946183779388,0.005995893171507842,-0.00677442190332684,1,0.003990818608045546,-0.004055063192448193,-0.010149041997916202,0.011316227657553838,-0.007422313456716878,0.007867880943812862,-0.005494695480645849,-0.002066875058626925,-0.0030792102718999953,0.0019661035390866432,0.01196948348857946,0.00798695371792094,0.00934844950860852,0.011950460621664825,-0.008770149850015447,0.005999971980909008,-0.004749431032118577,0.007986758799561684,-0.0036937049134141793,-0.0035922993708557617,-0.007100135776272721,0.011121671526352794,0.0074560158929484,-0.007475354419601976,0.001931310583965519,0.011859143180198555,0.0075481529680659475,0.009958490982963777,-0.004579501686185785,-0.01236306906531392,0.01185021943559392,0.011999936146937736,0.007890106429863025,-0.009439378311855132,0.015812567556168652,0.0038712539005597854,-0.005908677232322095,0.0039921269162198295,-0.004120996981371052,0.011996652724109023,0.0019666016016328604,-0.00317979025541052,0.013735029044616506,-0.007682295677241903,-0.010019602215367698,0.01399013828018724,-0.0064094297366529066,-0.005080607542341574,0.011763417012592078,0.01114840555266102,-0.0010993203839379146,0.01171361837912823,-0.0010572119212754504,0.003969886646095247,0.00790942510447883,0.005839473641920077,0.009996028021793897,0.003922305402012258,-0.0028654070534954736,-0.003849547555969327,-0.0024644369049895663,-0.005694693295410416,-0.002233533791395238,-0.0032851239147910468,0.007984366646616748,-0.006883790146906984,0.007917016039632113,-0.005115981532137646,0.0,-0.008712957581027081,0.005812653885916888,0.00976363478392067,-0.0027960827323842714,-0.006308538550243005,-0.009465566689554812,-0.005986781480973494,0.003926150842053098,0.00599656516320389,0.013803877181306531,0.003985986759475656,0.011734730197091219,-0.0014323130515423454,0.0,agent67,0.7266356218378308
-0.6155162044755346,-0.0026664287770393814,-0.002807277537170763,-0.011413243640813368,-0.007531799920151299,-0.004738472434314731,-0.004690674327780978,-0.005024465249197551,0.005809204748169059,0.005998907724917928,-0.004934570181258116,-0.009184152536455811,0.0,-0.00504820748138735,-0.009730946183779388,0.005995893171507842,-0.00677442190332684,1,0.003990818608045546,-0.004055063192448193,-0.010149041997916202,0.011316227657553838,-0.007422313456716878,0.007867880943812862,-0.005494695480645849,-0.002066875058626925,-0.0030792102718999953,0.0019661035390866432,0.01196948348857946,0.00798695371792094,0.00934844950860852,0.011950460621664825,-0.008770149850015447,0.005999971980909008,-0.004749431032118577,0.007986758799561684,-0.0036937049134141793,-0.0035922993708557617,-0.007100135776272721,0.011121671526352794,0.0074560158929484,-0.007475354419601976,0.001931310583965519,0.011859143180198555,0.0075481529680659475,0.009958490982963777,-0.005276177792597937,-0.01236306906531392,0.01185021943559392,0.011999936146937736,0.007890106429863025,-0.009439378311855132,0.015812567556168652,0.0038712539005597854,-0.005908677232322095,0.0039921269162198295,-0.004120996981371052,0.011996652724109023,0.0019666016016328604,-0.00317979025541052,0.013735029044616506,-0.007682295677241903,-0.010019602215367698,0.01399013828018724,-0.0064094297366529066,-0.005080607542341574,0.011763417012592078,0.01114840555266102,-0.0010993203839379146,0.01171361837912823,-0.0010572119212754504,0.003969886646095247,0.00790942510447883,0.005839473641920077,0.009996028021793897,0.003922305402012258,-0.0028654070534954736,-0.003849547555969327,-0.0024644369049895663,-0.005694693295410416,-0.002233533791395238,-0.0032851239147910468,0.007984366646616748,-0.006883790146906984,0.007917016039632113,-0.005115981532137646,0.0,-0.008712957581027081,0.005812653885916888,0.00976363478392067,-0.0027960827323842714,-0.006308538550243005,-0.009465566689554812,-0.005986781480973494,0.003926150842053098,0.00599656516320389,0.013803877181306531,0.003985986759475656,0.011734730197091219,-0.0014323130515423454,0.0,agent45,1
-0.6165203254725159,-0.0026664287770393814,-0.002807277537170763,-0.011413243640813368,-0.007531799920151299,-0.004738472434314731,-0.004690674327780978,-0.005024465249197551,0.005809204748169059,0.005998907724917928,-0.004934570181258116,-0.009184152536455811,0.0,-0.00504820748138735,-0.009730946183779388,0.005995893171507842,-0.00677442190332684,1,0.003990818608045546,-0.004055063192448193,-0.010149041997916202,0.011316227657553838,-0.007422313456716878,0.007867880943812862,-0.005494695480645849,-0.002066875058626925,-0.0030792102718999953,0.0019661035390866432,0.01196948348857946,0.00798695371792094,0.00934844950860852,0.011950460621664825,-0.008770149850015447,0.005999971980909008,-0.004749431032118577,0.007986758799561684,-0.0036937049134141793,-0.0035922993708557617,-0.007100135776272721,0.011121671526352794,0.0074560158929484,-0.007475354419601976,0.001931310583965519,0.011859143180198555,0.0075481529680659475,0.009958490982963777,-0.005276177792597937,-0.01236306906531392,0.01185021943559392,0.011999936146937736,0.007890106429863025,-0.009439378311855132,0.015812567556168652,0.0038712539005597854,-0.005908677232322095,0.0039921269162198295,-0.005109025963291882,0.011996652724109023,0.0019666016016328604,-0.00317979025541052,0.013735029044616506,-0.007682295677241903,-0.010019602215367698,0.01399013828018724,-0.0064094297366529066,-0.005080607542341574,0.011763417012592078,0.01114840555266102,-0.0010993203839379146,0.01171361837912823,-0.0010572119212754504,0.003969886646095247,0.00790942510447883,0.005839473641920077,0.009996028021793897,0.003922305402012258,-0.0028654070534954736,-0.003849547555969327,-0.0024644369049895663,-0.005694693295410416,-0.002233533791395238,-0.0032851239147910468,0.007984366646616748,-0.006883790146906984,0.007917016039632113,-0.005115981532137646,0.0,-0.008712957581027081,0.005812653885916888,0.00976363478392067,-0.0027960827323842714,-0.006308538550243005,-0.009465566689554812,-0.005986781480973494,0.003926150842053098,0.00599656516320389,0.013803877181306531,0.003985986759475656,0.011734730197091219,-0.0014323130515423454,0.0,agent55,0.8071369634323509
-0.6175321756919515,-0.0026664287770393814,-0.002807277537170763,-0.011413243640813368,-0.007531799920151299,-0.004738472434314731,-0.004690674327780978,-0.005024465249197551,0.005809204748169059,0.005998907724917928,-0.004934570181258116,-0.009184152536455811,0.0,-0.00504820748138735,-0.009730946183779388,0.005995893171507842,-0.00677442190332684,1,0.003990818608045546,-0.004055063192448193,-0.010149041997916202,0.011316227657553838,-0.007422313456716878,0.007867880943812862,-0.005494695480645849,-0.002066875058626925,-0.0030792102718999953,0.0019661035390866432,0.01196948348857946,0.00798695371792094,0.00934844950860852,0.011950460621664825,-0.008770149850015447,0.005999971980909008,-0.004749431032118577,0.007986758799561684,-0.0036937049134141793,-0.0035922993708557617,-0.007100135776272721,0.011121671526352794,0.0074560158929484,-0.007475354419601976,0.001931310583965519,0.011859143180198555,0.0075481529680659475,0.009958490982963777,-0.005276177792597937,-0.01236306906531392,0.013825043934343285,0.011999936146937736,0.007890106429863025,-0.009439378311855132,0.015812567556168652,0.0038712539005597854,-0.005908677232322095,0.0039921269162198295,-0.005109025963291882,0.011996652724109023,0.0019666016016328604,-0.00317979025541052,0.013735029044616506,-0.007682295677241903,-0.010019602215367698,0.01399013828018724,-0.0064094297366529066,-0.005080607542341574,0.011763417012592078,0.01114840555266102,-0.0010993203839379146,0.01171361837912823,-0.0010572119212754504,0.003969886646095247,0.00790942510447883,0.005839473641920077,0.009996028021793897,0.003922305402012258,-0.0028654070534954736,-0.003849547555969327,-0.0024644369049895663,-0.005694693295410416,-0.002233533791395238,-0.0032851239147910468,0.007984366646616748,-0.006883790146906984,0.007917016039632113,-0.005115981532137646,0.0,-0.008712957581027081,0.005812653885916888,0.00976363478392067,-0.0027960827323842714,-0.006308538550243005,-0.009465566689554812,-0.005986781480973494,0.003926150842053098,0.00599656516320389,0.013803877181306531,0.003985986759475656,0.011734730197091219,-0.0014323130515423454,0.0,agent47,-0.39213003490433673
-0.618535041099005,-0.0026664287770393814,-0.002807277537170763,-0.011413243640813368,-0.007531799920151299,-0.004738472434314731,-0.004690674327780978,-0.005024465249197551,0.005809204748169059,0.005998907724917928,-0.004934570181258116,-0.009184152536455811,0.0,-0.00504820748138735,-0.009730946183779388,0.005995893171507842,-0.00677442190332684,1,0.003990818608045546,-0.004055063192448193,-0.010149041997916202,0.011316227657553838,-0.007422313456716878,0.007867880943812862,-0.005494695480645849,-0.002066875058626925,-0.0030792102718999953,0.0019661035390866432,0.01196948348857946,0.00798695371792094,0.00934844950860852,0.011950460621664825,-0.008770149850015447,0.005999971980909008,-0.004749431032118577,0.007986758799561684,-0.0036937049134141793,-0.0035922993708557617,-0.007100135776272721,0.011121671526352794,0.0074560158929484,-0.007475354419601976,0.001931310583965519,0.011859143180198555,0.0075481529680659475,0.009958490982963777,-0.005276177792597937,-0.01236306906531392,0.013825043934343285,0.011999936146937736,0.007890106429863025,-0.009439378311855132,0.015812567556168652,0.0038712539005597854,-0.005908677232322095,0.0039921269162198295,-0.005109025963291882,0.011996652724109023,0.0019666016016328604,-0.00317979025541052,0.013735029044616506,-0.007682295677241903,-0.010019602215367698,0.01399013828018724,-0.0064094297366529066,-0.005080607542341574,0.011763417012592078,0.01114840555266102,-0.0010993203839379146,0.01171361837912823,-0.0010572119212754504,0.003969886646095247,0.00790942510447883,0.005839473641920077,0.009996028021793897,0.003922305402012258,-0.0035572018837961043,-0.003849547555969327,-0.0024644369049895663,-0.005694693295410416,-0.002233533791395238,-0.0032851239147910468,0.007984366646616748,-0.006883790146906984,0.007917016039632113,-0.005115981532137646,0.0,-0.008712957581027081,0.005812653885916888,0.00976363478392067,-0.0027960827323842714,-0.006308538550243005,-0.009465566689554812,-0.005986781480973494,0.003926150842053098,0.00599656516320389,0.013803877181306531,0.003985986759475656,0.011734730197091219,-0.0014323130515423454,0.0,agent75,1
-0.6195410400067299,-0.0026664287770393814,-0.002807277537170763,-0.011413243640813368,-0.007531799920151299,-0.004738472434314731,-0.004690674327780978,-0.005024465249197551,0.005809204748169059,0.007998554159818715,-0.004934570181258116,-0.009184152536455811,0.0,-0.00504820748138735,-0.009730946183779388,0.005995893171507842,-0.00677442190332684,1,0.003990818608045546,-0.004055063192448193,-0.010149041997916202,0.011316227657553838,-0.007422313456716878,0.007867880943812862,-0.005494695480645849,-0.002066875058626925,-0.0030792102718999953,0.0019661035390866432,0.01196948348857946,0.00798695371792094,0.00934844950860852,0.011950460621664825,-0.008770149850015447,0.005999971980909008,-0.004749431032118577,0.007986758799561684,-0.0036937049134141793,-0.0035922993708557617,-0.007100135776272721,0.011121671526352794,0.0074560158929484,-0.007475354419601976,0.001931310583965519,0.011859143180198555,0.0075481529680659475,0.009958490982963777,-0.005276177792597937,-0.01236306906531392,0.013825043934343285,0.011999936146937736,0.007890106429863025,-0.009439378311855132,0.015812567556168652,0.0038712539005597854,-0.005908677232322095,0.0039921269162198295,-0.005109025963291882,0.011996652724109023,0.0019666016016328604,-0.00317979025541052,0.013735029044616506,-0.007682295677241903,-0.010019602215367698,0.01399013828018724,-0.0064094297366529066,-0.005080607542341574,0.011763417012592078,0.01114840555266102,-0.0010993203839379146,0.01171361837912823,-0.0010572119212754504,0.003969886646095247,0.00790942510447883,0.005839473641920077,0.009996028021793897,0.003922305402012258,-0.0035572018837961043,-0.003849547555969327,-0.0024644369049895663,-0.005694693295410416,-0.002233533791395238,-0.0032851239147910468,0.007984366646616748,-0.006883790146906984,0.007917016039632113,-0.005115981532137646,0.0,-0.008712957581027081,0.005812653885916888,0.00976363478392067,-0.0027960827323842714,-0.006308538550243005,-0.009465566689554812,-0.005986781480973494,0.003926150842053098,0.00599656516320389,0.013803877181306531,0.003985986759475656,0.011734730197091219,-0.0014323130515423454,0.0,agent8,-0.6451269608948392
-0.6205490243733766,-0.0026664287770393814,-0.002807277537170763,-0.011413243640813368,-0.007531799920151299,-0.004738472434314731,-0.004690674327780978,-0.005024465249197551,0.005809204748169059,0.007998554159818715,-0.004934570181258116,-0.009184152536455811,0.0,-0.00504820748138735,-0.009730946183779388,0.005995893171507842,-0.00677442190332684,1,0.003990818608045546,-0.004055063192448193,-0.010149041997916202,0.011316227657553838,-0.007422313456716878,0.007867880943812862,-0.005494695480645849,-0.002066875058626925,-0.0030792102718999953,0.0019661035390866432,0.01196948348857946,0.00798695371792094,0.00934844950860852,0.011950460621664825,-0.008770149850015447,0.005999971980909008,-0.004749431032118577,0.007986758799561684,-0.0036937049134141793,-0.0035922993708557617,-0.007100135776272721,0.011121671526352794,0.0074560158929484,-0.007475354419601976,0.001931310583965519,0.011859143180198555,0.0075481529680659475,0.009958490982963777,-0.005276177792597937,-0.01236306906531392,0.013825043934343285,0.011999936146937736,0.007890106429863025,-0.009439378311855132,0.015812567556168652,0.0038712539005597854,-0.005908677232322095,0.0039921269162198295,-0.005109025963291882,0.011996652724109023,0.0019666016016328604,-0.00317979025541052,0.013735029044616506,-0.007682295677241903,-0.010019602215367698,0.01399013828018724,-0.0064094297366529066,-0.005080607542341574,0.011763417012592078,0.01114840555266102,-0.0010993203839379146,0.01171361837912823,-0.0010572119212754504,0.003969886646095247,0.00790942510447883,0.005839473641920077,0.009996028021793897,0.003922305402012258,-0.0035572018837961043,-0.003849547555969327,-0.0024644369049895663,-0.005694693295410416,-0.002233533791395238,-0.0032851239147910468,0.009980483716896095,-0.006883790146906984,0.007917016039632113,-0.005115981532137646,0.0,-0.008712957581027081,0.005812653885916888,0.00976363478392067,-0.0027960827323842714,-0.006308538550243005,-0.009465566689554812,-0.005986781480973494,0.003926150842053098,0.00599656516320389,0.013803877181306531,0.003985986759475656,0.011734730197091219,-0.0014323130515423454,0.0,agent81,-0.5314169261597991
-0.6215518316509138,-0.0026664287770393814,-0.0034941879669720117,-0.011413243640813368,-0.007531799920151299,-0.004738472434314731,-0.004690674327780978,-0.005024465249197551,0.005809204748169059,0.007998554159818715,-0.004934570181258116,-0.009184152536455811,0.0,-0.00504820748138735,-0.009730946183779388,0.005995893171507842,-0.00677442190332684,1,0.003990818608045546,-0.004055063192448193,-0.010149041997916202,0.011316227657553838,-0.007422313456716878,0.007867880943812862,-0.005494695480645849,-0.002066875058626925,-0.0030792102718999953,0.0019661035390866432,0.01196948348857946,0.00798695371792094,0.00934844950860852,0.011950460621664825,-0.008770149850015447,0.005999971980909008,-0.004749431032118577,0.007986758799561684,-0.0036937049134141793,-0.0035922993708557617,-0.007100135776272721,0.011121671526352794,0.0074560158929484,-0.007475354419601976,0.001931310583965519,0.011859143180198555,0.0075481529680659475,0.009958490982963777,-0.005276177792597937,-0.01236306906531392,0.013825043934343285,0.011999936146937736,0.007890106429863025,-0.009439378311855132,0.015812567556168652,0.0038712539005597854,-0.005908677232322095,0.0039921269162198295,-0.005109025963291882,0.011996652724109023,0.0019666016016328604,-0.00317979025541052,0.013735029044616506,-0.007682295677241903,-0.010019602215367698,0.01399013828018724,-0.0064094297366529066,-0.005080607542341574,0.011763417012592078,0.01114840555266102,-0.0010993203839379146,0.01171361837912823,-0.0010572119212754504,0.003969886646095247,0.00790942510447883,0.005839473641920077,0.009996028021793897,0.003922305402012258,-0.0035572018837961043,-0.003849547555969327,-0.0024644369049895663,-0.005694693295410416,-0.002233533791395238,-0.0032851239147910468,0.009980483716896095,-0.006883790146906984,0.007917016039632113,-0.005115981532137646,0.0,-0.008712957581027081,0.005812653885916888,0.00976363478392067,-0.0027960827323842714,-0.006308538550243005,-0.009465566689554812,-0.005986781480973494,0.003926150842053098,0.00599656516320389,0.013803877181306531,0.003985986759475656,0.011734730197091219,-0.0014323130515423454,0.0,agent1,1
-0.6225569406768771,-0.0026664287770393814,-0.0034941879669720117,-0.011413243640813368,-0.007531799920151299,-0.004738472434314731,-0.004690674327780978,-0.005024465249197551,0.005809204748169059,0.007998554159818715,-0.004934570181258116,-0.009184152536455811,0.0,-0.00504820748138735,-0.009730946183779388,0.005995893171507842,-0.00677442190332684,1,0.003990818608045546,-0.004055063192448193,-0.010149041997916202,0.011316227657553838,-0.007422313456716878,0.007867880943812862,-0.005494695480645849,-0.002066875058626925,-0.0030792102718999953,0.0019661035390866432,0.01196948348857946,0.00798695371792094,0.00934844950860852,0.011950460621664825,-0.008770149850015447,0.005999971980909008,-0.004749431032118577,0.007986758799561684,-0.0036937049134141793,-0.0035922993708557617,-0.007100135776272721,0.011121671526352794,0.0074560158929484,-0.007475354419601976,0.001931310583965519,0.011859143180198555,0.0075481529680659475,0.009958490982963777,-0.005276177792597937,-0.01236306906531392,0.013825043934343285,0.011999936146937736,0.007890106429863025,-0.009439378311855132,0.015812567556168652,0.0038712539005597854,-0.005908677232322095,0.0039921269162198295,-0.006081248441661529,0.011996652724109023,0.0019666016016328604,-0.00317979025541052,0.013735029044616506,-0.007682295677241903,-0.010019602215367698,0.01399013828018724,-0.0064094297366529066,-0.005080607542341574,0.011763417012592078,0.01114840555266102,-0.0010993203839379146,0.01171361837912823,-0.0010572119212754504,0.003969886646095247,0.00790942510447883,0.005839473641920077,0.009996028021793897,0.003922305402012258,-0.0035572018837961043,-0.003849547555969327,-0.0024644369049895663,-0.005694693295410416,-0.002233533791395238,-0.0032851239147910468,0.009980483716896095,-0.006883790146906984,0.007917016039632113,-0.005115981532137646,0.0,-0.008712957581027081,0.005812653885916888,0.00976363478392067,-0.0027960827323842714,-0.006308538550243005,-0.009465566689554812,-0.005986781480973494,0.003926150842053098,0.00599656516320389,0.013803877181306531,0.003985986759475656,0.011734730197091219,-0.0014323130515423454,0.0,agent55,0.8121688675303124
-0.6235600198871489,-0.0026664287770393814,-0.0034941879669720117,-0.011413243640813368,-0.007531799920151299,-0.004738472434314731,-0.004690674327780978,-0.005024465249197551,0.005809204748169059,0.007998554159818715,-0.004934570181258116,-0.009184152536455811,0.0,-0.00504820748138735,-0.009730946183779388,0.005995893171507842,-0.00677442190332684,1,0.003990818608045546,-0.004055063192448193,-0.010149041997916202,0.011316227657553838,-0.007422313456716878,0.007867880943812862,-0.005494695480645849,-0.002066875058626925,-0.0037628647590306416,0.0019661035390866432,0.01196948348857946,0.00798695371792094,0.00934844950860852,0.011950460621664825,-0.008770149850015447,0.005999971980909008,-0.004749431032118577,0.007986758799561684,-0.0036937049134141793,-0.0035922993708557617,-0.007100135776272721,0.011121671526352794,0.0074560158929484,-0.007475354419601976,0.001931310583965519,0.011859143180198555,0.0075481529680659475,0.009958490982963777,-0.005276177792597937,-0.01236306906531392,0.013825043934343285,0.011999936146937736,0.007890106429863025,-0.009439378311855132,0.015812567556168652,0.0038712539005597854,-0.005908677232322095,0.0039921269162198295,-0.006081248441661529,0.011996652724109023,0.0019666016016328604,-0.00317979025541052,0.013735029044616506,-0.007682295677241903,-0.010019602215367698,0.01399013828018724,-0.0064094297366529066,-0.005080607542341574,0.011763417012592078,0.01114840555266102,-0.0010993203839379146,0.01171361837912823,-0.0010572119212754504,0.003969886646095247,0.00790942510447883,0.005839473641920077,0.009996028021793897,0.003922305402012258,-0.0035572018837961043,-0.003849547555969327,-0.0024644369049895663,-0.005694693295410416,-0.002233533791395238,-0.0032851239147910468,0.009980483716896095,-0.006883790146906984,0.007917016039632113,-0.005115981532137646,0.0,-0.008712957581027081,0.005812653885916888,0.00976363478392067,-0.0027960827323842714,-0.006308538550243005,-0.009465566689554812,-0.005986781480973494,0.003926150842053098,0.00599656516320389,0.013803877181306531,0.003985986759475656,0.011734730197091219,-0.0014323130515423454,0.0,agent25,1
-0.624563942192551,-0.0026664287770393814,-0.0034941879669720117,-0.011413243640813368,-0.007531799920151299,-0.004738472434314731,-0.004690674327780978,-0.005024465249197551,0.005809204748169059,0.007998554159818715,-0.004934570181258116,-0.009184152536455811,0.0,-0.00504820748138735,-0.009730946183779388,0.005995893171507842,-0.00677442190332684,1,0.003990818608045546,-0.004055063192448193,-0.010149041997916202,0.011316227657553838,-0.007422313456716878,0.007867880943812862,-0.005494695480645849,-0.002066875058626925,-0.0037628647590306416,0.0019661035390866432,0.01196948348857946,0.00798695371792094,0.00934844950860852,0.011950460621664825,-0.008770149850015447,0.005999971980909008,-0.004749431032118577,0.007986758799561684,-0.0036937049134141793,-0.0035922993708557617,-0.007100135776272721,0.011121671526352794,0.0074560158929484,-0.007475354419601976,0.001931310583965519,0.011859143180198555,0.0075481529680659475,0.009958490982963777,-0.005276177792597937,-0.01236306906531392,0.013825043934343285,0.011999936146937736,0.007890106429863025,-0.009439378311855132,0.015812567556168652,0.0038712539005597854,-0.005908677232322095,0.0039921269162198295,-0.006081248441661529,0.011996652724109023,0.0019666016016328604,-0.00317979025541052,0.013735029044616506,-0.007682295677241903,-0.010019602215367698,0.01399013828018724,-0.0064094297366529066,-0.005080607542341574,0.011763417012592078,0.01114840555266102,-0.0010993203839379146,0.01171361837912823,-0.0010572119212754504,0.003969886646095247,0.00790942510447883,0.005839473641920077,0.009996028021793897,0.005882932747509865,-0.0035572018837961043,-0.003849547555969327,-0.0024644369049895663,-0.005694693295410416,-0.002233533791395238,-0.0032851239147910468,0.009980483716896095,-0.006883790146906984,0.007917016039632113,-0.005115981532137646,0.0,-0.008712957581027081,0.005812653885916888,0.00976363478392067,-0.0027960827323842714,-0.006308538550243005,-0.009465566689554812,-0.005986781480973494,0.003926150842053098,0.00599656516320389,0.013803877181306531,0.003985986759475656,0.011734730197091219,-0.0014323130515423454,0.0,agent74,-0.9041759656293422
-0.6255718592085906,-0.0026664287770393814,-0.0034941879669720117,-0.011413243640813368,-0.007531799920151299,-0.004738472434314731,-0.004690674327780978,-0.005024465249197551,0.005809204748169059,0.007998554159818715,-0.004934570181258116,-0.009184152536455811,0.0,-0.00504820748138735,-0.009730946183779388,0.005995893171507842,-0.00677442190332684,1,0.003990818608045546,-0.004055063192448193,-0.010149041997916202,0.011316227657553838,-0.007422313456716878,0.007867880943812862,-0.005494695480645849,-0.002066875058626925,-0.0037628647590306416,0.0019661035390866432,0.01196948348857946,0.00798695371792094,0.00934844950860852,0.011950460621664825,-0.008770149850015447,0.005999971980909008,-0.004749431032118577,0.007986758799561684,-0.0036937049134141793,-0.0035922993708557617,-0.007100135776272721,0.011121671526352794,0.0074560158929484,-0.007475354419601976,0.001931310583965519,0.011859143180198555,0.0075481529680659475,0.009958490982963777,-0.005276177792597937,-0.01236306906531392,0.013825043934343285,0.011999936146937736,0.007890106429863025,-0.009439378311855132,0.015812567556168652,0.0038712539005597854,-0.005908677232322095,0.0039921269162198295,-0.006081248441661529,0.011996652724109023,0.0019666016016328604,-0.00317979025541052,0.013735029044616506,-0.007682295677241903,-0.010019602215367698,0.01399013828018724,-0.0064094297366529066,-0.005080607542341574,0.011763417012592078,0.01114840555266102,-0.0010993203839379146,0.01171361837912823,-0.0010572119212754504,0.003969886646095247,0.00790942510447883,0.005839473641920077,0.009996028021793897,0.005882932747509865,-0.0035572018837961043,-0.003849547555969327,-0.0024644369049895663,-0.005694693295410416,-0.002233533791395238,-0.0032851239147910468,0.009980483716896095,-0.006883790146906984,0.009896286035266771,-0.005115981532137646,0.0,-0.008712957581027081,0.005812653885916888,0.00976363478392067,-0.0027960827323842714,-0.006308538550243005,-0.009465566689554812,-0.005986781480973494,0.003926150842053098,0.00599656516320389,0.013803877181306531,0.003985986759475656,0.011734730197091219,-0.0014323130515423454,0.0,agent83,-0.8281812516990953
-0.6265856630857719,-0.0026664287770393814,-0.0034941879669720117,-0.011413243640813368,-0.007531799920151299,-0.004738472434314731,-0.004690674327780978,-0.005024465249197551,0.005809204748169059,0.007998554159818715,-0.004934570181258116,-0.009184152536455811,0.0,-0.00504820748138735,-0.009730946183779388,0.005995893171507842,-0.00677442190332684,1,0.003990818608045546,-0.004055063192448193,-0.010149041997916202,0.011316227657553838,-0.007422313456716878,0.007867880943812862,-0.005494695480645849,-0.002066875058626925,-0.0037628647590306416,0.0019661035390866432,0.01196948348857946,0.00798695371792094,0.00934844950860852,0.011950460621664825,-0.008770149850015447,0.005999971980909008,-0.004749431032118577,0.007986758799561684,-0.0036937049134141793,-0.0035922993708557617,-0.007100135776272721,0.011121671526352794,0.0074560158929484,-0.007475354419601976,0.001931310583965519,0.011859143180198555,0.0075481529680659475,0.009958490982963777,-0.005276177792597937,-0.01236306906531392,0.013825043934343285,0.011999936146937736,0.007890106429863025,-0.009439378311855132,0.015812567556168652,0.0038712539005597854,-0.005908677232322095,0.0039921269162198295,-0.006081248441661529,0.011996652724109023,0.0019666016016328604,-0.00317979025541052,0.013735029044616506,-0.007682295677241903,-0.010019602215367698,0.01399013828018724,-0.0064094297366529066,-0.005080607542341574,0.011763417012592078,0.01114840555266102,-0.0010993203839379146,0.01171361837912823,-0.0010572119212754504,0.003969886646095247,0.00790942510447883,0.005839473641920077,0.009996028021793897,0.005882932747509865,-0.0035572018837961043,-0.003849547555969327,-0.0024644369049895663,-0.005694693295410416,-0.002233533791395238,-0.0032851239147910468,0.009980483716896095,-0.006883790146906984,0.009896286035266771,-0.005115981532137646,0.0,-0.008712957581027081,0.005812653885916888,0.00976363478392067,-0.0027960827323842714,-0.006308538550243005,-0.009465566689554812,-0.005986781480973494,0.003926150842053098,0.00599656516320389,0.015776260990583723,0.003985986759475656,0.011734730197091219,-0.0014323130515423454,0.0,agent95,-0.8605875638872683
-0.6275931191016648,-0.0026664287770393814,-0.0034941879669720117,-0.011413243640813368,-0.007531799920151299,-0.004738472434314731,-0.004690674327780978,-0.005024465249197551,0.005809204748169059,0.007998554159818715,-0.004934570181258116,-0.009184152536455811,0.0,-0.00504820748138735,-0.009730946183779388,0.005995893171507842,-0.00677442190332684,1,0.003990818608045546,-0.004055063192448193,-0.010149041997916202,0.011316227657553838,-0.007422313456716878,0.007867880943812862,-0.005494695480645849,-0.002066875058626925,-0.0037628647590306416,0.0019661035390866432,0.01196948348857946,0.00798695371792094,0.00934844950860852,0.011950460621664825,-0.008770149850015447,0.005999971980909008,-0.004749431032118577,0.007986758799561684,-0.0036937049134141793,-0.0035922993708557617,-0.007100135776272721,0.011121671526352794,0.009386296759441854,-0.007475354419601976,0.001931310583965519,0.011859143180198555,0.0075481529680659475,0.009958490982963777,-0.005276177792597937,-0.01236306906531392,0.013825043934343285,0.011999936146937736,0.007890106429863025,-0.009439378311855132,0.015812567556168652,0.0038712539005597854,-0.005908677232322095,0.0039921269162198295,-0.006081248441661529,0.011996652724109023,0.0019666016016328604,-0.00317979025541052,0.013735029044616506,-0.007682295677241903,-0.010019602215367698,0.01399013828018724,-0.0064094297366529066,-0.005080607542341574,0.011763417012592078,0.01114840555266102,-0.0010993203839379146,0.01171361837912823,-0.0010572119212754504,0.003969886646095247,0.00790942510447883,0.005839473641920077,0.009996028021793897,0.005882932747509865,-0.0035572018837961043,-0.003849547555969327,-0.0024644369049895663,-0.005694693295410416,-0.002233533791395238,-0.0032851239147910468,0.009980483716896095,-0.006883790146906984,0.009896286035266771,-0.005115981532137646,0.0,-0.008712957581027081,0.005812653885916888,0.00976363478392067,-0.0027960827323842714,-0.006308538550243005,-0.009465566689554812,-0.005986781480973494,0.003926150842053098,0.00599656516320389,0.015776260990583723,0.003985986759475656,0.011734730197091219,-0.0014323130515423454,0.0,agent39,-1
-0.6285950852052039,-0.0026664287770393814,-0.0034941879669720117,-0.011413243640813368,-0.007531799920151299,-0.004738472434314731,-0.004690674327780978,-0.005024465249197551,0.005809204748169059,0.007998554159818715,-0.004934570181258116,-0.009184152536455811,0.0,-0.00504820748138735,-0.009730946183779388,0.005995893171507842,-0.00677442190332684,1,0.003990818608045546,-0.004055063192448193,-0.010149041997916202,0.011316227657553838,-0.007422313456716878,0.007867880943812862,-0.005494695480645849,-0.002066875058626925,-0.0037628647590306416,0.0039330079358332465,0.01196948348857946,0.00798695371792094,0.00934844950860852,0.011950460621664825,-0.008770149850015447,0.005999971980909008,-0.004749431032118577,0.007986758799561684,-0.0036937049134141793,-0.0035922993708557617,-0.007100135776272721,0.011121671526352794,0.009386296759441854,-0.007475354419601976,0.001931310583965519,0.011859143180198555,0.0075481529680659475,0.009958490982963777,-0.005276177792597937,-0.01236306906531392,0.013825043934343285,0.011999936146937736,0.007890106429863025,-0.009439378311855132,0.015812567556168652,0.0038712539005597854,-0.005908677232322095,0.0039921269162198295,-0.006081248441661529,0.011996652724109023,0.0019666016016328604,-0.00317979025541052,0.013735029044616506,-0.007682295677241903,-0.010019602215367698,0.01399013828018724,-0.0064094297366529066,-0.005080607542341574,0.011763417012592078,0.01114840555266102,-0.0010993203839379146,0.01171361837912823,-0.0010572119212754504,0.003969886646095247,0.00790942510447883,0.005839473641920077,0.009996028021793897,0.005882932747509865,-0.0035572018837961043,-0.003849547555969327,-0.0024644369049895663,-0.005694693295410416,-0.002233533791395238,-0.0032851239147910468,0.009980483716896095,-0.006883790146906984,0.009896286035266771,-0.005115981532137646,0.0,-0.008712957581027081,0.005812653885916888,0.00976363478392067,-0.0027960827323842714,-0.006308538550243005,-0.009465566689554812,-0.005986781480973494,0.003926150842053098,0.00599656516320389,0.015776260990583723,0.003985986759475656,0.011734730197091219,-0.0014323130515423454,0.0,agent26,-0.3703166015047561
-0.6296069443483842,-0.0026664287770393814,-0.0034941879669720117,-0.011413243640813368,-0.007531799920151299,-0.004738472434314731,-0.004690674327780978,-0.005024465249197551,0.005809204748169059,0.007998554159818715,-0.004934570181258116,-0.009184152536455811,0.0,-0.00504820748138735,-0.009730946183779388,0.005995893171507842,-0.00677442190332684,1,0.003990818608045546,-0.004055063192448193,-0.010149041997916202,0.011316227657553838,-0.007422313456716878,0.007867880943812862,-0.005494695480645849,-0.002066875058626925,-0.0037628647590306416,0.0039330079358332465,0.01196948348857946,0.00798695371792094,0.00934844950860852,0.011950460621664825,-0.008770149850015447,0.005999971980909008,-0.004749431032118577,0.007986758799561684,-0.0036937049134141793,-0.0035922993708557617,-0.007100135776272721,0.011121671526352794,0.009386296759441854,-0.007475354419601976,0.001931310583965519,0.013836045394427619,0.0075481529680659475,0.009958490982963777,-0.005276177792597937,-0.01236306906531392,0.013825043934343285,0.011999936146937736,0.007890106429863025,-0.009439378311855132,0.015812567556168652,0.0038712539005597854,-0.005908677232322095,0.0039921269162198295,-0.006081248441661529,0.011996652724109023,0.0019666016016328604,-0.00317979025541052,0.013735029044616506,-0.007682295677241903,-0.010019602215367698,0.01399013828018724,-0.0064094297366529066,-0.005080607542341574,0.011763417012592078,0.01114840555266102,-0.0010993203839379146,0.01171361837912823,-0.0010572119212754504,0.003969886646095247,0.00790942510447883,0.005839473641920077,0.009996028021793897,0.005882932747509865,-0.0035572018837961043,-0.003849547555969327,-0.0024644369049895663,-0.005694693295410416,-0.002233533791395238,-0.0032851239147910468,0.009980483716896095,-0.006883790146906984,0.009896286035266771,-0.005115981532137646,0.0,-0.008712957581027081,0.005812653885916888,0.00976363478392067,-0.0027960827323842714,-0.006308538550243005,-0.009465566689554812,-0.005986781480973494,0.003926150842053098,0.00599656516320389,0.015776260990583723,0.003985986759475656,0.011734730197091219,-0.0014323130515423454,0.0,agent42,-0.8435266360344637
-0.6306083766614357,-0.0026664287770393814,-0.0034941879669720117,-0.011413243640813368,-0.007531799920151299,-0.004738472434314731,-0.004690674327780978,-0.005024465249197551,0.005809204748169059,0.007998554159818715,-0.004934570181258116,-0.009184152536455811,0.0,-0.00504820748138735,-0.009730946183779388,0.005995893171507842,-0.00677442190332684,1,0.003990818608045546,-0.004055063192448193,-0.010149041997916202,0.011316227657553838,-0.007422313456716878,0.007867880943812862,-0.005494695480645849,-0.002066875058626925,-0.0037628647590306416,0.0039330079358332465,0.01196948348857946,0.00798695371792094,0.00934844950860852,0.011950460621664825,-0.008770149850015447,0.005999971980909008,-0.004749431032118577,0.007986758799561684,-0.0036937049134141793,-0.0035922993708557617,-0.007100135776272721,0.011121671526352794,0.009386296759441854,-0.007475354419601976,0.001931310583965519,0.013836045394427619,0.0075481529680659475,0.009958490982963777,-0.005276177792597937,-0.01236306906531392,0.013825043934343285,0.011999936146937736,0.007890106429863025,-0.009439378311855132,0.015812567556168652,0.0038712539005597854,-0.005908677232322095,0.0039921269162198295,-0.006081248441661529,0.011996652724109023,0.0019666016016328604,-0.00317979025541052,0.013735029044616506,-0.007682295677241903,-0.010019602215367698,0.01399013828018724,-0.0064094297366529066,-0.005080607542341574,0.011763417012592078,0.01114840555266102,-0.0010993203839379146,0.01171361837912823,-0.0010572119212754504,0.003969886646095247,0.00790942510447883,0.005839473641920077,0.009996028021793897,0.005882932747509865,-0.0035572018837961043,-0.003849547555969327,-0.0024644369049895663,-0.005694693295410416,-0.002233533791395238,-0.0032851239147910468,0.009980483716896095,-0.006883790146906984,0.009896286035266771,-0.005115981532137646,0.0,-0.008712957581027081,0.005812653885916888,0.00976363478392067,-0.0027960827323842714,-0.006308538550243005,-0.009465566689554812,-0.005986781480973494,0.003926150842053098,0.00599656516320389,0.015776260990583723,0.003985986759475656,0.011734730197091219,-0.002476805598638783,0.0,agent98,0.7527876830309056
-0.631615151083339,-0.0026664287770393814,-0.0034941879669720117,-0.011413243640813368,-0.007531799920151299,-0.004738472434314731,-0.004690674327780978,-0.005024465249197551,0.005809204748169059,0.007998554159818715,-0.004934570181258116,-0.009184152536455811,0.0,-0.00504820748138735,-0.009730946183779388,0.005995893171507842,-0.007444980064307619,1,0.003990818608045546,-0.004055063192448193,-0.010149041997916202,0.011316227657553838,-0.007422313456716878,0.007867880943812862,-0.005494695480645849,-0.002066875058626925,-0.0037628647590306416,0.0039330079358332465,0.01196948348857946,0.00798695371792094,0.00934844950860852,0.011950460621664825,-0.008770149850015447,0.005999971980909008,-0.004749431032118577,0.007986758799561684,-0.0036937049134141793,-0.0035922993708557617,-0.007100135776272721,0.011121671526352794,0.009386296759441854,-0.007475354419601976,0.001931310583965519,0.013836045394427619,0.0075481529680659475,0.009958490982963777,-0.005276177792597937,-0.01236306906531392,0.013825043934343285,0.011999936146937736,0.007890106429863025,-0.009439378311855132,0.015812567556168652,0.0038712539005597854,-0.005908677232322095,0.0039921269162198295,-0.006081248441661529,0.011996652724109023,0.0019666016016328604,-0.00317979025541052,0.013735029044616506,-0.007682295677241903,-0.010019602215367698,0.01399013828018724,-0.0064094297366529066,-0.005080607542341574,0.011763417012592078,0.01114840555266102,-0.0010993203839379146,0.01171361837912823,-0.0010572119212754504,0.003969886646095247,0.00790942510447883,0.005839473641920077,0.009996028021793897,0.005882932747509865,-0.0035572018837961043,-0.003849547555969327,-0.0024644369049895663,-0.005694693295410416,-0.002233533791395238,-0.0032851239147910468,0.009980483716896095,-0.006883790146906984,0.009896286035266771,-0.005115981532137646,0.0,-0.008712957581027081,0.005812653885916888,0.00976363478392067,-0.0027960827323842714,-0.006308538550243005,-0.009465566689554812,-0.005986781480973494,0.003926150842053098,0.00599656516320389,0.015776260990583723,0.003985986759475656,0.011734730197091219,-0.002476805598638783,0.0,agent15,1
-0.6326172179583976,-0.0026664287770393814,-0.0034941879669720117,-0.011413243640813368,-0.007531799920151299,-0.004738472434314731,-0.004690674327780978,-0.005024465249197551,0.005809204748169059,0.007998554159818715,-0.004934570181258116,-0.009184152536455811,0.0,-0.00504820748138735,-0.009730946183779388,0.005995893171507842,-0.007444980064307619,1,0.003990818608045546,-0.004055063192448193,-0.010149041997916202,0.011316227657553838,-0.007422313456716878,0.007867880943812862,-0.005494695480645849,-0.002735791058004571,-0.0037628647590306416,0.0039330079358332465,0.01196948348857946,0.00798695371792094,0.00934844950860852,0.011950460621664825,-0.008770149850015447,0.005999971980909008,-0.004749431032118577,0.007986758799561684,-0.0036937049134141793,-0.0035922993708557617,-0.007100135776272721,0.011121671526352794,0.009386296759441854,-0.007475354419601976,0.001931310583965519,0.013836045394427619,0.0075481529680659475,0.009958490982963777,-0.005276177792597937,-0.01236306906531392,0.013825043934343285,0.011999936146937736,0.007890106429863025,-0.009439378311855132,0.015812567556168652,0.0038712539005597854,-0.005908677232322095,0.0039921269162198295,-0.006081248441661529,0.011996652724109023,0.0019666016016328604,-0.00317979025541052,0.013735029044616506,-0.007682295677241903,-0.010019602215367698,0.01399013828018724,-0.0064094297366529066,-0.005080607542341574,0.011763417012592078,0.01114840555266102,-0.0010993203839379146,0.01171361837912823,-0.0010572119212754504,0.003969886646095247,0.00790942510447883,0.005839473641920077,0.009996028021793897,0.005882932747509865,-0.0035572018837961043,-0.003849547555969327,-0.0024644369049895663,-0.005694693295410416,-0.002233533791395238,-0.0032851239147910468,0.009980483716896095,-0.006883790146906984,0.009896286035266771,-0.005115981532137646,0.0,-0.008712957581027081,0.005812653885916888,0.00976363478392067,-0.0027960827323842714,-0.006308538550243005,-0.009465566689554812,-0.005986781480973494,0.003926150842053098,0.00599656516320389,0.015776260990583723,0.003985986759475656,0.011734730197091219,-0.002476805598638783,0.0,agent24,1
-0.6336231266356299,-0.0026664287770393814,-0.0034941879669720117,-0.011413243640813368,-0.007531799920151299,-0.004738472434314731,-0.004690674327780978,-0.005024465249197551,0.005809204748169059,0.007998554159818715,-0.004934570181258116,-0.009184152536455811,0.0,-0.00504820748138735,-0.009730946183779388,0.005995893171507842,-0.007444980064307619,1,0.003990818608045546,-0.004055063192448193,-0.010149041997916202,0.011316227657553838,-0.007422313456716878,0.007867880943812862,-0.005494695480645849,-0.002735791058004571,-0.0037628647590306416,0.0039330079358332465,0.01196948348857946,0.00798695371792094,0.00934844950860852,0.011950460621664825,-0.008770149850015447,0.005999971980909008,-0.004749431032118577,0.007986758799561684,-0.0036937049134141793,-0.0035922993708557617,-0.007100135776272721,0.011121671526352794,0.009386296759441854,-0.007475354419601976,0.001931310583965519,0.013836045394427619,0.0075481529680659475,0.009958490982963777,-0.005276177792597937,-0.01236306906531392,0.013825043934343285,0.011999936146937736,0.007890106429863025,-0.009439378311855132,0.015812567556168652,0.0038712539005597854,-0.006760690317707775,0.0039921269162198295,-0.006081248441661529,0.011996652724109023,0.0019666016016328604,-0.00317979025541052,0.013735029044616506,-0.007682295677241903,-0.010019602215367698,0.01399013828018724,-0.0064094297366529066,-0.005080607542341574,0.011763417012592078,0.01114840555266102,-0.0010993203839379146,0.01171361837912823,-0.0010572119212754504,0.003969886646095247,0.00790942510447883,0.005839473641920077,0.009996028021793897,0.005882932747509865,-0.0035572018837961043,-0.003849547555969327,-0.0024644369049895663,-0.005694693295410416,-0.002233533791395238,-0.0032851239147910468,0.009980483716896095,-0.006883790146906984,0.009896286035266771,-0.005115981532137646,0.0,-0.008712957581027081,0.005812653885916888,0.00976363478392067,-0.0027960827323842714,-0.006308538550243005,-0.009465566689554812,-0.005986781480973494,0.003926150842053098,0.00599656516320389,0.015776260990583723,0.003985986759475656,0.011734730197091219,-0.002476805598638783,0.0,agent53,0.8826299002466299
-0.6346325129323893,-0.0026664287770393814,-0.0034941879669720117,-0.011413243640813368,-0.007531799920151299,-0.004738472434314731,-0.004690674327780978,-0.005024465249197551,0.005809204748169059,0.007998554159818715,-0.004934570181258116,-0.009184152536455811,0.0,-0.00504820748138735,-0.009730946183779388,0.005995893171507842,-0.007444980064307619,1,0.003990818608045546,-0.004055063192448193,-0.010149041997916202,0.011316227657553838,-0.007422313456716878,0.007867880943812862,-0.005494695480645849,-0.002735791058004571,-0.0037628647590306416,0.0039330079358332465,0.01196948348857946,0.00798695371792094,0.00934844950860852,0.011950460621664825,-0.008770149850015447,0.005999971980909008,-0.004749431032118577,0.007986758799561684,-0.0036937049134141793,-0.0035922993708557617,-0.007100135776272721,0.011121671526352794,0.011319180752773729,-0.007475354419601976,0.001931310583965519,0.013836045394427619,0.0075481529680659475,0.009958490982963777,-0.005276177792597937,-0.01236306906531392,0.013825043934343285,0.011999936146937736,0.007890106429863025,-0.009439378311855132,0.015812567556168652,0.0038712539005597854,-0.006760690317707775,0.0039921269162198295,-0.006081248441661529,0.011996652724109023,0.0019666016016328604,-0.00317979025541052,0.013735029044616506,-0.007682295677241903,-0.010019602215367698,0.01399013828018724,-0.0064094297366529066,-0.005080607542341574,0.011763417012592078,0.01114840555266102,-0.0010993203839379146,0.01171361837912823,-0.0010572119212754504,0.003969886646095247,0.00790942510447883,0.005839473641920077,0.009996028021793897,0.005882932747509865,-0.0035572018837961043,-0.003849547555969327,-0.0024644369049895663,-0.005694693295410416,-0.002233533791395238,-0.0032851239147910468,0.009980483716896095,-0.006883790146906984,0.009896286035266771,-0.005115981532137646,0.0,-0.008712957581027081,0.005812653885916888,0.00976363478392067,-0.0027960827323842714,-0.006308538550243005,-0.009465566689554812,-0.005986781480973494,0.003926150842053098,0.00599656516320389,0.015776260990583723,0.003985986759475656,0.011734730197091219,-0.002476805598638783,0.0,agent39,-1
-0.6356439261760302,-0.0026664287770393814,-0.0034941879669720117,-0.012389356497889534,-0.007531799920151299,-0.004738472434314731,-0.004690674327780978,-0.005024465249197551,0.005809204748169059,0.007998554159818715,-0.004934570181258116,-0.009184152536455811,0.0,-0.00504820748138735,-0.009730946183779388,0.005995893171507842,-0.007444980064307619,1,0.003990818608045546,-0.004055063192448193,-0.010149041997916202,0.011316227657553838,-0.007422313456716878,0.007867880943812862,-0.005494695480645849,-0.002735791058004571,-0.0037628647590306416,0.0039330079358332465,0.01196948348857946,0.00798695371792094,0.00934844950860852,0.011950460621664825,-0.008770149850015447,0.005999971980909008,-0.004749431032118577,0.007986758799561684,-0.0036937049134141793,-0.0035922993708557617,-0.007100135776272721,0.011121671526352794,0.011319180752773729,-0.007475354419601976,0.001931310583965519,0.013836045394427619,0.0075481529680659475,0.009958490982963777,-0.005276177792597937,-0.01236306906531392,0.013825043934343285,0.011999936146937736,0.007890106429863025,-0.009439378311855132,0.015812567556168652,0.0038712539005597854,-0.006760690317707775,0.0039921269162198295,-0.006081248441661529,0.011996652724109023,0.0019666016016328604,-0.00317979025541052,0.013735029044616506,-0.007682295677241903,-0.010019602215367698,0.01399013828018724,-0.0064094297366529066,-0.005080607542341574,0.011763417012592078,0.01114840555266102,-0.0010993203839379146,0.01171361837912823,-0.0010572119212754504,0.003969886646095247,0.00790942510447883,0.005839473641920077,0.009996028021793897,0.005882932747509865,-0.0035572018837961043,-0.003849547555969327,-0.0024644369049895663,-0.005694693295410416,-0.002233533791395238,-0.0032851239147910468,0.009980483716896095,-0.006883790146906984,0.009896286035266771,-0.005115981532137646,0.0,-0.008712957581027081,0.005812653885916888,0.00976363478392067,-0.0027960827323842714,-0.006308538550243005,-0.009465566689554812,-0.005986781480973494,0.003926150842053098,0.00599656516320389,0.015776260990583723,0.003985986759475656,0.011734730197091219,-0.002476805598638783,0.0,agent2,0.7963721292151008
-0.636647483377914,-0.0026664287770393814,-0.0034941879669720117,-0.012389356497889534,-0.007531799920151299,-0.004738472434314731,-0.004690674327780978,-0.005024465249197551,0.005809204748169059,0.007998554159818715,-0.004934570181258116,-0.009184152536455811,0.0,-0.00504820748138735,-0.009730946183779388,0.005995893171507842,-0.007444980064307619,1,0.003990818608045546,-0.004055063192448193,-0.010149041997916202,0.011316227657553838,-0.007422313456716878,0.007867880943812862,-0.005494695480645849,-0.002735791058004571,-0.0037628647590306416,0.0039330079358332465,0.01196948348857946,0.00798695371792094,0.00934844950860852,0.011950460621664825,-0.008770149850015447,0.005999971980909008,-0.004749431032118577,0.007986758799561684,-0.0036937049134141793,-0.0035922993708557617,-0.007100135776272721,0.011121671526352794,0.011319180752773729,-0.007475354419601976,0.001931310583965519,0.013836045394427619,0.0075481529680659475,0.009958490982963777,-0.005276177792597937,-0.01236306906531392,0.013825043934343285,0.011999936146937736,0.007890106429863025,-0.009439378311855132,0.015812567556168652,0.0038712539005597854,-0.006760690317707775,0.0039921269162198295,-0.006081248441661529,0.011996652724109023,0.0019666016016328604,-0.00317979025541052,0.013735029044616506,-0.007682295677241903,-0.010019602215367698,0.01399013828018724,-0.0064094297366529066,-0.005080607542341574,0.011763417012592078,0.01114840555266102,-0.0010993203839379146,0.01171361837912823,-0.0010572119212754504,0.003969886646095247,0.00790942510447883,0.005839473641920077,0.009996028021793897,0.005882932747509865,-0.004219536357177835,-0.003849547555969327,-0.0024644369049895663,-0.005694693295410416,-0.002233533791395238,-0.0032851239147910468,0.009980483716896095,-0.006883790146906984,0.009896286035266771,-0.005115981532137646,0.0,-0.008712957581027081,0.005812653885916888,0.00976363478392067,-0.0027960827323842714,-0.006308538550243005,-0.009465566689554812,-0.005986781480973494,0.003926150842053098,0.00599656516320389,0.015776260990583723,0.003985986759475656,0.011734730197091219,-0.002476805598638783,0.0,agent75,1
-0.6376510756772849,-0.0026664287770393814,-0.0034941879669720117,-0.012389356497889534,-0.007531799920151299,-0.004738472434314731,-0.004690674327780978,-0.005024465249197551,0.005809204748169059,0.007998554159818715,-0.004934570181258116,-0.009184152536455811,0.0,-0.00504820748138735,-0.009730946183779388,0.005995893171507842,-0.007444980064307619,1,0.003990818608045546,-0.004055063192448193,-0.010149041997916202,0.011316227657553838,-0.007422313456716878,0.007867880943812862,-0.005494695480645849,-0.002735791058004571,-0.0037628647590306416,0.0039330079358332465,0.01196948348857946,0.00798695371792094,0.00934844950860852,0.011950460621664825,-0.008770149850015447,0.005999971980909008,-0.004749431032118577,0.007986758799561684,-0.0036937049134141793,-0.004950862057809325,-0.007100135776272721,0.011121671526352794,0.011319180752773729,-0.007475354419601976,0.001931310583965519,0.013836045394427619,0.0075481529680659475,0.009958490982963777,-0.005276177792597937,-0.01236306906531392,0.013825043934343285,0.011999936146937736,0.007890106429863025,-0.009439378311855132,0.015812567556168652,0.0038712539005597854,-0.006760690317707775,0.0039921269162198295,-0.006081248441661529,0.011996652724109023,0.0019666016016328604,-0.00317979025541052,0.013735029044616506,-0.007682295677241903,-0.010019602215367698,0.01399013828018724,-0.0064094297366529066,-0.005080607542341574,0.011763417012592078,0.01114840555266102,-0.0010993203839379146,0.01171361837912823,-0.0010572119212754504,0.003969886646095247,0.00790942510447883,0.005839473641920077,0.009996028021793897,0.005882932747509865,-0.004219536357177835,-0.003849547555969327,-0.0024644369049895663,-0.005694693295410416,-0.002233533791395238,-0.0032851239147910468,0.009980483716896095,-0.006883790146906984,0.009896286035266771,-0.005115981532137646,0.0,-0.008712957581027081,0.005812653885916888,0.00976363478392067,-0.0027960827323842714,-0.006308538550243005,-0.009465566689554812,-0.005986781480973494,0.003926150842053098,0.00599656516320389,0.015776260990583723,0.003985986759475656,0.011734730197091219,-0.002476805598638783,0.0,agent36,0.4959930712963712
-0.6386550678042011,-0.0026664287770393814,-0.0034941879669720117,-0.012389356497889534,-0.007531799920151299,-0.004738472434314731,-0.004690674327780978,-0.005024465249197551,0.005809204748169059,0.007998554159818715,-0.004934570181258116,-0.009184152536455811,0.0,-0.00504820748138735,-0.009730946183779388,0.005995893171507842,-0.007444980064307619,1,0.003990818608045546,-0.004055063192448193,-0.010149041997916202,0.011316227657553838,-0.007422313456716878,0.007867880943812862,-0.005494695480645849,-0.002735791058004571,-0.0037628647590306416,0.0039330079358332465,0.01196948348857946,0.00798695371792094,0.00934844950860852,0.011950460621664825,-0.008770149850015447,0.005999971980909008,-0.004749431032118577,0.007986758799561684,-0.0036937049134141793,-0.004950862057809325,-0.007100135776272721,0.011121671526352794,0.011319180752773729,-0.007475354419601976,0.001931310583965519,0.013836045394427619,0.0075481529680659475,0.009958490982963777,-0.005276177792597937,-0.01236306906531392,0.013825043934343285,0.011999936146937736,0.007890106429863025,-0.009439378311855132,0.015812567556168652,0.0038712539005597854,-0.006760690317707775,0.005988325713402759,-0.006081248441661529,0.011996652724109023,0.0019666016016328604,-0.00317979025541052,0.013735029044616506,-0.007682295677241903,-0.010019602215367698,0.01399013828018724,-0.0064094297366529066,-0.005080607542341574,0.011763417012592078,0.01114840555266102,-0.0010993203839379146,0.01171361837912823,-0.0010572119212754504,0.003969886646095247,0.00790942510447883,0.005839473641920077,0.009996028021793897,0.005882932747509865,-0.004219536357177835,-0.003849547555969327,-0.0024644369049895663,-0.005694693295410416,-0.002233533791395238,-0.0032851239147910468,0.009980483716896095,-0.006883790146906984,0.009896286035266771,-0.005115981532137646,0.0,-0.008712957581027081,0.005812653885916888,0.00976363478392067,-0.0027960827323842714,-0.006308538550243005,-0.009465566689554812,-0.005986781480973494,0.003926150842053098,0.00599656516320389,0.015776260990583723,0.003985986759475656,0.011734730197091219,-0.002476805598638783,0.0,agent54,-0.5504593006400641
-0.6396637807617821,-0.0026664287770393814,-0.0034941879669720117,-0.012389356497889534,-0.007531799920151299,-0.004738472434314731,-0.004690674327780978,-0.005024465249197551,0.005809204748169059,0.007998554159818715,-0.004934570181258116,-0.009184152536455811,0.0,-0.00504820748138735,-0.009730946183779388,0.005995893171507842,-0.007444980064307619,1,0.003990818608045546,-0.004055063192448193,-0.010149041997916202,0.011316227657553838,-0.007422313456716878,0.007867880943812862,-0.005494695480645849,-0.002735791058004571,-0.0037628647590306416,0.0039330079358332465,0.01196948348857946,0.00798695371792094,0.00934844950860852,0.011950460621664825,-0.008770149850015447,0.005999971980909008,-0.004749431032118577,0.007986758799561684,-0.0036937049134141793,-0.004950862057809325,-0.007100135776272721,0.011121671526352794,0.011319180752773729,-0.007475354419601976,0.001931310583965519,0.013836045394427619,0.0075481529680659475,0.009958490982963777,-0.005276177792597937,-0.01236306906531392,0.013825043934343285,0.011999936146937736,0.007890106429863025,-0.009439378311855132,0.015812567556168652,0.0038712539005597854,-0.006760690317707775,0.005988325713402759,-0.006081248441661529,0.011996652724109023,0.0019666016016328604,-0.00317979025541052,0.013735029044616506,-0.007682295677241903,-0.010019602215367698,0.01399013828018724,-0.0064094297366529066,-0.005080607542341574,0.011763417012592078,0.01114840555266102,-0.0010993203839379146,0.01171361837912823,-0.0010572119212754504,0.003969886646095247,0.00790942510447883,0.005839473641920077,0.009996028021793897,0.005882932747509865,-0.004219536357177835,-0.003849547555969327,-0.0024644369049895663,-0.005694693295410416,-0.002233533791395238,-0.0032851239147910468,0.009980483716896095,-0.006883790146906984,0.009896286035266771,-0.005115981532137646,0.0,-0.009920885873896449,0.005812653885916888,0.00976363478392067,-0.0027960827323842714,-0.006308538550243005,-0.009465566689554812,-0.005986781480973494,0.003926150842053098,0.00599656516320389,0.015776260990583723,0.003985986759475656,0.011734730197091219,-0.002476805598638783,0.0,agent86,0.6199725237657844
-0.6406776168071765,-0.0026664287770393814,-0.0034941879669720117,-0.012389356497889534,-0.007531799920151299,-0.004738472434314731,-0.004690674327780978,-0.005024465249197551,0.005809204748169059,0.007998554159818715,-0.004934570181258116,-0.009184152536455811,0.0,-0.00504820748138735,-0.009730946183779388,0.005995893171507842,-0.007444980064307619,1,0.003990818608045546,-0.004055063192448193,-0.010149041997916202,0.011316227657553838,-0.007422313456716878,0.007867880943812862,-0.005494695480645849,-0.002735791058004571,-0.0037628647590306416,0.0039330079358332465,0.01196948348857946,0.00798695371792094,0.00934844950860852,0.011950460621664825,-0.008770149850015447,0.005999971980909008,-0.004749431032118577,0.007986758799561684,-0.0036937049134141793,-0.004950862057809325,-0.007100135776272721,0.011121671526352794,0.011319180752773729,-0.007475354419601976,0.001931310583965519,0.01581316638926225,0.0075481529680659475,0.009958490982963777,-0.005276177792597937,-0.01236306906531392,0.013825043934343285,0.011999936146937736,0.007890106429863025,-0.009439378311855132,0.015812567556168652,0.0038712539005597854,-0.006760690317707775,0.005988325713402759,-0.006081248441661529,0.011996652724109023,0.0019666016016328604,-0.00317979025541052,0.013735029044616506,-0.007682295677241903,-0.010019602215367698,0.01399013828018724,-0.0064094297366529066,-0.005080607542341574,0.011763417012592078,0.01114840555266102,-0.0010993203839379146,0.01171361837912823,-0.0010572119212754504,0.003969886646095247,0.00790942510447883,0.005839473641920077,0.009996028021793897,0.005882932747509865,-0.004219536357177835,-0.003849547555969327,-0.0024644369049895663,-0.005694693295410416,-0.002233533791395238,-0.0032851239147910468,0.009980483716896095,-0.006883790146906984,0.009896286035266771,-0.005115981532137646,0.0,-0.009920885873896449,0.005812653885916888,0.00976363478392067,-0.0027960827323842714,-0.006308538550243005,-0.009465566689554812,-0.005986781480973494,0.003926150842053098,0.00599656516320389,0.015776260990583723,0.003985986759475656,0.011734730197091219,-0.002476805598638783,0.0,agent42,-0.8535750014369419
-0.6416807965974319,-0.0026664287770393814,-0.0034941879669720117,-0.012389356497889534,-0.007531799920151299,-0.004738472434314731,-0.004690674327780978,-0.005024465249197551,0.005809204748169059,0.007998554159818715,-0.004934570181258116,-0.009184152536455811,0.0,-0.00504820748138735,-0.009730946183779388,0.005995893171507842,-0.007444980064307619,1,0.003990818608045546,-0.004055063192448193,-0.010149041997916202,0.011316227657553838,-0.007422313456716878,0.007867880943812862,-0.005494695480645849,-0.002735791058004571,-0.0037628647590306416,0.0039330079358332465,0.01196948348857946,0.00798695371792094,0.00934844950860852,0.011950460621664825,-0.008770149850015447,0.005999971980909008,-0.004749431032118577,0.007986758799561684,-0.0036937049134141793,-0.004950862057809325,-0.007100135776272721,0.011121671526352794,0.011319180752773729,-0.007475354419601976,0.001931310583965519,0.01581316638926225,0.0075481529680659475,0.009958490982963777,-0.005276177792597937,-0.01236306906531392,0.013825043934343285,0.011999936146937736,0.007890106429863025,-0.009439378311855132,0.015812567556168652,0.0038712539005597854,-0.006760690317707775,0.005988325713402759,-0.006081248441661529,0.011996652724109023,0.0019666016016328604,-0.004029613224933085,0.013735029044616506,-0.007682295677241903,-0.010019602215367698,0.01399013828018724,-0.0064094297366529066,-0.005080607542341574,0.011763417012592078,0.01114840555266102,-0.0010993203839379146,0.01171361837912823,-0.0010572119212754504,0.003969886646095247,0.00790942510447883,0.005839473641920077,0.009996028021793897,0.005882932747509865,-0.004219536357177835,-0.003849547555969327,-0.0024644369049895663,-0.005694693295410416,-0.002233533791395238,-0.0032851239147910468,0.009980483716896095,-0.006883790146906984,0.009896286035266771,-0.005115981532137646,0.0,-0.009920885873896449,0.005812653885916888,0.00976363478392067,-0.0027960827323842714,-0.006308538550243005,-0.009465566689554812,-0.005986781480973494,0.003926150842053098,0.00599656516320389,0.015776260990583723,0.003985986759475656,0.011734730197091219,-0.002476805598638783,0.0,agent58,0.8760141979511383
-0.6426867965694129,-0.0026664287770393814,-0.0034941879669720117,-0.012389356497889534,-0.007531799920151299,-0.004738472434314731,-0.004690674327780978,-0.005024465249197551,0.005809204748169059,0.007998554159818715,-0.004934570181258116,-0.009184152536455811,0.0,-0.00504820748138735,-0.009730946183779388,0.005995893171507842,-0.007444980064307619,1,0.003990818608045546,-0.004055063192448193,-0.010149041997916202,0.011316227657553838,-0.007422313456716878,0.007867880943812862,-0.005494695480645849,-0.002735791058004571,-0.0037628647590306416,0.0039330079358332465,0.01196948348857946,0.00798695371792094,0.00934844950860852,0.011950460621664825,-0.008770149850015447,0.007999961255692457,-0.004749431032118577,0.007986758799561684,-0.0036937049134141793,-0.004950862057809325,-0.007100135776272721,0.011121671526352794,0.011319180752773729,-0.007475354419601976,0.001931310583965519,0.01581316638926225,0.0075481529680659475,0.009958490982963777,-0.005276177792597937,-0.01236306906531392,0.013825043934343285,0.011999936146937736,0.007890106429863025,-0.009439378311855132,0.015812567556168652,0.0038712539005597854,-0.006760690317707775,0.005988325713402759,-0.006081248441661529,0.011996652724109023,0.0019666016016328604,-0.004029613224933085,0.013735029044616506,-0.007682295677241903,-0.010019602215367698,0.01399013828018724,-0.0064094297366529066,-0.005080607542341574,0.011763417012592078,0.01114840555266102,-0.0010993203839379146,0.01171361837912823,-0.0010572119212754504,0.003969886646095247,0.00790942510447883,0.005839473641920077,0.009996028021793897,0.005882932747509865,-0.004219536357177835,-0.003849547555969327,-0.0024644369049895663,-0.005694693295410416,-0.002233533791395238,-0.0032851239147910468,0.009980483716896095,-0.006883790146906984,0.009896286035266771,-0.005115981532137646,0.0,-0.009920885873896449,0.005812653885916888,0.00976363478392067,-0.0027960827323842714,-0.006308538550243005,-0.009465566689554812,-0.005986781480973494,0.003926150842053098,0.00599656516320389,0.015776260990583723,0.003985986759475656,0.011734730197091219,-0.002476805598638783,0.0,agent32,-0.6463122578249701
-0.6436908261826378,-0.0026664287770393814,-0.0034941879669720117,-0.012389356497889534,-0.007531799920151299,-0.004738472434314731,-0.004690674327780978,-0.005024465249197551,0.005809204748169059,0.007998554159818715,-0.004934570181258116,-0.009184152536455811,0.0,-0.00504820748138735,-0.009730946183779388,0.005995893171507842,-0.007444980064307619,1,0.003990818608045546,-0.004055063192448193,-0.010149041997916202,0.011316227657553838,-0.007422313456716878,0.007867880943812862,-0.005494695480645849,-0.002735791058004571,-0.0037628647590306416,0.0039330079358332465,0.01196948348857946,0.00798695371792094,0.00934844950860852,0.011950460621664825,-0.008770149850015447,0.007999961255692457,-0.004749431032118577,0.007986758799561684,-0.0036937049134141793,-0.004950862057809325,-0.007100135776272721,0.011121671526352794,0.011319180752773729,-0.007475354419601976,0.001931310583965519,0.01581316638926225,0.0075481529680659475,0.009958490982963777,-0.005276177792597937,-0.01236306906531392,0.013825043934343285,0.011999936146937736,0.007890106429863025,-0.009439378311855132,0.015812567556168652,0.0038712539005597854,-0.006760690317707775,0.005988325713402759,-0.006081248441661529,0.011996652724109023,0.0019666016016328604,-0.004874861226345985,0.013735029044616506,-0.007682295677241903,-0.010019602215367698,0.01399013828018724,-0.0064094297366529066,-0.005080607542341574,0.011763417012592078,0.01114840555266102,-0.0010993203839379146,0.01171361837912823,-0.0010572119212754504,0.003969886646095247,0.00790942510447883,0.005839473641920077,0.009996028021793897,0.005882932747509865,-0.004219536357177835,-0.003849547555969327,-0.0024644369049895663,-0.005694693295410416,-0.002233533791395238,-0.0032851239147910468,0.009980483716896095,-0.006883790146906984,0.009896286035266771,-0.005115981532137646,0.0,-0.009920885873896449,0.005812653885916888,0.00976363478392067,-0.0027960827323842714,-0.006308538550243005,-0.009465566689554812,-0.005986781480973494,0.003926150842053098,0.00599656516320389,0.015776260990583723,0.003985986759475656,0.011734730197091219,-0.002476805598638783,0.0,agent58,0.8770184370776255
-0.6446919255030218,-0.0026664287770393814,-0.0034941879669720117,-0.012389356497889534,-0.007531799920151299,-0.004738472434314731,-0.004690674327780978,-0.005024465249197551,0.005809204748169059,0.007998554159818715,-0.004934570181258116,-0.009184152536455811,0.0,-0.00504820748138735,-0.009730946183779388,0.005995893171507842,-0.007444980064307619,1,0.003990818608045546,-0.004055063192448193,-0.010149041997916202,0.011316227657553838,-0.007422313456716878,0.007867880943812862,-0.005494695480645849,-0.002735791058004571,-0.0037628647590306416,0.0039330079358332465,0.01196948348857946,0.00798695371792094,0.00934844950860852,0.011950460621664825,-0.008770149850015447,0.007999961255692457,-0.004749431032118577,0.007986758799561684,-0.0036937049134141793,-0.004950862057809325,-0.007100135776272721,0.011121671526352794,0.011319180752773729,-0.007475354419601976,0.001931310583965519,0.01581316638926225,0.0075481529680659475,0.009958490982963777,-0.005276177792597937,-0.01236306906531392,0.013825043934343285,0.011999936146937736,0.007890106429863025,-0.009439378311855132,0.015812567556168652,0.0038712539005597854,-0.006760690317707775,0.005988325713402759,-0.006081248441661529,0.011996652724109023,0.0019666016016328604,-0.004874861226345985,0.013735029044616506,-0.007682295677241903,-0.010019602215367698,0.01399013828018724,-0.0064094297366529066,-0.005080607542341574,0.011763417012592078,0.01114840555266102,-0.002120007197944016,0.01171361837912823,-0.0010572119212754504,0.003969886646095247,0.00790942510447883,0.005839473641920077,0.009996028021793897,0.005882932747509865,-0.004219536357177835,-0.003849547555969327,-0.0024644369049895663,-0.005694693295410416,-0.002233533791395238,-0.0032851239147910468,0.009980483716896095,-0.006883790146906984,0.009896286035266771,-0.005115981532137646,0.0,-0.009920885873896449,0.005812653885916888,0.00976363478392067,-0.0027960827323842714,-0.006308538550243005,-0.009465566689554812,-0.005986781480973494,0.003926150842053098,0.00599656516320389,0.015776260990583723,0.003985986759475656,0.011734730197091219,-0.002476805598638783,0.0,agent67,0.7558185064006779
-0.6456999124567397,-0.0026664287770393814,-0.0034941879669720117,-0.012389356497889534,-0.007531799920151299,-0.004738472434314731,-0.004690674327780978,-0.005024465249197551,0.005809204748169059,0.007998554159818715,-0.004934570181258116,-0.009184152536455811,0.0,-0.00504820748138735,-0.009730946183779388,0.005995893171507842,-0.007444980064307619,1,0.003990818608045546,-0.004055063192448193,-0.010149041997916202,0.011316227657553838,-0.007422313456716878,0.007867880943812862,-0.005494695480645849,-0.002735791058004571,-0.0037628647590306416,0.0039330079358332465,0.01196948348857946,0.009983695060291635,0.00934844950860852,0.011950460621664825,-0.008770149850015447,0.007999961255692457,-0.004749431032118577,0.007986758799561684,-0.0036937049134141793,-0.004950862057809325,-0.007100135776272721,0.011121671526352794,0.011319180752773729,-0.007475354419601976,0.001931310583965519,0.01581316638926225,0.0075481529680659475,0.009958490982963777,-0.005276177792597937,-0.01236306906531392,0.013825043934343285,0.011999936146937736,0.007890106429863025,-0.009439378311855132,0.015812567556168652,0.0038712539005597854,-0.006760690317707775,0.005988325713402759,-0.006081248441661529,0.011996652724109023,0.0019666016016328604,-0.004874861226345985,0.013735029044616506,-0.007682295677241903,-0.010019602215367698,0.01399013828018724,-0.0064094297366529066,-0.005080607542341574,0.011763417012592078,0.01114840555266102,-0.002120007197944016,0.01171361837912823,-0.0010572119212754504,0.003969886646095247,0.00790942510447883,0.005839473641920077,0.009996028021793897,0.005882932747509865,-0.004219536357177835,-0.003849547555969327,-0.0024644369049895663,-0.005694693295410416,-0.002233533791395238,-0.0032851239147910468,0.009980483716896095,-0.006883790146906984,0.009896286035266771,-0.005115981532137646,0.0,-0.009920885873896449,0.005812653885916888,0.00976363478392067,-0.0027960827323842714,-0.006308538550243005,-0.009465566689554812,-0.005986781480973494,0.003926150842053098,0.00599656516320389,0.015776260990583723,0.003985986759475656,0.011734730197091219,-0.002476805598638783,0.0,agent28,-0.5639620347647835
-0.6456999124567397,-0.0026664287770393814,-0.0034941879669720117,-0.012389356497889534,-0.007531799920151299,-0.004738472434314731,-0.004690674327780978,-0.005024465249197551,0.005809204748169059,0.007998554159818715,-0.004934570181258116,-0.009184152536455811,0.0,-0.00504820748138735,-0.009730946183779388,0.005995893171507842,-0.007444980064307619,1,0.003990818608045546,-0.004055063192448193,-0.010149041997916202,0.011316227657553838,-0.007422313456716878,0.007867880943812862,-0.005494695480645849,-0.002735791058004571,-0.0037628647590306416,0.0039330079358332465,0.01196948348857946,0.009983695060291635,0.00934844950860852,0.011950460621664825,-0.008770149850015447,0.007999961255692457,-0.004749431032118577,0.007986758799561684,-0.0036937049134141793,-0.004950862057809325,-0.007100135776272721,0.011121671526352794,0.011319180752773729,-0.007475354419601976,0.001931310583965519,0.01581316638926225,0.0075481529680659475,0.009958490982963777,-0.005276177792597937,-0.01236306906531392,0.013825043934343285,0.011999936146937736,0.007890106429863025,-0.009439378311855132,0.015812567556168652,0.0038712539005597854,-0.006760690317707775,0.005988325713402759,-0.006081248441661529,0.011996652724109023,0.0019666016016328604,-0.004874861226345985,0.013735029044616506,-0.007682295677241903,-0.010019602215367698,0.01399013828018724,-0.0064094297366529066,-0.005080607542341574,0.011763417012592078,0.01114840555266102,-0.002120007197944016,0.01171361837912823,-0.0010572119212754504,0.003969886646095247,0.00790942510447883,0.005839473641920077,0.009996028021793897,0.005882932747509865,-0.004219536357177835,-0.003849547555969327,-0.0024644369049895663,-0.005694693295410416,-0.002233533791395238,-0.0032851239147910468,0.009980483716896095,-0.006883790146906984,0.009896286035266771,-0.005115981532137646,0.0,-0.009920885873896449,0.005812653885916888,0.00976363478392067,-0.0027960827323842714,-0.006308538550243005,-0.009465566689554812,-0.005986781480973494,0.003926150842053098,0.00599656516320389,0.015776260990583723,0.003985986759475656,0.011734730197091219,-0.002476805598638783,0.0,agent16,-0.6456999124567397
-0.6467096760915236,-0.0026664287770393814,-0.0034941879669720117,-0.012389356497889534,-0.007531799920151299,-0.004738472434314731,-0.004690674327780978,-0.005024465249197551,0.005809204748169059,0.007998554159818715,-0.004934570181258116,-0.009184152536455811,0.0,-0.00504820748138735,-0.009730946183779388,0.005995893171507842,-0.007444980064307619,1,0.003990818608045546,-0.004055063192448193,-0.010149041997916202,0.011316227657553838,-0.007422313456716878,0.007867880943812862,-0.005494695480645849,-0.002735791058004571,-0.0037628647590306416,0.0039330079358332465,0.01196948348857946,0.009983695060291635,0.00934844950860852,0.011950460621664825,-0.008770149850015447,0.007999961255692457,-0.004749431032118577,0.007986758799561684,-0.0036937049134141793,-0.004950862057809325,-0.007100135776272721,0.011121671526352794,0.011319180752773729,-0.007475354419601976,0.001931310583965519,0.01581316638926225,0.0075481529680659475,0.009958490982963777,-0.005276177792597937,-0.01236306906531392,0.013825043934343285,0.011999936146937736,0.007890106429863025,-0.009439378311855132,0.015812567556168652,0.0038712539005597854,-0.006760690317707775,0.005988325713402759,-0.006081248441661529,0.011996652724109023,0.0019666016016328604,-0.004874861226345985,0.013735029044616506,-0.007682295677241903,-0.010019602215367698,0.01399013828018724,-0.0064094297366529066,-0.005080607542341574,0.011763417012592078,0.01114840555266102,-0.002120007197944016,0.01171361837912823,-0.0010572119212754504,0.003969886646095247,0.00790942510447883,0.005839473641920077,0.009996028021793897,0.005882932747509865,-0.004219536357177835,-0.003849547555969327,-0.0024644369049895663,-0.005694693295410416,-0.002233533791395238,-0.0032851239147910468,0.009980483716896095,-0.006883790146906984,0.009896286035266771,-0.005115981532137646,0.0,-0.009920885873896449,0.005812653885916888,0.011716399915608789,-0.0027960827323842714,-0.006308538550243005,-0.009465566689554812,-0.005986781480973494,0.003926150842053098,0.00599656516320389,0.015776260990583723,0.003985986759475656,0.011734730197091219,-0.002476805598638783,0.0,agent88,-0.9530592081088481
-0.6477188602440601,-0.0026664287770393814,-0.0034941879669720117,-0.012389356497889534,-0.007531799920151299,-0.004738472434314731,-0.004690674327780978,-0.005024465249197551,0.005809204748169059,0.007998554159818715,-0.004934570181258116,-0.009828326157789086,0.0,-0.00504820748138735,-0.009730946183779388,0.005995893171507842,-0.007444980064307619,1,0.003990818608045546,-0.004055063192448193,-0.010149041997916202,0.011316227657553838,-0.007422313456716878,0.007867880943812862,-0.005494695480645849,-0.002735791058004571,-0.0037628647590306416,0.0039330079358332465,0.01196948348857946,0.009983695060291635,0.00934844950860852,0.011950460621664825,-0.008770149850015447,0.007999961255692457,-0.004749431032118577,0.007986758799561684,-0.0036937049134141793,-0.004950862057809325,-0.007100135776272721,0.011121671526352794,0.011319180752773729,-0.007475354419601976,0.001931310583965519,0.01581316638926225,0.0075481529680659475,0.009958490982963777,-0.005276177792597937,-0.01236306906531392,0.013825043934343285,0.011999936146937736,0.007890106429863025,-0.009439378311855132,0.015812567556168652,0.0038712539005597854,-0.006760690317707775,0.005988325713402759,-0.006081248441661529,0.011996652724109023,0.0019666016016328604,-0.004874861226345985,0.013735029044616506,-0.007682295677241903,-0.010019602215367698,0.01399013828018724,-0.0064094297366529066,-0.005080607542341574,0.011763417012592078,0.01114840555266102,-0.002120007197944016,0.01171361837912823,-0.0010572119212754504,0.003969886646095247,0.00790942510447883,0.005839473641920077,0.009996028021793897,0.005882932747509865,-0.004219536357177835,-0.003849547555969327,-0.0024644369049895663,-0.005694693295410416,-0.002233533791395238,-0.0032851239147910468,0.009980483716896095,-0.006883790146906984,0.009896286035266771,-0.005115981532137646,0.0,-0.009920885873896449,0.005812653885916888,0.011716399915608789,-0.0027960827323842714,-0.006308538550243005,-0.009465566689554812,-0.005986781480973494,0.003926150842053098,0.00599656516320389,0.015776260990583723,0.003985986759475656,0.011734730197091219,-0.002476805598638783,0.0,agent10,1
-0.648729009286058,-0.0026664287770393814,-0.0034941879669720117,-0.012389356497889534,-0.007531799920151299,-0.004738472434314731,-0.004690674327780978,-0.005024465249197551,0.005809204748169059,0.007998554159818715,-0.004934570181258116,-0.009828326157789086,0.0,-0.00504820748138735,-0.009730946183779388,0.005995893171507842,-0.007444980064307619,1,0.003990818608045546,-0.004055063192448193,-0.01079155327671421,0.011316227657553838,-0.007422313456716878,0.007867880943812862,-0.005494695480645849,-0.002735791058004571,-0.0037628647590306416,0.0039330079358332465,0.01196948348857946,0.009983695060291635,0.00934844950860852,0.011950460621664825,-0.008770149850015447,0.007999961255692457,-0.004749431032118577,0.007986758799561684,-0.0036937049134141793,-0.004950862057809325,-0.007100135776272721,0.011121671526352794,0.011319180752773729,-0.007475354419601976,0.001931310583965519,0.01581316638926225,0.0075481529680659475,0.009958490982963777,-0.005276177792597937,-0.01236306906531392,0.013825043934343285,0.011999936146937736,0.007890106429863025,-0.009439378311855132,0.015812567556168652,0.0038712539005597854,-0.006760690317707775,0.005988325713402759,-0.006081248441661529,0.011996652724109023,0.0019666016016328604,-0.004874861226345985,0.013735029044616506,-0.007682295677241903,-0.010019602215367698,0.01399013828018724,-0.0064094297366529066,-0.005080607542341574,0.011763417012592078,0.01114840555266102,-0.002120007197944016,0.01171361837912823,-0.0010572119212754504,0.003969886646095247,0.00790942510447883,0.005839473641920077,0.009996028021793897,0.005882932747509865,-0.004219536357177835,-0.003849547555969327,-0.0024644369049895663,-0.005694693295410416,-0.002233533791395238,-0.0032851239147910468,0.009980483716896095,-0.006883790146906984,0.009896286035266771,-0.005115981532137646,0.0,-0.009920885873896449,0.005812653885916888,0.011716399915608789,-0.0027960827323842714,-0.006308538550243005,-0.009465566689554812,-0.005986781480973494,0.003926150842053098,0.00599656516320389,0.015776260990583723,0.003985986759475656,0.011734730197091219,-0.002476805598638783,0.0,agent19,1
-0.6497328805399586,-0.0026664287770393814,-0.0034941879669720117,-0.012389356497889534,-0.007531799920151299,-0.004738472434314731,-0.004690674327780978,-0.005024465249197551,0.005809204748169059,0.007998554159818715,-0.004934570181258116,-0.009828326157789086,0.0,-0.00504820748138735,-0.009730946183779388,0.005995893171507842,-0.007444980064307619,1,0.003990818608045546,-0.004055063192448193,-0.01079155327671421,0.011316227657553838,-0.007422313456716878,0.007867880943812862,-0.005494695480645849,-0.002735791058004571,-0.0037628647590306416,0.0039330079358332465,0.01196948348857946,0.009983695060291635,0.00934844950860852,0.011950460621664825,-0.008770149850015447,0.007999961255692457,-0.004749431032118577,0.007986758799561684,-0.0036937049134141793,-0.004950862057809325,-0.007100135776272721,0.011121671526352794,0.011319180752773729,-0.007475354419601976,0.001931310583965519,0.01581316638926225,0.0075481529680659475,0.009958490982963777,-0.005276177792597937,-0.01236306906531392,0.013825043934343285,0.011999936146937736,0.007890106429863025,-0.009439378311855132,0.015812567556168652,0.005807623507770993,-0.006760690317707775,0.005988325713402759,-0.006081248441661529,0.011996652724109023,0.0019666016016328604,-0.004874861226345985,0.013735029044616506,-0.007682295677241903,-0.010019602215367698,0.01399013828018724,-0.0064094297366529066,-0.005080607542341574,0.011763417012592078,0.01114840555266102,-0.002120007197944016,0.01171361837912823,-0.0010572119212754504,0.003969886646095247,0.00790942510447883,0.005839473641920077,0.009996028021793897,0.005882932747509865,-0.004219536357177835,-0.003849547555969327,-0.0024644369049895663,-0.005694693295410416,-0.002233533791395238,-0.0032851239147910468,0.009980483716896095,-0.006883790146906984,0.009896286035266771,-0.005115981532137646,0.0,-0.009920885873896449,0.005812653885916888,0.011716399915608789,-0.0027960827323842714,-0.006308538550243005,-0.009465566689554812,-0.005986781480973494,0.003926150842053098,0.00599656516320389,0.015776260990583723,0.003985986759475656,0.011734730197091219,-0.002476805598638783,0.0,agent52,-0.29199271231365254
-0.6507428390309415,-0.0026664287770393814,-0.0034941879669720117,-0.012389356497889534,-0.007531799920151299,-0.004738472434314731,-0.004690674327780978,-0.005024465249197551,0.005809204748169059,0.007998554159818715,-0.004934570181258116,-0.009828326157789086,0.0,-0.00504820748138735,-0.009730946183779388,0.005995893171507842,-0.007444980064307619,1,0.003990818608045546,-0.004055063192448193,-0.01079155327671421,0.011316227657553838,-0.007422313456716878,0.007867880943812862,-0.005494695480645849,-0.002735791058004571,-0.0037628647590306416,0.0039330079358332465,0.01196948348857946,0.009983695060291635,0.00934844950860852,0.011950460621664825,-0.008770149850015447,0.007999961255692457,-0.004749431032118577,0.007986758799561684,-0.0036937049134141793,-0.004950862057809325,-0.007100135776272721,0.011121671526352794,0.011319180752773729,-0.007475354419601976,0.001931310583965519,0.01581316638926225,0.0075481529680659475,0.011950144370661338,-0.005276177792597937,-0.01236306906531392,0.013825043934343285,0.011999936146937736,0.007890106429863025,-0.009439378311855132,0.015812567556168652,0.005807623507770993,-0.006760690317707775,0.005988325713402759,-0.006081248441661529,0.011996652724109023,0.0019666016016328604,-0.004874861226345985,0.013735029044616506,-0.007682295677241903,-0.010019602215367698,0.01399013828018724,-0.0064094297366529066,-0.005080607542341574,0.011763417012592078,0.01114840555266102,-0.002120007197944016,0.01171361837912823,-0.0010572119212754504,0.003969886646095247,0.00790942510447883,0.005839473641920077,0.009996028021793897,0.005882932747509865,-0.004219536357177835,-0.003849547555969327,-0.0024644369049895663,-0.005694693295410416,-0.002233533791395238,-0.0032851239147910468,0.009980483716896095,-0.006883790146906984,0.009896286035266771,-0.005115981532137646,0.0,-0.009920885873896449,0.005812653885916888,0.011716399915608789,-0.0027960827323842714,-0.006308538550243005,-0.009465566689554812,-0.005986781480973494,0.003926150842053098,0.00599656516320389,0.015776260990583723,0.003985986759475656,0.011734730197091219,-0.002476805598638783,0.0,agent44,-0.778935142922936
-0.6517565740599862,-0.0026664287770393814,-0.0034941879669720117,-0.012389356497889534,-0.007531799920151299,-0.004738472434314731,-0.004690674327780978,-0.005024465249197551,0.005809204748169059,0.007998554159818715,-0.004934570181258116,-0.009828326157789086,0.0,-0.00504820748138735,-0.009730946183779388,0.005995893171507842,-0.007444980064307619,1,0.003990818608045546,-0.004055063192448193,-0.01079155327671421,0.011316227657553838,-0.007422313456716878,0.007867880943812862,-0.005494695480645849,-0.002735791058004571,-0.0037628647590306416,0.0039330079358332465,0.01196948348857946,0.009983695060291635,0.00934844950860852,0.011950460621664825,-0.008770149850015447,0.007999961255692457,-0.004749431032118577,0.007986758799561684,-0.0036937049134141793,-0.004950862057809325,-0.007100135776272721,0.011121671526352794,0.011319180752773729,-0.007475354419601976,0.001931310583965519,0.01581316638926225,0.0075481529680659475,0.011950144370661338,-0.005276177792597937,-0.01236306906531392,0.013825043934343285,0.011999936146937736,0.007890106429863025,-0.009439378311855132,0.015812567556168652,0.005807623507770993,-0.006760690317707775,0.005988325713402759,-0.006081248441661529,0.011996652724109023,0.0019666016016328604,-0.004874861226345985,0.01569687623392147,-0.007682295677241903,-0.010019602215367698,0.01399013828018724,-0.0064094297366529066,-0.005080607542341574,0.011763417012592078,0.01114840555266102,-0.002120007197944016,0.01171361837912823,-0.0010572119212754504,0.003969886646095247,0.00790942510447883,0.005839473641920077,0.009996028021793897,0.005882932747509865,-0.004219536357177835,-0.003849547555969327,-0.0024644369049895663,-0.005694693295410416,-0.002233533791395238,-0.0032851239147910468,0.009980483716896095,-0.006883790146906984,0.009896286035266771,-0.005115981532137646,0.0,-0.009920885873896449,0.005812653885916888,0.011716399915608789,-0.0027960827323842714,-0.006308538550243005,-0.009465566689554812,-0.005986781480973494,0.003926150842053098,0.00599656516320389,0.015776260990583723,0.003985986759475656,0.011734730197091219,-0.002476805598638783,0.0,agent59,-0.37450811748046053
-0.6527640494144058,-0.0026664287770393814,-0.0034941879669720117,-0.012389356497889534,-0.007531799920151299,-0.004738472434314731,-0.004690674327780978,-0.005024465249197551,0.005809204748169059,0.007998554159818715,-0.004934570181258116,-0.009828326157789086,0.0,-0.00504820748138735,-0.009730946183779388,0.005995893171507842,-0.007444980064307619,1,0.003990818608045546,-0.004055063192448193,-0.01079155327671421,0.011316227657553838,-0.007422313456716878,0.007867880943812862,-0.005494695480645849,-0.002735791058004571,-0.0037628647590306416,0.0039330079358332465,0.01196948348857946,0.009983695060291635,0.00934844950860852,0.011950460621664825,-0.008770149850015447,0.007999961255692457,-0.004749431032118577,0.007986758799561684,-0.0036937049134141793,-0.004950862057809325,-0.007100135776272721,0.011121671526352794,0.011319180752773729,-0.008615134264561708,0.001931310583965519,0.01581316638926225,0.0075481529680659475,0.011950144370661338,-0.005276177792597937,-0.01236306906531392,0.013825043934343285,0.011999936146937736,0.007890106429863025,-0.009439378311855132,0.015812567556168652,0.005807623507770993,-0.006760690317707775,0.005988325713402759,-0.006081248441661529,0.011996652724109023,0.0019666016016328604,-0.004874861226345985,0.01569687623392147,-0.007682295677241903,-0.010019602215367698,0.01399013828018724,-0.0064094297366529066,-0.005080607542341574,0.011763417012592078,0.01114840555266102,-0.002120007197944016,0.01171361837912823,-0.0010572119212754504,0.003969886646095247,0.00790942510447883,0.005839473641920077,0.009996028021793897,0.005882932747509865,-0.004219536357177835,-0.003849547555969327,-0.0024644369049895663,-0.005694693295410416,-0.002233533791395238,-0.0032851239147910468,0.009980483716896095,-0.006883790146906984,0.009896286035266771,-0.005115981532137646,0.0,-0.009920885873896449,0.005812653885916888,0.011716399915608789,-0.0027960827323842714,-0.006308538550243005,-0.009465566689554812,-0.005986781480973494,0.003926150842053098,0.00599656516320389,0.015776260990583723,0.003985986759475656,0.011734730197091219,-0.002476805598638783,0.0,agent40,0.6598989867030278
-0.6537728195642558,-0.0026664287770393814,-0.0034941879669720117,-0.012389356497889534,-0.007531799920151299,-0.004738472434314731,-0.004690674327780978,-0.005024465249197551,0.005809204748169059,0.007998554159818715,-0.004934570181258116,-0.009828326157789086,0.0,-0.00504820748138735,-0.009730946183779388,0.005995893171507842,-0.007444980064307619,1,0.003990818608045546,-0.004055063192448193,-0.01079155327671421,0.011316227657553838,-0.007422313456716878,0.007867880943812862,-0.005494695480645849,-0.002735791058004571,-0.0037628647590306416,0.0039330079358332465,0.01196948348857946,0.009983695060291635,0.00934844950860852,0.011950460621664825,-0.009650515008067052,0.007999961255692457,-0.004749431032118577,0.007986758799561684,-0.0036937049134141793,-0.004950862057809325,-0.007100135776272721,0.011121671526352794,0.011319180752773729,-0.008615134264561708,0.001931310583965519,0.01581316638926225,0.0075481529680659475,0.011950144370661338,-0.005276177792597937,-0.01236306906531392,0.013825043934343285,0.011999936146937736,0.007890106429863025,-0.009439378311855132,0.015812567556168652,0.005807623507770993,-0.006760690317707775,0.005988325713402759,-0.006081248441661529,0.011996652724109023,0.0019666016016328604,-0.004874861226345985,0.01569687623392147,-0.007682295677241903,-0.010019602215367698,0.01399013828018724,-0.0064094297366529066,-0.005080607542341574,0.011763417012592078,0.01114840555266102,-0.002120007197944016,0.01171361837912823,-0.0010572119212754504,0.003969886646095247,0.00790942510447883,0.005839473641920077,0.009996028021793897,0.005882932747509865,-0.004219536357177835,-0.003849547555969327,-0.0024644369049895663,-0.005694693295410416,-0.002233533791395238,-0.0032851239147910468,0.009980483716896095,-0.006883790146906984,0.009896286035266771,-0.005115981532137646,0.0,-0.009920885873896449,0.005812653885916888,0.011716399915608789,-0.0027960827323842714,-0.006308538550243005,-0.009465566689554812,-0.005986781480973494,0.003926150842053098,0.00599656516320389,0.015776260990583723,0.003985986759475656,0.011734730197091219,-0.002476805598638783,0.0,agent31,0.8436549039194491
-0.6547777704263136,-0.0026664287770393814,-0.0034941879669720117,-0.012389356497889534,-0.007531799920151299,-0.004738472434314731,-0.004690674327780978,-0.005024465249197551,0.005809204748169059,0.007998554159818715,-0.004934570181258116,-0.009828326157789086,0.0,-0.00504820748138735,-0.009730946183779388,0.005995893171507842,-0.007444980064307619,1,0.003990818608045546,-0.004055063192448193,-0.01079155327671421,0.011316227657553838,-0.007422313456716878,0.007867880943812862,-0.005494695480645849,-0.002735791058004571,-0.0037628647590306416,0.0039330079358332465,0.01196948348857946,0.009983695060291635,0.00934844950860852,0.011950460621664825,-0.009650515008067052,0.007999961255692457,-0.004749431032118577,0.007986758799561684,-0.0036937049134141793,-0.0062700301668309755,-0.007100135776272721,0.011121671526352794,0.011319180752773729,-0.008615134264561708,0.001931310583965519,0.01581316638926225,0.0075481529680659475,0.011950144370661338,-0.005276177792597937,-0.01236306906531392,0.013825043934343285,0.011999936146937736,0.007890106429863025,-0.009439378311855132,0.015812567556168652,0.005807623507770993,-0.006760690317707775,0.005988325713402759,-0.006081248441661529,0.011996652724109023,0.0019666016016328604,-0.004874861226345985,0.01569687623392147,-0.007682295677241903,-0.010019602215367698,0.01399013828018724,-0.0064094297366529066,-0.005080607542341574,0.011763417012592078,0.01114840555266102,-0.002120007197944016,0.01171361837912823,-0.0010572119212754504,0.003969886646095247,0.00790942510447883,0.005839473641920077,0.009996028021793897,0.005882932747509865,-0.004219536357177835,-0.003849547555969327,-0.0024644369049895663,-0.005694693295410416,-0.002233533791395238,-0.0032851239147910468,0.009980483716896095,-0.006883790146906984,0.009896286035266771,-0.005115981532137646,0.0,-0.009920885873896449,0.005812653885916888,0.011716399915608789,-0.0027960827323842714,-0.006308538550243005,-0.009465566689554812,-0.005986781480973494,0.003926150842053098,0.00599656516320389,0.015776260990583723,0.003985986759475656,0.011734730197091219,-0.002476805598638783,0.0,agent36,0.513130681997334
-0.6557836533590611,-0.0026664287770393814,-0.0034941879669720117,-0.012389356497889534,-0.007531799920151299,-0.004738472434314731,-0.004690674327780978,-0.005024465249197551,0.005809204748169059,0.007998554159818715,-0.004934570181258116,-0.009828326157789086,0.0,-0.00504820748138735,-0.009730946183779388,0.005995893171507842,-0.007444980064307619,1,0.003990818608045546,-0.004055063192448193,-0.01079155327671421,0.011316227657553838,-0.007422313456716878,0.007867880943812862,-0.005494695480645849,-0.002735791058004571,-0.0037628647590306416,0.0039330079358332465,0.01196948348857946,0.009983695060291635,0.00934844950860852,0.011950460621664825,-0.009650515008067052,0.007999961255692457,-0.004749431032118577,0.007986758799561684,-0.0036937049134141793,-0.0062700301668309755,-0.007100135776272721,0.011121671526352794,0.011319180752773729,-0.008615134264561708,0.001931310583965519,0.01581316638926225,0.0075481529680659475,0.011950144370661338,-0.005276177792597937,-0.01236306906531392,0.013825043934343285,0.011999936146937736,0.007890106429863025,-0.009439378311855132,0.015812567556168652,0.005807623507770993,-0.006760690317707775,0.005988325713402759,-0.006081248441661529,0.011996652724109023,0.0019666016016328604,-0.004874861226345985,0.01569687623392147,-0.007682295677241903,-0.010019602215367698,0.01399013828018724,-0.0064094297366529066,-0.005080607542341574,0.011763417012592078,0.01114840555266102,-0.002120007197944016,0.01171361837912823,-0.0010572119212754504,0.003969886646095247,0.00790942510447883,0.005839473641920077,0.009996028021793897,0.007843565987861081,-0.004219536357177835,-0.003849547555969327,-0.0024644369049895663,-0.005694693295410416,-0.002233533791395238,-0.0032851239147910468,0.009980483716896095,-0.006883790146906984,0.009896286035266771,-0.005115981532137646,0.0,-0.009920885873896449,0.005812653885916888,0.011716399915608789,-0.0027960827323842714,-0.006308538550243005,-0.009465566689554812,-0.005986781480973494,0.003926150842053098,0.00599656516320389,0.015776260990583723,0.003985986759475656,0.011734730197091219,-0.002476805598638783,0.0,agent74,-0.9353727085445354
-0.6567883440333888,-0.0026664287770393814,-0.0034941879669720117,-0.012389356497889534,-0.007531799920151299,-0.004738472434314731,-0.005736267325515761,-0.005024465249197551,0.005809204748169059,0.007998554159818715,-0.004934570181258116,-0.009828326157789086,0.0,-0.00504820748138735,-0.009730946183779388,0.005995893171507842,-0.007444980064307619,1,0.003990818608045546,-0.004055063192448193,-0.01079155327671421,0.011316227657553838,-0.007422313456716878,0.007867880943812862,-0.005494695480645849,-0.002735791058004571,-0.0037628647590306416,0.0039330079358332465,0.01196948348857946,0.009983695060291635,0.00934844950860852,0.011950460621664825,-0.009650515008067052,0.007999961255692457,-0.004749431032118577,0.007986758799561684,-0.0036937049134141793,-0.0062700301668309755,-0.007100135776272721,0.011121671526352794,0.011319180752773729,-0.008615134264561708,0.001931310583965519,0.01581316638926225,0.0075481529680659475,0.011950144370661338,-0.005276177792597937,-0.01236306906531392,0.013825043934343285,0.011999936146937736,0.007890106429863025,-0.009439378311855132,0.015812567556168652,0.005807623507770993,-0.006760690317707775,0.005988325713402759,-0.006081248441661529,0.011996652724109023,0.0019666016016328604,-0.004874861226345985,0.01569687623392147,-0.007682295677241903,-0.010019602215367698,0.01399013828018724,-0.0064094297366529066,-0.005080607542341574,0.011763417012592078,0.01114840555266102,-0.002120007197944016,0.01171361837912823,-0.0010572119212754504,0.003969886646095247,0.00790942510447883,0.005839473641920077,0.009996028021793897,0.007843565987861081,-0.004219536357177835,-0.003849547555969327,-0.0024644369049895663,-0.005694693295410416,-0.002233533791395238,-0.0032851239147910468,0.009980483716896095,-0.006883790146906984,0.009896286035266771,-0.005115981532137646,0.0,-0.009920885873896449,0.005812653885916888,0.011716399915608789,-0.0027960827323842714,-0.006308538550243005,-0.009465566689554812,-0.005986781480973494,0.003926150842053098,0.00599656516320389,0.015776260990583723,0.003985986759475656,0.011734730197091219,-0.002476805598638783,0.0,agent5,0.725814698018949
-0.6577941566872747,-0.0026664287770393814,-0.0034941879669720117,-0.012389356497889534,-0.007531799920151299,-0.004738472434314731,-0.005736267325515761,-0.005024465249197551,0.005809204748169059,0.007998554159818715,-0.004934570181258116,-0.009828326157789086,0.0,-0.00504820748138735,-0.009730946183779388,0.005995893171507842,-0.007444980064307619,1,0.003990818608045546,-0.004055063192448193,-0.01079155327671421,0.011316227657553838,-0.007422313456716878,0.007867880943812862,-0.005494695480645849,-0.002735791058004571,-0.0037628647590306416,0.0039330079358332465,0.01196948348857946,0.009983695060291635,0.00934844950860852,0.011950460621664825,-0.009650515008067052,0.007999961255692457,-0.004749431032118577,0.007986758799561684,-0.0036937049134141793,-0.0062700301668309755,-0.007100135776272721,0.011121671526352794,0.011319180752773729,-0.008615134264561708,0.001931310583965519,0.01581316638926225,0.0075481529680659475,0.011950144370661338,-0.005276177792597937,-0.01236306906531392,0.013825043934343285,0.011999936146937736,0.007890106429863025,-0.009439378311855132,0.015812567556168652,0.005807623507770993,-0.006760690317707775,0.005988325713402759,-0.006081248441661529,0.011996652724109023,0.0019666016016328604,-0.004874861226345985,0.01569687623392147,-0.007682295677241903,-0.010019602215367698,0.01399013828018724,-0.0064094297366529066,-0.005080607542341574,0.011763417012592078,0.01114840555266102,-0.002120007197944016,0.01171361837912823,-0.0010572119212754504,0.003969886646095247,0.00790942510447883,0.005839473641920077,0.009996028021793897,0.007843565987861081,-0.004219536357177835,-0.003849547555969327,-0.0024644369049895663,-0.005694693295410416,-0.002233533791395238,-0.0032851239147910468,0.009980483716896095,-0.006883790146906984,0.009896286035266771,-0.005115981532137646,0.0,-0.009920885873896449,0.007750712465207119,0.011716399915608789,-0.0027960827323842714,-0.006308538550243005,-0.009465566689554812,-0.005986781480973494,0.003926150842053098,0.00599656516320389,0.015776260990583723,0.003985986759475656,0.011734730197091219,-0.002476805598638783,0.0,agent87,-0.30481840011837646
-0.6588017048402428,-0.0026664287770393814,-0.0034941879669720117,-0.012389356497889534,-0.007531799920151299,-0.004738472434314731,-0.005736267325515761,-0.005024465249197551,0.005809204748169059,0.007998554159818715,-0.004934570181258116,-0.009828326157789086,0.0,-0.00504820748138735,-0.009730946183779388,0.005995893171507842,-0.007444980064307619,1,0.003990818608045546,-0.004055063192448193,-0.01079155327671421,0.011316227657553838,-0.007422313456716878,0.007867880943812862,-0.005494695480645849,-0.002735791058004571,-0.0037628647590306416,0.0039330079358332465,0.01196948348857946,0.009983695060291635,0.00934844950860852,0.011950460621664825,-0.009650515008067052,0.007999961255692457,-0.004749431032118577,0.007986758799561684,-0.0036937049134141793,-0.0062700301668309755,-0.007100135776272721,0.011121671526352794,0.011319180752773729,-0.008615134264561708,0.001931310583965519,0.01581316638926225,0.00948960054846726,0.011950144370661338,-0.005276177792597937,-0.01236306906531392,0.013825043934343285,0.011999936146937736,0.007890106429863025,-0.009439378311855132,0.015812567556168652,0.005807623507770993,-0.006760690317707775,0.005988325713402759,-0.006081248441661529,0.011996652724109023,0.0019666016016328604,-0.004874861226345985,0.01569687623392147,-0.007682295677241903,-0.010019602215367698,0.01399013828018724,-0.0064094297366529066,-0.005080607542341574,0.011763417012592078,0.01114840555266102,-0.002120007197944016,0.01171361837912823,-0.0010572119212754504,0.003969886646095247,0.00790942510447883,0.005839473641920077,0.009996028021793897,0.007843565987861081,-0.004219536357177835,-0.003849547555969327,-0.0024644369049895663,-0.005694693295410416,-0.002233533791395238,-0.0032851239147910468,0.009980483716896095,-0.006883790146906984,0.009896286035266771,-0.005115981532137646,0.0,-0.009920885873896449,0.007750712465207119,0.011716399915608789,-0.0027960827323842714,-0.006308538550243005,-0.009465566689554812,-0.005986781480973494,0.003926150842053098,0.00599656516320389,0.015776260990583723,0.003985986759475656,0.011734730197091219,-0.002476805598638783,0.0,agent43,-1
-0.6598056309910849,-0.0026664287770393814,-0.0034941879669720117,-0.012389356497889534,-0.007531799920151299,-0.004738472434314731,-0.005736267325515761,-0.005024465249197551,0.005809204748169059,0.007998554159818715,-0.004934570181258116,-0.009828326157789086,0.0,-0.00504820748138735,-0.009730946183779388,0.005995893171507842,-0.007444980064307619,1,0.003990818608045546,-0.004055063192448193,-0.01079155327671421,0.011316227657553838,-0.007422313456716878,0.007867880943812862,-0.005494695480645849,-0.002735791058004571,-0.0037628647590306416,0.0039330079358332465,0.01196948348857946,0.009983695060291635,0.00934844950860852,0.011950460621664825,-0.009650515008067052,0.007999961255692457,-0.004749431032118577,0.007986758799561684,-0.0036937049134141793,-0.0062700301668309755,-0.007100135776272721,0.011121671526352794,0.011319180752773729,-0.008615134264561708,0.001931310583965519,0.01581316638926225,0.00948960054846726,0.011950144370661338,-0.005276177792597937,-0.01236306906531392,0.013825043934343285,0.011999936146937736,0.007890106429863025,-0.009439378311855132,0.015812567556168652,0.005807623507770993,-0.006760690317707775,0.005988325713402759,-0.006081248441661529,0.011996652724109023,0.0019666016016328604,-0.004874861226345985,0.01569687623392147,-0.007682295677241903,-0.010019602215367698,0.01399013828018724,-0.0064094297366529066,-0.005080607542341574,0.011763417012592078,0.01114840555266102,-0.002120007197944016,0.01171361837912823,-0.0010572119212754504,0.003969886646095247,0.00790942510447883,0.005839473641920077,0.009996028021793897,0.007843565987861081,-0.004219536357177835,-0.003849547555969327,-0.0024644369049895663,-0.005694693295410416,-0.002233533791395238,-0.0032851239147910468,0.009980483716896095,-0.006883790146906984,0.009896286035266771,-0.005115981532137646,0.0,-0.009920885873896449,0.007750712465207119,0.011716399915608789,-0.0027960827323842714,-0.006308538550243005,-0.009465566689554812,-0.005986781480973494,0.005889928080597391,0.00599656516320389,0.015776260990583723,0.003985986759475656,0.011734730197091219,-0.002476805598638783,0.0,agent93,-0.38964464490791634
-0.6608111256865655,-0.0026664287770393814,-0.0034941879669720117,-0.012389356497889534,-0.007531799920151299,-0.004738472434314731,-0.005736267325515761,-0.005024465249197551,0.005809204748169059,0.007998554159818715,-0.004934570181258116,-0.009828326157789086,0.0,-0.00504820748138735,-0.009730946183779388,0.005995893171507842,-0.007444980064307619,1,0.003990818608045546,-0.004055063192448193,-0.01079155327671421,0.011316227657553838,-0.007422313456716878,0.007867880943812862,-0.006117218114310992,-0.002735791058004571,-0.0037628647590306416,0.0039330079358332465,0.01196948348857946,0.009983695060291635,0.00934844950860852,0.011950460621664825,-0.009650515008067052,0.007999961255692457,-0.004749431032118577,0.007986758799561684,-0.0036937049134141793,-0.0062700301668309755,-0.007100135776272721,0.011121671526352794,0.011319180752773729,-0.008615134264561708,0.001931310583965519,0.01581316638926225,0.00948960054846726,0.011950144370661338,-0.005276177792597937,-0.01236306906531392,0.013825043934343285,0.011999936146937736,0.007890106429863025,-0.009439378311855132,0.015812567556168652,0.005807623507770993,-0.006760690317707775,0.005988325713402759,-0.006081248441661529,0.011996652724109023,0.0019666016016328604,-0.004874861226345985,0.01569687623392147,-0.007682295677241903,-0.010019602215367698,0.01399013828018724,-0.0064094297366529066,-0.005080607542341574,0.011763417012592078,0.01114840555266102,-0.002120007197944016,0.01171361837912823,-0.0010572119212754504,0.003969886646095247,0.00790942510447883,0.005839473641920077,0.009996028021793897,0.007843565987861081,-0.004219536357177835,-0.003849547555969327,-0.0024644369049895663,-0.005694693295410416,-0.002233533791395238,-0.0032851239147910468,0.009980483716896095,-0.006883790146906984,0.009896286035266771,-0.005115981532137646,0.0,-0.009920885873896449,0.007750712465207119,0.011716399915608789,-0.0027960827323842714,-0.006308538550243005,-0.009465566689554812,-0.005986781480973494,0.005889928080597391,0.00599656516320389,0.015776260990583723,0.003985986759475656,0.011734730197091219,-0.002476805598638783,0.0,agent23,1
-0.6618191124453651,-0.0026664287770393814,-0.0034941879669720117,-0.012389356497889534,-0.007531799920151299,-0.004738472434314731,-0.005736267325515761,-0.005024465249197551,0.005809204748169059,0.007998554159818715,-0.004934570181258116,-0.009828326157789086,0.0,-0.00504820748138735,-0.009730946183779388,0.005995893171507842,-0.007444980064307619,1,0.003990818608045546,-0.004055063192448193,-0.01079155327671421,0.011316227657553838,-0.007422313456716878,0.007867880943812862,-0.006117218114310992,-0.002735791058004571,-0.0037628647590306416,0.0039330079358332465,0.01196948348857946,0.009983695060291635,0.00934844950860852,0.011950460621664825,-0.009650515008067052,0.007999961255692457,-0.004749431032118577,0.009983369485941855,-0.0036937049134141793,-0.0062700301668309755,-0.007100135776272721,0.011121671526352794,0.011319180752773729,-0.008615134264561708,0.001931310583965519,0.01581316638926225,0.00948960054846726,0.011950144370661338,-0.005276177792597937,-0.01236306906531392,0.013825043934343285,0.011999936146937736,0.007890106429863025,-0.009439378311855132,0.015812567556168652,0.005807623507770993,-0.006760690317707775,0.005988325713402759,-0.006081248441661529,0.011996652724109023,0.0019666016016328604,-0.004874861226345985,0.01569687623392147,-0.007682295677241903,-0.010019602215367698,0.01399013828018724,-0.0064094297366529066,-0.005080607542341574,0.011763417012592078,0.01114840555266102,-0.002120007197944016,0.01171361837912823,-0.0010572119212754504,0.003969886646095247,0.00790942510447883,0.005839473641920077,0.009996028021793897,0.007843565987861081,-0.004219536357177835,-0.003849547555969327,-0.0024644369049895663,-0.005694693295410416,-0.002233533791395238,-0.0032851239147910468,0.009980483716896095,-0.006883790146906984,0.009896286035266771,-0.005115981532137646,0.0,-0.009920885873896449,0.007750712465207119,0.011716399915608789,-0.0027960827323842714,-0.006308538550243005,-0.009465566689554812,-0.005986781480973494,0.005889928080597391,0.00599656516320389,0.015776260990583723,0.003985986759475656,0.011734730197091219,-0.002476805598638783,0.0,agent34,-0.7431435448157316
-0.6628310819288536,-0.0026664287770393814,-0.0034941879669720117,-0.012389356497889534,-0.007531799920151299,-0.004738472434314731,-0.005736267325515761,-0.005024465249197551,0.005809204748169059,0.007998554159818715,-0.004934570181258116,-0.009828326157789086,0.0,-0.00504820748138735,-0.009730946183779388,0.005995893171507842,-0.007444980064307619,1,0.003990818608045546,-0.004055063192448193,-0.01079155327671421,0.011316227657553838,-0.007422313456716878,0.007867880943812862,-0.006117218114310992,-0.002735791058004571,-0.0037628647590306416,0.0039330079358332465,0.013964349633489515,0.009983695060291635,0.00934844950860852,0.011950460621664825,-0.009650515008067052,0.007999961255692457,-0.004749431032118577,0.009983369485941855,-0.0036937049134141793,-0.0062700301668309755,-0.007100135776272721,0.011121671526352794,0.011319180752773729,-0.008615134264561708,0.001931310583965519,0.01581316638926225,0.00948960054846726,0.011950144370661338,-0.005276177792597937,-0.01236306906531392,0.013825043934343285,0.011999936146937736,0.007890106429863025,-0.009439378311855132,0.015812567556168652,0.005807623507770993,-0.006760690317707775,0.005988325713402759,-0.006081248441661529,0.011996652724109023,0.0019666016016328604,-0.004874861226345985,0.01569687623392147,-0.007682295677241903,-0.010019602215367698,0.01399013828018724,-0.0064094297366529066,-0.005080607542341574,0.011763417012592078,0.01114840555266102,-0.002120007197944016,0.01171361837912823,-0.0010572119212754504,0.003969886646095247,0.00790942510447883,0.005839473641920077,0.009996028021793897,0.007843565987861081,-0.004219536357177835,-0.003849547555969327,-0.0024644369049895663,-0.005694693295410416,-0.002233533791395238,-0.0032851239147910468,0.009980483716896095,-0.006883790146906984,0.009896286035266771,-0.005115981532137646,0.0,-0.009920885873896449,0.007750712465207119,0.011716399915608789,-0.0027960827323842714,-0.006308538550243005,-0.009465566689554812,-0.005986781480973494,0.005889928080597391,0.00599656516320389,0.015776260990583723,0.003985986759475656,0.011734730197091219,-0.002476805598638783,0.0,agent27,-0.5604894021927106
-0.6638332019360516,-0.0026664287770393814,-0.0034941879669720117,-0.012389356497889534,-0.007531799920151299,-0.004738472434314731,-0.005736267325515761,-0.005024465249197551,0.005809204748169059,0.007998554159818715,-0.004934570181258116,-0.009828326157789086,0.0,-0.00504820748138735,-0.009730946183779388,0.005995893171507842,-0.007444980064307619,1,0.003990818608045546,-0.004055063192448193,-0.01079155327671421,0.011316227657553838,-0.007422313456716878,0.007867880943812862,-0.006117218114310992,-0.002735791058004571,-0.0037628647590306416,0.0039330079358332465,0.013964349633489515,0.009983695060291635,0.00934844950860852,0.011950460621664825,-0.009650515008067052,0.007999961255692457,-0.004749431032118577,0.009983369485941855,-0.0036937049134141793,-0.0062700301668309755,-0.007100135776272721,0.011121671526352794,0.011319180752773729,-0.008615134264561708,0.001931310583965519,0.01581316638926225,0.00948960054846726,0.011950144370661338,-0.005276177792597937,-0.01236306906531392,0.013825043934343285,0.011999936146937736,0.007890106429863025,-0.009439378311855132,0.015812567556168652,0.005807623507770993,-0.006760690317707775,0.005988325713402759,-0.006081248441661529,0.011996652724109023,0.0019666016016328604,-0.004874861226345985,0.01569687623392147,-0.007682295677241903,-0.010019602215367698,0.01399013828018724,-0.0064094297366529066,-0.005080607542341574,0.011763417012592078,0.01114840555266102,-0.003086381744561528,0.01171361837912823,-0.0010572119212754504,0.003969886646095247,0.00790942510447883,0.005839473641920077,0.009996028021793897,0.007843565987861081,-0.004219536357177835,-0.003849547555969327,-0.0024644369049895663,-0.005694693295410416,-0.002233533791395238,-0.0032851239147910468,0.009980483716896095,-0.006883790146906984,0.009896286035266771,-0.005115981532137646,0.0,-0.009920885873896449,0.007750712465207119,0.011716399915608789,-0.0027960827323842714,-0.006308538550243005,-0.009465566689554812,-0.005986781480973494,0.005889928080597391,0.00599656516320389,0.015776260990583723,0.003985986759475656,0.011734730197091219,-0.002476805598638783,0.0,agent67,0.7749626817121548
-0.6648382264013007,-0.0026664287770393814,-0.0034941879669720117,-0.012389356497889534,-0.007531799920151299,-0.004738472434314731,-0.005736267325515761,-0.005640294787265164,0.005809204748169059,0.007998554159818715,-0.004934570181258116,-0.009828326157789086,0.0,-0.00504820748138735,-0.009730946183779388,0.005995893171507842,-0.007444980064307619,1,0.003990818608045546,-0.004055063192448193,-0.01079155327671421,0.011316227657553838,-0.007422313456716878,0.007867880943812862,-0.006117218114310992,-0.002735791058004571,-0.0037628647590306416,0.0039330079358332465,0.013964349633489515,0.009983695060291635,0.00934844950860852,0.011950460621664825,-0.009650515008067052,0.007999961255692457,-0.004749431032118577,0.009983369485941855,-0.0036937049134141793,-0.0062700301668309755,-0.007100135776272721,0.011121671526352794,0.011319180752773729,-0.008615134264561708,0.001931310583965519,0.01581316638926225,0.00948960054846726,0.011950144370661338,-0.005276177792597937,-0.01236306906531392,0.013825043934343285,0.011999936146937736,0.007890106429863025,-0.009439378311855132,0.015812567556168652,0.005807623507770993,-0.006760690317707775,0.005988325713402759,-0.006081248441661529,0.011996652724109023,0.0019666016016328604,-0.004874861226345985,0.01569687623392147,-0.007682295677241903,-0.010019602215367698,0.01399013828018724,-0.0064094297366529066,-0.005080607542341574,0.011763417012592078,0.01114840555266102,-0.003086381744561528,0.01171361837912823,-0.0010572119212754504,0.003969886646095247,0.00790942510447883,0.005839473641920077,0.009996028021793897,0.007843565987861081,-0.004219536357177835,-0.003849547555969327,-0.0024644369049895663,-0.005694693295410416,-0.002233533791395238,-0.0032851239147910468,0.009980483716896095,-0.006883790146906984,0.009896286035266771,-0.005115981532137646,0.0,-0.009920885873896449,0.007750712465207119,0.011716399915608789,-0.0027960827323842714,-0.006308538550243005,-0.009465566689554812,-0.005986781480973494,0.005889928080597391,0.00599656516320389,0.015776260990583723,0.003985986759475656,0.011734730197091219,-0.002476805598638783,0.0,agent6,1
-0.6658439626686262,-0.0026664287770393814,-0.0034941879669720117,-0.012389356497889534,-0.007531799920151299,-0.004738472434314731,-0.006758083318124053,-0.005640294787265164,0.005809204748169059,0.007998554159818715,-0.004934570181258116,-0.009828326157789086,0.0,-0.00504820748138735,-0.009730946183779388,0.005995893171507842,-0.007444980064307619,1,0.003990818608045546,-0.004055063192448193,-0.01079155327671421,0.011316227657553838,-0.007422313456716878,0.007867880943812862,-0.006117218114310992,-0.002735791058004571,-0.0037628647590306416,0.0039330079358332465,0.013964349633489515,0.009983695060291635,0.00934844950860852,0.011950460621664825,-0.009650515008067052,0.007999961255692457,-0.004749431032118577,0.009983369485941855,-0.0036937049134141793,-0.0062700301668309755,-0.007100135776272721,0.011121671526352794,0.011319180752773729,-0.008615134264561708,0.001931310583965519,0.01581316638926225,0.00948960054846726,0.011950144370661338,-0.005276177792597937,-0.01236306906531392,0.013825043934343285,0.011999936146937736,0.007890106429863025,-0.009439378311855132,0.015812567556168652,0.005807623507770993,-0.006760690317707775,0.005988325713402759,-0.006081248441661529,0.011996652724109023,0.0019666016016328604,-0.004874861226345985,0.01569687623392147,-0.007682295677241903,-0.010019602215367698,0.01399013828018724,-0.0064094297366529066,-0.005080607542341574,0.011763417012592078,0.01114840555266102,-0.003086381744561528,0.01171361837912823,-0.0010572119212754504,0.003969886646095247,0.00790942510447883,0.005839473641920077,0.009996028021793897,0.007843565987861081,-0.004219536357177835,-0.003849547555969327,-0.0024644369049895663,-0.005694693295410416,-0.002233533791395238,-0.0032851239147910468,0.009980483716896095,-0.006883790146906984,0.009896286035266771,-0.005115981532137646,0.0,-0.009920885873896449,0.007750712465207119,0.011716399915608789,-0.0027960827323842714,-0.006308538550243005,-0.009465566689554812,-0.005986781480973494,0.005889928080597391,0.00599656516320389,0.015776260990583723,0.003985986759475656,0.011734730197091219,-0.002476805598638783,0.0,agent5,0.7338640345475457
-0.6668470490503707,-0.0026664287770393814,-0.0034941879669720117,-0.012389356497889534,-0.007531799920151299,-0.004738472434314731,-0.006758083318124053,-0.005640294787265164,0.005809204748169059,0.007998554159818715,-0.004934570181258116,-0.009828326157789086,0.0,-0.00504820748138735,-0.009730946183779388,0.005995893171507842,-0.007444980064307619,1,0.003990818608045546,-0.004055063192448193,-0.01079155327671421,0.011316227657553838,-0.007422313456716878,0.007867880943812862,-0.006117218114310992,-0.002735791058004571,-0.0037628647590306416,0.0039330079358332465,0.013964349633489515,0.009983695060291635,0.00934844950860852,0.011950460621664825,-0.009650515008067052,0.007999961255692457,-0.004749431032118577,0.009983369485941855,-0.0036937049134141793,-0.0062700301668309755,-0.007100135776272721,0.011121671526352794,0.011319180752773729,-0.008615134264561708,0.001931310583965519,0.01581316638926225,0.00948960054846726,0.011950144370661338,-0.005276177792597937,-0.01236306906531392,0.013825043934343285,0.011999936146937736,0.007890106429863025,-0.009439378311855132,0.015812567556168652,0.005807623507770993,-0.006760690317707775,0.005988325713402759,-0.006081248441661529,0.011996652724109023,0.0019666016016328604,-0.004874861226345985,0.01569687623392147,-0.007682295677241903,-0.010019602215367698,0.01399013828018724,-0.0064094297366529066,-0.005080607542341574,0.011763417012592078,0.01114840555266102,-0.004045510730977444,0.01171361837912823,-0.0010572119212754504,0.003969886646095247,0.00790942510447883,0.005839473641920077,0.009996028021793897,0.007843565987861081,-0.004219536357177835,-0.003849547555969327,-0.0024644369049895663,-0.005694693295410416,-0.002233533791395238,-0.0032851239147910468,0.009980483716896095,-0.006883790146906984,0.009896286035266771,-0.005115981532137646,0.0,-0.009920885873896449,0.007750712465207119,0.011716399915608789,-0.0027960827323842714,-0.006308538550243005,-0.009465566689554812,-0.005986781480973494,0.005889928080597391,0.00599656516320389,0.015776260990583723,0.003985986759475656,0.011734730197091219,-0.002476805598638783,0.0,agent67,0.776980360375648
-0.6678590489865177,-0.0026664287770393814,-0.0034941879669720117,-0.012389356497889534,-0.007531799920151299,-0.004738472434314731,-0.006758083318124053,-0.005640294787265164,0.005809204748169059,0.007998554159818715,-0.004934570181258116,-0.009828326157789086,0.0,-0.00504820748138735,-0.009730946183779388,0.005995893171507842,-0.007444980064307619,1,0.003990818608045546,-0.004055063192448193,-0.01079155327671421,0.011316227657553838,-0.007422313456716878,0.007867880943812862,-0.006117218114310992,-0.002735791058004571,-0.0037628647590306416,0.0039330079358332465,0.013964349633489515,0.009983695060291635,0.00934844950860852,0.011950460621664825,-0.009650515008067052,0.007999961255692457,-0.004749431032118577,0.009983369485941855,-0.0036937049134141793,-0.0062700301668309755,-0.007100135776272721,0.011121671526352794,0.011319180752773729,-0.008615134264561708,0.001931310583965519,0.01581316638926225,0.00948960054846726,0.011950144370661338,-0.005276177792597937,-0.01236306906531392,0.013825043934343285,0.01399992230387652,0.007890106429863025,-0.009439378311855132,0.015812567556168652,0.005807623507770993,-0.006760690317707775,0.005988325713402759,-0.006081248441661529,0.011996652724109023,0.0019666016016328604,-0.004874861226345985,0.01569687623392147,-0.007682295677241903,-0.010019602215367698,0.01399013828018724,-0.0064094297366529066,-0.005080607542341574,0.011763417012592078,0.01114840555266102,-0.004045510730977444,0.01171361837912823,-0.0010572119212754504,0.003969886646095247,0.00790942510447883,0.005839473641920077,0.009996028021793897,0.007843565987861081,-0.004219536357177835,-0.003849547555969327,-0.0024644369049895663,-0.005694693295410416,-0.002233533791395238,-0.0032851239147910468,0.009980483716896095,-0.006883790146906984,0.009896286035266771,-0.005115981532137646,0.0,-0.009920885873896449,0.007750712465207119,0.011716399915608789,-0.0027960827323842714,-0.006308538550243005,-0.009465566689554812,-0.005986781480973494,0.005889928080597391,0.00599656516320389,0.015776260990583723,0.003985986759475656,0.011734730197091219,-0.002476805598638783,0.0,agent48,-0.6615852886572676
-0.6688618450692501,-0.0026664287770393814,-0.0034941879669720117,-0.012389356497889534,-0.007531799920151299,-0.004738472434314731,-0.006758083318124053,-0.005640294787265164,0.005809204748169059,0.007998554159818715,-0.004934570181258116,-0.009828326157789086,0.0,-0.00504820748138735,-0.009730946183779388,0.005995893171507842,-0.007444980064307619,1,0.003990818608045546,-0.004055063192448193,-0.01079155327671421,0.011316227657553838,-0.007422313456716878,0.007867880943812862,-0.006117218114310992,-0.002735791058004571,-0.0037628647590306416,0.0039330079358332465,0.013964349633489515,0.009983695060291635,0.00934844950860852,0.011950460621664825,-0.009650515008067052,0.007999961255692457,-0.004749431032118577,0.009983369485941855,-0.0036937049134141793,-0.0062700301668309755,-0.007100135776272721,0.011121671526352794,0.011319180752773729,-0.008615134264561708,0.001931310583965519,0.01581316638926225,0.00948960054846726,0.011950144370661338,-0.005276177792597937,-0.01236306906531392,0.013825043934343285,0.01399992230387652,0.007890106429863025,-0.009439378311855132,0.015812567556168652,0.005807623507770993,-0.006760690317707775,0.005988325713402759,-0.006081248441661529,0.011996652724109023,0.0019666016016328604,-0.004874861226345985,0.01569687623392147,-0.007682295677241903,-0.010019602215367698,0.01399013828018724,-0.0064094297366529066,-0.005080607542341574,0.011763417012592078,0.01114840555266102,-0.004045510730977444,0.01171361837912823,-0.0010572119212754504,0.003969886646095247,0.00790942510447883,0.005839473641920077,0.009996028021793897,0.007843565987861081,-0.004219536357177835,-0.003849547555969327,-0.0024644369049895663,-0.005694693295410416,-0.002233533791395238,-0.0032851239147910468,0.009980483716896095,-0.006883790146906984,0.009896286035266771,-0.005115981532137646,0.0,-0.009920885873896449,0.007750712465207119,0.011716399915608789,-0.0034052058287411657,-0.006308538550243005,-0.009465566689554812,-0.005986781480973494,0.005889928080597391,0.00599656516320389,0.015776260990583723,0.003985986759475656,0.011734730197091219,-0.002476805598638783,0.0,agent89,1
-0.669874234425748,-0.0026664287770393814,-0.0034941879669720117,-0.013265156778581625,-0.007531799920151299,-0.004738472434314731,-0.006758083318124053,-0.005640294787265164,0.005809204748169059,0.007998554159818715,-0.004934570181258116,-0.009828326157789086,0.0,-0.00504820748138735,-0.009730946183779388,0.005995893171507842,-0.007444980064307619,1,0.003990818608045546,-0.004055063192448193,-0.01079155327671421,0.011316227657553838,-0.007422313456716878,0.007867880943812862,-0.006117218114310992,-0.002735791058004571,-0.0037628647590306416,0.0039330079358332465,0.013964349633489515,0.009983695060291635,0.00934844950860852,0.011950460621664825,-0.009650515008067052,0.007999961255692457,-0.004749431032118577,0.009983369485941855,-0.0036937049134141793,-0.0062700301668309755,-0.007100135776272721,0.011121671526352794,0.011319180752773729,-0.008615134264561708,0.001931310583965519,0.01581316638926225,0.00948960054846726,0.011950144370661338,-0.005276177792597937,-0.01236306906531392,0.013825043934343285,0.01399992230387652,0.007890106429863025,-0.009439378311855132,0.015812567556168652,0.005807623507770993,-0.006760690317707775,0.005988325713402759,-0.006081248441661529,0.011996652724109023,0.0019666016016328604,-0.004874861226345985,0.01569687623392147,-0.007682295677241903,-0.010019602215367698,0.01399013828018724,-0.0064094297366529066,-0.005080607542341574,0.011763417012592078,0.01114840555266102,-0.004045510730977444,0.01171361837912823,-0.0010572119212754504,0.003969886646095247,0.00790942510447883,0.005839473641920077,0.009996028021793897,0.007843565987861081,-0.004219536357177835,-0.003849547555969327,-0.0024644369049895663,-0.005694693295410416,-0.002233533791395238,-0.0032851239147910468,0.009980483716896095,-0.006883790146906984,0.009896286035266771,-0.005115981532137646,0.0,-0.009920885873896449,0.007750712465207119,0.011716399915608789,-0.0034052058287411657,-0.006308538550243005,-0.009465566689554812,-0.005986781480973494,0.005889928080597391,0.00599656516320389,0.015776260990583723,0.003985986759475656,0.011734730197091219,-0.002476805598638783,0.0,agent2,0.8306045395542333
-0.6708764679595394,-0.0026664287770393814,-0.0034941879669720117,-0.013265156778581625,-0.007531799920151299,-0.004738472434314731,-0.006758083318124053,-0.005640294787265164,0.005809204748169059,0.007998554159818715,-0.004934570181258116,-0.009828326157789086,0.0,-0.00504820748138735,-0.009730946183779388,0.005995893171507842,-0.007444980064307619,1,0.003990818608045546,-0.004055063192448193,-0.01079155327671421,0.011316227657553838,-0.007422313456716878,0.007867880943812862,-0.006117218114310992,-0.002735791058004571,-0.0037628647590306416,0.0039330079358332465,0.013964349633489515,0.009983695060291635,0.00934844950860852,0.011950460621664825,-0.009650515008067052,0.007999961255692457,-0.004749431032118577,0.009983369485941855,-0.0036937049134141793,-0.0062700301668309755,-0.007100135776272721,0.011121671526352794,0.011319180752773729,-0.008615134264561708,0.001931310583965519,0.01581316638926225,0.00948960054846726,0.011950144370661338,-0.005276177792597937,-0.01236306906531392,0.013825043934343285,0.01399992230387652,0.007890106429863025,-0.009439378311855132,0.015812567556168652,0.005807623507770993,-0.006760690317707775,0.005988325713402759,-0.006081248441661529,0.011996652724109023,0.0019666016016328604,-0.004874861226345985,0.01569687623392147,-0.007682295677241903,-0.010019602215367698,0.01399013828018724,-0.0064094297366529066,-0.005080607542341574,0.011763417012592078,0.01114840555266102,-0.004045510730977444,0.01171361837912823,-0.0010572119212754504,0.003969886646095247,0.00790942510447883,0.005839473641920077,0.009996028021793897,0.007843565987861081,-0.004219536357177835,-0.003849547555969327,-0.0024644369049895663,-0.005694693295410416,-0.002928614757163487,-0.0032851239147910468,0.009980483716896095,-0.006883790146906984,0.009896286035266771,-0.005115981532137646,0.0,-0.009920885873896449,0.007750712465207119,0.011716399915608789,-0.0034052058287411657,-0.006308538550243005,-0.009465566689554812,-0.005986781480973494,0.005889928080597391,0.00599656516320389,0.015776260990583723,0.003985986759475656,0.011734730197091219,-0.002476805598638783,0.0,agent79,0.9456250903848513
-0.6718882026897365,-0.0026664287770393814,-0.0034941879669720117,-0.013265156778581625,-0.007531799920151299,-0.004738472434314731,-0.006758083318124053,-0.005640294787265164,0.005809204748169059,0.007998554159818715,-0.004934570181258116,-0.009828326157789086,0.0,-0.00504820748138735,-0.009730946183779388,0.005995893171507842,-0.007444980064307619,1,0.003990818608045546,-0.004055063192448193,-0.01079155327671421,0.011316227657553838,-0.007422313456716878,0.007867880943812862,-0.006117218114310992,-0.002735791058004571,-0.0037628647590306416,0.0039330079358332465,0.013964349633489515,0.009983695060291635,0.00934844950860852,0.011950460621664825,-0.009650515008067052,0.007999961255692457,-0.004749431032118577,0.009983369485941855,-0.0036937049134141793,-0.0062700301668309755,-0.007100135776272721,0.011121671526352794,0.011319180752773729,-0.008615134264561708,0.001931310583965519,0.01581316638926225,0.00948960054846726,0.011950144370661338,-0.005276177792597937,-0.01236306906531392,0.013825043934343285,0.01399992230387652,0.007890106429863025,-0.009439378311855132,0.015812567556168652,0.005807623507770993,-0.006760690317707775,0.005988325713402759,-0.006081248441661529,0.011996652724109023,0.0019666016016328604,-0.004874861226345985,0.01569687623392147,-0.007682295677241903,-0.010019602215367698,0.01399013828018724,-0.0064094297366529066,-0.005080607542341574,0.011763417012592078,0.01114840555266102,-0.004045510730977444,0.01171361837912823,-0.0010572119212754504,0.003969886646095247,0.00790942510447883,0.005839473641920077,0.009996028021793897,0.007843565987861081,-0.004219536357177835,-0.003849547555969327,-0.0024644369049895663,-0.005694693295410416,-0.002928614757163487,-0.0032851239147910468,0.009980483716896095,-0.006883790146906984,0.009896286035266771,-0.005115981532137646,0.0,-0.009920885873896449,0.007750712465207119,0.011716399915608789,-0.0034052058287411657,-0.006308538550243005,-0.009465566689554812,-0.005986781480973494,0.005889928080597391,0.00599656516320389,0.015776260990583723,0.003985986759475656,0.013690723287734546,-0.002476805598638783,0.0,agent97,-0.9675476979656645
-0.6718882026897365,-0.0026664287770393814,-0.0034941879669720117,-0.013265156778581625,-0.007531799920151299,-0.004738472434314731,-0.006758083318124053,-0.005640294787265164,0.005809204748169059,0.007998554159818715,-0.004934570181258116,-0.009828326157789086,0.0,-0.00504820748138735,-0.009730946183779388,0.005995893171507842,-0.007444980064307619,1,0.003990818608045546,-0.004055063192448193,-0.01079155327671421,0.011316227657553838,-0.007422313456716878,0.007867880943812862,-0.006117218114310992,-0.002735791058004571,-0.0037628647590306416,0.0039330079358332465,0.013964349633489515,0.009983695060291635,0.00934844950860852,0.011950460621664825,-0.009650515008067052,0.007999961255692457,-0.004749431032118577,0.009983369485941855,-0.0036937049134141793,-0.0062700301668309755,-0.007100135776272721,0.011121671526352794,0.011319180752773729,-0.008615134264561708,0.001931310583965519,0.01581316638926225,0.00948960054846726,0.011950144370661338,-0.005276177792597937,-0.01236306906531392,0.013825043934343285,0.01399992230387652,0.007890106429863025,-0.009439378311855132,0.015812567556168652,0.005807623507770993,-0.006760690317707775,0.005988325713402759,-0.006081248441661529,0.011996652724109023,0.0019666016016328604,-0.004874861226345985,0.01569687623392147,-0.007682295677241903,-0.010019602215367698,0.01399013828018724,-0.0064094297366529066,-0.005080607542341574,0.011763417012592078,0.01114840555266102,-0.004045510730977444,0.01171361837912823,-0.0010572119212754504,0.003969886646095247,0.00790942510447883,0.005839473641920077,0.009996028021793897,0.007843565987861081,-0.004219536357177835,-0.003849547555969327,-0.0024644369049895663,-0.005694693295410416,-0.002928614757163487,-0.0032851239147910468,0.009980483716896095,-0.006883790146906984,0.009896286035266771,-0.005115981532137646,0.0,-0.009920885873896449,0.007750712465207119,0.011716399915608789,-0.0034052058287411657,-0.006308538550243005,-0.009465566689554812,-0.005986781480973494,0.005889928080597391,0.00599656516320389,0.015776260990583723,0.003985986759475656,0.013690723287734546,-0.002476805598638783,0.0,agent16,-0.6718882026897365
-0.6728981235756104,-0.0026664287770393814,-0.0034941879669720117,-0.013265156778581625,-0.007531799920151299,-0.004738472434314731,-0.006758083318124053,-0.005640294787265164,0.005809204748169059,0.007998554159818715,-0.004934570181258116,-0.009828326157789086,0.0,-0.00504820748138735,-0.009730946183779388,0.005995893171507842,-0.007444980064307619,1,0.003990818608045546,-0.004055063192448193,-0.01079155327671421,0.011316227657553838,-0.007422313456716878,0.007867880943812862,-0.006117218114310992,-0.002735791058004571,-0.0037628647590306416,0.0039330079358332465,0.013964349633489515,0.009983695060291635,0.00934844950860852,0.011950460621664825,-0.009650515008067052,0.007999961255692457,-0.004749431032118577,0.009983369485941855,-0.0036937049134141793,-0.0062700301668309755,-0.007100135776272721,0.011121671526352794,0.011319180752773729,-0.008615134264561708,0.001931310583965519,0.01581316638926225,0.00948960054846726,0.011950144370661338,-0.005276177792597937,-0.01236306906531392,0.013825043934343285,0.01399992230387652,0.007890106429863025,-0.009439378311855132,0.015812567556168652,0.005807623507770993,-0.006760690317707775,0.005988325713402759,-0.006081248441661529,0.011996652724109023,0.0019666016016328604,-0.004874861226345985,0.01569687623392147,-0.007682295677241903,-0.010019602215367698,0.01399013828018724,-0.0064094297366529066,-0.005080607542341574,0.011763417012592078,0.01114840555266102,-0.004045510730977444,0.01171361837912823,-0.0010572119212754504,0.003969886646095247,0.00790942510447883,0.005839473641920077,0.009996028021793897,0.007843565987861081,-0.004219536357177835,-0.003849547555969327,-0.0024644369049895663,-0.005694693295410416,-0.002928614757163487,-0.0032851239147910468,0.009980483716896095,-0.006883790146906984,0.009896286035266771,-0.005115981532137646,0.0,-0.011041594210938848,0.007750712465207119,0.011716399915608789,-0.0034052058287411657,-0.006308538550243005,-0.009465566689554812,-0.005986781480973494,0.005889928080597391,0.00599656516320389,0.015776260990583723,0.003985986759475656,0.013690723287734546,-0.002476805598638783,0.0,agent86,0.6542276768303007
-0.6739043936057773,-0.0026664287770393814,-0.0034941879669720117,-0.013265156778581625,-0.007531799920151299,-0.004738472434314731,-0.006758083318124053,-0.005640294787265164,0.005809204748169059,0.007998554159818715,-0.004934570181258116,-0.009828326157789086,0.0,-0.00504820748138735,-0.009730946183779388,0.005995893171507842,-0.007444980064307619,1,0.003990818608045546,-0.004055063192448193,-0.01079155327671421,0.011316227657553838,-0.007422313456716878,0.007867880943812862,-0.006117218114310992,-0.002735791058004571,-0.0037628647590306416,0.0039330079358332465,0.013964349633489515,0.009983695060291635,0.00934844950860852,0.011950460621664825,-0.009650515008067052,0.007999961255692457,-0.004749431032118577,0.009983369485941855,-0.0036937049134141793,-0.007543811963236144,-0.007100135776272721,0.011121671526352794,0.011319180752773729,-0.008615134264561708,0.001931310583965519,0.01581316638926225,0.00948960054846726,0.011950144370661338,-0.005276177792597937,-0.01236306906531392,0.013825043934343285,0.01399992230387652,0.007890106429863025,-0.009439378311855132,0.015812567556168652,0.005807623507770993,-0.006760690317707775,0.005988325713402759,-0.006081248441661529,0.011996652724109023,0.0019666016016328604,-0.004874861226345985,0.01569687623392147,-0.007682295677241903,-0.010019602215367698,0.01399013828018724,-0.0064094297366529066,-0.005080607542341574,0.011763417012592078,0.01114840555266102,-0.004045510730977444,0.01171361837912823,-0.0010572119212754504,0.003969886646095247,0.00790942510447883,0.005839473641920077,0.009996028021793897,0.007843565987861081,-0.004219536357177835,-0.003849547555969327,-0.0024644369049895663,-0.005694693295410416,-0.002928614757163487,-0.0032851239147910468,0.009980483716896095,-0.006883790146906984,0.009896286035266771,-0.005115981532137646,0.0,-0.011041594210938848,0.007750712465207119,0.011716399915608789,-0.0034052058287411657,-0.006308538550243005,-0.009465566689554812,-0.005986781480973494,0.005889928080597391,0.00599656516320389,0.015776260990583723,0.003985986759475656,0.013690723287734546,-0.002476805598638783,0.0,agent36,0.5322725727117098
-0.6749070600345543,-0.0032654508175730193,-0.0034941879669720117,-0.013265156778581625,-0.007531799920151299,-0.004738472434314731,-0.006758083318124053,-0.005640294787265164,0.005809204748169059,0.007998554159818715,-0.004934570181258116,-0.009828326157789086,0.0,-0.00504820748138735,-0.009730946183779388,0.005995893171507842,-0.007444980064307619,1,0.003990818608045546,-0.004055063192448193,-0.01079155327671421,0.011316227657553838,-0.007422313456716878,0.007867880943812862,-0.006117218114310992,-0.002735791058004571,-0.0037628647590306416,0.0039330079358332465,0.013964349633489515,0.009983695060291635,0.00934844950860852,0.011950460621664825,-0.009650515008067052,0.007999961255692457,-0.004749431032118577,0.009983369485941855,-0.0036937049134141793,-0.007543811963236144,-0.007100135776272721,0.011121671526352794,0.011319180752773729,-0.008615134264561708,0.001931310583965519,0.01581316638926225,0.00948960054846726,0.011950144370661338,-0.005276177792597937,-0.01236306906531392,0.013825043934343285,0.01399992230387652,0.007890106429863025,-0.009439378311855132,0.015812567556168652,0.005807623507770993,-0.006760690317707775,0.005988325713402759,-0.006081248441661529,0.011996652724109023,0.0019666016016328604,-0.004874861226345985,0.01569687623392147,-0.007682295677241903,-0.010019602215367698,0.01399013828018724,-0.0064094297366529066,-0.005080607542341574,0.011763417012592078,0.01114840555266102,-0.004045510730977444,0.01171361837912823,-0.0010572119212754504,0.003969886646095247,0.00790942510447883,0.005839473641920077,0.009996028021793897,0.007843565987861081,-0.004219536357177835,-0.003849547555969327,-0.0024644369049895663,-0.005694693295410416,-0.002928614757163487,-0.0032851239147910468,0.009980483716896095,-0.006883790146906984,0.009896286035266771,-0.005115981532137646,0.0,-0.011041594210938848,0.007750712465207119,0.011716399915608789,-0.0034052058287411657,-0.006308538550243005,-0.009465566689554812,-0.005986781480973494,0.005889928080597391,0.00599656516320389,0.015776260990583723,0.003985986759475656,0.013690723287734546,-0.002476805598638783,0.0,agent0,1
-0.6759121082420356,-0.0032654508175730193,-0.0034941879669720117,-0.013265156778581625,-0.007531799920151299,-0.004738472434314731,-0.006758083318124053,-0.005640294787265164,0.005809204748169059,0.007998554159818715,-0.004934570181258116,-0.009828326157789086,0.0,-0.005645550651510553,-0.009730946183779388,0.005995893171507842,-0.007444980064307619,1,0.003990818608045546,-0.004055063192448193,-0.01079155327671421,0.011316227657553838,-0.007422313456716878,0.007867880943812862,-0.006117218114310992,-0.002735791058004571,-0.0037628647590306416,0.0039330079358332465,0.013964349633489515,0.009983695060291635,0.00934844950860852,0.011950460621664825,-0.009650515008067052,0.007999961255692457,-0.004749431032118577,0.009983369485941855,-0.0036937049134141793,-0.007543811963236144,-0.007100135776272721,0.011121671526352794,0.011319180752773729,-0.008615134264561708,0.001931310583965519,0.01581316638926225,0.00948960054846726,0.011950144370661338,-0.005276177792597937,-0.01236306906531392,0.013825043934343285,0.01399992230387652,0.007890106429863025,-0.009439378311855132,0.015812567556168652,0.005807623507770993,-0.006760690317707775,0.005988325713402759,-0.006081248441661529,0.011996652724109023,0.0019666016016328604,-0.004874861226345985,0.01569687623392147,-0.007682295677241903,-0.010019602215367698,0.01399013828018724,-0.0064094297366529066,-0.005080607542341574,0.011763417012592078,0.01114840555266102,-0.004045510730977444,0.01171361837912823,-0.0010572119212754504,0.003969886646095247,0.00790942510447883,0.005839473641920077,0.009996028021793897,0.007843565987861081,-0.004219536357177835,-0.003849547555969327,-0.0024644369049895663,-0.005694693295410416,-0.002928614757163487,-0.0032851239147910468,0.009980483716896095,-0.006883790146906984,0.009896286035266771,-0.005115981532137646,0.0,-0.011041594210938848,0.007750712465207119,0.011716399915608789,-0.0034052058287411657,-0.006308538550243005,-0.009465566689554812,-0.005986781480973494,0.005889928080597391,0.00599656516320389,0.015776260990583723,0.003985986759475656,0.013690723287734546,-0.002476805598638783,0.0,agent12,1
-0.6769201082032913,-0.0032654508175730193,-0.0034941879669720117,-0.013265156778581625,-0.007531799920151299,-0.004738472434314731,-0.006758083318124053,-0.005640294787265164,0.005809204748169059,0.007998554159818715,-0.004934570181258116,-0.009828326157789086,0.0,-0.005645550651510553,-0.009730946183779388,0.005995893171507842,-0.007444980064307619,1,0.003990818608045546,-0.004055063192448193,-0.01079155327671421,0.011316227657553838,-0.007422313456716878,0.007867880943812862,-0.006117218114310992,-0.002735791058004571,-0.0037628647590306416,0.0039330079358332465,0.013964349633489515,0.009983695060291635,0.00934844950860852,0.011950460621664825,-0.009650515008067052,0.009999945333490386,-0.004749431032118577,0.009983369485941855,-0.0036937049134141793,-0.007543811963236144,-0.007100135776272721,0.011121671526352794,0.011319180752773729,-0.008615134264561708,0.001931310583965519,0.01581316638926225,0.00948960054846726,0.011950144370661338,-0.005276177792597937,-0.01236306906531392,0.013825043934343285,0.01399992230387652,0.007890106429863025,-0.009439378311855132,0.015812567556168652,0.005807623507770993,-0.006760690317707775,0.005988325713402759,-0.006081248441661529,0.011996652724109023,0.0019666016016328604,-0.004874861226345985,0.01569687623392147,-0.007682295677241903,-0.010019602215367698,0.01399013828018724,-0.0064094297366529066,-0.005080607542341574,0.011763417012592078,0.01114840555266102,-0.004045510730977444,0.01171361837912823,-0.0010572119212754504,0.003969886646095247,0.00790942510447883,0.005839473641920077,0.009996028021793897,0.007843565987861081,-0.004219536357177835,-0.003849547555969327,-0.0024644369049895663,-0.005694693295410416,-0.002928614757163487,-0.0032851239147910468,0.009980483716896095,-0.006883790146906984,0.009896286035266771,-0.005115981532137646,0.0,-0.011041594210938848,0.007750712465207119,0.011716399915608789,-0.0034052058287411657,-0.006308538550243005,-0.009465566689554812,-0.005986781480973494,0.005889928080597391,0.00599656516320389,0.015776260990583723,0.003985986759475656,0.013690723287734546,-0.002476805598638783,0.0,agent32,-0.681555192872104
-0.6779269919934382,-0.0032654508175730193,-0.0034941879669720117,-0.013265156778581625,-0.007531799920151299,-0.004738472434314731,-0.006758083318124053,-0.005640294787265164,0.005809204748169059,0.007998554159818715,-0.004934570181258116,-0.009828326157789086,0.0,-0.005645550651510553,-0.009730946183779388,0.005995893171507842,-0.007444980064307619,1,0.003990818608045546,-0.004055063192448193,-0.01079155327671421,0.011316227657553838,-0.007422313456716878,0.007867880943812862,-0.006117218114310992,-0.002735791058004571,-0.0037628647590306416,0.0039330079358332465,0.013964349633489515,0.009983695060291635,0.00934844950860852,0.011950460621664825,-0.009650515008067052,0.009999945333490386,-0.004749431032118577,0.009983369485941855,-0.0036937049134141793,-0.007543811963236144,-0.007100135776272721,0.011121671526352794,0.011319180752773729,-0.008615134264561708,0.001931310583965519,0.01581316638926225,0.00948960054846726,0.011950144370661338,-0.005276177792597937,-0.01236306906531392,0.013825043934343285,0.01399992230387652,0.007890106429863025,-0.009439378311855132,0.015812567556168652,0.005807623507770993,-0.006760690317707775,0.005988325713402759,-0.006081248441661529,0.011996652724109023,0.0019666016016328604,-0.004874861226345985,0.01569687623392147,-0.007682295677241903,-0.010019602215367698,0.01399013828018724,-0.0064094297366529066,-0.005080607542341574,0.011763417012592078,0.01114840555266102,-0.004045510730977444,0.01171361837912823,-0.0010572119212754504,0.003969886646095247,0.00790942510447883,0.005839473641920077,0.009996028021793897,0.007843565987861081,-0.004219536357177835,-0.003849547555969327,-0.0024644369049895663,-0.005694693295410416,-0.002928614757163487,-0.0032851239147910468,0.009980483716896095,-0.007477759622258715,0.009896286035266771,-0.005115981532137646,0.0,-0.011041594210938848,0.007750712465207119,0.011716399915608789,-0.0034052058287411657,-0.006308538550243005,-0.009465566689554812,-0.005986781480973494,0.005889928080597391,0.00599656516320389,0.015776260990583723,0.003985986759475656,0.013690723287734546,-0.002476805598638783,0.0,agent82,1
-0.6789409563430717,-0.0032654508175730193,-0.0034941879669720117,-0.013265156778581625,-0.007531799920151299,-0.004738472434314731,-0.006758083318124053,-0.005640294787265164,0.005809204748169059,0.007998554159818715,-0.004934570181258116,-0.009828326157789086,0.0,-0.005645550651510553,-0.009730946183779388,0.005995893171507842,-0.007444980064307619,1,0.003990818608045546,-0.004055063192448193,-0.01079155327671421,0.011316227657553838,-0.007422313456716878,0.007867880943812862,-0.006117218114310992,-0.002735791058004571,-0.0037628647590306416,0.0039330079358332465,0.01595921616694179,0.009983695060291635,0.00934844950860852,0.011950460621664825,-0.009650515008067052,0.009999945333490386,-0.004749431032118577,0.009983369485941855,-0.0036937049134141793,-0.007543811963236144,-0.007100135776272721,0.011121671526352794,0.011319180752773729,-0.008615134264561708,0.001931310583965519,0.01581316638926225,0.00948960054846726,0.011950144370661338,-0.005276177792597937,-0.01236306906531392,0.013825043934343285,0.01399992230387652,0.007890106429863025,-0.009439378311855132,0.015812567556168652,0.005807623507770993,-0.006760690317707775,0.005988325713402759,-0.006081248441661529,0.011996652724109023,0.0019666016016328604,-0.004874861226345985,0.01569687623392147,-0.007682295677241903,-0.010019602215367698,0.01399013828018724,-0.0064094297366529066,-0.005080607542341574,0.011763417012592078,0.01114840555266102,-0.004045510730977444,0.01171361837912823,-0.0010572119212754504,0.003969886646095247,0.00790942510447883,0.005839473641920077,0.009996028021793897,0.007843565987861081,-0.004219536357177835,-0.003849547555969327,-0.0024644369049895663,-0.005694693295410416,-0.002928614757163487,-0.0032851239147910468,0.009980483716896095,-0.007477759622258715,0.009896286035266771,-0.005115981532137646,0.0,-0.011041594210938848,0.007750712465207119,0.011716399915608789,-0.0034052058287411657,-0.006308538550243005,-0.009465566689554812,-0.005986781480973494,0.005889928080597391,0.00599656516320389,0.015776260990583723,0.003985986759475656,0.013690723287734546,-0.002476805598638783,0.0,agent27,-0.5766011162486154
-0.6799470375915134,-0.0032654508175730193,-0.0034941879669720117,-0.013265156778581625,-0.007531799920151299,-0.004738472434314731,-0.006758083318124053,-0.005640294787265164,0.005809204748169059,0.007998554159818715,-0.004934570181258116,-0.009828326157789086,0.0,-0.005645550651510553,-0.009730946183779388,0.005995893171507842,-0.007444980064307619,1,0.003990818608045546,-0.004055063192448193,-0.01079155327671421,0.011316227657553838,-0.007422313456716878,0.007867880943812862,-0.006117218114310992,-0.002735791058004571,-0.0037628647590306416,0.0039330079358332465,0.01595921616694179,0.009983695060291635,0.00934844950860852,0.011950460621664825,-0.009650515008067052,0.009999945333490386,-0.004749431032118577,0.009983369485941855,-0.0036937049134141793,-0.007543811963236144,-0.007100135776272721,0.011121671526352794,0.011319180752773729,-0.008615134264561708,0.001931310583965519,0.01581316638926225,0.00948960054846726,0.011950144370661338,-0.005276177792597937,-0.01236306906531392,0.013825043934343285,0.01399992230387652,0.007890106429863025,-0.009439378311855132,0.015812567556168652,0.005807623507770993,-0.006760690317707775,0.005988325713402759,-0.006880747075519046,0.011996652724109023,0.0019666016016328604,-0.004874861226345985,0.01569687623392147,-0.007682295677241903,-0.010019602215367698,0.01399013828018724,-0.0064094297366529066,-0.005080607542341574,0.011763417012592078,0.01114840555266102,-0.004045510730977444,0.01171361837912823,-0.0010572119212754504,0.003969886646095247,0.00790942510447883,0.005839473641920077,0.009996028021793897,0.007843565987861081,-0.004219536357177835,-0.003849547555969327,-0.0024644369049895663,-0.005694693295410416,-0.002928614757163487,-0.0032851239147910468,0.009980483716896095,-0.007477759622258715,0.009896286035266771,-0.005115981532137646,0.0,-0.011041594210938848,0.007750712465207119,0.011716399915608789,-0.0034052058287411657,-0.006308538550243005,-0.009465566689554812,-0.005986781480973494,0.005889928080597391,0.00599656516320389,0.015776260990583723,0.003985986759475656,0.013690723287734546,-0.002476805598638783,0.0,agent55,0.8705759787967048
-0.6809521535730456,-0.0032654508175730193,-0.0034941879669720117,-0.013265156778581625,-0.007531799920151299,-0.004738472434314731,-0.006758083318124053,-0.005640294787265164,0.005809204748169059,0.007998554159818715,-0.004934570181258116,-0.009828326157789086,0.0,-0.005645550651510553,-0.009730946183779388,0.005995893171507842,-0.007444980064307619,1,0.003990818608045546,-0.004055063192448193,-0.01079155327671421,0.011316227657553838,-0.007422313456716878,0.007867880943812862,-0.006117218114310992,-0.002735791058004571,-0.0037628647590306416,0.0039330079358332465,0.01595921616694179,0.009983695060291635,0.00934844950860852,0.011950460621664825,-0.009650515008067052,0.009999945333490386,-0.004749431032118577,0.009983369485941855,-0.0036937049134141793,-0.007543811963236144,-0.007100135776272721,0.011121671526352794,0.011319180752773729,-0.008615134264561708,0.001931310583965519,0.01581316638926225,0.00948960054846726,0.011950144370661338,-0.005276177792597937,-0.01236306906531392,0.013825043934343285,0.01399992230387652,0.007890106429863025,-0.009439378311855132,0.015812567556168652,0.005807623507770993,-0.006760690317707775,0.005988325713402759,-0.006880747075519046,0.011996652724109023,0.0019666016016328604,-0.004874861226345985,0.01569687623392147,-0.007682295677241903,-0.010019602215367698,0.01399013828018724,-0.0064094297366529066,-0.005080607542341574,0.011763417012592078,0.01114840555266102,-0.004045510730977444,0.01171361837912823,-0.0010572119212754504,0.003969886646095247,0.00790942510447883,0.005839473641920077,0.009996028021793897,0.007843565987861081,-0.004219536357177835,-0.003849547555969327,-0.0024644369049895663,-0.005694693295410416,-0.002928614757163487,-0.0032851239147910468,0.009980483716896095,-0.007477759622258715,0.009896286035266771,-0.006312183171811397,0.0,-0.011041594210938848,0.007750712465207119,0.011716399915608789,-0.0034052058287411657,-0.006308538550243005,-0.009465566689554812,-0.005986781480973494,0.005889928080597391,0.00599656516320389,0.015776260990583723,0.003985986759475656,0.013690723287734546,-0.002476805598638783,0.0,agent84,0.5879633380472761
-0.6819619818992034,-0.0032654508175730193,-0.0034941879669720117,-0.013265156778581625,-0.007531799920151299,-0.004738472434314731,-0.006758083318124053,-0.005640294787265164,0.005809204748169059,0.007998554159818715,-0.004934570181258116,-0.010415526086488157,0.0,-0.005645550651510553,-0.009730946183779388,0.005995893171507842,-0.007444980064307619,1,0.003990818608045546,-0.004055063192448193,-0.01079155327671421,0.011316227657553838,-0.007422313456716878,0.007867880943812862,-0.006117218114310992,-0.002735791058004571,-0.0037628647590306416,0.0039330079358332465,0.01595921616694179,0.009983695060291635,0.00934844950860852,0.011950460621664825,-0.009650515008067052,0.009999945333490386,-0.004749431032118577,0.009983369485941855,-0.0036937049134141793,-0.007543811963236144,-0.007100135776272721,0.011121671526352794,0.011319180752773729,-0.008615134264561708,0.001931310583965519,0.01581316638926225,0.00948960054846726,0.011950144370661338,-0.005276177792597937,-0.01236306906531392,0.013825043934343285,0.01399992230387652,0.007890106429863025,-0.009439378311855132,0.015812567556168652,0.005807623507770993,-0.006760690317707775,0.005988325713402759,-0.006880747075519046,0.011996652724109023,0.0019666016016328604,-0.004874861226345985,0.01569687623392147,-0.007682295677241903,-0.010019602215367698,0.01399013828018724,-0.0064094297366529066,-0.005080607542341574,0.011763417012592078,0.01114840555266102,-0.004045510730977444,0.01171361837912823,-0.0010572119212754504,0.003969886646095247,0.00790942510447883,0.005839473641920077,0.009996028021793897,0.007843565987861081,-0.004219536357177835,-0.003849547555969327,-0.0024644369049895663,-0.005694693295410416,-0.002928614757163487,-0.0032851239147910468,0.009980483716896095,-0.007477759622258715,0.009896286035266771,-0.006312183171811397,0.0,-0.011041594210938848,0.007750712465207119,0.011716399915608789,-0.0034052058287411657,-0.006308538550243005,-0.009465566689554812,-0.005986781480973494,0.005889928080597391,0.00599656516320389,0.015776260990583723,0.003985986759475656,0.013690723287734546,-0.002476805598638783,0.0,agent10,1
-0.6829695136991236,-0.0032654508175730193,-0.0034941879669720117,-0.013265156778581625,-0.009120447332520534,-0.004738472434314731,-0.006758083318124053,-0.005640294787265164,0.005809204748169059,0.007998554159818715,-0.004934570181258116,-0.010415526086488157,0.0,-0.005645550651510553,-0.009730946183779388,0.005995893171507842,-0.007444980064307619,1,0.003990818608045546,-0.004055063192448193,-0.01079155327671421,0.011316227657553838,-0.007422313456716878,0.007867880943812862,-0.006117218114310992,-0.002735791058004571,-0.0037628647590306416,0.0039330079358332465,0.01595921616694179,0.009983695060291635,0.00934844950860852,0.011950460621664825,-0.009650515008067052,0.009999945333490386,-0.004749431032118577,0.009983369485941855,-0.0036937049134141793,-0.007543811963236144,-0.007100135776272721,0.011121671526352794,0.011319180752773729,-0.008615134264561708,0.001931310583965519,0.01581316638926225,0.00948960054846726,0.011950144370661338,-0.005276177792597937,-0.01236306906531392,0.013825043934343285,0.01399992230387652,0.007890106429863025,-0.009439378311855132,0.015812567556168652,0.005807623507770993,-0.006760690317707775,0.005988325713402759,-0.006880747075519046,0.011996652724109023,0.0019666016016328604,-0.004874861226345985,0.01569687623392147,-0.007682295677241903,-0.010019602215367698,0.01399013828018724,-0.0064094297366529066,-0.005080607542341574,0.011763417012592078,0.01114840555266102,-0.004045510730977444,0.01171361837912823,-0.0010572119212754504,0.003969886646095247,0.00790942510447883,0.005839473641920077,0.009996028021793897,0.007843565987861081,-0.004219536357177835,-0.003849547555969327,-0.0024644369049895663,-0.005694693295410416,-0.002928614757163487,-0.0032851239147910468,0.009980483716896095,-0.007477759622258715,0.009896286035266771,-0.006312183171811397,0.0,-0.011041594210938848,0.007750712465207119,0.011716399915608789,-0.0034052058287411657,-0.006308538550243005,-0.009465566689554812,-0.005986781480973494,0.005889928080597391,0.00599656516320389,0.015776260990583723,0.003985986759475656,0.013690723287734546,-0.002476805598638783,0.0,agent3,0.22506898519151952
-0.6839815103518477,-0.0032654508175730193,-0.0034941879669720117,-0.013265156778581625,-0.009120447332520534,-0.004738472434314731,-0.006758083318124053,-0.005640294787265164,0.005809204748169059,0.007998554159818715,-0.004934570181258116,-0.010415526086488157,0.0,-0.005645550651510553,-0.009730946183779388,0.005995893171507842,-0.007444980064307619,1,0.003990818608045546,-0.004055063192448193,-0.01079155327671421,0.011316227657553838,-0.007422313456716878,0.007867880943812862,-0.006117218114310992,-0.002735791058004571,-0.0037628647590306416,0.0039330079358332465,0.01595921616694179,0.009983695060291635,0.00934844950860852,0.011950460621664825,-0.009650515008067052,0.009999945333490386,-0.004749431032118577,0.009983369485941855,-0.0036937049134141793,-0.007543811963236144,-0.007100135776272721,0.011121671526352794,0.011319180752773729,-0.008615134264561708,0.001931310583965519,0.01581316638926225,0.00948960054846726,0.011950144370661338,-0.005276177792597937,-0.01236306906531392,0.013825043934343285,0.01399992230387652,0.007890106429863025,-0.009439378311855132,0.015812567556168652,0.005807623507770993,-0.006760690317707775,0.005988325713402759,-0.006880747075519046,0.013996118000383528,0.0019666016016328604,-0.004874861226345985,0.01569687623392147,-0.007682295677241903,-0.010019602215367698,0.01399013828018724,-0.0064094297366529066,-0.005080607542341574,0.011763417012592078,0.01114840555266102,-0.004045510730977444,0.01171361837912823,-0.0010572119212754504,0.003969886646095247,0.00790942510447883,0.005839473641920077,0.009996028021793897,0.007843565987861081,-0.004219536357177835,-0.003849547555969327,-0.0024644369049895663,-0.005694693295410416,-0.002928614757163487,-0.0032851239147910468,0.009980483716896095,-0.007477759622258715,0.009896286035266771,-0.006312183171811397,0.0,-0.011041594210938848,0.007750712465207119,0.011716399915608789,-0.0034052058287411657,-0.006308538550243005,-0.009465566689554812,-0.005986781480973494,0.005889928080597391,0.00599656516320389,0.015776260990583723,0.003985986759475656,0.013690723287734546,-0.002476805598638783,0.0,agent56,-0.6502671062802458
-0.6849914937213337,-0.0032654508175730193,-0.0034941879669720117,-0.013265156778581625,-0.009120447332520534,-0.004738472434314731,-0.006758083318124053,-0.005640294787265164,0.005809204748169059,0.007998554159818715,-0.004934570181258116,-0.010415526086488157,0.0,-0.005645550651510553,-0.009730946183779388,0.005995893171507842,-0.007444980064307619,1,0.003990818608045546,-0.004055063192448193,-0.01079155327671421,0.011316227657553838,-0.007422313456716878,0.007867880943812862,-0.006117218114310992,-0.002735791058004571,-0.0037628647590306416,0.0039330079358332465,0.01595921616694179,0.009983695060291635,0.00934844950860852,0.011950460621664825,-0.009650515008067052,0.009999945333490386,-0.004749431032118577,0.011979980601533137,-0.0036937049134141793,-0.007543811963236144,-0.007100135776272721,0.011121671526352794,0.011319180752773729,-0.008615134264561708,0.001931310583965519,0.01581316638926225,0.00948960054846726,0.011950144370661338,-0.005276177792597937,-0.01236306906531392,0.013825043934343285,0.01399992230387652,0.007890106429863025,-0.009439378311855132,0.015812567556168652,0.005807623507770993,-0.006760690317707775,0.005988325713402759,-0.006880747075519046,0.013996118000383528,0.0019666016016328604,-0.004874861226345985,0.01569687623392147,-0.007682295677241903,-0.010019602215367698,0.01399013828018724,-0.0064094297366529066,-0.005080607542341574,0.011763417012592078,0.01114840555266102,-0.004045510730977444,0.01171361837912823,-0.0010572119212754504,0.003969886646095247,0.00790942510447883,0.005839473641920077,0.009996028021793897,0.007843565987861081,-0.004219536357177835,-0.003849547555969327,-0.0024644369049895663,-0.005694693295410416,-0.002928614757163487,-0.0032851239147910468,0.009980483716896095,-0.007477759622258715,0.009896286035266771,-0.006312183171811397,0.0,-0.011041594210938848,0.007750712465207119,0.011716399915608789,-0.0034052058287411657,-0.006308538550243005,-0.009465566689554812,-0.005986781480973494,0.005889928080597391,0.00599656516320389,0.015776260990583723,0.003985986759475656,0.013690723287734546,-0.002476805598638783,0.0,agent34,-0.766308716167639
-0.6859947591721512,-0.0038458526506163935,-0.0034941879669720117,-0.013265156778581625,-0.009120447332520534,-0.004738472434314731,-0.006758083318124053,-0.005640294787265164,0.005809204748169059,0.007998554159818715,-0.004934570181258116,-0.010415526086488157,0.0,-0.005645550651510553,-0.009730946183779388,0.005995893171507842,-0.007444980064307619,1,0.003990818608045546,-0.004055063192448193,-0.01079155327671421,0.011316227657553838,-0.007422313456716878,0.007867880943812862,-0.006117218114310992,-0.002735791058004571,-0.0037628647590306416,0.0039330079358332465,0.01595921616694179,0.009983695060291635,0.00934844950860852,0.011950460621664825,-0.009650515008067052,0.009999945333490386,-0.004749431032118577,0.011979980601533137,-0.0036937049134141793,-0.007543811963236144,-0.007100135776272721,0.011121671526352794,0.011319180752773729,-0.008615134264561708,0.001931310583965519,0.01581316638926225,0.00948960054846726,0.011950144370661338,-0.005276177792597937,-0.01236306906531392,0.013825043934343285,0.01399992230387652,0.007890106429863025,-0.009439378311855132,0.015812567556168652,0.005807623507770993,-0.006760690317707775,0.005988325713402759,-0.006880747075519046,0.013996118000383528,0.0019666016016328604,-0.004874861226345985,0.01569687623392147,-0.007682295677241903,-0.010019602215367698,0.01399013828018724,-0.0064094297366529066,-0.005080607542341574,0.011763417012592078,0.01114840555266102,-0.004045510730977444,0.01171361837912823,-0.0010572119212754504,0.003969886646095247,0.00790942510447883,0.005839473641920077,0.009996028021793897,0.007843565987861081,-0.004219536357177835,-0.003849547555969327,-0.0024644369049895663,-0.005694693295410416,-0.002928614757163487,-0.0032851239147910468,0.009980483716896095,-0.007477759622258715,0.009896286035266771,-0.006312183171811397,0.0,-0.011041594210938848,0.007750712465207119,0.011716399915608789,-0.0034052058287411657,-0.006308538550243005,-0.009465566689554812,-0.005986781480973494,0.005889928080597391,0.00599656516320389,0.015776260990583723,0.003985986759475656,0.013690723287734546,-0.002476805598638783,0.0,agent0,1
-0.6870085842160856,-0.0038458526506163935,-0.0034941879669720117,-0.013265156778581625,-0.009120447332520534,-0.004738472434314731,-0.006758083318124053,-0.005640294787265164,0.005809204748169059,0.007998554159818715,-0.004934570181258116,-0.010415526086488157,0.0,-0.005645550651510553,-0.009730946183779388,0.005995893171507842,-0.007444980064307619,1,0.003990818608045546,-0.004055063192448193,-0.01079155327671421,0.011316227657553838,-0.007422313456716878,0.007867880943812862,-0.006117218114310992,-0.002735791058004571,-0.0037628647590306416,0.0039330079358332465,0.01595921616694179,0.009983695060291635,0.00934844950860852,0.011950460621664825,-0.009650515008067052,0.009999945333490386,-0.004749431032118577,0.011979980601533137,-0.0036937049134141793,-0.007543811963236144,-0.007100135776272721,0.011121671526352794,0.011319180752773729,-0.008615134264561708,0.001931310583965519,0.01581316638926225,0.00948960054846726,0.011950144370661338,-0.005276177792597937,-0.01236306906531392,0.015800101220354235,0.01399992230387652,0.007890106429863025,-0.009439378311855132,0.015812567556168652,0.005807623507770993,-0.006760690317707775,0.005988325713402759,-0.006880747075519046,0.013996118000383528,0.0019666016016328604,-0.004874861226345985,0.01569687623392147,-0.007682295677241903,-0.010019602215367698,0.01399013828018724,-0.0064094297366529066,-0.005080607542341574,0.011763417012592078,0.01114840555266102,-0.004045510730977444,0.01171361837912823,-0.0010572119212754504,0.003969886646095247,0.00790942510447883,0.005839473641920077,0.009996028021793897,0.007843565987861081,-0.004219536357177835,-0.003849547555969327,-0.0024644369049895663,-0.005694693295410416,-0.002928614757163487,-0.0032851239147910468,0.009980483716896095,-0.007477759622258715,0.009896286035266771,-0.006312183171811397,0.0,-0.011041594210938848,0.007750712465207119,0.011716399915608789,-0.0034052058287411657,-0.006308538550243005,-0.009465566689554812,-0.005986781480973494,0.005889928080597391,0.00599656516320389,0.015776260990583723,0.003985986759475656,0.013690723287734546,-0.002476805598638783,0.0,agent47,-0.4626442991813595
-0.6880153422994036,-0.0038458526506163935,-0.0034941879669720117,-0.013265156778581625,-0.009120447332520534,-0.004738472434314731,-0.007716856030454065,-0.005640294787265164,0.005809204748169059,0.007998554159818715,-0.004934570181258116,-0.010415526086488157,0.0,-0.005645550651510553,-0.009730946183779388,0.005995893171507842,-0.007444980064307619,1,0.003990818608045546,-0.004055063192448193,-0.01079155327671421,0.011316227657553838,-0.007422313456716878,0.007867880943812862,-0.006117218114310992,-0.002735791058004571,-0.0037628647590306416,0.0039330079358332465,0.01595921616694179,0.009983695060291635,0.00934844950860852,0.011950460621664825,-0.009650515008067052,0.009999945333490386,-0.004749431032118577,0.011979980601533137,-0.0036937049134141793,-0.007543811963236144,-0.007100135776272721,0.011121671526352794,0.011319180752773729,-0.008615134264561708,0.001931310583965519,0.01581316638926225,0.00948960054846726,0.011950144370661338,-0.005276177792597937,-0.01236306906531392,0.015800101220354235,0.01399992230387652,0.007890106429863025,-0.009439378311855132,0.015812567556168652,0.005807623507770993,-0.006760690317707775,0.005988325713402759,-0.006880747075519046,0.013996118000383528,0.0019666016016328604,-0.004874861226345985,0.01569687623392147,-0.007682295677241903,-0.010019602215367698,0.01399013828018724,-0.0064094297366529066,-0.005080607542341574,0.011763417012592078,0.01114840555266102,-0.004045510730977444,0.01171361837912823,-0.0010572119212754504,0.003969886646095247,0.00790942510447883,0.005839473641920077,0.009996028021793897,0.007843565987861081,-0.004219536357177835,-0.003849547555969327,-0.0024644369049895663,-0.005694693295410416,-0.002928614757163487,-0.0032851239147910468,0.009980483716896095,-0.007477759622258715,0.009896286035266771,-0.006312183171811397,0.0,-0.011041594210938848,0.007750712465207119,0.011716399915608789,-0.0034052058287411657,-0.006308538550243005,-0.009465566689554812,-0.005986781480973494,0.005889928080597391,0.00599656516320389,0.015776260990583723,0.003985986759475656,0.013690723287734546,-0.002476805598638783,0.0,agent5,0.7560626459523964
-0.6890188364873706,-0.0038458526506163935,-0.004069490069052925,-0.013265156778581625,-0.009120447332520534,-0.004738472434314731,-0.007716856030454065,-0.005640294787265164,0.005809204748169059,0.007998554159818715,-0.004934570181258116,-0.010415526086488157,0.0,-0.005645550651510553,-0.009730946183779388,0.005995893171507842,-0.007444980064307619,1,0.003990818608045546,-0.004055063192448193,-0.01079155327671421,0.011316227657553838,-0.007422313456716878,0.007867880943812862,-0.006117218114310992,-0.002735791058004571,-0.0037628647590306416,0.0039330079358332465,0.01595921616694179,0.009983695060291635,0.00934844950860852,0.011950460621664825,-0.009650515008067052,0.009999945333490386,-0.004749431032118577,0.011979980601533137,-0.0036937049134141793,-0.007543811963236144,-0.007100135776272721,0.011121671526352794,0.011319180752773729,-0.008615134264561708,0.001931310583965519,0.01581316638926225,0.00948960054846726,0.011950144370661338,-0.005276177792597937,-0.01236306906531392,0.015800101220354235,0.01399992230387652,0.007890106429863025,-0.009439378311855132,0.015812567556168652,0.005807623507770993,-0.006760690317707775,0.005988325713402759,-0.006880747075519046,0.013996118000383528,0.0019666016016328604,-0.004874861226345985,0.01569687623392147,-0.007682295677241903,-0.010019602215367698,0.01399013828018724,-0.0064094297366529066,-0.005080607542341574,0.011763417012592078,0.01114840555266102,-0.004045510730977444,0.01171361837912823,-0.0010572119212754504,0.003969886646095247,0.00790942510447883,0.005839473641920077,0.009996028021793897,0.007843565987861081,-0.004219536357177835,-0.003849547555969327,-0.0024644369049895663,-0.005694693295410416,-0.002928614757163487,-0.0032851239147910468,0.009980483716896095,-0.007477759622258715,0.009896286035266771,-0.006312183171811397,0.0,-0.011041594210938848,0.007750712465207119,0.011716399915608789,-0.0034052058287411657,-0.006308538550243005,-0.009465566689554812,-0.005986781480973494,0.005889928080597391,0.00599656516320389,0.015776260990583723,0.003985986759475656,0.013690723287734546,-0.002476805598638783,0.0,agent1,1
-0.6900345333636045,-0.0038458526506163935,-0.004069490069052925,-0.013265156778581625,-0.009120447332520534,-0.004738472434314731,-0.007716856030454065,-0.005640294787265164,0.005809204748169059,0.007998554159818715,-0.004934570181258116,-0.010415526086488157,0.0,-0.005645550651510553,-0.009730946183779388,0.005995893171507842,-0.007444980064307619,1,0.003990818608045546,-0.004055063192448193,-0.01079155327671421,0.011316227657553838,-0.007422313456716878,0.007867880943812862,-0.006117218114310992,-0.002735791058004571,-0.0037628647590306416,0.0039330079358332465,0.01595921616694179,0.009983695060291635,0.00934844950860852,0.011950460621664825,-0.009650515008067052,0.009999945333490386,-0.004749431032118577,0.011979980601533137,-0.0036937049134141793,-0.007543811963236144,-0.007100135776272721,0.011121671526352794,0.011319180752773729,-0.008615134264561708,0.001931310583965519,0.01581316638926225,0.00948960054846726,0.011950144370661338,-0.005276177792597937,-0.01236306906531392,0.015800101220354235,0.01399992230387652,0.007890106429863025,-0.009439378311855132,0.015812567556168652,0.005807623507770993,-0.006760690317707775,0.005988325713402759,-0.006880747075519046,0.013996118000383528,0.0019666016016328604,-0.004874861226345985,0.017658729905757772,-0.007682295677241903,-0.010019602215367698,0.01399013828018724,-0.0064094297366529066,-0.005080607542341574,0.011763417012592078,0.01114840555266102,-0.004045510730977444,0.01171361837912823,-0.0010572119212754504,0.003969886646095247,0.00790942510447883,0.005839473641920077,0.009996028021793897,0.007843565987861081,-0.004219536357177835,-0.003849547555969327,-0.0024644369049895663,-0.005694693295410416,-0.002928614757163487,-0.0032851239147910468,0.009980483716896095,-0.007477759622258715,0.009896286035266771,-0.006312183171811397,0.0,-0.011041594210938848,0.007750712465207119,0.011716399915608789,-0.0034052058287411657,-0.006308538550243005,-0.009465566689554812,-0.005986781480973494,0.005889928080597391,0.00599656516320389,0.015776260990583723,0.003985986759475656,0.013690723287734546,-0.002476805598638783,0.0,agent59,-0.41280758340851026
-0.6910394082248309,-0.0038458526506163935,-0.004069490069052925,-0.013265156778581625,-0.009120447332520534,-0.004738472434314731,-0.007716856030454065,-0.005640294787265164,0.005809204748169059,0.007998554159818715,-0.004934570181258116,-0.010415526086488157,0.0,-0.005645550651510553,-0.009730946183779388,0.005995893171507842,-0.007444980064307619,1,0.003990818608045546,-0.004055063192448193,-0.01079155327671421,0.011316227657553838,-0.007422313456716878,0.007867880943812862,-0.006117218114310992,-0.002735791058004571,-0.0037628647590306416,0.0039330079358332465,0.01595921616694179,0.009983695060291635,0.00934844950860852,0.011950460621664825,-0.009650515008067052,0.009999945333490386,-0.004749431032118577,0.011979980601533137,-0.0036937049134141793,-0.007543811963236144,-0.007100135776272721,0.011121671526352794,0.011319180752773729,-0.008615134264561708,0.001931310583965519,0.01581316638926225,0.00948960054846726,0.011950144370661338,-0.005276177792597937,-0.01236306906531392,0.015800101220354235,0.01399992230387652,0.007890106429863025,-0.009439378311855132,0.015812567556168652,0.005807623507770993,-0.006760690317707775,0.005988325713402759,-0.006880747075519046,0.013996118000383528,0.0019666016016328604,-0.005570043237087344,0.017658729905757772,-0.007682295677241903,-0.010019602215367698,0.01399013828018724,-0.0064094297366529066,-0.005080607542341574,0.011763417012592078,0.01114840555266102,-0.004045510730977444,0.01171361837912823,-0.0010572119212754504,0.003969886646095247,0.00790942510447883,0.005839473641920077,0.009996028021793897,0.007843565987861081,-0.004219536357177835,-0.003849547555969327,-0.0024644369049895663,-0.005694693295410416,-0.002928614757163487,-0.0032851239147910468,0.009980483716896095,-0.007477759622258715,0.009896286035266771,-0.006312183171811397,0.0,-0.011041594210938848,0.007750712465207119,0.011716399915608789,-0.0034052058287411657,-0.006308538550243005,-0.009465566689554812,-0.005986781480973494,0.005889928080597391,0.00599656516320389,0.015776260990583723,0.003985986759475656,0.013690723287734546,-0.002476805598638783,0.0,agent58,0.925402243027623
-0.6920468532048952,-0.0038458526506163935,-0.004069490069052925,-0.013265156778581625,-0.009120447332520534,-0.004738472434314731,-0.007716856030454065,-0.005640294787265164,0.005809204748169059,0.007998554159818715,-0.004934570181258116,-0.010415526086488157,0.0,-0.005645550651510553,-0.009730946183779388,0.005995893171507842,-0.008015172924222925,1,0.003990818608045546,-0.004055063192448193,-0.01079155327671421,0.011316227657553838,-0.007422313456716878,0.007867880943812862,-0.006117218114310992,-0.002735791058004571,-0.0037628647590306416,0.0039330079358332465,0.01595921616694179,0.009983695060291635,0.00934844950860852,0.011950460621664825,-0.009650515008067052,0.009999945333490386,-0.004749431032118577,0.011979980601533137,-0.0036937049134141793,-0.007543811963236144,-0.007100135776272721,0.011121671526352794,0.011319180752773729,-0.008615134264561708,0.001931310583965519,0.01581316638926225,0.00948960054846726,0.011950144370661338,-0.005276177792597937,-0.01236306906531392,0.015800101220354235,0.01399992230387652,0.007890106429863025,-0.009439378311855132,0.015812567556168652,0.005807623507770993,-0.006760690317707775,0.005988325713402759,-0.006880747075519046,0.013996118000383528,0.0019666016016328604,-0.005570043237087344,0.017658729905757772,-0.007682295677241903,-0.010019602215367698,0.01399013828018724,-0.0064094297366529066,-0.005080607542341574,0.011763417012592078,0.01114840555266102,-0.004045510730977444,0.01171361837912823,-0.0010572119212754504,0.003969886646095247,0.00790942510447883,0.005839473641920077,0.009996028021793897,0.007843565987861081,-0.004219536357177835,-0.003849547555969327,-0.0024644369049895663,-0.005694693295410416,-0.002928614757163487,-0.0032851239147910468,0.009980483716896095,-0.007477759622258715,0.009896286035266771,-0.006312183171811397,0.0,-0.011041594210938848,0.007750712465207119,0.011716399915608789,-0.0034052058287411657,-0.006308538550243005,-0.009465566689554812,-0.005986781480973494,0.005889928080597391,0.00599656516320389,0.015776260990583723,0.003985986759475656,0.013690723287734546,-0.002476805598638783,0.0,agent15,1
-0.6930536138952129,-0.0038458526506163935,-0.004069490069052925,-0.013265156778581625,-0.009120447332520534,-0.004738472434314731,-0.007716856030454065,-0.005640294787265164,0.005809204748169059,0.007998554159818715,-0.004934570181258116,-0.010415526086488157,0.0,-0.005645550651510553,-0.009730946183779388,0.005995893171507842,-0.008015172924222925,1,0.003990818608045546,-0.004055063192448193,-0.01079155327671421,0.011316227657553838,-0.007422313456716878,0.007867880943812862,-0.006117218114310992,-0.002735791058004571,-0.0037628647590306416,0.0039330079358332465,0.01595921616694179,0.009983695060291635,0.00934844950860852,0.011950460621664825,-0.009650515008067052,0.009999945333490386,-0.004749431032118577,0.011979980601533137,-0.0036937049134141793,-0.007543811963236144,-0.007100135776272721,0.011121671526352794,0.011319180752773729,-0.008615134264561708,0.001931310583965519,0.01581316638926225,0.00948960054846726,0.011950144370661338,-0.005276177792597937,-0.01236306906531392,0.015800101220354235,0.01399992230387652,0.007890106429863025,-0.009439378311855132,0.015812567556168652,0.005807623507770993,-0.007423839370836825,0.005988325713402759,-0.006880747075519046,0.013996118000383528,0.0019666016016328604,-0.005570043237087344,0.017658729905757772,-0.007682295677241903,-0.010019602215367698,0.01399013828018724,-0.0064094297366529066,-0.005080607542341574,0.011763417012592078,0.01114840555266102,-0.004045510730977444,0.01171361837912823,-0.0010572119212754504,0.003969886646095247,0.00790942510447883,0.005839473641920077,0.009996028021793897,0.007843565987861081,-0.004219536357177835,-0.003849547555969327,-0.0024644369049895663,-0.005694693295410416,-0.002928614757163487,-0.0032851239147910468,0.009980483716896095,-0.007477759622258715,0.009896286035266771,-0.006312183171811397,0.0,-0.011041594210938848,0.007750712465207119,0.011716399915608789,-0.0034052058287411657,-0.006308538550243005,-0.009465566689554812,-0.005986781480973494,0.005889928080597391,0.00599656516320389,0.015776260990583723,0.003985986759475656,0.013690723287734546,-0.002476805598638783,0.0,agent53,0.9430989793561949
-0.6940655938758145,-0.0038458526506163935,-0.004069490069052925,-0.013265156778581625,-0.009120447332520534,-0.004738472434314731,-0.007716856030454065,-0.005640294787265164,0.005809204748169059,0.007998554159818715,-0.004934570181258116,-0.010415526086488157,0.0,-0.005645550651510553,-0.009730946183779388,0.005995893171507842,-0.008015172924222925,1,0.003990818608045546,-0.004055063192448193,-0.01079155327671421,0.011316227657553838,-0.007422313456716878,0.007867880943812862,-0.006117218114310992,-0.002735791058004571,-0.0037628647590306416,0.0039330079358332465,0.01595921616694179,0.009983695060291635,0.00934844950860852,0.011950460621664825,-0.009650515008067052,0.009999945333490386,-0.004749431032118577,0.013976674655135527,-0.0036937049134141793,-0.007543811963236144,-0.007100135776272721,0.011121671526352794,0.011319180752773729,-0.008615134264561708,0.001931310583965519,0.01581316638926225,0.00948960054846726,0.011950144370661338,-0.005276177792597937,-0.01236306906531392,0.015800101220354235,0.01399992230387652,0.007890106429863025,-0.009439378311855132,0.015812567556168652,0.005807623507770993,-0.007423839370836825,0.005988325713402759,-0.006880747075519046,0.013996118000383528,0.0019666016016328604,-0.005570043237087344,0.017658729905757772,-0.007682295677241903,-0.010019602215367698,0.01399013828018724,-0.0064094297366529066,-0.005080607542341574,0.011763417012592078,0.01114840555266102,-0.004045510730977444,0.01171361837912823,-0.0010572119212754504,0.003969886646095247,0.00790942510447883,0.005839473641920077,0.009996028021793897,0.007843565987861081,-0.004219536357177835,-0.003849547555969327,-0.0024644369049895663,-0.005694693295410416,-0.002928614757163487,-0.0032851239147910468,0.009980483716896095,-0.007477759622258715,0.009896286035266771,-0.006312183171811397,0.0,-0.011041594210938848,0.007750712465207119,0.011716399915608789,-0.0034052058287411657,-0.006308538550243005,-0.009465566689554812,-0.005986781480973494,0.005889928080597391,0.00599656516320389,0.015776260990583723,0.003985986759475656,0.013690723287734546,-0.002476805598638783,0.0,agent34,-0.7743671600927473
-0.6950712885691098,-0.0038458526506163935,-0.004069490069052925,-0.013265156778581625,-0.009120447332520534,-0.004738472434314731,-0.007716856030454065,-0.005640294787265164,0.005809204748169059,0.007998554159818715,-0.004934570181258116,-0.010415526086488157,0.0,-0.005645550651510553,-0.009730946183779388,0.005995893171507842,-0.008015172924222925,1,0.003990818608045546,-0.004055063192448193,-0.01079155327671421,0.011316227657553838,-0.007422313456716878,0.007867880943812862,-0.006117218114310992,-0.002735791058004571,-0.0037628647590306416,0.0039330079358332465,0.01595921616694179,0.009983695060291635,0.00934844950860852,0.011950460621664825,-0.009650515008067052,0.009999945333490386,-0.004749431032118577,0.013976674655135527,-0.0036937049134141793,-0.007543811963236144,-0.007100135776272721,0.011121671526352794,0.011319180752773729,-0.008615134264561708,0.001931310583965519,0.01581316638926225,0.00948960054846726,0.011950144370661338,-0.005276177792597937,-0.01236306906531392,0.015800101220354235,0.01399992230387652,0.007890106429863025,-0.009439378311855132,0.015812567556168652,0.005807623507770993,-0.007423839370836825,0.005988325713402759,-0.006880747075519046,0.013996118000383528,0.0019666016016328604,-0.005570043237087344,0.017658729905757772,-0.007682295677241903,-0.010019602215367698,0.01399013828018724,-0.0064094297366529066,-0.005080607542341574,0.011763417012592078,0.01114840555266102,-0.004045510730977444,0.01171361837912823,-0.0010572119212754504,0.003969886646095247,0.00790942510447883,0.005839473641920077,0.009996028021793897,0.007843565987861081,-0.004219536357177835,-0.003849547555969327,-0.0024644369049895663,-0.006259764177233508,-0.002928614757163487,-0.0032851239147910468,0.009980483716896095,-0.007477759622258715,0.009896286035266771,-0.006312183171811397,0.0,-0.011041594210938848,0.007750712465207119,0.011716399915608789,-0.0034052058287411657,-0.006308538550243005,-0.009465566689554812,-0.005986781480973494,0.005889928080597391,0.00599656516320389,0.015776260990583723,0.003985986759475656,0.013690723287734546,-0.002476805598638783,0.0,agent78,1
-0.6960737653747084,-0.0038458526506163935,-0.004069490069052925,-0.013265156778581625,-0.009120447332520534,-0.004738472434314731,-0.007716856030454065,-0.005640294787265164,0.005809204748169059,0.007998554159818715,-0.004934570181258116,-0.010415526086488157,0.0,-0.005645550651510553,-0.009730946183779388,0.005995893171507842,-0.008015172924222925,1,0.003990818608045546,-0.004055063192448193,-0.01079155327671421,0.011316227657553838,-0.007422313456716878,0.007867880943812862,-0.006117218114310992,-0.002735791058004571,-0.0037628647590306416,0.0039330079358332465,0.01595921616694179,0.009983695060291635,0.00934844950860852,0.011950460621664825,-0.009650515008067052,0.009999945333490386,-0.004749431032118577,0.013976674655135527,-0.0036937049134141793,-0.007543811963236144,-0.007100135776272721,0.011121671526352794,0.011319180752773729,-0.008615134264561708,0.001931310583965519,0.01581316638926225,0.00948960054846726,0.011950144370661338,-0.005276177792597937,-0.01236306906531392,0.015800101220354235,0.01399992230387652,0.007890106429863025,-0.009439378311855132,0.015812567556168652,0.005807623507770993,-0.007423839370836825,0.005988325713402759,-0.006880747075519046,0.013996118000383528,0.0019666016016328604,-0.005570043237087344,0.017658729905757772,-0.007682295677241903,-0.010019602215367698,0.01399013828018724,-0.0064094297366529066,-0.005080607542341574,0.011763417012592078,0.01114840555266102,-0.004045510730977444,0.01171361837912823,-0.0010572119212754504,0.003969886646095247,0.00790942510447883,0.005839473641920077,0.009996028021793897,0.007843565987861081,-0.004219536357177835,-0.003849547555969327,-0.0024644369049895663,-0.006259764177233508,-0.002928614757163487,-0.0032851239147910468,0.009980483716896095,-0.007477759622258715,0.009896286035266771,-0.006312183171811397,0.0,-0.011041594210938848,0.007750712465207119,0.011716399915608789,-0.0034052058287411657,-0.006308538550243005,-0.009465566689554812,-0.005986781480973494,0.005889928080597391,0.00599656516320389,0.015776260990583723,0.003985986759475656,0.013690723287734546,-0.0033301065311189286,0.0,agent98,0.8193256656802405
-0.6970832047530203,-0.0038458526506163935,-0.004069490069052925,-0.013265156778581625,-0.009120447332520534,-0.004738472434314731,-0.007716856030454065,-0.005640294787265164,0.005809204748169059,0.007998554159818715,-0.004934570181258116,-0.010415526086488157,0.0,-0.005645550651510553,-0.009730946183779388,0.005995893171507842,-0.008015172924222925,1,0.003990818608045546,-0.004055063192448193,-0.01079155327671421,0.011316227657553838,-0.007422313456716878,0.007867880943812862,-0.006117218114310992,-0.002735791058004571,-0.0037628647590306416,0.0039330079358332465,0.01595921616694179,0.009983695060291635,0.00934844950860852,0.011950460621664825,-0.009650515008067052,0.009999945333490386,-0.004749431032118577,0.013976674655135527,-0.0036937049134141793,-0.007543811963236144,-0.007100135776272721,0.011121671526352794,0.011319180752773729,-0.008615134264561708,0.001931310583965519,0.01581316638926225,0.00948960054846726,0.011950144370661338,-0.005276177792597937,-0.01236306906531392,0.015800101220354235,0.01399992230387652,0.007890106429863025,-0.010381861802452156,0.015812567556168652,0.005807623507770993,-0.007423839370836825,0.005988325713402759,-0.006880747075519046,0.013996118000383528,0.0019666016016328604,-0.005570043237087344,0.017658729905757772,-0.007682295677241903,-0.010019602215367698,0.01399013828018724,-0.0064094297366529066,-0.005080607542341574,0.011763417012592078,0.01114840555266102,-0.004045510730977444,0.01171361837912823,-0.0010572119212754504,0.003969886646095247,0.00790942510447883,0.005839473641920077,0.009996028021793897,0.007843565987861081,-0.004219536357177835,-0.003849547555969327,-0.0024644369049895663,-0.006259764177233508,-0.002928614757163487,-0.0032851239147910468,0.009980483716896095,-0.007477759622258715,0.009896286035266771,-0.006312183171811397,0.0,-0.011041594210938848,0.007750712465207119,0.011716399915608789,-0.0034052058287411657,-0.006308538550243005,-0.009465566689554812,-0.005986781480973494,0.005889928080597391,0.00599656516320389,0.015776260990583723,0.003985986759475656,0.013690723287734546,-0.0033301065311189286,0.0,agent50,0.7582415439052124
-0.6980942463472313,-0.0038458526506163935,-0.004069490069052925,-0.013265156778581625,-0.009120447332520534,-0.004738472434314731,-0.007716856030454065,-0.005640294787265164,0.005809204748169059,0.007998554159818715,-0.004934570181258116,-0.010415526086488157,0.0,-0.005645550651510553,-0.009730946183779388,0.005995893171507842,-0.008015172924222925,1,0.003990818608045546,-0.004055063192448193,-0.01079155327671421,0.011316227657553838,-0.007422313456716878,0.007867880943812862,-0.006117218114310992,-0.002735791058004571,-0.0037628647590306416,0.0039330079358332465,0.01595921616694179,0.009983695060291635,0.00934844950860852,0.011950460621664825,-0.009650515008067052,0.009999945333490386,-0.004749431032118577,0.013976674655135527,-0.0036937049134141793,-0.007543811963236144,-0.007100135776272721,0.011121671526352794,0.011319180752773729,-0.008615134264561708,0.001931310583965519,0.01581316638926225,0.00948960054846726,0.011950144370661338,-0.005276177792597937,-0.01236306906531392,0.015800101220354235,0.01399992230387652,0.007890106429863025,-0.010381861802452156,0.015812567556168652,0.005807623507770993,-0.007423839370836825,0.005988325713402759,-0.006880747075519046,0.013996118000383528,0.0019666016016328604,-0.005570043237087344,0.017658729905757772,-0.007682295677241903,-0.010019602215367698,0.01399013828018724,-0.0064094297366529066,-0.005080607542341574,0.011763417012592078,0.01114840555266102,-0.004045510730977444,0.01171361837912823,-0.0010572119212754504,0.003969886646095247,0.00790942510447883,0.005839473641920077,0.009996028021793897,0.007843565987861081,-0.004219536357177835,-0.003849547555969327,-0.0024644369049895663,-0.006259764177233508,-0.002928614757163487,-0.0032851239147910468,0.009980483716896095,-0.007477759622258715,0.009896286035266771,-0.006312183171811397,0.0,-0.012095539600605054,0.007750712465207119,0.011716399915608789,-0.0034052058287411657,-0.006308538550243005,-0.009465566689554812,-0.005986781480973494,0.005889928080597391,0.00599656516320389,0.015776260990583723,0.003985986759475656,0.013690723287734546,-0.0033301065311189286,0.0,agent86,0.6784564059698365
-0.6991001362753119,-0.0038458526506163935,-0.004069490069052925,-0.013265156778581625,-0.009120447332520534,-0.004738472434314731,-0.007716856030454065,-0.005640294787265164,0.005809204748169059,0.007998554159818715,-0.004934570181258116,-0.010415526086488157,0.0,-0.005645550651510553,-0.009730946183779388,0.005995893171507842,-0.008015172924222925,1,0.003990818608045546,-0.004055063192448193,-0.01079155327671421,0.011316227657553838,-0.007422313456716878,0.007867880943812862,-0.006117218114310992,-0.002735791058004571,-0.0037628647590306416,0.0039330079358332465,0.01595921616694179,0.009983695060291635,0.00934844950860852,0.011950460621664825,-0.009650515008067052,0.009999945333490386,-0.004749431032118577,0.013976674655135527,-0.0036937049134141793,-0.007543811963236144,-0.007100135776272721,0.011121671526352794,0.011319180752773729,-0.008615134264561708,0.001931310583965519,0.01581316638926225,0.00948960054846726,0.011950144370661338,-0.005276177792597937,-0.01236306906531392,0.015800101220354235,0.01399992230387652,0.007890106429863025,-0.010381861802452156,0.015812567556168652,0.005807623507770993,-0.007423839370836825,0.005988325713402759,-0.006880747075519046,0.013996118000383528,0.0019666016016328604,-0.005570043237087344,0.017658729905757772,-0.007682295677241903,-0.010019602215367698,0.01399013828018724,-0.0064094297366529066,-0.005080607542341574,0.011763417012592078,0.01114840555266102,-0.004045510730977444,0.01171361837912823,-0.0010572119212754504,0.003969886646095247,0.00790942510447883,0.005839473641920077,0.009996028021793897,0.007843565987861081,-0.004219536357177835,-0.003849547555969327,-0.0024644369049895663,-0.006259764177233508,-0.002928614757163487,-0.0032851239147910468,0.009980483716896095,-0.007477759622258715,0.009896286035266771,-0.006312183171811397,0.0,-0.012095539600605054,0.007750712465207119,0.011716399915608789,-0.0034052058287411657,-0.006308538550243005,-0.009465566689554812,-0.005986781480973494,0.007853716227272427,0.00599656516320389,0.015776260990583723,0.003985986759475656,0.013690723287734546,-0.0033301065311189286,0.0,agent93,-0.42897771647601096
-0.7001041270939199,-0.0038458526506163935,-0.004069490069052925,-0.013265156778581625,-0.009120447332520534,-0.004738472434314731,-0.007716856030454065,-0.005640294787265164,0.005809204748169059,0.007998554159818715,-0.004934570181258116,-0.010415526086488157,0.0,-0.005645550651510553,-0.009730946183779388,0.005995893171507842,-0.008015172924222925,1,0.0059859883196054205,-0.004055063192448193,-0.01079155327671421,0.011316227657553838,-0.007422313456716878,0.007867880943812862,-0.006117218114310992,-0.002735791058004571,-0.0037628647590306416,0.0039330079358332465,0.01595921616694179,0.009983695060291635,0.00934844950860852,0.011950460621664825,-0.009650515008067052,0.009999945333490386,-0.004749431032118577,0.013976674655135527,-0.0036937049134141793,-0.007543811963236144,-0.007100135776272721,0.011121671526352794,0.011319180752773729,-0.008615134264561708,0.001931310583965519,0.01581316638926225,0.00948960054846726,0.011950144370661338,-0.005276177792597937,-0.01236306906531392,0.015800101220354235,0.01399992230387652,0.007890106429863025,-0.010381861802452156,0.015812567556168652,0.005807623507770993,-0.007423839370836825,0.005988325713402759,-0.006880747075519046,0.013996118000383528,0.0019666016016328604,-0.005570043237087344,0.017658729905757772,-0.007682295677241903,-0.010019602215367698,0.01399013828018724,-0.0064094297366529066,-0.005080607542341574,0.011763417012592078,0.01114840555266102,-0.004045510730977444,0.01171361837912823,-0.0010572119212754504,0.003969886646095247,0.00790942510447883,0.005839473641920077,0.009996028021793897,0.007843565987861081,-0.004219536357177835,-0.003849547555969327,-0.0024644369049895663,-0.006259764177233508,-0.002928614757163487,-0.0032851239147910468,0.009980483716896095,-0.007477759622258715,0.009896286035266771,-0.006312183171811397,0.0,-0.012095539600605054,0.007750712465207119,0.011716399915608789,-0.0034052058287411657,-0.006308538550243005,-0.009465566689554812,-0.005986781480973494,0.007853716227272427,0.00599656516320389,0.015776260990583723,0.003985986759475656,0.013690723287734546,-0.0033301065311189286,0.0,agent17,-0.7973883699569274
-0.7011101236590831,-0.0038458526506163935,-0.004069490069052925,-0.013265156778581625,-0.009120447332520534,-0.004738472434314731,-0.007716856030454065,-0.005640294787265164,0.005809204748169059,0.007998554159818715,-0.004934570181258116,-0.010415526086488157,0.0,-0.005645550651510553,-0.009730946183779388,0.005995893171507842,-0.008015172924222925,1,0.0059859883196054205,-0.004055063192448193,-0.01079155327671421,0.011316227657553838,-0.007422313456716878,0.007867880943812862,-0.006117218114310992,-0.002735791058004571,-0.0037628647590306416,0.0039330079358332465,0.01595921616694179,0.009983695060291635,0.00934844950860852,0.011950460621664825,-0.009650515008067052,0.009999945333490386,-0.004749431032118577,0.013976674655135527,-0.0036937049134141793,-0.007543811963236144,-0.007100135776272721,0.011121671526352794,0.011319180752773729,-0.008615134264561708,0.001931310583965519,0.01581316638926225,0.00948960054846726,0.011950144370661338,-0.005276177792597937,-0.01236306906531392,0.015800101220354235,0.01399992230387652,0.007890106429863025,-0.010381861802452156,0.015812567556168652,0.005807623507770993,-0.007423839370836825,0.005988325713402759,-0.006880747075519046,0.013996118000383528,0.0019666016016328604,-0.005570043237087344,0.017658729905757772,-0.007682295677241903,-0.010019602215367698,0.01399013828018724,-0.0064094297366529066,-0.005080607542341574,0.011763417012592078,0.01114840555266102,-0.004045510730977444,0.01171361837912823,-0.0010572119212754504,0.003969886646095247,0.00790942510447883,0.005839473641920077,0.009996028021793897,0.007843565987861081,-0.004219536357177835,-0.003849547555969327,-0.0024644369049895663,-0.006259764177233508,-0.002928614757163487,-0.0032851239147910468,0.009980483716896095,-0.007477759622258715,0.009896286035266771,-0.006312183171811397,0.0,-0.012095539600605054,0.007750712465207119,0.011716399915608789,-0.0034052058287411657,-0.006308538550243005,-0.009465566689554812,-0.005986781480973494,0.007853716227272427,0.007995531939438517,0.015776260990583723,0.003985986759475656,0.013690723287734546,-0.0033301065311189286,0.0,agent94,-0.6546459316749713
-0.7021179773753103,-0.0038458526506163935,-0.004069490069052925,-0.013265156778581625,-0.009120447332520534,-0.004738472434314731,-0.007716856030454065,-0.005640294787265164,0.005809204748169059,0.007998554159818715,-0.004934570181258116,-0.010415526086488157,0.0,-0.005645550651510553,-0.009730946183779388,0.005995893171507842,-0.008015172924222925,1,0.0059859883196054205,-0.004055063192448193,-0.01079155327671421,0.011316227657553838,-0.007422313456716878,0.007867880943812862,-0.006117218114310992,-0.002735791058004571,-0.0037628647590306416,0.0039330079358332465,0.01595921616694179,0.009983695060291635,0.00934844950860852,0.011950460621664825,-0.009650515008067052,0.009999945333490386,-0.004749431032118577,0.013976674655135527,-0.0036937049134141793,-0.007543811963236144,-0.007100135776272721,0.011121671526352794,0.011319180752773729,-0.008615134264561708,0.001931310583965519,0.01581316638926225,0.00948960054846726,0.011950144370661338,-0.005276177792597937,-0.01236306906531392,0.015800101220354235,0.01399992230387652,0.007890106429863025,-0.010381861802452156,0.015812567556168652,0.005807623507770993,-0.007423839370836825,0.005988325713402759,-0.006880747075519046,0.013996118000383528,0.0019666016016328604,-0.005570043237087344,0.017658729905757772,-0.007682295677241903,-0.010019602215367698,0.01399013828018724,-0.0064094297366529066,-0.005080607542341574,0.011763417012592078,0.01114840555266102,-0.004045510730977444,0.01171361837912823,-0.0010572119212754504,0.003969886646095247,0.00790942510447883,0.005839473641920077,0.009996028021793897,0.007843565987861081,-0.004219536357177835,-0.003849547555969327,-0.0024644369049895663,-0.006259764177233508,-0.002928614757163487,-0.0032851239147910468,0.009980483716896095,-0.007477759622258715,0.009896286035266771,-0.006312183171811397,0.0,-0.012095539600605054,0.007750712465207119,0.011716399915608789,-0.0034052058287411657,-0.006308538550243005,-0.009465566689554812,-0.005986781480973494,0.00981723311326809,0.007995531939438517,0.015776260990583723,0.003985986759475656,0.013690723287734546,-0.0033301065311189286,0.0,agent93,-0.4309875070408607
-0.7031236176700976,-0.0038458526506163935,-0.004069490069052925,-0.013265156778581625,-0.009120447332520534,-0.004738472434314731,-0.007716856030454065,-0.006191691982813056,0.005809204748169059,0.007998554159818715,-0.004934570181258116,-0.010415526086488157,0.0,-0.005645550651510553,-0.009730946183779388,0.005995893171507842,-0.008015172924222925,1,0.0059859883196054205,-0.004055063192448193,-0.01079155327671421,0.011316227657553838,-0.007422313456716878,0.007867880943812862,-0.006117218114310992,-0.002735791058004571,-0.0037628647590306416,0.0039330079358332465,0.01595921616694179,0.009983695060291635,0.00934844950860852,0.011950460621664825,-0.009650515008067052,0.009999945333490386,-0.004749431032118577,0.013976674655135527,-0.0036937049134141793,-0.007543811963236144,-0.007100135776272721,0.011121671526352794,0.011319180752773729,-0.008615134264561708,0.001931310583965519,0.01581316638926225,0.00948960054846726,0.011950144370661338,-0.005276177792597937,-0.01236306906531392,0.015800101220354235,0.01399992230387652,0.007890106429863025,-0.010381861802452156,0.015812567556168652,0.005807623507770993,-0.007423839370836825,0.005988325713402759,-0.006880747075519046,0.013996118000383528,0.0019666016016328604,-0.005570043237087344,0.017658729905757772,-0.007682295677241903,-0.010019602215367698,0.01399013828018724,-0.0064094297366529066,-0.005080607542341574,0.011763417012592078,0.01114840555266102,-0.004045510730977444,0.01171361837912823,-0.0010572119212754504,0.003969886646095247,0.00790942510447883,0.005839473641920077,0.009996028021793897,0.007843565987861081,-0.004219536357177835,-0.003849547555969327,-0.0024644369049895663,-0.006259764177233508,-0.002928614757163487,-0.0032851239147910468,0.009980483716896095,-0.007477759622258715,0.009896286035266771,-0.006312183171811397,0.0,-0.012095539600605054,0.007750712465207119,0.011716399915608789,-0.0034052058287411657,-0.006308538550243005,-0.009465566689554812,-0.005986781480973494,0.00981723311326809,0.007995531939438517,0.015776260990583723,0.003985986759475656,0.013690723287734546,-0.0033301065311189286,0.0,agent6,1
-0.7041285522402788,-0.0038458526506163935,-0.004069490069052925,-0.013265156778581625,-0.009120447332520534,-0.004738472434314731,-0.007716856030454065,-0.006191691982813056,0.005809204748169059,0.007998554159818715,-0.005642625965573009,-0.010415526086488157,0.0,-0.005645550651510553,-0.009730946183779388,0.005995893171507842,-0.008015172924222925,1,0.0059859883196054205,-0.004055063192448193,-0.01079155327671421,0.011316227657553838,-0.007422313456716878,0.007867880943812862,-0.006117218114310992,-0.002735791058004571,-0.0037628647590306416,0.0039330079358332465,0.01595921616694179,0.009983695060291635,0.00934844950860852,0.011950460621664825,-0.009650515008067052,0.009999945333490386,-0.004749431032118577,0.013976674655135527,-0.0036937049134141793,-0.007543811963236144,-0.007100135776272721,0.011121671526352794,0.011319180752773729,-0.008615134264561708,0.001931310583965519,0.01581316638926225,0.00948960054846726,0.011950144370661338,-0.005276177792597937,-0.01236306906531392,0.015800101220354235,0.01399992230387652,0.007890106429863025,-0.010381861802452156,0.015812567556168652,0.005807623507770993,-0.007423839370836825,0.005988325713402759,-0.006880747075519046,0.013996118000383528,0.0019666016016328604,-0.005570043237087344,0.017658729905757772,-0.007682295677241903,-0.010019602215367698,0.01399013828018724,-0.0064094297366529066,-0.005080607542341574,0.011763417012592078,0.01114840555266102,-0.004045510730977444,0.01171361837912823,-0.0010572119212754504,0.003969886646095247,0.00790942510447883,0.005839473641920077,0.009996028021793897,0.007843565987861081,-0.004219536357177835,-0.003849547555969327,-0.0024644369049895663,-0.006259764177233508,-0.002928614757163487,-0.0032851239147910468,0.009980483716896095,-0.007477759622258715,0.009896286035266771,-0.006312183171811397,0.0,-0.012095539600605054,0.007750712465207119,0.011716399915608789,-0.0034052058287411657,-0.006308538550243005,-0.009465566689554812,-0.005986781480973494,0.00981723311326809,0.007995531939438517,0.015776260990583723,0.003985986759475656,0.013690723287734546,-0.0033301065311189286,0.0,agent9,0.9043241828416999
-0.7051336328478212,-0.0038458526506163935,-0.004069490069052925,-0.013265156778581625,-0.009120447332520534,-0.004738472434314731,-0.007716856030454065,-0.006191691982813056,0.005809204748169059,0.007998554159818715,-0.005642625965573009,-0.010415526086488157,0.0,-0.005645550651510553,-0.009730946183779388,0.005995893171507842,-0.008015172924222925,1,0.0059859883196054205,-0.004055063192448193,-0.01079155327671421,0.011316227657553838,-0.007422313456716878,0.007867880943812862,-0.006117218114310992,-0.002735791058004571,-0.0037628647590306416,0.0039330079358332465,0.01595921616694179,0.009983695060291635,0.00934844950860852,0.011950460621664825,-0.009650515008067052,0.009999945333490386,-0.004749431032118577,0.013976674655135527,-0.0036937049134141793,-0.007543811963236144,-0.007100135776272721,0.011121671526352794,0.011319180752773729,-0.008615134264561708,0.001931310583965519,0.01581316638926225,0.00948960054846726,0.011950144370661338,-0.005276177792597937,-0.01236306906531392,0.015800101220354235,0.01399992230387652,0.007890106429863025,-0.010381861802452156,0.015812567556168652,0.005807623507770993,-0.007423839370836825,0.005988325713402759,-0.006880747075519046,0.013996118000383528,0.0019666016016328604,-0.005570043237087344,0.017658729905757772,-0.007682295677241903,-0.010019602215367698,0.01399013828018724,-0.0064094297366529066,-0.0056691959970532856,0.011763417012592078,0.01114840555266102,-0.004045510730977444,0.01171361837912823,-0.0010572119212754504,0.003969886646095247,0.00790942510447883,0.005839473641920077,0.009996028021793897,0.007843565987861081,-0.004219536357177835,-0.003849547555969327,-0.0024644369049895663,-0.006259764177233508,-0.002928614757163487,-0.0032851239147910468,0.009980483716896095,-0.007477759622258715,0.009896286035266771,-0.006312183171811397,0.0,-0.012095539600605054,0.007750712465207119,0.011716399915608789,-0.0034052058287411657,-0.006308538550243005,-0.009465566689554812,-0.005986781480973494,0.00981723311326809,0.007995531939438517,0.015776260990583723,0.003985986759475656,0.013690723287734546,-0.0033301065311189286,0.0,agent64,0.9759973628555444
-0.7061373265527345,-0.0038458526506163935,-0.004069490069052925,-0.013265156778581625,-0.009120447332520534,-0.004738472434314731,-0.007716856030454065,-0.006191691982813056,0.005809204748169059,0.007998554159818715,-0.005642625965573009,-0.010415526086488157,0.0,-0.005645550651510553,-0.009730946183779388,0.005995893171507842,-0.008015172924222925,1,0.0059859883196054205,-0.004055063192448193,-0.01079155327671421,0.011316227657553838,-0.007422313456716878,0.007867880943812862,-0.006117218114310992,-0.002735791058004571,-0.0037628647590306416,0.0039330079358332465,0.01595921616694179,0.009983695060291635,0.00934844950860852,0.011950460621664825,-0.009650515008067052,0.009999945333490386,-0.004749431032118577,0.013976674655135527,-0.004239964560479775,-0.007543811963236144,-0.007100135776272721,0.011121671526352794,0.011319180752773729,-0.008615134264561708,0.001931310583965519,0.01581316638926225,0.00948960054846726,0.011950144370661338,-0.005276177792597937,-0.01236306906531392,0.015800101220354235,0.01399992230387652,0.007890106429863025,-0.010381861802452156,0.015812567556168652,0.005807623507770993,-0.007423839370836825,0.005988325713402759,-0.006880747075519046,0.013996118000383528,0.0019666016016328604,-0.005570043237087344,0.017658729905757772,-0.007682295677241903,-0.010019602215367698,0.01399013828018724,-0.0064094297366529066,-0.0056691959970532856,0.011763417012592078,0.01114840555266102,-0.004045510730977444,0.01171361837912823,-0.0010572119212754504,0.003969886646095247,0.00790942510447883,0.005839473641920077,0.009996028021793897,0.007843565987861081,-0.004219536357177835,-0.003849547555969327,-0.0024644369049895663,-0.006259764177233508,-0.002928614757163487,-0.0032851239147910468,0.009980483716896095,-0.007477759622258715,0.009896286035266771,-0.006312183171811397,0.0,-0.012095539600605054,0.007750712465207119,0.011716399915608789,-0.0034052058287411657,-0.006308538550243005,-0.009465566689554812,-0.005986781480973494,0.00981723311326809,0.007995531939438517,0.015776260990583723,0.003985986759475656,0.013690723287734546,-0.0033301065311189286,0.0,agent35,1
-0.7071490429526501,-0.0038458526506163935,-0.004069490069052925,-0.013265156778581625,-0.009120447332520534,-0.004738472434314731,-0.007716856030454065,-0.006191691982813056,0.005809204748169059,0.007998554159818715,-0.005642625965573009,-0.010415526086488157,0.0,-0.005645550651510553,-0.009730946183779388,0.005995893171507842,-0.008015172924222925,1,0.0059859883196054205,-0.004055063192448193,-0.01079155327671421,0.011316227657553838,-0.007422313456716878,0.007867880943812862,-0.006117218114310992,-0.002735791058004571,-0.0037628647590306416,0.0039330079358332465,0.01595921616694179,0.009983695060291635,0.00934844950860852,0.011950460621664825,-0.009650515008067052,0.009999945333490386,-0.004749431032118577,0.013976674655135527,-0.004239964560479775,-0.007543811963236144,-0.007100135776272721,0.011121671526352794,0.011319180752773729,-0.008615134264561708,0.001931310583965519,0.01581316638926225,0.00948960054846726,0.011950144370661338,-0.005276177792597937,-0.01236306906531392,0.015800101220354235,0.01399992230387652,0.007890106429863025,-0.010381861802452156,0.015812567556168652,0.005807623507770993,-0.007423839370836825,0.005988325713402759,-0.006880747075519046,0.013996118000383528,0.0019666016016328604,-0.005570043237087344,0.017658729905757772,-0.007682295677241903,-0.010019602215367698,0.01399013828018724,-0.0064094297366529066,-0.0056691959970532856,0.011763417012592078,0.01114840555266102,-0.004045510730977444,0.01171361837912823,-0.0010572119212754504,0.003969886646095247,0.00790942510447883,0.005839473641920077,0.009996028021793897,0.007843565987861081,-0.004219536357177835,-0.003849547555969327,-0.0024644369049895663,-0.006259764177233508,-0.002928614757163487,-0.0032851239147910468,0.009980483716896095,-0.007477759622258715,0.009896286035266771,-0.006312183171811397,0.0,-0.012095539600605054,0.007750712465207119,0.013673222280186002,-0.0034052058287411657,-0.006308538550243005,-0.009465566689554812,-0.005986781480973494,0.00981723311326809,0.007995531939438517,0.015776260990583723,0.003985986759475656,0.013690723287734546,-0.0033301065311189286,0.0,agent88,-1
-0.7061490429526501,-0.0038458526506163935,-0.004069490069052925,-0.013265156778581625,-0.009120447332520534,-0.004738472434314731,-0.007716856030454065,-0.006191691982813056,0.005809204748169059,0.007998554159818715,-0.005642625965573009,-0.010415526086488157,0.0,-0.005645550651510553,-0.009730946183779388,0.005995893171507842,-0.008015172924222925,1,0.0059859883196054205,-0.004055063192448193,-0.01079155327671421,0.011316227657553838,-0.007422313456716878,0.007867880943812862,-0.006117218114310992,-0.002735791058004571,-0.0037628647590306416,0.0039330079358332465,0.01595921616694179,0.009983695060291635,0.00934844950860852,0.011950460621664825,-0.009650515008067052,0.009999945333490386,-0.004749431032118577,0.013976674655135527,-0.004239964560479775,-0.007543811963236144,-0.007100135776272721,0.011121671526352794,0.011319180752773729,-0.008615134264561708,0.001931310583965519,0.01581316638926225,0.00948960054846726,0.011950144370661338,-0.005276177792597937,-0.01236306906531392,0.015800101220354235,0.01399992230387652,0.007890106429863025,-0.010381861802452156,0.015812567556168652,0.005807623507770993,-0.007423839370836825,0.005988325713402759,-0.006880747075519046,0.013996118000383528,0.0019666016016328604,-0.005570043237087344,0.017658729905757772,-0.007682295677241903,-0.010019602215367698,0.01399013828018724,-0.0064094297366529066,-0.0056691959970532856,0.011763417012592078,0.01114840555266102,-0.004045510730977444,0.01171361837912823,-0.0010572119212754504,0.003969886646095247,0.00790942510447883,0.005839473641920077,0.009996028021793897,0.007843565987861081,-0.004219536357177835,-0.003849547555969327,-0.0024644369049895663,-0.006259764177233508,-0.002928614757163487,-0.0032851239147910468,0.009980483716896095,-0.007477759622258715,0.009896286035266771,-0.006312183171811397,0.0,-0.012095539600605054,0.007750712465207119,0.013673222280186002,-0.0034052058287411657,-0.006308538550243005,-0.009465566689554812,-0.005986781480973494,0.00981723311326809,0.007995531939438517,0.015776260990583723,0.003985986759475656,0.013690723287734546,-0.0033301065311189286,-0.0005465589134158398,agent99,0.9978090718314991
-0.7071567252483274,-0.0038458526506163935,-0.004069490069052925,-0.013265156778581625,-0.009120447332520534,-0.004738472434314731,-0.007716856030454065,-0.006191691982813056,0.005809204748169059,0.007998554159818715,-0.005642625965573009,-0.010415526086488157,0.0,-0.005645550651510553,-0.009730946183779388,0.005995893171507842,-0.008015172924222925,1,0.0059859883196054205,-0.004055063192448193,-0.01079155327671421,0.011316227657553838,-0.007422313456716878,0.007867880943812862,-0.006117218114310992,-0.002735791058004571,-0.0037628647590306416,0.0039330079358332465,0.01595921616694179,0.009983695060291635,0.00934844950860852,0.011950460621664825,-0.009650515008067052,0.009999945333490386,-0.004749431032118577,0.013976674655135527,-0.004239964560479775,-0.007543811963236144,-0.007100135776272721,0.011121671526352794,0.011319180752773729,-0.008615134264561708,0.001931310583965519,0.01581316638926225,0.00948960054846726,0.011950144370661338,-0.005276177792597937,-0.01236306906531392,0.015800101220354235,0.01399992230387652,0.007890106429863025,-0.010381861802452156,0.015812567556168652,0.005807623507770993,-0.007423839370836825,0.005988325713402759,-0.006880747075519046,0.013996118000383528,0.0019666016016328604,-0.005570043237087344,0.017658729905757772,-0.008484791787555483,-0.010019602215367698,0.01399013828018724,-0.0064094297366529066,-0.0056691959970532856,0.011763417012592078,0.01114840555266102,-0.004045510730977444,0.01171361837912823,-0.0010572119212754504,0.003969886646095247,0.00790942510447883,0.005839473641920077,0.009996028021793897,0.007843565987861081,-0.004219536357177835,-0.003849547555969327,-0.0024644369049895663,-0.006259764177233508,-0.002928614757163487,-0.0032851239147910468,0.009980483716896095,-0.007477759622258715,0.009896286035266771,-0.006312183171811397,0.0,-0.012095539600605054,0.007750712465207119,0.013673222280186002,-0.0034052058287411657,-0.006308538550243005,-0.009465566689554812,-0.005986781480973494,0.00981723311326809,0.007995531939438517,0.015776260990583723,0.003985986759475656,0.013690723287734546,-0.0033301065311189286,-0.0005465589134158398,agent60,0.8414322245008038
-0.7081642690602906,-0.0038458526506163935,-0.004069490069052925,-0.013265156778581625,-0.009120447332520534,-0.004738472434314731,-0.007716856030454065,-0.006191691982813056,0.005809204748169059,0.007998554159818715,-0.005642625965573009,-0.010415526086488157,0.0,-0.005645550651510553,-0.009730946183779388,0.005995893171507842,-0.008015172924222925,1,0.0059859883196054205,-0.004055063192448193,-0.01079155327671421,0.011316227657553838,-0.007422313456716878,0.007867880943812862,-0.006117218114310992,-0.002735791058004571,-0.0037628647590306416,0.0039330079358332465,0.01595921616694179,0.009983695060291635,0.00934844950860852,0.011950460621664825,-0.009650515008067052,0.009999945333490386,-0.004749431032118577,0.013976674655135527,-0.004239964560479775,-0.008731339132010194,-0.007100135776272721,0.011121671526352794,0.011319180752773729,-0.008615134264561708,0.001931310583965519,0.01581316638926225,0.00948960054846726,0.011950144370661338,-0.005276177792597937,-0.01236306906531392,0.015800101220354235,0.01399992230387652,0.007890106429863025,-0.010381861802452156,0.015812567556168652,0.005807623507770993,-0.007423839370836825,0.005988325713402759,-0.006880747075519046,0.013996118000383528,0.0019666016016328604,-0.005570043237087344,0.017658729905757772,-0.008484791787555483,-0.010019602215367698,0.01399013828018724,-0.0064094297366529066,-0.0056691959970532856,0.011763417012592078,0.01114840555266102,-0.004045510730977444,0.01171361837912823,-0.0010572119212754504,0.003969886646095247,0.00790942510447883,0.005839473641920077,0.009996028021793897,0.007843565987861081,-0.004219536357177835,-0.003849547555969327,-0.0024644369049895663,-0.006259764177233508,-0.002928614757163487,-0.0032851239147910468,0.009980483716896095,-0.007477759622258715,0.009896286035266771,-0.006312183171811397,0.0,-0.012095539600605054,0.007750712465207119,0.013673222280186002,-0.0034052058287411657,-0.006308538550243005,-0.009465566689554812,-0.005986781480973494,0.00981723311326809,0.007995531939438517,0.015776260990583723,0.003985986759475656,0.013690723287734546,-0.0033301065311189286,-0.0005465589134158398,agent36,0.5675768400318455
-0.7071642690602906,-0.0038458526506163935,-0.004069490069052925,-0.013265156778581625,-0.009120447332520534,-0.004738472434314731,-0.007716856030454065,-0.006191691982813056,0.005809204748169059,0.007998554159818715,-0.005642625965573009,-0.010415526086488157,0.0,-0.005645550651510553,-0.009730946183779388,0.005995893171507842,-0.008015172924222925,1,0.0059859883196054205,-0.004055063192448193,-0.01079155327671421,0.011316227657553838,-0.007422313456716878,0.007867880943812862,-0.006117218114310992,-0.002735791058004571,-0.0037628647590306416,0.0039330079358332465,0.01595921616694179,0.009983695060291635,0.00934844950860852,0.011950460621664825,-0.009650515008067052,0.009999945333490386,-0.004749431032118577,0.013976674655135527,-0.004239964560479775,-0.008731339132010194,-0.007100135776272721,0.011121671526352794,0.011319180752773729,-0.008615134264561708,0.001931310583965519,0.01581316638926225,0.00948960054846726,0.011950144370661338,-0.005276177792597937,-0.01236306906531392,0.015800101220354235,0.01399992230387652,0.007890106429863025,-0.010381861802452156,0.015812567556168652,0.005807623507770993,-0.007423839370836825,0.005988325713402759,-0.006880747075519046,0.013996118000383528,0.0019666016016328604,-0.005570043237087344,0.017658729905757772,-0.008484791787555483,-0.010019602215367698,0.01399013828018724,-0.0064094297366529066,-0.0056691959970532856,0.011763417012592078,0.01114840555266102,-0.004045510730977444,0.01171361837912823,-0.0010572119212754504,0.003969886646095247,0.00790942510447883,0.005839473641920077,0.009996028021793897,0.007843565987861081,-0.004219536357177835,-0.003849547555969327,-0.0024644369049895663,-0.006259764177233508,-0.002928614757163487,-0.0032851239147910468,0.009980483716896095,-0.007477759622258715,0.009896286035266771,-0.006312183171811397,0.0019905557589722385,-0.012095539600605054,0.007750712465207119,0.013673222280186002,-0.0034052058287411657,-0.006308538550243005,-0.009465566689554812,-0.005986781480973494,0.00981723311326809,0.007995531939438517,0.015776260990583723,0.003985986759475656,0.013690723287734546,-0.0033301065311189286,-0.0005465589134158398,agent85,-0.5707288949547746
-0.7081782689825945,-0.0038458526506163935,-0.004069490069052925,-0.013265156778581625,-0.009120447332520534,-0.004738472434314731,-0.007716856030454065,-0.006191691982813056,0.005809204748169059,0.007998554159818715,-0.005642625965573009,-0.010415526086488157,0.0,-0.005645550651510553,-0.009730946183779388,0.005995893171507842,-0.008015172924222925,1,0.0059859883196054205,-0.004055063192448193,-0.01079155327671421,0.011316227657553838,-0.007422313456716878,0.007867880943812862,-0.006117218114310992,-0.002735791058004571,-0.0037628647590306416,0.0039330079358332465,0.01595921616694179,0.009983695060291635,0.00934844950860852,0.011950460621664825,-0.009650515008067052,0.009999945333490386,-0.004749431032118577,0.013976674655135527,-0.004239964560479775,-0.008731339132010194,-0.007100135776272721,0.011121671526352794,0.011319180752773729,-0.008615134264561708,0.001931310583965519,0.01581316638926225,0.00948960054846726,0.011950144370661338,-0.005276177792597937,-0.01236306906531392,0.015800101220354235,0.01599990845482982,0.007890106429863025,-0.010381861802452156,0.015812567556168652,0.005807623507770993,-0.007423839370836825,0.005988325713402759,-0.006880747075519046,0.013996118000383528,0.0019666016016328604,-0.005570043237087344,0.017658729905757772,-0.008484791787555483,-0.010019602215367698,0.01399013828018724,-0.0064094297366529066,-0.0056691959970532856,0.011763417012592078,0.01114840555266102,-0.004045510730977444,0.01171361837912823,-0.0010572119212754504,0.003969886646095247,0.00790942510447883,0.005839473641920077,0.009996028021793897,0.007843565987861081,-0.004219536357177835,-0.003849547555969327,-0.0024644369049895663,-0.006259764177233508,-0.002928614757163487,-0.0032851239147910468,0.009980483716896095,-0.007477759622258715,0.009896286035266771,-0.006312183171811397,0.0019905557589722385,-0.012095539600605054,0.007750712465207119,0.013673222280186002,-0.0034052058287411657,-0.006308538550243005,-0.009465566689554812,-0.005986781480973494,0.00981723311326809,0.007995531939438517,0.015776260990583723,0.003985986759475656,0.013690723287734546,-0.0033301065311189286,-0.0005465589134158398,agent48,-0.7019013712465613
-0.7091895852102521,-0.0038458526506163935,-0.004069490069052925,-0.013265156778581625,-0.009120447332520534,-0.004738472434314731,-0.007716856030454065,-0.006191691982813056,0.005809204748169059,0.007998554159818715,-0.005642625965573009,-0.010415526086488157,0.0,-0.005645550651510553,-0.009730946183779388,0.005995893171507842,-0.008015172924222925,1,0.0059859883196054205,-0.004055063192448193,-0.01079155327671421,0.01327364769620684,-0.007422313456716878,0.007867880943812862,-0.006117218114310992,-0.002735791058004571,-0.0037628647590306416,0.0039330079358332465,0.01595921616694179,0.009983695060291635,0.00934844950860852,0.011950460621664825,-0.009650515008067052,0.009999945333490386,-0.004749431032118577,0.013976674655135527,-0.004239964560479775,-0.008731339132010194,-0.007100135776272721,0.011121671526352794,0.011319180752773729,-0.008615134264561708,0.001931310583965519,0.01581316638926225,0.00948960054846726,0.011950144370661338,-0.005276177792597937,-0.01236306906531392,0.015800101220354235,0.01599990845482982,0.007890106429863025,-0.010381861802452156,0.015812567556168652,0.005807623507770993,-0.007423839370836825,0.005988325713402759,-0.006880747075519046,0.013996118000383528,0.0019666016016328604,-0.005570043237087344,0.017658729905757772,-0.008484791787555483,-0.010019602215367698,0.01399013828018724,-0.0064094297366529066,-0.0056691959970532856,0.011763417012592078,0.01114840555266102,-0.004045510730977444,0.01171361837912823,-0.0010572119212754504,0.003969886646095247,0.00790942510447883,0.005839473641920077,0.009996028021793897,0.007843565987861081,-0.004219536357177835,-0.003849547555969327,-0.0024644369049895663,-0.006259764177233508,-0.002928614757163487,-0.0032851239147910468,0.009980483716896095,-0.007477759622258715,0.009896286035266771,-0.006312183171811397,0.0019905557589722385,-0.012095539600605054,0.007750712465207119,0.013673222280186002,-0.0034052058287411657,-0.006308538550243005,-0.009465566689554812,-0.005986781480973494,0.00981723311326809,0.007995531939438517,0.015776260990583723,0.003985986759475656,0.013690723287734546,-0.0033301065311189286,-0.0005465589134158398,agent20,-1
-0.7102015356708737,-0.0038458526506163935,-0.004069490069052925,-0.013265156778581625,-0.009120447332520534,-0.004738472434314731,-0.007716856030454065,-0.006191691982813056,0.005809204748169059,0.007998554159818715,-0.005642625965573009,-0.010415526086488157,0.0,-0.005645550651510553,-0.009730946183779388,0.005995893171507842,-0.008015172924222925,1,0.0059859883196054205,-0.004055063192448193,-0.01079155327671421,0.01327364769620684,-0.007422313456716878,0.007867880943812862,-0.006117218114310992,-0.002735791058004571,-0.0037628647590306416,0.0039330079358332465,0.01595921616694179,0.009983695060291635,0.00934844950860852,0.013942128781055971,-0.009650515008067052,0.009999945333490386,-0.004749431032118577,0.013976674655135527,-0.004239964560479775,-0.008731339132010194,-0.007100135776272721,0.011121671526352794,0.011319180752773729,-0.008615134264561708,0.001931310583965519,0.01581316638926225,0.00948960054846726,0.011950144370661338,-0.005276177792597937,-0.01236306906531392,0.015800101220354235,0.01599990845482982,0.007890106429863025,-0.010381861802452156,0.015812567556168652,0.005807623507770993,-0.007423839370836825,0.005988325713402759,-0.006880747075519046,0.013996118000383528,0.0019666016016328604,-0.005570043237087344,0.017658729905757772,-0.008484791787555483,-0.010019602215367698,0.01399013828018724,-0.0064094297366529066,-0.0056691959970532856,0.011763417012592078,0.01114840555266102,-0.004045510730977444,0.01171361837912823,-0.0010572119212754504,0.003969886646095247,0.00790942510447883,0.005839473641920077,0.009996028021793897,0.007843565987861081,-0.004219536357177835,-0.003849547555969327,-0.0024644369049895663,-0.006259764177233508,-0.002928614757163487,-0.0032851239147910468,0.009980483716896095,-0.007477759622258715,0.009896286035266771,-0.006312183171811397,0.0019905557589722385,-0.012095539600605054,0.007750712465207119,0.013673222280186002,-0.0034052058287411657,-0.006308538550243005,-0.009465566689554812,-0.005986781480973494,0.00981723311326809,0.007995531939438517,0.015776260990583723,0.003985986759475656,0.013690723287734546,-0.0033301065311189286,-0.0005465589134158398,agent30,-0.8382774669718958
-0.711209013430496,-0.0038458526506163935,-0.004069490069052925,-0.013265156778581625,-0.009120447332520534,-0.004738472434314731,-0.007716856030454065,-0.006191691982813056,0.005809204748169059,0.007998554159818715,-0.005642625965573009,-0.010415526086488157,0.0,-0.005645550651510553,-0.009730946183779388,0.005995893171507842,-0.008015172924222925,1,0.0059859883196054205,-0.004055063192448193,-0.01079155327671421,0.01327364769620684,-0.007422313456716878,0.007867880943812862,-0.006117218114310992,-0.002735791058004571,-0.0037628647590306416,0.0039330079358332465,0.01595921616694179,0.009983695060291635,0.00934844950860852,0.013942128781055971,-0.009650515008067052,0.009999945333490386,-0.004749431032118577,0.013976674655135527,-0.004239964560479775,-0.008731339132010194,-0.007100135776272721,0.011121671526352794,0.011319180752773729,-0.008615134264561708,0.001931310583965519,0.01581316638926225,0.00948960054846726,0.011950144370661338,-0.005276177792597937,-0.01236306906531392,0.015800101220354235,0.01599990845482982,0.007890106429863025,-0.010381861802452156,0.015812567556168652,0.005807623507770993,-0.007423839370836825,0.005988325713402759,-0.006880747075519046,0.013996118000383528,0.0019666016016328604,-0.005570043237087344,0.017658729905757772,-0.008484791787555483,-0.010019602215367698,0.01399013828018724,-0.0064094297366529066,-0.0056691959970532856,0.011763417012592078,0.01114840555266102,-0.004045510730977444,0.01171361837912823,-0.0010572119212754504,0.003969886646095247,0.00790942510447883,0.005839473641920077,0.009996028021793897,0.007843565987861081,-0.004219536357177835,-0.003849547555969327,-0.0024644369049895663,-0.006259764177233508,-0.002928614757163487,-0.0032851239147910468,0.009980483716896095,-0.008015364975953208,0.009896286035266771,-0.006312183171811397,0.0019905557589722385,-0.012095539600605054,0.007750712465207119,0.013673222280186002,-0.0034052058287411657,-0.006308538550243005,-0.009465566689554812,-0.005986781480973494,0.00981723311326809,0.007995531939438517,0.015776260990583723,0.003985986759475656,0.013690723287734546,-0.0033301065311189286,-0.0005465589134158398,agent82,1
-0.7122168813114398,-0.0038458526506163935,-0.004069490069052925,-0.013265156778581625,-0.009120447332520534,-0.004738472434314731,-0.007716856030454065,-0.006191691982813056,0.005809204748169059,0.007998554159818715,-0.005642625965573009,-0.010415526086488157,0.0,-0.005645550651510553,-0.009730946183779388,0.005995893171507842,-0.008015172924222925,1,0.0059859883196054205,-0.004055063192448193,-0.01079155327671421,0.01327364769620684,-0.007422313456716878,0.009835401551585226,-0.006117218114310992,-0.002735791058004571,-0.0037628647590306416,0.0039330079358332465,0.01595921616694179,0.009983695060291635,0.00934844950860852,0.013942128781055971,-0.009650515008067052,0.009999945333490386,-0.004749431032118577,0.013976674655135527,-0.004239964560479775,-0.008731339132010194,-0.007100135776272721,0.011121671526352794,0.011319180752773729,-0.008615134264561708,0.001931310583965519,0.01581316638926225,0.00948960054846726,0.011950144370661338,-0.005276177792597937,-0.01236306906531392,0.015800101220354235,0.01599990845482982,0.007890106429863025,-0.010381861802452156,0.015812567556168652,0.005807623507770993,-0.007423839370836825,0.005988325713402759,-0.006880747075519046,0.013996118000383528,0.0019666016016328604,-0.005570043237087344,0.017658729905757772,-0.008484791787555483,-0.010019602215367698,0.01399013828018724,-0.0064094297366529066,-0.0056691959970532856,0.011763417012592078,0.01114840555266102,-0.004045510730977444,0.01171361837912823,-0.0010572119212754504,0.003969886646095247,0.00790942510447883,0.005839473641920077,0.009996028021793897,0.007843565987861081,-0.004219536357177835,-0.003849547555969327,-0.0024644369049895663,-0.006259764177233508,-0.002928614757163487,-0.0032851239147910468,0.009980483716896095,-0.008015364975953208,0.009896286035266771,-0.006312183171811397,0.0019905557589722385,-0.012095539600605054,0.007750712465207119,0.013673222280186002,-0.0034052058287411657,-0.006308538550243005,-0.009465566689554812,-0.005986781480973494,0.00981723311326809,0.007995531939438517,0.015776260990583723,0.003985986759475656,0.013690723287734546,-0.0033301065311189286,-0.0005465589134158398,agent22,-0.4563388809016456
-0.7132228696371532,-0.0038458526506163935,-0.004069490069052925,-0.013265156778581625,-0.009120447332520534,-0.004738472434314731,-0.007716856030454065,-0.006191691982813056,0.005809204748169059,0.007998554159818715,-0.005642625965573009,-0.010415526086488157,0.0,-0.005645550651510553,-0.009730946183779388,0.005995893171507842,-0.008015172924222925,1,0.0059859883196054205,-0.004055063192448193,-0.01079155327671421,0.01327364769620684,-0.007422313456716878,0.009835401551585226,-0.006117218114310992,-0.002735791058004571,-0.0037628647590306416,0.0039330079358332465,0.01595921616694179,0.009983695060291635,0.00934844950860852,0.013942128781055971,-0.009650515008067052,0.009999945333490386,-0.004749431032118577,0.013976674655135527,-0.004239964560479775,-0.008731339132010194,-0.007100135776272721,0.011121671526352794,0.011319180752773729,-0.008615134264561708,0.001931310583965519,0.01581316638926225,0.00948960054846726,0.011950144370661338,-0.005276177792597937,-0.01236306906531392,0.015800101220354235,0.01599990845482982,0.007890106429863025,-0.010381861802452156,0.015812567556168652,0.005807623507770993,-0.007423839370836825,0.007984614123049918,-0.006880747075519046,0.013996118000383528,0.0019666016016328604,-0.005570043237087344,0.017658729905757772,-0.008484791787555483,-0.010019602215367698,0.01399013828018724,-0.0064094297366529066,-0.0056691959970532856,0.011763417012592078,0.01114840555266102,-0.004045510730977444,0.01171361837912823,-0.0010572119212754504,0.003969886646095247,0.00790942510447883,0.005839473641920077,0.009996028021793897,0.007843565987861081,-0.004219536357177835,-0.003849547555969327,-0.0024644369049895663,-0.006259764177233508,-0.002928614757163487,-0.0032851239147910468,0.009980483716896095,-0.008015364975953208,0.009896286035266771,-0.006312183171811397,0.0019905557589722385,-0.012095539600605054,0.007750712465207119,0.013673222280186002,-0.0034052058287411657,-0.006308538550243005,-0.009465566689554812,-0.005986781480973494,0.00981723311326809,0.007995531939438517,0.015776260990583723,0.003985986759475656,0.013690723287734546,-0.0033301065311189286,-0.0005465589134158398,agent54,-0.6260589988764631
-0.7142308651690926,-0.0038458526506163935,-0.004069490069052925,-0.013265156778581625,-0.009120447332520534,-0.004738472434314731,-0.007716856030454065,-0.006191691982813056,0.005809204748169059,0.007998554159818715,-0.005642625965573009,-0.010415526086488157,0.0,-0.005645550651510553,-0.009730946183779388,0.005995893171507842,-0.008015172924222925,1,0.0059859883196054205,-0.004055063192448193,-0.01079155327671421,0.01327364769620684,-0.007422313456716878,0.009835401551585226,-0.006117218114310992,-0.002735791058004571,-0.0037628647590306416,0.0039330079358332465,0.01595921616694179,0.009983695060291635,0.00934844950860852,0.013942128781055971,-0.009650515008067052,0.009999945333490386,-0.004749431032118577,0.013976674655135527,-0.004239964560479775,-0.008731339132010194,-0.007100135776272721,0.011121671526352794,0.011319180752773729,-0.008615134264561708,0.001931310583965519,0.01581316638926225,0.00948960054846726,0.011950144370661338,-0.005276177792597937,-0.01236306906531392,0.015800101220354235,0.01599990845482982,0.007890106429863025,-0.010381861802452156,0.015812567556168652,0.005807623507770993,-0.007423839370836825,0.007984614123049918,-0.006880747075519046,0.013996118000383528,0.0019666016016328604,-0.005570043237087344,0.017658729905757772,-0.008484791787555483,-0.010019602215367698,0.01399013828018724,-0.0064094297366529066,-0.0056691959970532856,0.011763417012592078,0.01114840555266102,-0.004045510730977444,0.01171361837912823,-0.0010572119212754504,0.003969886646095247,0.00790942510447883,0.005839473641920077,0.009996028021793897,0.007843565987861081,-0.004219536357177835,-0.003849547555969327,-0.0024644369049895663,-0.006259764177233508,-0.002928614757163487,-0.0032851239147910468,0.009980483716896095,-0.008015364975953208,0.009896286035266771,-0.006312183171811397,0.0019905557589722385,-0.012095539600605054,0.007750712465207119,0.013673222280186002,-0.0034052058287411657,-0.006308538550243005,-0.009465566689554812,-0.005986781480973494,0.00981723311326809,0.009994452563159877,0.015776260990583723,0.003985986759475656,0.013690723287734546,-0.0033301065311189286,-0.0005465589134158398,agent94,-0.6667604917677338
-0.7152395965082247,-0.0038458526506163935,-0.004069490069052925,-0.013265156778581625,-0.009120447332520534,-0.004738472434314731,-0.007716856030454065,-0.006191691982813056,0.005809204748169059,0.007998554159818715,-0.005642625965573009,-0.010415526086488157,0.0,-0.005645550651510553,-0.009730946183779388,0.005995893171507842,-0.008015172924222925,1,0.0059859883196054205,-0.004055063192448193,-0.01079155327671421,0.01327364769620684,-0.007422313456716878,0.009835401551585226,-0.006117218114310992,-0.002735791058004571,-0.0037628647590306416,0.0039330079358332465,0.01595921616694179,0.009983695060291635,0.00934844950860852,0.013942128781055971,-0.009650515008067052,0.009999945333490386,-0.004749431032118577,0.013976674655135527,-0.004239964560479775,-0.009899455842951006,-0.007100135776272721,0.011121671526352794,0.011319180752773729,-0.008615134264561708,0.001931310583965519,0.01581316638926225,0.00948960054846726,0.011950144370661338,-0.005276177792597937,-0.01236306906531392,0.015800101220354235,0.01599990845482982,0.007890106429863025,-0.010381861802452156,0.015812567556168652,0.005807623507770993,-0.007423839370836825,0.007984614123049918,-0.006880747075519046,0.013996118000383528,0.0019666016016328604,-0.005570043237087344,0.017658729905757772,-0.008484791787555483,-0.010019602215367698,0.01399013828018724,-0.0064094297366529066,-0.0056691959970532856,0.011763417012592078,0.01114840555266102,-0.004045510730977444,0.01171361837912823,-0.0010572119212754504,0.003969886646095247,0.00790942510447883,0.005839473641920077,0.009996028021793897,0.007843565987861081,-0.004219536357177835,-0.003849547555969327,-0.0024644369049895663,-0.006259764177233508,-0.002928614757163487,-0.0032851239147910468,0.009980483716896095,-0.008015364975953208,0.009896286035266771,-0.006312183171811397,0.0019905557589722385,-0.012095539600605054,0.007750712465207119,0.013673222280186002,-0.0034052058287411657,-0.006308538550243005,-0.009465566689554812,-0.005986781480973494,0.00981723311326809,0.009994452563159877,0.015776260990583723,0.003985986759475656,0.013690723287734546,-0.0033301065311189286,-0.0005465589134158398,agent36,0.5756398950694582
-0.7162415631098263,-0.0038458526506163935,-0.004069490069052925,-0.013265156778581625,-0.009120447332520534,-0.004738472434314731,-0.007716856030454065,-0.006191691982813056,0.005809204748169059,0.007998554159818715,-0.005642625965573009,-0.010415526086488157,0.0,-0.005645550651510553,-0.009730946183779388,0.005995893171507842,-0.008015172924222925,1,0.0059859883196054205,-0.004055063192448193,-0.01079155327671421,0.01327364769620684,-0.007422313456716878,0.009835401551585226,-0.006117218114310992,-0.002735791058004571,-0.0037628647590306416,0.0039330079358332465,0.01595921616694179,0.009983695060291635,0.00934844950860852,0.013942128781055971,-0.009650515008067052,0.009999945333490386,-0.004749431032118577,0.013976674655135527,-0.004239964560479775,-0.009899455842951006,-0.007100135776272721,0.011121671526352794,0.011319180752773729,-0.008615134264561708,0.001931310583965519,0.01581316638926225,0.00948960054846726,0.011950144370661338,-0.005276177792597937,-0.01236306906531392,0.015800101220354235,0.01599990845482982,0.007890106429863025,-0.010381861802452156,0.015812567556168652,0.005807623507770993,-0.007423839370836825,0.007984614123049918,-0.006880747075519046,0.013996118000383528,0.003932194975876404,-0.005570043237087344,0.017658729905757772,-0.008484791787555483,-0.010019602215367698,0.01399013828018724,-0.0064094297366529066,-0.0056691959970532856,0.011763417012592078,0.01114840555266102,-0.004045510730977444,0.01171361837912823,-0.0010572119212754504,0.003969886646095247,0.00790942510447883,0.005839473641920077,0.009996028021793897,0.007843565987861081,-0.004219536357177835,-0.003849547555969327,-0.0024644369049895663,-0.006259764177233508,-0.002928614757163487,-0.0032851239147910468,0.009980483716896095,-0.008015364975953208,0.009896286035266771,-0.006312183171811397,0.0019905557589722385,-0.012095539600605054,0.007750712465207119,0.013673222280186002,-0.0034052058287411657,-0.006308538550243005,-0.009465566689554812,-0.005986781480973494,0.00981723311326809,0.009994452563159877,0.015776260990583723,0.003985986759475656,0.013690723287734546,-0.0033301065311189286,-0.0005465589134158398,agent57,-0.9775623967237451
-0.7172528822905792,-0.0038458526506163935,-0.004069490069052925,-0.013265156778581625,-0.009120447332520534,-0.004738472434314731,-0.007716856030454065,-0.006191691982813056,0.005809204748169059,0.007998554159818715,-0.005642625965573009,-0.010415526086488157,0.0,-0.005645550651510553,-0.009730946183779388,0.005995893171507842,-0.008015172924222925,1,0.0059859883196054205,-0.004055063192448193,-0.01079155327671421,0.01327364769620684,-0.007422313456716878,0.009835401551585226,-0.006117218114310992,-0.002735791058004571,-0.0037628647590306416,0.0039330079358332465,0.01595921616694179,0.009983695060291635,0.00934844950860852,0.013942128781055971,-0.009650515008067052,0.009999945333490386,-0.004749431032118577,0.013976674655135527,-0.004239964560479775,-0.009899455842951006,-0.007100135776272721,0.011121671526352794,0.013278921327520551,-0.008615134264561708,0.001931310583965519,0.01581316638926225,0.00948960054846726,0.011950144370661338,-0.005276177792597937,-0.01236306906531392,0.015800101220354235,0.01599990845482982,0.007890106429863025,-0.010381861802452156,0.015812567556168652,0.005807623507770993,-0.007423839370836825,0.007984614123049918,-0.006880747075519046,0.013996118000383528,0.003932194975876404,-0.005570043237087344,0.017658729905757772,-0.008484791787555483,-0.010019602215367698,0.01399013828018724,-0.0064094297366529066,-0.0056691959970532856,0.011763417012592078,0.01114840555266102,-0.004045510730977444,0.01171361837912823,-0.0010572119212754504,0.003969886646095247,0.00790942510447883,0.005839473641920077,0.009996028021793897,0.007843565987861081,-0.004219536357177835,-0.003849547555969327,-0.0024644369049895663,-0.006259764177233508,-0.002928614757163487,-0.0032851239147910468,0.009980483716896095,-0.008015364975953208,0.009896286035266771,-0.006312183171811397,0.0019905557589722385,-0.012095539600605054,0.007750712465207119,0.013673222280186002,-0.0034052058287411657,-0.006308538550243005,-0.009465566689554812,-0.005986781480973494,0.00981723311326809,0.009994452563159877,0.015776260990583723,0.003985986759475656,0.013690723287734546,-0.0033301065311189286,-0.0005465589134158398,agent39,-1
-0.7182628783186009,-0.0038458526506163935,-0.004069490069052925,-0.013265156778581625,-0.009120447332520534,-0.004738472434314731,-0.007716856030454065,-0.006191691982813056,0.005809204748169059,0.007998554159818715,-0.005642625965573009,-0.010415526086488157,0.0,-0.005645550651510553,-0.009730946183779388,0.005995893171507842,-0.008015172924222925,1,0.0059859883196054205,-0.004055063192448193,-0.01079155327671421,0.01327364769620684,-0.007422313456716878,0.009835401551585226,-0.006117218114310992,-0.002735791058004571,-0.0037628647590306416,0.0039330079358332465,0.01595921616694179,0.009983695060291635,0.00934844950860852,0.013942128781055971,-0.009650515008067052,0.009999945333490386,-0.004749431032118577,0.013976674655135527,-0.004239964560479775,-0.009899455842951006,-0.007100135776272721,0.011121671526352794,0.013278921327520551,-0.008615134264561708,0.001931310583965519,0.01581316638926225,0.00948960054846726,0.011950144370661338,-0.005276177792597937,-0.01236306906531392,0.015800101220354235,0.01599990845482982,0.007890106429863025,-0.010381861802452156,0.015812567556168652,0.005807623507770993,-0.007423839370836825,0.007984614123049918,-0.006880747075519046,0.013996118000383528,0.003932194975876404,-0.005570043237087344,0.017658729905757772,-0.008484791787555483,-0.010019602215367698,0.01399013828018724,-0.0064094297366529066,-0.0056691959970532856,0.011763417012592078,0.01114840555266102,-0.004045510730977444,0.01171361837912823,-0.0010572119212754504,0.003969886646095247,0.00790942510447883,0.005839473641920077,0.011995185729484431,0.007843565987861081,-0.004219536357177835,-0.003849547555969327,-0.0024644369049895663,-0.006259764177233508,-0.002928614757163487,-0.0032851239147910468,0.009980483716896095,-0.008015364975953208,0.009896286035266771,-0.006312183171811397,0.0019905557589722385,-0.012095539600605054,0.007750712465207119,0.013673222280186002,-0.0034052058287411657,-0.006308538550243005,-0.009465566689554812,-0.005986781480973494,0.00981723311326809,0.009994452563159877,0.015776260990583723,0.003985986759475656,0.013690723287734546,-0.0033301065311189286,-0.0005465589134158398,agent73,-0.7582965738756493
-0.7192739999901273,-0.0038458526506163935,-0.004069490069052925,-0.013265156778581625,-0.009120447332520534,-0.004738472434314731,-0.007716856030454065,-0.006191691982813056,0.005809204748169059,0.007998554159818715,-0.005642625965573009,-0.010415526086488157,0.0,-0.005645550651510553,-0.009730946183779388,0.005995893171507842,-0.008015172924222925,1,0.0059859883196054205,-0.004055063192448193,-0.01079155327671421,0.01327364769620684,-0.007422313456716878,0.009835401551585226,-0.006117218114310992,-0.002735791058004571,-0.0037628647590306416,0.0039330079358332465,0.01595921616694179,0.009983695060291635,0.00934844950860852,0.013942128781055971,-0.009650515008067052,0.009999945333490386,-0.004749431032118577,0.013976674655135527,-0.004239964560479775,-0.009899455842951006,-0.007100135776272721,0.013081983623486134,0.013278921327520551,-0.008615134264561708,0.001931310583965519,0.01581316638926225,0.00948960054846726,0.011950144370661338,-0.005276177792597937,-0.01236306906531392,0.015800101220354235,0.01599990845482982,0.007890106429863025,-0.010381861802452156,0.015812567556168652,0.005807623507770993,-0.007423839370836825,0.007984614123049918,-0.006880747075519046,0.013996118000383528,0.003932194975876404,-0.005570043237087344,0.017658729905757772,-0.008484791787555483,-0.010019602215367698,0.01399013828018724,-0.0064094297366529066,-0.0056691959970532856,0.011763417012592078,0.01114840555266102,-0.004045510730977444,0.01171361837912823,-0.0010572119212754504,0.003969886646095247,0.00790942510447883,0.005839473641920077,0.011995185729484431,0.007843565987861081,-0.004219536357177835,-0.003849547555969327,-0.0024644369049895663,-0.006259764177233508,-0.002928614757163487,-0.0032851239147910468,0.009980483716896095,-0.008015364975953208,0.009896286035266771,-0.006312183171811397,0.0019905557589722385,-0.012095539600605054,0.007750712465207119,0.013673222280186002,-0.0034052058287411657,-0.006308538550243005,-0.009465566689554812,-0.005986781480973494,0.00981723311326809,0.009994452563159877,0.015776260990583723,0.003985986759475656,0.013690723287734546,-0.0033301065311189286,-0.0005465589134158398,agent38,-1
-0.7202799958832988,-0.0038458526506163935,-0.004069490069052925,-0.013265156778581625,-0.009120447332520534,-0.004738472434314731,-0.007716856030454065,-0.006191691982813056,0.005809204748169059,0.007998554159818715,-0.005642625965573009,-0.010415526086488157,0.0,-0.005645550651510553,-0.009730946183779388,0.007994663083305367,-0.008015172924222925,1,0.0059859883196054205,-0.004055063192448193,-0.01079155327671421,0.01327364769620684,-0.007422313456716878,0.009835401551585226,-0.006117218114310992,-0.002735791058004571,-0.0037628647590306416,0.0039330079358332465,0.01595921616694179,0.009983695060291635,0.00934844950860852,0.013942128781055971,-0.009650515008067052,0.009999945333490386,-0.004749431032118577,0.013976674655135527,-0.004239964560479775,-0.009899455842951006,-0.007100135776272721,0.013081983623486134,0.013278921327520551,-0.008615134264561708,0.001931310583965519,0.01581316638926225,0.00948960054846726,0.011950144370661338,-0.005276177792597937,-0.01236306906531392,0.015800101220354235,0.01599990845482982,0.007890106429863025,-0.010381861802452156,0.015812567556168652,0.005807623507770993,-0.007423839370836825,0.007984614123049918,-0.006880747075519046,0.013996118000383528,0.003932194975876404,-0.005570043237087344,0.017658729905757772,-0.008484791787555483,-0.010019602215367698,0.01399013828018724,-0.0064094297366529066,-0.0056691959970532856,0.011763417012592078,0.01114840555266102,-0.004045510730977444,0.01171361837912823,-0.0010572119212754504,0.003969886646095247,0.00790942510447883,0.005839473641920077,0.011995185729484431,0.007843565987861081,-0.004219536357177835,-0.003849547555969327,-0.0024644369049895663,-0.006259764177233508,-0.002928614757163487,-0.0032851239147910468,0.009980483716896095,-0.008015364975953208,0.009896286035266771,-0.006312183171811397,0.0019905557589722385,-0.012095539600605054,0.007750712465207119,0.013673222280186002,-0.0034052058287411657,-0.006308538550243005,-0.009465566689554812,-0.005986781480973494,0.00981723311326809,0.009994452563159877,0.015776260990583723,0.003985986759475656,0.013690723287734546,-0.0033301065311189286,-0.0005465589134158398,agent14,-0.6696738346179066
-0.7212870960190751,-0.0038458526506163935,-0.004069490069052925,-0.013265156778581625,-0.009120447332520534,-0.004738472434314731,-0.007716856030454065,-0.006191691982813056,0.005809204748169059,0.007998554159818715,-0.005642625965573009,-0.010415526086488157,0.0,-0.005645550651510553,-0.009730946183779388,0.007994663083305367,-0.008015172924222925,1,0.0059859883196054205,-0.004055063192448193,-0.01079155327671421,0.01327364769620684,-0.007422313456716878,0.009835401551585226,-0.006117218114310992,-0.002735791058004571,-0.0037628647590306416,0.0039330079358332465,0.01595921616694179,0.009983695060291635,0.00934844950860852,0.013942128781055971,-0.009650515008067052,0.009999945333490386,-0.004749431032118577,0.013976674655135527,-0.004239964560479775,-0.009899455842951006,-0.007620454144154599,0.013081983623486134,0.013278921327520551,-0.008615134264561708,0.001931310583965519,0.01581316638926225,0.00948960054846726,0.011950144370661338,-0.005276177792597937,-0.01236306906531392,0.015800101220354235,0.01599990845482982,0.007890106429863025,-0.010381861802452156,0.015812567556168652,0.005807623507770993,-0.007423839370836825,0.007984614123049918,-0.006880747075519046,0.013996118000383528,0.003932194975876404,-0.005570043237087344,0.017658729905757772,-0.008484791787555483,-0.010019602215367698,0.01399013828018724,-0.0064094297366529066,-0.0056691959970532856,0.011763417012592078,0.01114840555266102,-0.004045510730977444,0.01171361837912823,-0.0010572119212754504,0.003969886646095247,0.00790942510447883,0.005839473641920077,0.011995185729484431,0.007843565987861081,-0.004219536357177835,-0.003849547555969327,-0.0024644369049895663,-0.006259764177233508,-0.002928614757163487,-0.0032851239147910468,0.009980483716896095,-0.008015364975953208,0.009896286035266771,-0.006312183171811397,0.0019905557589722385,-0.012095539600605054,0.007750712465207119,0.013673222280186002,-0.0034052058287411657,-0.006308538550243005,-0.009465566689554812,-0.005986781480973494,0.00981723311326809,0.009994452563159877,0.015776260990583723,0.003985986759475656,0.013690723287734546,-0.0033301065311189286,-0.0005465589134158398,agent37,1
-0.7222950806331982,-0.0038458526506163935,-0.004069490069052925,-0.013265156778581625,-0.009120447332520534,-0.004738472434314731,-0.007716856030454065,-0.006191691982813056,0.005809204748169059,0.007998554159818715,-0.005642625965573009,-0.010415526086488157,0.0,-0.005645550651510553,-0.009730946183779388,0.007994663083305367,-0.008015172924222925,1,0.0059859883196054205,-0.004055063192448193,-0.01079155327671421,0.01327364769620684,-0.007422313456716878,0.009835401551585226,-0.006117218114310992,-0.002735791058004571,-0.0037628647590306416,0.0039330079358332465,0.01595921616694179,0.009983695060291635,0.00934844950860852,0.013942128781055971,-0.009650515008067052,0.009999945333490386,-0.004749431032118577,0.013976674655135527,-0.004239964560479775,-0.009899455842951006,-0.007620454144154599,0.013081983623486134,0.013278921327520551,-0.008615134264561708,0.001931310583965519,0.01581316638926225,0.00948960054846726,0.011950144370661338,-0.005276177792597937,-0.01236306906531392,0.015800101220354235,0.01599990845482982,0.007890106429863025,-0.010381861802452156,0.015812567556168652,0.005807623507770993,-0.007423839370836825,0.009980815414234947,-0.006880747075519046,0.013996118000383528,0.003932194975876404,-0.005570043237087344,0.017658729905757772,-0.008484791787555483,-0.010019602215367698,0.01399013828018724,-0.0064094297366529066,-0.0056691959970532856,0.011763417012592078,0.01114840555266102,-0.004045510730977444,0.01171361837912823,-0.0010572119212754504,0.003969886646095247,0.00790942510447883,0.005839473641920077,0.011995185729484431,0.007843565987861081,-0.004219536357177835,-0.003849547555969327,-0.0024644369049895663,-0.006259764177233508,-0.002928614757163487,-0.0032851239147910468,0.009980483716896095,-0.008015364975953208,0.009896286035266771,-0.006312183171811397,0.0019905557589722385,-0.012095539600605054,0.007750712465207119,0.013673222280186002,-0.0034052058287411657,-0.006308538550243005,-0.009465566689554812,-0.005986781480973494,0.00981723311326809,0.009994452563159877,0.015776260990583723,0.003985986759475656,0.013690723287734546,-0.0033301065311189286,-0.0005465589134158398,agent54,-0.6341239293146502
-0.7233036957674628,-0.0038458526506163935,-0.004069490069052925,-0.013265156778581625,-0.009120447332520534,-0.004738472434314731,-0.007716856030454065,-0.006191691982813056,0.005809204748169059,0.007998554159818715,-0.005642625965573009,-0.010415526086488157,0.0,-0.005645550651510553,-0.009730946183779388,0.007994663083305367,-0.008015172924222925,1,0.0059859883196054205,-0.004055063192448193,-0.01079155327671421,0.01327364769620684,-0.007422313456716878,0.009835401551585226,-0.006117218114310992,-0.002735791058004571,-0.0037628647590306416,0.0039330079358332465,0.01595921616694179,0.009983695060291635,0.00934844950860852,0.013942128781055971,-0.009650515008067052,0.009999945333490386,-0.004749431032118577,0.013976674655135527,-0.004239964560479775,-0.009899455842951006,-0.007620454144154599,0.013081983623486134,0.013278921327520551,-0.009554020371852073,0.001931310583965519,0.01581316638926225,0.00948960054846726,0.011950144370661338,-0.005276177792597937,-0.01236306906531392,0.015800101220354235,0.01599990845482982,0.007890106429863025,-0.010381861802452156,0.015812567556168652,0.005807623507770993,-0.007423839370836825,0.009980815414234947,-0.006880747075519046,0.013996118000383528,0.003932194975876404,-0.005570043237087344,0.017658729905757772,-0.008484791787555483,-0.010019602215367698,0.01399013828018724,-0.0064094297366529066,-0.0056691959970532856,0.011763417012592078,0.01114840555266102,-0.004045510730977444,0.01171361837912823,-0.0010572119212754504,0.003969886646095247,0.00790942510447883,0.005839473641920077,0.011995185729484431,0.007843565987861081,-0.004219536357177835,-0.003849547555969327,-0.0024644369049895663,-0.006259764177233508,-0.002928614757163487,-0.0032851239147910468,0.009980483716896095,-0.008015364975953208,0.009896286035266771,-0.006312183171811397,0.0019905557589722385,-0.012095539600605054,0.007750712465207119,0.013673222280186002,-0.0034052058287411657,-0.006308538550243005,-0.009465566689554812,-0.005986781480973494,0.00981723311326809,0.009994452563159877,0.015776260990583723,0.003985986759475656,0.013690723287734546,-0.0033301065311189286,-0.0005465589134158398,agent40,0.7344917210022602
-0.7243169609242414,-0.0038458526506163935,-0.004069490069052925,-0.013965285940757424,-0.009120447332520534,-0.004738472434314731,-0.007716856030454065,-0.006191691982813056,0.005809204748169059,0.007998554159818715,-0.005642625965573009,-0.010415526086488157,0.0,-0.005645550651510553,-0.009730946183779388,0.007994663083305367,-0.008015172924222925,1,0.0059859883196054205,-0.004055063192448193,-0.01079155327671421,0.01327364769620684,-0.007422313456716878,0.009835401551585226,-0.006117218114310992,-0.002735791058004571,-0.0037628647590306416,0.0039330079358332465,0.01595921616694179,0.009983695060291635,0.00934844950860852,0.013942128781055971,-0.009650515008067052,0.009999945333490386,-0.004749431032118577,0.013976674655135527,-0.004239964560479775,-0.009899455842951006,-0.007620454144154599,0.013081983623486134,0.013278921327520551,-0.009554020371852073,0.001931310583965519,0.01581316638926225,0.00948960054846726,0.011950144370661338,-0.005276177792597937,-0.01236306906531392,0.015800101220354235,0.01599990845482982,0.007890106429863025,-0.010381861802452156,0.015812567556168652,0.005807623507770993,-0.007423839370836825,0.009980815414234947,-0.006880747075519046,0.013996118000383528,0.003932194975876404,-0.005570043237087344,0.017658729905757772,-0.008484791787555483,-0.010019602215367698,0.01399013828018724,-0.0064094297366529066,-0.0056691959970532856,0.011763417012592078,0.01114840555266102,-0.004045510730977444,0.01171361837912823,-0.0010572119212754504,0.003969886646095247,0.00790942510447883,0.005839473641920077,0.011995185729484431,0.007843565987861081,-0.004219536357177835,-0.003849547555969327,-0.0024644369049895663,-0.006259764177233508,-0.002928614757163487,-0.0032851239147910468,0.009980483716896095,-0.008015364975953208,0.009896286035266771,-0.006312183171811397,0.0019905557589722385,-0.012095539600605054,0.007750712465207119,0.013673222280186002,-0.0034052058287411657,-0.006308538550243005,-0.009465566689554812,-0.005986781480973494,0.00981723311326809,0.009994452563159877,0.015776260990583723,0.003985986759475656,0.013690723287734546,-0.0033301065311189286,-0.0005465589134158398,agent2,0.8890677489215089
-0.7253277524775181,-0.0038458526506163935,-0.004069490069052925,-0.013965285940757424,-0.009120447332520534,-0.004738472434314731,-0.007716856030454065,-0.006191691982813056,0.005809204748169059,0.007998554159818715,-0.005642625965573009,-0.010415526086488157,0.0,-0.005645550651510553,-0.009730946183779388,0.007994663083305367,-0.008015172924222925,1,0.0059859883196054205,-0.004055063192448193,-0.011304918785848703,0.01327364769620684,-0.007422313456716878,0.009835401551585226,-0.006117218114310992,-0.002735791058004571,-0.0037628647590306416,0.0039330079358332465,0.01595921616694179,0.009983695060291635,0.00934844950860852,0.013942128781055971,-0.009650515008067052,0.009999945333490386,-0.004749431032118577,0.013976674655135527,-0.004239964560479775,-0.009899455842951006,-0.007620454144154599,0.013081983623486134,0.013278921327520551,-0.009554020371852073,0.001931310583965519,0.01581316638926225,0.00948960054846726,0.011950144370661338,-0.005276177792597937,-0.01236306906531392,0.015800101220354235,0.01599990845482982,0.007890106429863025,-0.010381861802452156,0.015812567556168652,0.005807623507770993,-0.007423839370836825,0.009980815414234947,-0.006880747075519046,0.013996118000383528,0.003932194975876404,-0.005570043237087344,0.017658729905757772,-0.008484791787555483,-0.010019602215367698,0.01399013828018724,-0.0064094297366529066,-0.0056691959970532856,0.011763417012592078,0.01114840555266102,-0.004045510730977444,0.01171361837912823,-0.0010572119212754504,0.003969886646095247,0.00790942510447883,0.005839473641920077,0.011995185729484431,0.007843565987861081,-0.004219536357177835,-0.003849547555969327,-0.0024644369049895663,-0.006259764177233508,-0.002928614757163487,-0.0032851239147910468,0.009980483716896095,-0.008015364975953208,0.009896286035266771,-0.006312183171811397,0.0019905557589722385,-0.012095539600605054,0.007750712465207119,0.013673222280186002,-0.0034052058287411657,-0.006308538550243005,-0.009465566689554812,-0.005986781480973494,0.00981723311326809,0.009994452563159877,0.015776260990583723,0.003985986759475656,0.013690723287734546,-0.0033301065311189286,-0.0005465589134158398,agent19,1
-0.7263337384658377,-0.0038458526506163935,-0.004069490069052925,-0.013965285940757424,-0.009120447332520534,-0.004738472434314731,-0.007716856030454065,-0.006191691982813056,0.005809204748169059,0.007998554159818715,-0.005642625965573009,-0.010415526086488157,0.0,-0.005645550651510553,-0.009730946183779388,0.007994663083305367,-0.008015172924222925,1,0.007981257023230966,-0.004055063192448193,-0.011304918785848703,0.01327364769620684,-0.007422313456716878,0.009835401551585226,-0.006117218114310992,-0.002735791058004571,-0.0037628647590306416,0.0039330079358332465,0.01595921616694179,0.009983695060291635,0.00934844950860852,0.013942128781055971,-0.009650515008067052,0.009999945333490386,-0.004749431032118577,0.013976674655135527,-0.004239964560479775,-0.009899455842951006,-0.007620454144154599,0.013081983623486134,0.013278921327520551,-0.009554020371852073,0.001931310583965519,0.01581316638926225,0.00948960054846726,0.011950144370661338,-0.005276177792597937,-0.01236306906531392,0.015800101220354235,0.01599990845482982,0.007890106429863025,-0.010381861802452156,0.015812567556168652,0.005807623507770993,-0.007423839370836825,0.009980815414234947,-0.006880747075519046,0.013996118000383528,0.003932194975876404,-0.005570043237087344,0.017658729905757772,-0.008484791787555483,-0.010019602215367698,0.01399013828018724,-0.0064094297366529066,-0.0056691959970532856,0.011763417012592078,0.01114840555266102,-0.004045510730977444,0.01171361837912823,-0.0010572119212754504,0.003969886646095247,0.00790942510447883,0.005839473641920077,0.011995185729484431,0.007843565987861081,-0.004219536357177835,-0.003849547555969327,-0.0024644369049895663,-0.006259764177233508,-0.002928614757163487,-0.0032851239147910468,0.009980483716896095,-0.008015364975953208,0.009896286035266771,-0.006312183171811397,0.0019905557589722385,-0.012095539600605054,0.007750712465207119,0.013673222280186002,-0.0034052058287411657,-0.006308538550243005,-0.009465566689554812,-0.005986781480973494,0.00981723311326809,0.009994452563159877,0.015776260990583723,0.003985986759475656,0.013690723287734546,-0.0033301065311189286,-0.0005465589134158398,agent17,-0.8226036115017826
-0.7273370685723688,-0.0038458526506163935,-0.004069490069052925,-0.013965285940757424,-0.009120447332520534,-0.004738472434314731,-0.007716856030454065,-0.006191691982813056,0.005809204748169059,0.007998554159818715,-0.005642625965573009,-0.010415526086488157,0.0,-0.005645550651510553,-0.009730946183779388,0.007994663083305367,-0.008015172924222925,1,0.007981257023230966,-0.004055063192448193,-0.011304918785848703,0.01327364769620684,-0.007422313456716878,0.009835401551585226,-0.006117218114310992,-0.002735791058004571,-0.0037628647590306416,0.0039330079358332465,0.01595921616694179,0.009983695060291635,0.00934844950860852,0.013942128781055971,-0.009650515008067052,0.009999945333490386,-0.004749431032118577,0.013976674655135527,-0.004239964560479775,-0.009899455842951006,-0.007620454144154599,0.013081983623486134,0.013278921327520551,-0.009554020371852073,0.001931310583965519,0.01581316638926225,0.00948960054846726,0.011950144370661338,-0.005276177792597937,-0.01236306906531392,0.015800101220354235,0.01599990845482982,0.007890106429863025,-0.010381861802452156,0.015812567556168652,0.005807623507770993,-0.007423839370836825,0.009980815414234947,-0.006880747075519046,0.013996118000383528,0.003932194975876404,-0.005570043237087344,0.017658729905757772,-0.008484791787555483,-0.010019602215367698,0.01399013828018724,-0.0064094297366529066,-0.0056691959970532856,0.011763417012592078,0.01114840555266102,-0.004045510730977444,0.01171361837912823,-0.0010572119212754504,0.003969886646095247,0.00790942510447883,0.005839473641920077,0.011995185729484431,0.007843565987861081,-0.004219536357177835,-0.003849547555969327,-0.0024644369049895663,-0.006259764177233508,-0.002928614757163487,-0.0032851239147910468,0.009980483716896095,-0.008015364975953208,0.009896286035266771,-0.006312183171811397,0.0019905557589722385,-0.012095539600605054,0.007750712465207119,0.013673222280186002,-0.0034052058287411657,-0.006308538550243005,-0.009465566689554812,-0.005986781480973494,0.00981723311326809,0.009994452563159877,0.015776260990583723,0.003985986759475656,0.013690723287734546,-0.004082025103487479,-0.0005465589134158398,agent98,0.8535912139489591
-0.7283510646903691,-0.0038458526506163935,-0.004069490069052925,-0.013965285940757424,-0.009120447332520534,-0.004738472434314731,-0.007716856030454065,-0.006191691982813056,0.005809204748169059,0.007998554159818715,-0.005642625965573009,-0.010415526086488157,0.0,-0.005645550651510553,-0.009730946183779388,0.007994663083305367,-0.008015172924222925,1,0.007981257023230966,-0.004055063192448193,-0.011304918785848703,0.01327364769620684,-0.007422313456716878,0.009835401551585226,-0.006117218114310992,-0.002735791058004571,-0.0037628647590306416,0.0039330079358332465,0.01595921616694179,0.009983695060291635,0.00934844950860852,0.013942128781055971,-0.009650515008067052,0.009999945333490386,-0.004749431032118577,0.013976674655135527,-0.004239964560479775,-0.009899455842951006,-0.007620454144154599,0.013081983623486134,0.013278921327520551,-0.009554020371852073,0.001931310583965519,0.01581316638926225,0.00948960054846726,0.011950144370661338,-0.005276177792597937,-0.01236306906531392,0.015800101220354235,0.01599990845482982,0.007890106429863025,-0.010381861802452156,0.015812567556168652,0.005807623507770993,-0.007423839370836825,0.009980815414234947,-0.006880747075519046,0.015995549839520402,0.003932194975876404,-0.005570043237087344,0.017658729905757772,-0.008484791787555483,-0.010019602215367698,0.01399013828018724,-0.0064094297366529066,-0.0056691959970532856,0.011763417012592078,0.01114840555266102,-0.004045510730977444,0.01171361837912823,-0.0010572119212754504,0.003969886646095247,0.00790942510447883,0.005839473641920077,0.011995185729484431,0.007843565987861081,-0.004219536357177835,-0.003849547555969327,-0.0024644369049895663,-0.006259764177233508,-0.002928614757163487,-0.0032851239147910468,0.009980483716896095,-0.008015364975953208,0.009896286035266771,-0.006312183171811397,0.0019905557589722385,-0.012095539600605054,0.007750712465207119,0.013673222280186002,-0.0034052058287411657,-0.006308538550243005,-0.009465566689554812,-0.005986781480973494,0.00981723311326809,0.009994452563159877,0.015776260990583723,0.003985986759475656,0.013690723287734546,-0.004082025103487479,-0.0005465589134158398,agent56,-0.693627697082344
-0.7293589741154736,-0.0038458526506163935,-0.004069490069052925,-0.013965285940757424,-0.009120447332520534,-0.004738472434314731,-0.007716856030454065,-0.006191691982813056,0.005809204748169059,0.007998554159818715,-0.005642625965573009,-0.010415526086488157,0.0,-0.005645550651510553,-0.009730946183779388,0.007994663083305367,-0.008015172924222925,1,0.007981257023230966,-0.004055063192448193,-0.011304918785848703,0.01327364769620684,-0.007422313456716878,0.009835401551585226,-0.006117218114310992,-0.002735791058004571,-0.0037628647590306416,0.0039330079358332465,0.01595921616694179,0.009983695060291635,0.00934844950860852,0.013942128781055971,-0.009650515008067052,0.009999945333490386,-0.004749431032118577,0.013976674655135527,-0.004239964560479775,-0.009899455842951006,-0.007620454144154599,0.013081983623486134,0.013278921327520551,-0.009554020371852073,0.001931310583965519,0.01581316638926225,0.00948960054846726,0.011950144370661338,-0.005276177792597937,-0.01236306906531392,0.015800101220354235,0.01599990845482982,0.007890106429863025,-0.010381861802452156,0.015812567556168652,0.005807623507770993,-0.007423839370836825,0.009980815414234947,-0.006880747075519046,0.015995549839520402,0.003932194975876404,-0.005570043237087344,0.017658729905757772,-0.008484791787555483,-0.010019602215367698,0.01399013828018724,-0.0064094297366529066,-0.0056691959970532856,0.011763417012592078,0.01114840555266102,-0.004045510730977444,0.01171361837912823,-0.0010572119212754504,0.003969886646095247,0.009886282154210838,0.005839473641920077,0.011995185729484431,0.007843565987861081,-0.004219536357177835,-0.003849547555969327,-0.0024644369049895663,-0.006259764177233508,-0.002928614757163487,-0.0032851239147910468,0.009980483716896095,-0.008015364975953208,0.009896286035266771,-0.006312183171811397,0.0019905557589722385,-0.012095539600605054,0.007750712465207119,0.013673222280186002,-0.0034052058287411657,-0.006308538550243005,-0.009465566689554812,-0.005986781480973494,0.00981723311326809,0.009994452563159877,0.015776260990583723,0.003985986759475656,0.013690723287734546,-0.004082025103487479,-0.0005465589134158398,agent71,-0.9434926472261138
-0.7303652826540238,-0.0038458526506163935,-0.004069490069052925,-0.013965285940757424,-0.009120447332520534,-0.004738472434314731,-0.007716856030454065,-0.006191691982813056,0.005809204748169059,0.007998554159818715,-0.005642625965573009,-0.010415526086488157,0.0,-0.005645550651510553,-0.009730946183779388,0.007994663083305367,-0.008015172924222925,1,0.007981257023230966,-0.004055063192448193,-0.011304918785848703,0.01327364769620684,-0.007422313456716878,0.009835401551585226,-0.006117218114310992,-0.002735791058004571,-0.0037628647590306416,0.0039330079358332465,0.01595921616694179,0.009983695060291635,0.00934844950860852,0.013942128781055971,-0.009650515008067052,0.009999945333490386,-0.004749431032118577,0.013976674655135527,-0.004239964560479775,-0.009899455842951006,-0.007620454144154599,0.013081983623486134,0.013278921327520551,-0.009554020371852073,0.001931310583965519,0.01581316638926225,0.00948960054846726,0.011950144370661338,-0.005276177792597937,-0.01236306906531392,0.015800101220354235,0.01599990845482982,0.007890106429863025,-0.010381861802452156,0.015812567556168652,0.005807623507770993,-0.007423839370836825,0.009980815414234947,-0.006880747075519046,0.015995549839520402,0.003932194975876404,-0.005570043237087344,0.017658729905757772,-0.008484791787555483,-0.010019602215367698,0.01399013828018724,-0.0064094297366529066,-0.0056691959970532856,0.011763417012592078,0.01114840555266102,-0.004045510730977444,0.01171361837912823,-0.0010572119212754504,0.003969886646095247,0.009886282154210838,0.005839473641920077,0.011995185729484431,0.007843565987861081,-0.004219536357177835,-0.003849547555969327,-0.0024644369049895663,-0.006259764177233508,-0.002928614757163487,-0.0032851239147910468,0.009980483716896095,-0.008015364975953208,0.009896286035266771,-0.006312183171811397,0.0019905557589722385,-0.012095539600605054,0.007750712465207119,0.013673222280186002,-0.0034052058287411657,-0.006813197319566143,-0.009465566689554812,-0.005986781480973494,0.00981723311326809,0.009994452563159877,0.015776260990583723,0.003985986759475656,0.013690723287734546,-0.004082025103487479,-0.0005465589134158398,agent90,1
-0.7313792479399646,-0.0038458526506163935,-0.004069490069052925,-0.01464418303703145,-0.009120447332520534,-0.004738472434314731,-0.007716856030454065,-0.006191691982813056,0.005809204748169059,0.007998554159818715,-0.005642625965573009,-0.010415526086488157,0.0,-0.005645550651510553,-0.009730946183779388,0.007994663083305367,-0.008015172924222925,1,0.007981257023230966,-0.004055063192448193,-0.011304918785848703,0.01327364769620684,-0.007422313456716878,0.009835401551585226,-0.006117218114310992,-0.002735791058004571,-0.0037628647590306416,0.0039330079358332465,0.01595921616694179,0.009983695060291635,0.00934844950860852,0.013942128781055971,-0.009650515008067052,0.009999945333490386,-0.004749431032118577,0.013976674655135527,-0.004239964560479775,-0.009899455842951006,-0.007620454144154599,0.013081983623486134,0.013278921327520551,-0.009554020371852073,0.001931310583965519,0.01581316638926225,0.00948960054846726,0.011950144370661338,-0.005276177792597937,-0.01236306906531392,0.015800101220354235,0.01599990845482982,0.007890106429863025,-0.010381861802452156,0.015812567556168652,0.005807623507770993,-0.007423839370836825,0.009980815414234947,-0.006880747075519046,0.015995549839520402,0.003932194975876404,-0.005570043237087344,0.017658729905757772,-0.008484791787555483,-0.010019602215367698,0.01399013828018724,-0.0064094297366529066,-0.0056691959970532856,0.011763417012592078,0.01114840555266102,-0.004045510730977444,0.01171361837912823,-0.0010572119212754504,0.003969886646095247,0.009886282154210838,0.005839473641920077,0.011995185729484431,0.007843565987861081,-0.004219536357177835,-0.003849547555969327,-0.0024644369049895663,-0.006259764177233508,-0.002928614757163487,-0.0032851239147910468,0.009980483716896095,-0.008015364975953208,0.009896286035266771,-0.006312183171811397,0.0019905557589722385,-0.012095539600605054,0.007750712465207119,0.013673222280186002,-0.0034052058287411657,-0.006813197319566143,-0.009465566689554812,-0.005986781480973494,0.00981723311326809,0.009994452563159877,0.015776260990583723,0.003985986759475656,0.013690723287734546,-0.004082025103487479,-0.0005465589134158398,agent2,0.8951210468646061
-0.7323866717793354,-0.0038458526506163935,-0.004069490069052925,-0.01464418303703145,-0.009120447332520534,-0.004738472434314731,-0.007716856030454065,-0.006191691982813056,0.005809204748169059,0.007998554159818715,-0.005642625965573009,-0.010415526086488157,0.0,-0.005645550651510553,-0.009730946183779388,0.007994663083305367,-0.008015172924222925,1,0.007981257023230966,-0.004055063192448193,-0.011304918785848703,0.01327364769620684,-0.007422313456716878,0.009835401551585226,-0.006117218114310992,-0.002735791058004571,-0.0037628647590306416,0.0039330079358332465,0.01595921616694179,0.009983695060291635,0.00934844950860852,0.013942128781055971,-0.009650515008067052,0.009999945333490386,-0.004749431032118577,0.013976674655135527,-0.004239964560479775,-0.009899455842951006,-0.007620454144154599,0.013081983623486134,0.013278921327520551,-0.009554020371852073,0.001931310583965519,0.01581316638926225,0.00948960054846726,0.011950144370661338,-0.005276177792597937,-0.01236306906531392,0.015800101220354235,0.01599990845482982,0.007890106429863025,-0.010381861802452156,0.015812567556168652,0.005807623507770993,-0.007950126091539613,0.009980815414234947,-0.006880747075519046,0.015995549839520402,0.003932194975876404,-0.005570043237087344,0.017658729905757772,-0.008484791787555483,-0.010019602215367698,0.01399013828018724,-0.0064094297366529066,-0.0056691959970532856,0.011763417012592078,0.01114840555266102,-0.004045510730977444,0.01171361837912823,-0.0010572119212754504,0.003969886646095247,0.009886282154210838,0.005839473641920077,0.011995185729484431,0.007843565987861081,-0.004219536357177835,-0.003849547555969327,-0.0024644369049895663,-0.006259764177233508,-0.002928614757163487,-0.0032851239147910468,0.009980483716896095,-0.008015364975953208,0.009896286035266771,-0.006312183171811397,0.0019905557589722385,-0.012095539600605054,0.007750712465207119,0.013673222280186002,-0.0034052058287411657,-0.006813197319566143,-0.009465566689554812,-0.005986781480973494,0.00981723311326809,0.009994452563159877,0.015776260990583723,0.003985986759475656,0.013690723287734546,-0.004082025103487479,-0.0005465589134158398,agent53,0.9854278345810811
-0.7333905213268913,-0.0038458526506163935,-0.004069490069052925,-0.01464418303703145,-0.009120447332520534,-0.004738472434314731,-0.007716856030454065,-0.006191691982813056,0.005809204748169059,0.007998554159818715,-0.005642625965573009,-0.010415526086488157,0.0,-0.005645550651510553,-0.009730946183779388,0.007994663083305367,-0.008015172924222925,1,0.007981257023230966,-0.004055063192448193,-0.011304918785848703,0.01327364769620684,-0.007422313456716878,0.009835401551585226,-0.006117218114310992,-0.002735791058004571,-0.0037628647590306416,0.0039330079358332465,0.01595921616694179,0.009983695060291635,0.00934844950860852,0.013942128781055971,-0.009650515008067052,0.009999945333490386,-0.004749431032118577,0.013976674655135527,-0.004239964560479775,-0.009899455842951006,-0.007620454144154599,0.013081983623486134,0.013278921327520551,-0.009554020371852073,0.001931310583965519,0.01581316638926225,0.00948960054846726,0.011950144370661338,-0.005276177792597937,-0.01236306906531392,0.015800101220354235,0.01599990845482982,0.007890106429863025,-0.010381861802452156,0.015812567556168652,0.005807623507770993,-0.007950126091539613,0.009980815414234947,-0.006880747075519046,0.015995549839520402,0.003932194975876404,-0.005570043237087344,0.017658729905757772,-0.008484791787555483,-0.010019602215367698,0.01399013828018724,-0.0064094297366529066,-0.0056691959970532856,0.011763417012592078,0.01114840555266102,-0.004045510730977444,0.01171361837912823,-0.0010572119212754504,0.003969886646095247,0.009886282154210838,0.005839473641920077,0.011995185729484431,0.007843565987861081,-0.004219536357177835,-0.004348965765689986,-0.0024644369049895663,-0.006259764177233508,-0.002928614757163487,-0.0032851239147910468,0.009980483716896095,-0.008015364975953208,0.009896286035266771,-0.006312183171811397,0.0019905557589722385,-0.012095539600605054,0.007750712465207119,0.013673222280186002,-0.0034052058287411657,-0.006813197319566143,-0.009465566689554812,-0.005986781480973494,0.00981723311326809,0.009994452563159877,0.015776260990583723,0.003985986759475656,0.013690723287734546,-0.004082025103487479,-0.0005465589134158398,agent76,1
-0.7344009368529778,-0.0038458526506163935,-0.004069490069052925,-0.01464418303703145,-0.009120447332520534,-0.004738472434314731,-0.007716856030454065,-0.006191691982813056,0.005809204748169059,0.007998554159818715,-0.005642625965573009,-0.010913204736775201,0.0,-0.005645550651510553,-0.009730946183779388,0.007994663083305367,-0.008015172924222925,1,0.007981257023230966,-0.004055063192448193,-0.011304918785848703,0.01327364769620684,-0.007422313456716878,0.009835401551585226,-0.006117218114310992,-0.002735791058004571,-0.0037628647590306416,0.0039330079358332465,0.01595921616694179,0.009983695060291635,0.00934844950860852,0.013942128781055971,-0.009650515008067052,0.009999945333490386,-0.004749431032118577,0.013976674655135527,-0.004239964560479775,-0.009899455842951006,-0.007620454144154599,0.013081983623486134,0.013278921327520551,-0.009554020371852073,0.001931310583965519,0.01581316638926225,0.00948960054846726,0.011950144370661338,-0.005276177792597937,-0.01236306906531392,0.015800101220354235,0.01599990845482982,0.007890106429863025,-0.010381861802452156,0.015812567556168652,0.005807623507770993,-0.007950126091539613,0.009980815414234947,-0.006880747075519046,0.015995549839520402,0.003932194975876404,-0.005570043237087344,0.017658729905757772,-0.008484791787555483,-0.010019602215367698,0.01399013828018724,-0.0064094297366529066,-0.0056691959970532856,0.011763417012592078,0.01114840555266102,-0.004045510730977444,0.01171361837912823,-0.0010572119212754504,0.003969886646095247,0.009886282154210838,0.005839473641920077,0.011995185729484431,0.007843565987861081,-0.004219536357177835,-0.004348965765689986,-0.0024644369049895663,-0.006259764177233508,-0.002928614757163487,-0.0032851239147910468,0.009980483716896095,-0.008015364975953208,0.009896286035266771,-0.006312183171811397,0.0019905557589722385,-0.012095539600605054,0.007750712465207119,0.013673222280186002,-0.0034052058287411657,-0.006813197319566143,-0.009465566689554812,-0.005986781480973494,0.00981723311326809,0.009994452563159877,0.015776260990583723,0.003985986759475656,0.013690723287734546,-0.004082025103487479,-0.0005465589134158398,agent10,1
-0.735414210500674,-0.0038458526506163935,-0.004069490069052925,-0.01464418303703145,-0.009120447332520534,-0.004738472434314731,-0.007716856030454065,-0.006191691982813056,0.005809204748169059,0.007998554159818715,-0.005642625965573009,-0.010913204736775201,0.0,-0.005645550651510553,-0.009730946183779388,0.007994663083305367,-0.008015172924222925,1,0.007981257023230966,-0.004055063192448193,-0.011304918785848703,0.015238376265034551,-0.007422313456716878,0.009835401551585226,-0.006117218114310992,-0.002735791058004571,-0.0037628647590306416,0.0039330079358332465,0.01595921616694179,0.009983695060291635,0.00934844950860852,0.013942128781055971,-0.009650515008067052,0.009999945333490386,-0.004749431032118577,0.013976674655135527,-0.004239964560479775,-0.009899455842951006,-0.007620454144154599,0.013081983623486134,0.013278921327520551,-0.009554020371852073,0.001931310583965519,0.01581316638926225,0.00948960054846726,0.011950144370661338,-0.005276177792597937,-0.01236306906531392,0.015800101220354235,0.01599990845482982,0.007890106429863025,-0.010381861802452156,0.015812567556168652,0.005807623507770993,-0.007950126091539613,0.009980815414234947,-0.006880747075519046,0.015995549839520402,0.003932194975876404,-0.005570043237087344,0.017658729905757772,-0.008484791787555483,-0.010019602215367698,0.01399013828018724,-0.0064094297366529066,-0.0056691959970532856,0.011763417012592078,0.01114840555266102,-0.004045510730977444,0.01171361837912823,-0.0010572119212754504,0.003969886646095247,0.009886282154210838,0.005839473641920077,0.011995185729484431,0.007843565987861081,-0.004219536357177835,-0.004348965765689986,-0.0024644369049895663,-0.006259764177233508,-0.002928614757163487,-0.0032851239147910468,0.009980483716896095,-0.008015364975953208,0.009896286035266771,-0.006312183171811397,0.0019905557589722385,-0.012095539600605054,0.007750712465207119,0.013673222280186002,-0.0034052058287411657,-0.006813197319566143,-0.009465566689554812,-0.005986781480973494,0.00981723311326809,0.009994452563159877,0.015776260990583723,0.003985986759475656,0.013690723287734546,-0.004082025103487479,-0.0005465589134158398,agent20,-1
-0.73642222586565,-0.0038458526506163935,-0.004069490069052925,-0.01464418303703145,-0.009120447332520534,-0.004738472434314731,-0.007716856030454065,-0.006191691982813056,0.005809204748169059,0.007998554159818715,-0.005642625965573009,-0.010913204736775201,0.0,-0.005645550651510553,-0.009730946183779388,0.007994663083305367,-0.008015172924222925,1,0.007981257023230966,-0.004055063192448193,-0.011304918785848703,0.015238376265034551,-0.007422313456716878,0.009835401551585226,-0.006117218114310992,-0.002735791058004571,-0.0037628647590306416,0.0039330079358332465,0.01595921616694179,0.009983695060291635,0.00934844950860852,0.013942128781055971,-0.009650515008067052,0.009999945333490386,-0.004749431032118577,0.013976674655135527,-0.004239964560479775,-0.009899455842951006,-0.007620454144154599,0.013081983623486134,0.013278921327520551,-0.009554020371852073,0.001931310583965519,0.01581316638926225,0.00948960054846726,0.011950144370661338,-0.005276177792597937,-0.01236306906531392,0.015800101220354235,0.01599990845482982,0.007890106429863025,-0.010381861802452156,0.015812567556168652,0.005807623507770993,-0.007950126091539613,0.009980815414234947,-0.006880747075519046,0.015995549839520402,0.003932194975876404,-0.005570043237087344,0.017658729905757772,-0.008484791787555483,-0.010019602215367698,0.01399013828018724,-0.0064094297366529066,-0.0056691959970532856,0.011763417012592078,0.01114840555266102,-0.004045510730977444,0.01171361837912823,-0.0010572119212754504,0.003969886646095247,0.009886282154210838,0.005839473641920077,0.011995185729484431,0.007843565987861081,-0.004219536357177835,-0.004348965765689986,-0.0024644369049895663,-0.006259764177233508,-0.002928614757163487,-0.0032851239147910468,0.009980483716896095,-0.008509533734949368,0.009896286035266771,-0.006312183171811397,0.0019905557589722385,-0.012095539600605054,0.007750712465207119,0.013673222280186002,-0.0034052058287411657,-0.006813197319566143,-0.009465566689554812,-0.005986781480973494,0.00981723311326809,0.009994452563159877,0.015776260990583723,0.003985986759475656,0.013690723287734546,-0.004082025103487479,-0.0005465589134158398,agent82,1
-0.7374382214154895,-0.0038458526506163935,-0.004069490069052925,-0.01464418303703145,-0.009120447332520534,-0.004738472434314731,-0.007716856030454065,-0.006191691982813056,0.005809204748169059,0.007998554159818715,-0.005642625965573009,-0.010913204736775201,0.0,-0.005645550651510553,-0.009730946183779388,0.007994663083305367,-0.008015172924222925,1,0.007981257023230966,-0.004055063192448193,-0.011304918785848703,0.015238376265034551,-0.007422313456716878,0.009835401551585226,-0.006117218114310992,-0.002735791058004571,-0.0037628647590306416,0.0039330079358332465,0.01595921616694179,0.009983695060291635,0.00934844950860852,0.013942128781055971,-0.009650515008067052,0.009999945333490386,-0.004749431032118577,0.013976674655135527,-0.004239964560479775,-0.009899455842951006,-0.007620454144154599,0.013081983623486134,0.013278921327520551,-0.009554020371852073,0.001931310583965519,0.01581316638926225,0.00948960054846726,0.011950144370661338,-0.005276177792597937,-0.01236306906531392,0.015800101220354235,0.01599990845482982,0.007890106429863025,-0.010381861802452156,0.015812567556168652,0.005807623507770993,-0.007950126091539613,0.009980815414234947,-0.006880747075519046,0.017994947047677207,0.003932194975876404,-0.005570043237087344,0.017658729905757772,-0.008484791787555483,-0.010019602215367698,0.01399013828018724,-0.0064094297366529066,-0.0056691959970532856,0.011763417012592078,0.01114840555266102,-0.004045510730977444,0.01171361837912823,-0.0010572119212754504,0.003969886646095247,0.009886282154210838,0.005839473641920077,0.011995185729484431,0.007843565987861081,-0.004219536357177835,-0.004348965765689986,-0.0024644369049895663,-0.006259764177233508,-0.002928614757163487,-0.0032851239147910468,0.009980483716896095,-0.008509533734949368,0.009896286035266771,-0.006312183171811397,0.0019905557589722385,-0.012095539600605054,0.007750712465207119,0.013673222280186002,-0.0034052058287411657,-0.006813197319566143,-0.009465566689554812,-0.005986781480973494,0.00981723311326809,0.009994452563159877,0.015776260990583723,0.003985986759475656,0.013690723287734546,-0.004082025103487479,-0.0005465589134158398,agent56,-0.701700709677702
-0.7384562163625372,-0.0038458526506163935,-0.004069490069052925,-0.01464418303703145,-0.009120447332520534,-0.004738472434314731,-0.007716856030454065,-0.006191691982813056,0.005809204748169059,0.007998554159818715,-0.005642625965573009,-0.010913204736775201,0.0,-0.005645550651510553,-0.009730946183779388,0.007994663083305367,-0.008015172924222925,1,0.007981257023230966,-0.004055063192448193,-0.011304918785848703,0.015238376265034551,-0.007422313456716878,0.009835401551585226,-0.006117218114310992,-0.002735791058004571,-0.0037628647590306416,0.0039330079358332465,0.01595921616694179,0.009983695060291635,0.00934844950860852,0.013942128781055971,-0.009650515008067052,0.009999945333490386,-0.004749431032118577,0.013976674655135527,-0.004239964560479775,-0.009899455842951006,-0.007620454144154599,0.013081983623486134,0.013278921327520551,-0.009554020371852073,0.001931310583965519,0.01581316638926225,0.00948960054846726,0.011950144370661338,-0.005276177792597937,-0.01236306906531392,0.015800101220354235,0.01599990845482982,0.007890106429863025,-0.010381861802452156,0.015812567556168652,0.005807623507770993,-0.007950126091539613,0.009980815414234947,-0.006880747075519046,0.019994308462804602,0.003932194975876404,-0.005570043237087344,0.017658729905757772,-0.008484791787555483,-0.010019602215367698,0.01399013828018724,-0.0064094297366529066,-0.0056691959970532856,0.011763417012592078,0.01114840555266102,-0.004045510730977444,0.01171361837912823,-0.0010572119212754504,0.003969886646095247,0.009886282154210838,0.005839473641920077,0.011995185729484431,0.007843565987861081,-0.004219536357177835,-0.004348965765689986,-0.0024644369049895663,-0.006259764177233508,-0.002928614757163487,-0.0032851239147910468,0.009980483716896095,-0.008509533734949368,0.009896286035266771,-0.006312183171811397,0.0019905557589722385,-0.012095539600605054,0.007750712465207119,0.013673222280186002,-0.0034052058287411657,-0.006813197319566143,-0.009465566689554812,-0.005986781480973494,0.00981723311326809,0.009994452563159877,0.015776260990583723,0.003985986759475656,0.013690723287734546,-0.004082025103487479,-0.0005465589134158398,agent56,-0.701700709677702
-0.7394698895848174,-0.0038458526506163935,-0.004069490069052925,-0.01464418303703145,-0.009120447332520534,-0.004738472434314731,-0.007716856030454065,-0.006191691982813056,0.005809204748169059,0.007998554159818715,-0.005642625965573009,-0.010913204736775201,0.0,-0.005645550651510553,-0.009730946183779388,0.007994663083305367,-0.008015172924222925,1,0.007981257023230966,-0.004055063192448193,-0.011304918785848703,0.015238376265034551,-0.007422313456716878,0.009835401551585226,-0.006117218114310992,-0.002735791058004571,-0.0037628647590306416,0.0039330079358332465,0.01595921616694179,0.009983695060291635,0.00934844950860852,0.013942128781055971,-0.009650515008067052,0.009999945333490386,-0.004749431032118577,0.013976674655135527,-0.004239964560479775,-0.009899455842951006,-0.007620454144154599,0.013081983623486134,0.013278921327520551,-0.009554020371852073,0.001931310583965519,0.01581316638926225,0.00948960054846726,0.011950144370661338,-0.005276177792597937,-0.01236306906531392,0.015800101220354235,0.01599990845482982,0.007890106429863025,-0.010381861802452156,0.015812567556168652,0.005807623507770993,-0.007950126091539613,0.009980815414234947,-0.006880747075519046,0.019994308462804602,0.003932194975876404,-0.005570043237087344,0.017658729905757772,-0.008484791787555483,-0.010019602215367698,0.01399013828018724,-0.0064094297366529066,-0.0056691959970532856,0.011763417012592078,0.01114840555266102,-0.004045510730977444,0.01171361837912823,-0.0010572119212754504,0.003969886646095247,0.009886282154210838,0.005839473641920077,0.011995185729484431,0.007843565987861081,-0.004219536357177835,-0.004348965765689986,-0.0024644369049895663,-0.006259764177233508,-0.002928614757163487,-0.0032851239147910468,0.009980483716896095,-0.008509533734949368,0.009896286035266771,-0.006312183171811397,0.0019905557589722385,-0.012095539600605054,0.007750712465207119,0.0156390197048063,-0.0034052058287411657,-0.006813197319566143,-0.009465566689554812,-0.005986781480973494,0.00981723311326809,0.009994452563159877,0.015776260990583723,0.003985986759475656,0.013690723287734546,-0.004082025103487479,-0.0005465589134158398,agent88,-1
-0.7404755351354689,-0.0038458526506163935,-0.004069490069052925,-0.01464418303703145,-0.009120447332520534,-0.004738472434314731,-0.007716856030454065,-0.006191691982813056,0.005809204748169059,0.007998554159818715,-0.005642625965573009,-0.010913204736775201,0.0,-0.006132672903124445,-0.009730946183779388,0.007994663083305367,-0.008015172924222925,1,0.007981257023230966,-0.004055063192448193,-0.011304918785848703,0.015238376265034551,-0.007422313456716878,0.009835401551585226,-0.006117218114310992,-0.002735791058004571,-0.0037628647590306416,0.0039330079358332465,0.01595921616694179,0.009983695060291635,0.00934844950860852,0.013942128781055971,-0.009650515008067052,0.009999945333490386,-0.004749431032118577,0.013976674655135527,-0.004239964560479775,-0.009899455842951006,-0.007620454144154599,0.013081983623486134,0.013278921327520551,-0.009554020371852073,0.001931310583965519,0.01581316638926225,0.00948960054846726,0.011950144370661338,-0.005276177792597937,-0.01236306906531392,0.015800101220354235,0.01599990845482982,0.007890106429863025,-0.010381861802452156,0.015812567556168652,0.005807623507770993,-0.007950126091539613,0.009980815414234947,-0.006880747075519046,0.019994308462804602,0.003932194975876404,-0.005570043237087344,0.017658729905757772,-0.008484791787555483,-0.010019602215367698,0.01399013828018724,-0.0064094297366529066,-0.0056691959970532856,0.011763417012592078,0.01114840555266102,-0.004045510730977444,0.01171361837912823,-0.0010572119212754504,0.003969886646095247,0.009886282154210838,0.005839473641920077,0.011995185729484431,0.007843565987861081,-0.004219536357177835,-0.004348965765689986,-0.0024644369049895663,-0.006259764177233508,-0.002928614757163487,-0.0032851239147910468,0.009980483716896095,-0.008509533734949368,0.009896286035266771,-0.006312183171811397,0.0019905557589722385,-0.012095539600605054,0.007750712465207119,0.0156390197048063,-0.0034052058287411657,-0.006813197319566143,-0.009465566689554812,-0.005986781480973494,0.00981723311326809,0.009994452563159877,0.015776260990583723,0.003985986759475656,0.013690723287734546,-0.004082025103487479,-0.0005465589134158398,agent12,1
-0.7414866835410215,-0.0038458526506163935,-0.004069490069052925,-0.01464418303703145,-0.009120447332520534,-0.004738472434314731,-0.007716856030454065,-0.006191691982813056,0.005809204748169059,0.007998554159818715,-0.005642625965573009,-0.010913204736775201,0.0,-0.006132672903124445,-0.009730946183779388,0.007994663083305367,-0.008015172924222925,1,0.007981257023230966,-0.004055063192448193,-0.011304918785848703,0.015238376265034551,-0.007422313456716878,0.009835401551585226,-0.006117218114310992,-0.002735791058004571,-0.0037628647590306416,0.0039330079358332465,0.01595921616694179,0.009983695060291635,0.00934844950860852,0.013942128781055971,-0.009650515008067052,0.009999945333490386,-0.004749431032118577,0.013976674655135527,-0.004239964560479775,-0.009899455842951006,-0.007620454144154599,0.013081983623486134,0.013278921327520551,-0.009554020371852073,0.001931310583965519,0.01581316638926225,0.00948960054846726,0.011950144370661338,-0.005276177792597937,-0.01236306906531392,0.015800101220354235,0.01599990845482982,0.007890106429863025,-0.010381861802452156,0.015812567556168652,0.005807623507770993,-0.007950126091539613,0.009980815414234947,-0.006880747075519046,0.019994308462804602,0.003932194975876404,-0.005570043237087344,0.017658729905757772,-0.008484791787555483,-0.010019602215367698,0.01399013828018724,-0.0064094297366529066,-0.0056691959970532856,0.011763417012592078,0.013114729078729409,-0.004045510730977444,0.01171361837912823,-0.0010572119212754504,0.003969886646095247,0.009886282154210838,0.005839473641920077,0.011995185729484431,0.007843565987861081,-0.004219536357177835,-0.004348965765689986,-0.0024644369049895663,-0.006259764177233508,-0.002928614757163487,-0.0032851239147910468,0.009980483716896095,-0.008509533734949368,0.009896286035266771,-0.006312183171811397,0.0019905557589722385,-0.012095539600605054,0.007750712465207119,0.0156390197048063,-0.0034052058287411657,-0.006813197319566143,-0.009465566689554812,-0.005986781480973494,0.00981723311326809,0.009994452563159877,0.015776260990583723,0.003985986759475656,0.013690723287734546,-0.004082025103487479,-0.0005465589134158398,agent66,-1
-0.7424945736474514,-0.0038458526506163935,-0.004069490069052925,-0.01464418303703145,-0.009120447332520534,-0.004738472434314731,-0.007716856030454065,-0.006191691982813056,0.005809204748169059,0.007998554159818715,-0.005642625965573009,-0.010913204736775201,0.0,-0.006132672903124445,-0.009730946183779388,0.007994663083305367,-0.008015172924222925,1,0.007981257023230966,-0.004055063192448193,-0.011304918785848703,0.015238376265034551,-0.007422313456716878,0.009835401551585226,-0.006117218114310992,-0.002735791058004571,-0.0037628647590306416,0.0039330079358332465,0.01595921616694179,0.009983695060291635,0.00934844950860852,0.013942128781055971,-0.009650515008067052,0.009999945333490386,-0.004749431032118577,0.013976674655135527,-0.004239964560479775,-0.009899455842951006,-0.007620454144154599,0.013081983623486134,0.013278921327520551,-0.009554020371852073,0.001931310583965519,0.01581316638926225,0.00948960054846726,0.011950144370661338,-0.005276177792597937,-0.01236306906531392,0.015800101220354235,0.01599990845482982,0.009863196999035234,-0.010381861802452156,0.015812567556168652,0.005807623507770993,-0.007950126091539613,0.009980815414234947,-0.006880747075519046,0.019994308462804602,0.003932194975876404,-0.005570043237087344,0.017658729905757772,-0.008484791787555483,-0.010019602215367698,0.01399013828018724,-0.0064094297366529066,-0.0056691959970532856,0.011763417012592078,0.013114729078729409,-0.004045510730977444,0.01171361837912823,-0.0010572119212754504,0.003969886646095247,0.009886282154210838,0.005839473641920077,0.011995185729484431,0.007843565987861081,-0.004219536357177835,-0.004348965765689986,-0.0024644369049895663,-0.006259764177233508,-0.002928614757163487,-0.0032851239147910468,0.009980483716896095,-0.008509533734949368,0.009896286035266771,-0.006312183171811397,0.0019905557589722385,-0.012095539600605054,0.007750712465207119,0.0156390197048063,-0.0034052058287411657,-0.006813197319566143,-0.009465566689554812,-0.005986781480973494,0.00981723311326809,0.009994452563159877,0.015776260990583723,0.003985986759475656,0.013690723287734546,-0.004082025103487479,-0.0005465589134158398,agent49,-0.5094977578234803
-0.7434989226132172,-0.0038458526506163935,-0.004069490069052925,-0.01464418303703145,-0.009120447332520534,-0.004738472434314731,-0.007716856030454065,-0.006191691982813056,0.005809204748169059,0.007998554159818715,-0.005642625965573009,-0.010913204736775201,0.0,-0.006132672903124445,-0.009730946183779388,0.007994663083305367,-0.008015172924222925,1,0.007981257023230966,-0.004055063192448193,-0.011304918785848703,0.015238376265034551,-0.007422313456716878,0.009835401551585226,-0.006117218114310992,-0.002735791058004571,-0.0037628647590306416,0.0039330079358332465,0.01595921616694179,0.009983695060291635,0.00934844950860852,0.013942128781055971,-0.009650515008067052,0.009999945333490386,-0.004749431032118577,0.013976674655135527,-0.004239964560479775,-0.009899455842951006,-0.007620454144154599,0.013081983623486134,0.013278921327520551,-0.009554020371852073,0.001931310583965519,0.01581316638926225,0.00948960054846726,0.011950144370661338,-0.005276177792597937,-0.01236306906531392,0.015800101220354235,0.01599990845482982,0.009863196999035234,-0.010381861802452156,0.015812567556168652,0.005807623507770993,-0.007950126091539613,0.009980815414234947,-0.006880747075519046,0.019994308462804602,0.003932194975876404,-0.005570043237087344,0.017658729905757772,-0.008484791787555483,-0.010019602215367698,0.01399013828018724,-0.0064094297366529066,-0.0056691959970532856,0.011763417012592078,0.013114729078729409,-0.004045510730977444,0.01171361837912823,-0.0010572119212754504,0.003969886646095247,0.009886282154210838,0.005839473641920077,0.011995185729484431,0.007843565987861081,-0.004219536357177835,-0.004830822096094579,-0.0024644369049895663,-0.006259764177233508,-0.002928614757163487,-0.0032851239147910468,0.009980483716896095,-0.008509533734949368,0.009896286035266771,-0.006312183171811397,0.0019905557589722385,-0.012095539600605054,0.007750712465207119,0.0156390197048063,-0.0034052058287411657,-0.006813197319566143,-0.009465566689554812,-0.005986781480973494,0.00981723311326809,0.009994452563159877,0.015776260990583723,0.003985986759475656,0.013690723287734546,-0.004082025103487479,-0.0005465589134158398,agent76,1
-0.7444994691721306,-0.0038458526506163935,-0.004069490069052925,-0.01464418303703145,-0.009120447332520534,-0.004738472434314731,-0.007716856030454065,-0.006191691982813056,0.005809204748169059,0.007998554159818715,-0.005642625965573009,-0.010913204736775201,0.0,-0.006132672903124445,-0.009730946183779388,0.007994663083305367,-0.008015172924222925,1,0.007981257023230966,-0.004055063192448193,-0.011304918785848703,0.015238376265034551,-0.007422313456716878,0.009835401551585226,-0.006117218114310992,-0.002735791058004571,-0.0037628647590306416,0.0039330079358332465,0.01595921616694179,0.009983695060291635,0.00934844950860852,0.013942128781055971,-0.009650515008067052,0.009999945333490386,-0.004749431032118577,0.013976674655135527,-0.004239964560479775,-0.009899455842951006,-0.007620454144154599,0.013081983623486134,0.013278921327520551,-0.009554020371852073,0.001931310583965519,0.01581316638926225,0.00948960054846726,0.011950144370661338,-0.005276177792597937,-0.01236306906531392,0.015800101220354235,0.01599990845482982,0.009863196999035234,-0.010381861802452156,0.015812567556168652,0.005807623507770993,-0.007950126091539613,0.009980815414234947,-0.006880747075519046,0.019994308462804602,0.003932194975876404,-0.005570043237087344,0.017658729905757772,-0.008484791787555483,-0.010019602215367698,0.01399013828018724,-0.0064094297366529066,-0.0056691959970532856,0.011763417012592078,0.013114729078729409,-0.004045510730977444,0.01171361837912823,-0.0010572119212754504,0.003969886646095247,0.009886282154210838,0.005839473641920077,0.011995185729484431,0.007843565987861081,-0.004219536357177835,-0.004830822096094579,-0.0024644369049895663,-0.006259764177233508,-0.002928614757163487,-0.0032851239147910468,0.009980483716896095,-0.008509533734949368,0.009896286035266771,-0.006312183171811397,0.0019905557589722385,-0.012095539600605054,0.007750712465207119,0.0156390197048063,-0.0034052058287411657,-0.006813197319566143,-0.009465566689554812,-0.005986781480973494,0.00981723311326809,0.009994452563159877,0.015776260990583723,0.003985986759475656,0.013690723287734546,-0.004082025103487479,-0.0010266646668391152,agent99,1
-0.7455118322411959,-0.0038458526506163935,-0.004069490069052925,-0.01464418303703145,-0.009120447332520534,-0.004738472434314731,-0.007716856030454065,-0.006191691982813056,0.005809204748169059,0.007998554159818715,-0.005642625965573009,-0.010913204736775201,0.0,-0.006132672903124445,-0.009730946183779388,0.007994663083305367,-0.008015172924222925,1,0.007981257023230966,-0.004055063192448193,-0.011304918785848703,0.015238376265034551,-0.007422313456716878,0.009835401551585226,-0.006117218114310992,-0.002735791058004571,-0.0037628647590306416,0.0039330079358332465,0.01595921616694179,0.009983695060291635,0.00934844950860852,0.013942128781055971,-0.009650515008067052,0.009999945333490386,-0.004749431032118577,0.013976674655135527,-0.004239964560479775,-0.009899455842951006,-0.007620454144154599,0.013081983623486134,0.013278921327520551,-0.009554020371852073,0.001931310583965519,0.01581316638926225,0.00948960054846726,0.011950144370661338,-0.005276177792597937,-0.013202192504445848,0.015800101220354235,0.01599990845482982,0.009863196999035234,-0.010381861802452156,0.015812567556168652,0.005807623507770993,-0.007950126091539613,0.009980815414234947,-0.006880747075519046,0.019994308462804602,0.003932194975876404,-0.005570043237087344,0.017658729905757772,-0.008484791787555483,-0.010019602215367698,0.01399013828018724,-0.0064094297366529066,-0.0056691959970532856,0.011763417012592078,0.013114729078729409,-0.004045510730977444,0.01171361837912823,-0.0010572119212754504,0.003969886646095247,0.009886282154210838,0.005839473641920077,0.011995185729484431,0.007843565987861081,-0.004219536357177835,-0.004830822096094579,-0.0024644369049895663,-0.006259764177233508,-0.002928614757163487,-0.0032851239147910468,0.009980483716896095,-0.008509533734949368,0.009896286035266771,-0.006312183171811397,0.0019905557589722385,-0.012095539600605054,0.007750712465207119,0.0156390197048063,-0.0034052058287411657,-0.006813197319566143,-0.009465566689554812,-0.005986781480973494,0.00981723311326809,0.009994452563159877,0.015776260990583723,0.003985986759475656,0.013690723287734546,-0.004082025103487479,-0.0010266646668391152,agent46,0.779230533727381
-0.7445118322411959,-0.0038458526506163935,-0.004069490069052925,-0.01464418303703145,-0.009120447332520534,-0.004738472434314731,-0.007716856030454065,-0.006191691982813056,0.005809204748169059,0.007998554159818715,-0.005642625965573009,-0.010913204736775201,0.0019676178862353833,-0.006132672903124445,-0.009730946183779388,0.007994663083305367,-0.008015172924222925,1,0.007981257023230966,-0.004055063192448193,-0.011304918785848703,0.015238376265034551,-0.007422313456716878,0.009835401551585226,-0.006117218114310992,-0.002735791058004571,-0.0037628647590306416,0.0039330079358332465,0.01595921616694179,0.009983695060291635,0.00934844950860852,0.013942128781055971,-0.009650515008067052,0.009999945333490386,-0.004749431032118577,0.013976674655135527,-0.004239964560479775,-0.009899455842951006,-0.007620454144154599,0.013081983623486134,0.013278921327520551,-0.009554020371852073,0.001931310583965519,0.01581316638926225,0.00948960054846726,0.011950144370661338,-0.005276177792597937,-0.013202192504445848,0.015800101220354235,0.01599990845482982,0.009863196999035234,-0.010381861802452156,0.015812567556168652,0.005807623507770993,-0.007950126091539613,0.009980815414234947,-0.006880747075519046,0.019994308462804602,0.003932194975876404,-0.005570043237087344,0.017658729905757772,-0.008484791787555483,-0.010019602215367698,0.01399013828018724,-0.0064094297366529066,-0.0056691959970532856,0.011763417012592078,0.013114729078729409,-0.004045510730977444,0.01171361837912823,-0.0010572119212754504,0.003969886646095247,0.009886282154210838,0.005839473641920077,0.011995185729484431,0.007843565987861081,-0.004219536357177835,-0.004830822096094579,-0.0024644369049895663,-0.006259764177233508,-0.002928614757163487,-0.0032851239147910468,0.009980483716896095,-0.008509533734949368,0.009896286035266771,-0.006312183171811397,0.0019905557589722385,-0.012095539600605054,0.007750712465207119,0.0156390197048063,-0.0034052058287411657,-0.006813197319566143,-0.009465566689554812,-0.005986781480973494,0.00981723311326809,0.009994452563159877,0.015776260990583723,0.003985986759475656,0.013690723287734546,-0.004082025103487479,-0.0010266646668391152,agent11,-1
-0.7455270706174609,-0.0038458526506163935,-0.004069490069052925,-0.01464418303703145,-0.009120447332520534,-0.004738472434314731,-0.007716856030454065,-0.006191691982813056,0.005809204748169059,0.007998554159818715,-0.005642625965573009,-0.010913204736775201,0.0019676178862353833,-0.006132672903124445,-0.009730946183779388,0.007994663083305367,-0.008015172924222925,1,0.007981257023230966,-0.004055063192448193,-0.011304918785848703,0.017205994151269936,-0.007422313456716878,0.009835401551585226,-0.006117218114310992,-0.002735791058004571,-0.0037628647590306416,0.0039330079358332465,0.01595921616694179,0.009983695060291635,0.00934844950860852,0.013942128781055971,-0.009650515008067052,0.009999945333490386,-0.004749431032118577,0.013976674655135527,-0.004239964560479775,-0.009899455842951006,-0.007620454144154599,0.013081983623486134,0.013278921327520551,-0.009554020371852073,0.001931310583965519,0.01581316638926225,0.00948960054846726,0.011950144370661338,-0.005276177792597937,-0.013202192504445848,0.015800101220354235,0.01599990845482982,0.009863196999035234,-0.010381861802452156,0.015812567556168652,0.005807623507770993,-0.007950126091539613,0.009980815414234947,-0.006880747075519046,0.019994308462804602,0.003932194975876404,-0.005570043237087344,0.017658729905757772,-0.008484791787555483,-0.010019602215367698,0.01399013828018724,-0.0064094297366529066,-0.0056691959970532856,0.011763417012592078,0.013114729078729409,-0.004045510730977444,0.01171361837912823,-0.0010572119212754504,0.003969886646095247,0.009886282154210838,0.005839473641920077,0.011995185729484431,0.007843565987861081,-0.004219536357177835,-0.004830822096094579,-0.0024644369049895663,-0.006259764177233508,-0.002928614757163487,-0.0032851239147910468,0.009980483716896095,-0.008509533734949368,0.009896286035266771,-0.006312183171811397,0.0019905557589722385,-0.012095539600605054,0.007750712465207119,0.0156390197048063,-0.0034052058287411657,-0.006813197319566143,-0.009465566689554812,-0.005986781480973494,0.00981723311326809,0.009994452563159877,0.015776260990583723,0.003985986759475656,0.013690723287734546,-0.004082025103487479,-0.0010266646668391152,agent20,-0.999
-0.7465350518744842,-0.0038458526506163935,-0.004069490069052925,-0.01464418303703145,-0.009120447332520534,-0.004738472434314731,-0.007716856030454065,-0.006191691982813056,0.005809204748169059,0.007998554159818715,-0.005642625965573009,-0.010913204736775201,0.0019676178862353833,-0.006132672903124445,-0.009730946183779388,0.007994663083305367,-0.008015172924222925,1,0.009976623827131003,-0.004055063192448193,-0.011304918785848703,0.017205994151269936,-0.007422313456716878,0.009835401551585226,-0.006117218114310992,-0.002735791058004571,-0.0037628647590306416,0.0039330079358332465,0.01595921616694179,0.009983695060291635,0.00934844950860852,0.013942128781055971,-0.009650515008067052,0.009999945333490386,-0.004749431032118577,0.013976674655135527,-0.004239964560479775,-0.009899455842951006,-0.007620454144154599,0.013081983623486134,0.013278921327520551,-0.009554020371852073,0.001931310583965519,0.01581316638926225,0.00948960054846726,0.011950144370661338,-0.005276177792597937,-0.013202192504445848,0.015800101220354235,0.01599990845482982,0.009863196999035234,-0.010381861802452156,0.015812567556168652,0.005807623507770993,-0.007950126091539613,0.009980815414234947,-0.006880747075519046,0.019994308462804602,0.003932194975876404,-0.005570043237087344,0.017658729905757772,-0.008484791787555483,-0.010019602215367698,0.01399013828018724,-0.0064094297366529066,-0.0056691959970532856,0.011763417012592078,0.013114729078729409,-0.004045510730977444,0.01171361837912823,-0.0010572119212754504,0.003969886646095247,0.009886282154210838,0.005839473641920077,0.011995185729484431,0.007843565987861081,-0.004219536357177835,-0.004830822096094579,-0.0024644369049895663,-0.006259764177233508,-0.002928614757163487,-0.0032851239147910468,0.009980483716896095,-0.008509533734949368,0.009896286035266771,-0.006312183171811397,0.0019905557589722385,-0.012095539600605054,0.007750712465207119,0.0156390197048063,-0.0034052058287411657,-0.006813197319566143,-0.009465566689554812,-0.005986781480973494,0.00981723311326809,0.009994452563159877,0.015776260990583723,0.003985986759475656,0.013690723287734546,-0.004082025103487479,-0.0010266646668391152,agent17,-0.8417891721939701
-0.747544605894856,-0.0038458526506163935,-0.004069490069052925,-0.01464418303703145,-0.009120447332520534,-0.004738472434314731,-0.007716856030454065,-0.006191691982813056,0.005809204748169059,0.007998554159818715,-0.005642625965573009,-0.010913204736775201,0.0019676178862353833,-0.006132672903124445,-0.009730946183779388,0.007994663083305367,-0.008015172924222925,1,0.009976623827131003,-0.004055063192448193,-0.011304918785848703,0.017205994151269936,-0.007422313456716878,0.009835401551585226,-0.006117218114310992,-0.002735791058004571,-0.0037628647590306416,0.0039330079358332465,0.01595921616694179,0.009983695060291635,0.00934844950860852,0.013942128781055971,-0.009650515008067052,0.009999945333490386,-0.004749431032118577,0.013976674655135527,-0.004239964560479775,-0.009899455842951006,-0.007620454144154599,0.013081983623486134,0.013278921327520551,-0.010419576516259512,0.001931310583965519,0.01581316638926225,0.00948960054846726,0.011950144370661338,-0.005276177792597937,-0.013202192504445848,0.015800101220354235,0.01599990845482982,0.009863196999035234,-0.010381861802452156,0.015812567556168652,0.005807623507770993,-0.007950126091539613,0.009980815414234947,-0.006880747075519046,0.019994308462804602,0.003932194975876404,-0.005570043237087344,0.017658729905757772,-0.008484791787555483,-0.010019602215367698,0.01399013828018724,-0.0064094297366529066,-0.0056691959970532856,0.011763417012592078,0.013114729078729409,-0.004045510730977444,0.01171361837912823,-0.0010572119212754504,0.003969886646095247,0.009886282154210838,0.005839473641920077,0.011995185729484431,0.007843565987861081,-0.004219536357177835,-0.004830822096094579,-0.0024644369049895663,-0.006259764177233508,-0.002928614757163487,-0.0032851239147910468,0.009980483716896095,-0.008509533734949368,0.009896286035266771,-0.006312183171811397,0.0019905557589722385,-0.012095539600605054,0.007750712465207119,0.0156390197048063,-0.0034052058287411657,-0.006813197319566143,-0.009465566689554812,-0.005986781480973494,0.00981723311326809,0.009994452563159877,0.015776260990583723,0.003985986759475656,0.013690723287734546,-0.004082025103487479,-0.0010266646668391152,agent40,0.7597476942210558
-0.748548651405587,-0.0038458526506163935,-0.004069490069052925,-0.01464418303703145,-0.009120447332520534,-0.004738472434314731,-0.007716856030454065,-0.006191691982813056,0.005809204748169059,0.007998554159818715,-0.005642625965573009,-0.010913204736775201,0.0019676178862353833,-0.006132672903124445,-0.009730946183779388,0.007994663083305367,-0.008015172924222925,1,0.009976623827131003,-0.004055063192448193,-0.011304918785848703,0.017205994151269936,-0.007422313456716878,0.009835401551585226,-0.006117218114310992,-0.002735791058004571,-0.0037628647590306416,0.0039330079358332465,0.01595921616694179,0.009983695060291635,0.00934844950860852,0.013942128781055971,-0.009650515008067052,0.009999945333490386,-0.004749431032118577,0.013976674655135527,-0.004239964560479775,-0.009899455842951006,-0.007620454144154599,0.013081983623486134,0.013278921327520551,-0.010419576516259512,0.001931310583965519,0.01581316638926225,0.00948960054846726,0.011950144370661338,-0.005276177792597937,-0.013202192504445848,0.015800101220354235,0.01599990845482982,0.009863196999035234,-0.010381861802452156,0.015812567556168652,0.005807623507770993,-0.007950126091539613,0.009980815414234947,-0.006880747075519046,0.019994308462804602,0.003932194975876404,-0.005570043237087344,0.017658729905757772,-0.008484791787555483,-0.010019602215367698,0.01399013828018724,-0.0064094297366529066,-0.0056691959970532856,0.011763417012592078,0.013114729078729409,-0.0047457691285395075,0.01171361837912823,-0.0010572119212754504,0.003969886646095247,0.009886282154210838,0.005839473641920077,0.011995185729484431,0.007843565987861081,-0.004219536357177835,-0.004830822096094579,-0.0024644369049895663,-0.006259764177233508,-0.002928614757163487,-0.0032851239147910468,0.009980483716896095,-0.008509533734949368,0.009896286035266771,-0.006312183171811397,0.0019905557589722385,-0.012095539600605054,0.007750712465207119,0.0156390197048063,-0.0034052058287411657,-0.006813197319566143,-0.009465566689554812,-0.005986781480973494,0.00981723311326809,0.009994452563159877,0.015776260990583723,0.003985986759475656,0.013690723287734546,-0.004082025103487479,-0.0010266646668391152,agent67,0.8647466844357321
-0.749551115842492,-0.0038458526506163935,-0.004069490069052925,-0.01464418303703145,-0.009120447332520534,-0.004738472434314731,-0.007716856030454065,-0.006191691982813056,0.005809204748169059,0.007998554159818715,-0.005642625965573009,-0.010913204736775201,0.0019676178862353833,-0.006132672903124445,-0.009730946183779388,0.007994663083305367,-0.008015172924222925,1,0.009976623827131003,-0.004055063192448193,-0.011304918785848703,0.017205994151269936,-0.007422313456716878,0.009835401551585226,-0.006117218114310992,-0.002735791058004571,-0.0037628647590306416,0.0039330079358332465,0.01595921616694179,0.009983695060291635,0.00934844950860852,0.013942128781055971,-0.009650515008067052,0.009999945333490386,-0.004749431032118577,0.013976674655135527,-0.004239964560479775,-0.009899455842951006,-0.007620454144154599,0.013081983623486134,0.013278921327520551,-0.010419576516259512,0.001931310583965519,0.01581316638926225,0.00948960054846726,0.011950144370661338,-0.005276177792597937,-0.013202192504445848,0.015800101220354235,0.01599990845482982,0.009863196999035234,-0.010381861802452156,0.015812567556168652,0.005807623507770993,-0.007950126091539613,0.009980815414234947,-0.006880747075519046,0.019994308462804602,0.003932194975876404,-0.005570043237087344,0.017658729905757772,-0.008484791787555483,-0.010019602215367698,0.01399013828018724,-0.0064094297366529066,-0.0056691959970532856,0.011763417012592078,0.013114729078729409,-0.0047457691285395075,0.01171361837912823,-0.0010572119212754504,0.003969886646095247,0.009886282154210838,0.005839473641920077,0.011995185729484431,0.007843565987861081,-0.004219536357177835,-0.004830822096094579,-0.002935725711823418,-0.006259764177233508,-0.002928614757163487,-0.0032851239147910468,0.009980483716896095,-0.008509533734949368,0.009896286035266771,-0.006312183171811397,0.0019905557589722385,-0.012095539600605054,0.007750712465207119,0.0156390197048063,-0.0034052058287411657,-0.006813197319566143,-0.009465566689554812,-0.005986781480973494,0.00981723311326809,0.009994452563159877,0.015776260990583723,0.003985986759475656,0.013690723287734546,-0.004082025103487479,-0.0010266646668391152,agent77,1
-0.7505615354190083,-0.0038458526506163935,-0.004069490069052925,-0.01464418303703145,-0.009120447332520534,-0.004738472434314731,-0.007716856030454065,-0.006191691982813056,0.005809204748169059,0.007998554159818715,-0.005642625965573009,-0.010913204736775201,0.0019676178862353833,-0.006132672903124445,-0.009730946183779388,0.007994663083305367,-0.008015172924222925,1,0.009976623827131003,-0.004055063192448193,-0.011304918785848703,0.017205994151269936,-0.007422313456716878,0.009835401551585226,-0.006117218114310992,-0.002735791058004571,-0.0037628647590306416,0.0039330079358332465,0.01595921616694179,0.009983695060291635,0.00934844950860852,0.013942128781055971,-0.009650515008067052,0.009999945333490386,-0.004749431032118577,0.013976674655135527,-0.004239964560479775,-0.009899455842951006,-0.007620454144154599,0.013081983623486134,0.013278921327520551,-0.011277543834171646,0.001931310583965519,0.01581316638926225,0.00948960054846726,0.011950144370661338,-0.005276177792597937,-0.013202192504445848,0.015800101220354235,0.01599990845482982,0.009863196999035234,-0.010381861802452156,0.015812567556168652,0.005807623507770993,-0.007950126091539613,0.009980815414234947,-0.006880747075519046,0.019994308462804602,0.003932194975876404,-0.005570043237087344,0.017658729905757772,-0.008484791787555483,-0.010019602215367698,0.01399013828018724,-0.0064094297366529066,-0.0056691959970532856,0.011763417012592078,0.013114729078729409,-0.0047457691285395075,0.01171361837912823,-0.0010572119212754504,0.003969886646095247,0.009886282154210838,0.005839473641920077,0.011995185729484431,0.007843565987861081,-0.004219536357177835,-0.004830822096094579,-0.002935725711823418,-0.006259764177233508,-0.002928614757163487,-0.0032851239147910468,0.009980483716896095,-0.008509533734949368,0.009896286035266771,-0.006312183171811397,0.0019905557589722385,-0.012095539600605054,0.007750712465207119,0.0156390197048063,-0.0034052058287411657,-0.006813197319566143,-0.009465566689554812,-0.005986781480973494,0.00981723311326809,0.009994452563159877,0.015776260990583723,0.003985986759475656,0.013690723287734546,-0.004082025103487479,-0.0010266646668391152,agent40,0.7617613482680022
-0.7515625620836751,-0.0038458526506163935,-0.004069490069052925,-0.01464418303703145,-0.009120447332520534,-0.004738472434314731,-0.007716856030454065,-0.006191691982813056,0.005809204748169059,0.007998554159818715,-0.005642625965573009,-0.010913204736775201,0.0019676178862353833,-0.006132672903124445,-0.009730946183779388,0.007994663083305367,-0.008015172924222925,1,0.009976623827131003,-0.004055063192448193,-0.011304918785848703,0.017205994151269936,-0.007422313456716878,0.009835401551585226,-0.006117218114310992,-0.002735791058004571,-0.0037628647590306416,0.0039330079358332465,0.01595921616694179,0.009983695060291635,0.00934844950860852,0.013942128781055971,-0.009650515008067052,0.009999945333490386,-0.004749431032118577,0.013976674655135527,-0.004239964560479775,-0.009899455842951006,-0.007620454144154599,0.013081983623486134,0.013278921327520551,-0.011277543834171646,0.001931310583965519,0.01581316638926225,0.00948960054846726,0.011950144370661338,-0.005276177792597937,-0.013202192504445848,0.015800101220354235,0.01599990845482982,0.009863196999035234,-0.010381861802452156,0.015812567556168652,0.005807623507770993,-0.007950126091539613,0.009980815414234947,-0.006880747075519046,0.019994308462804602,0.003932194975876404,-0.005570043237087344,0.017658729905757772,-0.008484791787555483,-0.010019602215367698,0.01399013828018724,-0.0064094297366529066,-0.0056691959970532856,0.011763417012592078,0.013114729078729409,-0.0047457691285395075,0.01171361837912823,-0.0010572119212754504,0.003969886646095247,0.009886282154210838,0.005839473641920077,0.011995185729484431,0.007843565987861081,-0.004219536357177835,-0.004830822096094579,-0.002935725711823418,-0.006259764177233508,-0.002928614757163487,-0.0032851239147910468,0.009980483716896095,-0.008509533734949368,0.009896286035266771,-0.006312183171811397,0.0019905557589722385,-0.012095539600605054,0.007750712465207119,0.0156390197048063,-0.0034052058287411657,-0.006813197319566143,-0.009465566689554812,-0.005986781480973494,0.00981723311326809,0.009994452563159877,0.015776260990583723,0.003985986759475656,0.013690723287734546,-0.004082025103487479,-0.0014944318221948374,agent99,1
-0.7525666441087786,-0.0038458526506163935,-0.004069490069052925,-0.01464418303703145,-0.009120447332520534,-0.004738472434314731,-0.007716856030454065,-0.006191691982813056,0.005809204748169059,0.007998554159818715,-0.005642625965573009,-0.010913204736775201,0.0019676178862353833,-0.006132672903124445,-0.009730946183779388,0.007994663083305367,-0.008015172924222925,1,0.009976623827131003,-0.004055063192448193,-0.011304918785848703,0.017205994151269936,-0.007422313456716878,0.009835401551585226,-0.006117218114310992,-0.002735791058004571,-0.0037628647590306416,0.0039330079358332465,0.01595921616694179,0.009983695060291635,0.00934844950860852,0.013942128781055971,-0.009650515008067052,0.009999945333490386,-0.004749431032118577,0.013976674655135527,-0.004239964560479775,-0.009899455842951006,-0.007620454144154599,0.013081983623486134,0.013278921327520551,-0.011277543834171646,0.001931310583965519,0.01581316638926225,0.00948960054846726,0.011950144370661338,-0.005276177792597937,-0.013202192504445848,0.015800101220354235,0.01599990845482982,0.009863196999035234,-0.010381861802452156,0.015812567556168652,0.005807623507770993,-0.007950126091539613,0.009980815414234947,-0.006880747075519046,0.019994308462804602,0.003932194975876404,-0.005570043237087344,0.017658729905757772,-0.008484791787555483,-0.010019602215367698,0.01399013828018724,-0.0064094297366529066,-0.0056691959970532856,0.011763417012592078,0.013114729078729409,-0.0047457691285395075,0.01171361837912823,-0.0010572119212754504,0.003969886646095247,0.009886282154210838,0.005839473641920077,0.011995185729484431,0.007843565987861081,-0.004219536357177835,-0.004830822096094579,-0.002935725711823418,-0.006259764177233508,-0.002928614757163487,-0.0032851239147910468,0.009980483716896095,-0.008509533734949368,0.009896286035266771,-0.006312183171811397,0.0019905557589722385,-0.012095539600605054,0.007750712465207119,0.0156390197048063,-0.0034052058287411657,-0.006813197319566143,-0.009465566689554812,-0.005986781480973494,0.00981723311326809,0.009994452563159877,0.015776260990583723,0.003985986759475656,0.013690723287734546,-0.004751287183264879,-0.0014944318221948374,agent98,0.8798404661240087
-0.7535699292326934,-0.0038458526506163935,-0.004069490069052925,-0.01464418303703145,-0.009120447332520534,-0.004738472434314731,-0.007716856030454065,-0.006191691982813056,0.005809204748169059,0.007998554159818715,-0.005642625965573009,-0.010913204736775201,0.0019676178862353833,-0.006132672903124445,-0.009730946183779388,0.007994663083305367,-0.008015172924222925,1,0.009976623827131003,-0.004055063192448193,-0.011304918785848703,0.017205994151269936,-0.007422313456716878,0.009835401551585226,-0.006117218114310992,-0.002735791058004571,-0.0037628647590306416,0.0039330079358332465,0.01595921616694179,0.009983695060291635,0.00934844950860852,0.013942128781055971,-0.009650515008067052,0.009999945333490386,-0.004749431032118577,0.013976674655135527,-0.004239964560479775,-0.009899455842951006,-0.007620454144154599,0.013081983623486134,0.013278921327520551,-0.011277543834171646,0.001931310583965519,0.01581316638926225,0.00948960054846726,0.011950144370661338,-0.005276177792597937,-0.013202192504445848,0.015800101220354235,0.01599990845482982,0.009863196999035234,-0.010381861802452156,0.015812567556168652,0.005807623507770993,-0.007950126091539613,0.009980815414234947,-0.006880747075519046,0.019994308462804602,0.003932194975876404,-0.005570043237087344,0.017658729905757772,-0.008484791787555483,-0.010019602215367698,0.01399013828018724,-0.0064094297366529066,-0.0056691959970532856,0.011763417012592078,0.013114729078729409,-0.0047457691285395075,0.01171361837912823,-0.0010572119212754504,0.003969886646095247,0.009886282154210838,0.005839473641920077,0.011995185729484431,0.007843565987861081,-0.004219536357177835,-0.004830822096094579,-0.002935725711823418,-0.006259764177233508,-0.002928614757163487,-0.0037493789937696935,0.009980483716896095,-0.008509533734949368,0.009896286035266771,-0.006312183171811397,0.0019905557589722385,-0.012095539600605054,0.007750712465207119,0.0156390197048063,-0.0034052058287411657,-0.006813197319566143,-0.009465566689554812,-0.005986781480973494,0.00981723311326809,0.009994452563159877,0.015776260990583723,0.003985986759475656,0.013690723287734546,-0.004751287183264879,-0.0014944318221948374,agent80,1
-0.754575571858659,-0.0038458526506163935,-0.004069490069052925,-0.01464418303703145,-0.009120447332520534,-0.004738472434314731,-0.007716856030454065,-0.006191691982813056,0.005809204748169059,0.007998554159818715,-0.006174830823493505,-0.010913204736775201,0.0019676178862353833,-0.006132672903124445,-0.009730946183779388,0.007994663083305367,-0.008015172924222925,1,0.009976623827131003,-0.004055063192448193,-0.011304918785848703,0.017205994151269936,-0.007422313456716878,0.009835401551585226,-0.006117218114310992,-0.002735791058004571,-0.0037628647590306416,0.0039330079358332465,0.01595921616694179,0.009983695060291635,0.00934844950860852,0.013942128781055971,-0.009650515008067052,0.009999945333490386,-0.004749431032118577,0.013976674655135527,-0.004239964560479775,-0.009899455842951006,-0.007620454144154599,0.013081983623486134,0.013278921327520551,-0.011277543834171646,0.001931310583965519,0.01581316638926225,0.00948960054846726,0.011950144370661338,-0.005276177792597937,-0.013202192504445848,0.015800101220354235,0.01599990845482982,0.009863196999035234,-0.010381861802452156,0.015812567556168652,0.005807623507770993,-0.007950126091539613,0.009980815414234947,-0.006880747075519046,0.019994308462804602,0.003932194975876404,-0.005570043237087344,0.017658729905757772,-0.008484791787555483,-0.010019602215367698,0.01399013828018724,-0.0064094297366529066,-0.0056691959970532856,0.011763417012592078,0.013114729078729409,-0.0047457691285395075,0.01171361837912823,-0.0010572119212754504,0.003969886646095247,0.009886282154210838,0.005839473641920077,0.011995185729484431,0.007843565987861081,-0.004219536357177835,-0.004830822096094579,-0.002935725711823418,-0.006259764177233508,-0.002928614757163487,-0.0037493789937696935,0.009980483716896095,-0.008509533734949368,0.009896286035266771,-0.006312183171811397,0.0019905557589722385,-0.012095539600605054,0.007750712465207119,0.0156390197048063,-0.0034052058287411657,-0.006813197319566143,-0.009465566689554812,-0.005986781480973494,0.00981723311326809,0.009994452563159877,0.015776260990583723,0.003985986759475656,0.013690723287734546,-0.004751287183264879,-0.0014944318221948374,agent9,0.9597865089199192
-0.7555817045315621,-0.0038458526506163935,-0.004069490069052925,-0.01464418303703145,-0.009120447332520534,-0.004738472434314731,-0.007716856030454065,-0.006191691982813056,0.005809204748169059,0.007998554159818715,-0.006174830823493505,-0.010913204736775201,0.0019676178862353833,-0.006593405184442874,-0.009730946183779388,0.007994663083305367,-0.008015172924222925,1,0.009976623827131003,-0.004055063192448193,-0.011304918785848703,0.017205994151269936,-0.007422313456716878,0.009835401551585226,-0.006117218114310992,-0.002735791058004571,-0.0037628647590306416,0.0039330079358332465,0.01595921616694179,0.009983695060291635,0.00934844950860852,0.013942128781055971,-0.009650515008067052,0.009999945333490386,-0.004749431032118577,0.013976674655135527,-0.004239964560479775,-0.009899455842951006,-0.007620454144154599,0.013081983623486134,0.013278921327520551,-0.011277543834171646,0.001931310583965519,0.01581316638926225,0.00948960054846726,0.011950144370661338,-0.005276177792597937,-0.013202192504445848,0.015800101220354235,0.01599990845482982,0.009863196999035234,-0.010381861802452156,0.015812567556168652,0.005807623507770993,-0.007950126091539613,0.009980815414234947,-0.006880747075519046,0.019994308462804602,0.003932194975876404,-0.005570043237087344,0.017658729905757772,-0.008484791787555483,-0.010019602215367698,0.01399013828018724,-0.0064094297366529066,-0.0056691959970532856,0.011763417012592078,0.013114729078729409,-0.0047457691285395075,0.01171361837912823,-0.0010572119212754504,0.003969886646095247,0.009886282154210838,0.005839473641920077,0.011995185729484431,0.007843565987861081,-0.004219536357177835,-0.004830822096094579,-0.002935725711823418,-0.006259764177233508,-0.002928614757163487,-0.0037493789937696935,0.009980483716896095,-0.008509533734949368,0.009896286035266771,-0.006312183171811397,0.0019905557589722385,-0.012095539600605054,0.007750712465207119,0.0156390197048063,-0.0034052058287411657,-0.006813197319566143,-0.009465566689554812,-0.005986781480973494,0.00981723311326809,0.009994452563159877,0.015776260990583723,0.003985986759475656,0.013690723287734546,-0.004751287183264879,-0.0014944318221948374,agent12,1
-0.7565855503842127,-0.004304819089973421,-0.004069490069052925,-0.01464418303703145,-0.009120447332520534,-0.004738472434314731,-0.007716856030454065,-0.006191691982813056,0.005809204748169059,0.007998554159818715,-0.006174830823493505,-0.010913204736775201,0.0019676178862353833,-0.006593405184442874,-0.009730946183779388,0.007994663083305367,-0.008015172924222925,1,0.009976623827131003,-0.004055063192448193,-0.011304918785848703,0.017205994151269936,-0.007422313456716878,0.009835401551585226,-0.006117218114310992,-0.002735791058004571,-0.0037628647590306416,0.0039330079358332465,0.01595921616694179,0.009983695060291635,0.00934844950860852,0.013942128781055971,-0.009650515008067052,0.009999945333490386,-0.004749431032118577,0.013976674655135527,-0.004239964560479775,-0.009899455842951006,-0.007620454144154599,0.013081983623486134,0.013278921327520551,-0.011277543834171646,0.001931310583965519,0.01581316638926225,0.00948960054846726,0.011950144370661338,-0.005276177792597937,-0.013202192504445848,0.015800101220354235,0.01599990845482982,0.009863196999035234,-0.010381861802452156,0.015812567556168652,0.005807623507770993,-0.007950126091539613,0.009980815414234947,-0.006880747075519046,0.019994308462804602,0.003932194975876404,-0.005570043237087344,0.017658729905757772,-0.008484791787555483,-0.010019602215367698,0.01399013828018724,-0.0064094297366529066,-0.0056691959970532856,0.011763417012592078,0.013114729078729409,-0.0047457691285395075,0.01171361837912823,-0.0010572119212754504,0.003969886646095247,0.009886282154210838,0.005839473641920077,0.011995185729484431,0.007843565987861081,-0.004219536357177835,-0.004830822096094579,-0.002935725711823418,-0.006259764177233508,-0.002928614757163487,-0.0037493789937696935,0.009980483716896095,-0.008509533734949368,0.009896286035266771,-0.006312183171811397,0.0019905557589722385,-0.012095539600605054,0.007750712465207119,0.0156390197048063,-0.0034052058287411657,-0.006813197319566143,-0.009465566689554812,-0.005986781480973494,0.00981723311326809,0.009994452563159877,0.015776260990583723,0.003985986759475656,0.013690723287734546,-0.004751287183264879,-0.0014944318221948374,agent0,1
-0.7575955270080399,-0.004304819089973421,-0.004069490069052925,-0.01464418303703145,-0.009120447332520534,-0.004738472434314731,-0.007716856030454065,-0.006191691982813056,0.005809204748169059,0.007998554159818715,-0.006174830823493505,-0.010913204736775201,0.0019676178862353833,-0.006593405184442874,-0.009730946183779388,0.007994663083305367,-0.008015172924222925,1,0.011972087725656078,-0.004055063192448193,-0.011304918785848703,0.017205994151269936,-0.007422313456716878,0.009835401551585226,-0.006117218114310992,-0.002735791058004571,-0.0037628647590306416,0.0039330079358332465,0.01595921616694179,0.009983695060291635,0.00934844950860852,0.013942128781055971,-0.009650515008067052,0.009999945333490386,-0.004749431032118577,0.013976674655135527,-0.004239964560479775,-0.009899455842951006,-0.007620454144154599,0.013081983623486134,0.013278921327520551,-0.011277543834171646,0.001931310583965519,0.01581316638926225,0.00948960054846726,0.011950144370661338,-0.005276177792597937,-0.013202192504445848,0.015800101220354235,0.01599990845482982,0.009863196999035234,-0.010381861802452156,0.015812567556168652,0.005807623507770993,-0.007950126091539613,0.009980815414234947,-0.006880747075519046,0.019994308462804602,0.003932194975876404,-0.005570043237087344,0.017658729905757772,-0.008484791787555483,-0.010019602215367698,0.01399013828018724,-0.0064094297366529066,-0.0056691959970532856,0.011763417012592078,0.013114729078729409,-0.0047457691285395075,0.01171361837912823,-0.0010572119212754504,0.003969886646095247,0.009886282154210838,0.005839473641920077,0.011995185729484431,0.007843565987861081,-0.004219536357177835,-0.004830822096094579,-0.002935725711823418,-0.006259764177233508,-0.002928614757163487,-0.0037493789937696935,0.009980483716896095,-0.008509533734949368,0.009896286035266771,-0.006312183171811397,0.0019905557589722385,-0.012095539600605054,0.007750712465207119,0.0156390197048063,-0.0034052058287411657,-0.006813197319566143,-0.009465566689554812,-0.005986781480973494,0.00981723311326809,0.009994452563159877,0.015776260990583723,0.003985986759475656,0.013690723287734546,-0.004751287183264879,-0.0014944318221948374,agent17,-0.8518336629631457
-0.7586017187000227,-0.004304819089973421,-0.004069490069052925,-0.01464418303703145,-0.009120447332520534,-0.004738472434314731,-0.007716856030454065,-0.006647120964533721,0.005809204748169059,0.007998554159818715,-0.006174830823493505,-0.010913204736775201,0.0019676178862353833,-0.006593405184442874,-0.009730946183779388,0.007994663083305367,-0.008015172924222925,1,0.011972087725656078,-0.004055063192448193,-0.011304918785848703,0.017205994151269936,-0.007422313456716878,0.009835401551585226,-0.006117218114310992,-0.002735791058004571,-0.0037628647590306416,0.0039330079358332465,0.01595921616694179,0.009983695060291635,0.00934844950860852,0.013942128781055971,-0.009650515008067052,0.009999945333490386,-0.004749431032118577,0.013976674655135527,-0.004239964560479775,-0.009899455842951006,-0.007620454144154599,0.013081983623486134,0.013278921327520551,-0.011277543834171646,0.001931310583965519,0.01581316638926225,0.00948960054846726,0.011950144370661338,-0.005276177792597937,-0.013202192504445848,0.015800101220354235,0.01599990845482982,0.009863196999035234,-0.010381861802452156,0.015812567556168652,0.005807623507770993,-0.007950126091539613,0.009980815414234947,-0.006880747075519046,0.019994308462804602,0.003932194975876404,-0.005570043237087344,0.017658729905757772,-0.008484791787555483,-0.010019602215367698,0.01399013828018724,-0.0064094297366529066,-0.0056691959970532856,0.011763417012592078,0.013114729078729409,-0.0047457691285395075,0.01171361837912823,-0.0010572119212754504,0.003969886646095247,0.009886282154210838,0.005839473641920077,0.011995185729484431,0.007843565987861081,-0.004219536357177835,-0.004830822096094579,-0.002935725711823418,-0.006259764177233508,-0.002928614757163487,-0.0037493789937696935,0.009980483716896095,-0.008509533734949368,0.009896286035266771,-0.006312183171811397,0.0019905557589722385,-0.012095539600605054,0.007750712465207119,0.0156390197048063,-0.0034052058287411657,-0.006813197319566143,-0.009465566689554812,-0.005986781480973494,0.00981723311326809,0.009994452563159877,0.015776260990583723,0.003985986759475656,0.013690723287734546,-0.004751287183264879,-0.0014944318221948374,agent6,1
-0.7596075279047708,-0.004304819089973421,-0.004069490069052925,-0.01464418303703145,-0.009120447332520534,-0.004738472434314731,-0.007716856030454065,-0.006647120964533721,0.007780068183061767,0.007998554159818715,-0.006174830823493505,-0.010913204736775201,0.0019676178862353833,-0.006593405184442874,-0.009730946183779388,0.007994663083305367,-0.008015172924222925,1,0.011972087725656078,-0.004055063192448193,-0.011304918785848703,0.017205994151269936,-0.007422313456716878,0.009835401551585226,-0.006117218114310992,-0.002735791058004571,-0.0037628647590306416,0.0039330079358332465,0.01595921616694179,0.009983695060291635,0.00934844950860852,0.013942128781055971,-0.009650515008067052,0.009999945333490386,-0.004749431032118577,0.013976674655135527,-0.004239964560479775,-0.009899455842951006,-0.007620454144154599,0.013081983623486134,0.013278921327520551,-0.011277543834171646,0.001931310583965519,0.01581316638926225,0.00948960054846726,0.011950144370661338,-0.005276177792597937,-0.013202192504445848,0.015800101220354235,0.01599990845482982,0.009863196999035234,-0.010381861802452156,0.015812567556168652,0.005807623507770993,-0.007950126091539613,0.009980815414234947,-0.006880747075519046,0.019994308462804602,0.003932194975876404,-0.005570043237087344,0.017658729905757772,-0.008484791787555483,-0.010019602215367698,0.01399013828018724,-0.0064094297366529066,-0.0056691959970532856,0.011763417012592078,0.013114729078729409,-0.0047457691285395075,0.01171361837912823,-0.0010572119212754504,0.003969886646095247,0.009886282154210838,0.005839473641920077,0.011995185729484431,0.007843565987861081,-0.004219536357177835,-0.004830822096094579,-0.002935725711823418,-0.006259764177233508,-0.002928614757163487,-0.0037493789937696935,0.009980483716896095,-0.008509533734949368,0.009896286035266771,-0.006312183171811397,0.0019905557589722385,-0.012095539600605054,0.007750712465207119,0.0156390197048063,-0.0034052058287411657,-0.006813197319566143,-0.009465566689554812,-0.005986781480973494,0.00981723311326809,0.009994452563159877,0.015776260990583723,0.003985986759475656,0.013690723287734546,-0.004751287183264879,-0.0014944318221948374,agent7,-1
-0.760617345137884,-0.004304819089973421,-0.004069490069052925,-0.01464418303703145,-0.009120447332520534,-0.004738472434314731,-0.007716856030454065,-0.006647120964533721,0.007780068183061767,0.007998554159818715,-0.006174830823493505,-0.010913204736775201,0.0019676178862353833,-0.006593405184442874,-0.009730946183779388,0.007994663083305367,-0.008015172924222925,1,0.011972087725656078,-0.004055063192448193,-0.011304918785848703,0.017205994151269936,-0.007422313456716878,0.009835401551585226,-0.006117218114310992,-0.002735791058004571,-0.0037628647590306416,0.0039330079358332465,0.01595921616694179,0.009983695060291635,0.00934844950860852,0.013942128781055971,-0.009650515008067052,0.009999945333490386,-0.004749431032118577,0.013976674655135527,-0.004239964560479775,-0.009899455842951006,-0.007620454144154599,0.013081983623486134,0.013278921327520551,-0.011277543834171646,0.001931310583965519,0.01581316638926225,0.00948960054846726,0.011950144370661338,-0.005276177792597937,-0.013202192504445848,0.015800101220354235,0.01599990845482982,0.009863196999035234,-0.010381861802452156,0.015812567556168652,0.005807623507770993,-0.007950126091539613,0.009980815414234947,-0.006880747075519046,0.019994308462804602,0.003932194975876404,-0.005570043237087344,0.017658729905757772,-0.008484791787555483,-0.010019602215367698,0.01399013828018724,-0.0064094297366529066,-0.0056691959970532856,0.011763417012592078,0.013114729078729409,-0.0047457691285395075,0.01171361837912823,-0.0010572119212754504,0.003969886646095247,0.009886282154210838,0.005839473641920077,0.011995185729484431,0.007843565987861081,-0.004219536357177835,-0.004830822096094579,-0.002935725711823418,-0.006259764177233508,-0.002928614757163487,-0.0037493789937696935,0.009980483716896095,-0.008509533734949368,0.009896286035266771,-0.006312183171811397,0.0019905557589722385,-0.012095539600605054,0.007750712465207119,0.0156390197048063,-0.0034052058287411657,-0.006813197319566143,-0.009465566689554812,-0.005986781480973494,0.011780490379285819,0.009994452563159877,0.015776260990583723,0.003985986759475656,0.013690723287734546,-0.004751287183264879,-0.0014944318221948374,agent93,-0.4885254961052802
-0.7616331452391044,-0.004304819089973421,-0.004069490069052925,-0.01464418303703145,-0.009120447332520534,-0.004738472434314731,-0.007716856030454065,-0.006647120964533721,0.007780068183061767,0.007998554159818715,-0.006174830823493505,-0.010913204736775201,0.0019676178862353833,-0.006593405184442874,-0.009730946183779388,0.007994663083305367,-0.008015172924222925,1,0.011972087725656078,-0.004055063192448193,-0.011304918785848703,0.017205994151269936,-0.007422313456716878,0.009835401551585226,-0.006117218114310992,-0.002735791058004571,-0.0037628647590306416,0.0039330079358332465,0.01595921616694179,0.009983695060291635,0.00934844950860852,0.013942128781055971,-0.009650515008067052,0.009999945333490386,-0.004749431032118577,0.013976674655135527,-0.004239964560479775,-0.009899455842951006,-0.007620454144154599,0.013081983623486134,0.013278921327520551,-0.011277543834171646,0.001931310583965519,0.01581316638926225,0.00948960054846726,0.011950144370661338,-0.005276177792597937,-0.013202192504445848,0.01777494357635675,0.01599990845482982,0.009863196999035234,-0.010381861802452156,0.015812567556168652,0.005807623507770993,-0.007950126091539613,0.009980815414234947,-0.006880747075519046,0.019994308462804602,0.003932194975876404,-0.005570043237087344,0.017658729905757772,-0.008484791787555483,-0.010019602215367698,0.01399013828018724,-0.0064094297366529066,-0.0056691959970532856,0.011763417012592078,0.013114729078729409,-0.0047457691285395075,0.01171361837912823,-0.0010572119212754504,0.003969886646095247,0.009886282154210838,0.005839473641920077,0.011995185729484431,0.007843565987861081,-0.004219536357177835,-0.004830822096094579,-0.002935725711823418,-0.006259764177233508,-0.002928614757163487,-0.0037493789937696935,0.009980483716896095,-0.008509533734949368,0.009896286035266771,-0.006312183171811397,0.0019905557589722385,-0.012095539600605054,0.007750712465207119,0.0156390197048063,-0.0034052058287411657,-0.006813197319566143,-0.009465566689554812,-0.005986781480973494,0.011780490379285819,0.009994452563159877,0.015776260990583723,0.003985986759475656,0.013690723287734546,-0.004751287183264879,-0.0014944318221948374,agent47,-0.5363066499069792
-0.762638421416897,-0.004304819089973421,-0.004069490069052925,-0.01464418303703145,-0.009120447332520534,-0.004738472434314731,-0.007716856030454065,-0.006647120964533721,0.007780068183061767,0.007998554159818715,-0.006174830823493505,-0.010913204736775201,0.0019676178862353833,-0.006593405184442874,-0.009730946183779388,0.007994663083305367,-0.008015172924222925,1,0.011972087725656078,-0.004055063192448193,-0.011304918785848703,0.017205994151269936,-0.007422313456716878,0.009835401551585226,-0.006117218114310992,-0.002735791058004571,-0.0037628647590306416,0.0039330079358332465,0.01595921616694179,0.009983695060291635,0.00934844950860852,0.013942128781055971,-0.009650515008067052,0.009999945333490386,-0.004749431032118577,0.013976674655135527,-0.004239964560479775,-0.009899455842951006,-0.007620454144154599,0.013081983623486134,0.013278921327520551,-0.011277543834171646,0.001931310583965519,0.01581316638926225,0.00948960054846726,0.011950144370661338,-0.005724502123395427,-0.013202192504445848,0.01777494357635675,0.01599990845482982,0.009863196999035234,-0.010381861802452156,0.015812567556168652,0.005807623507770993,-0.007950126091539613,0.009980815414234947,-0.006880747075519046,0.019994308462804602,0.003932194975876404,-0.005570043237087344,0.017658729905757772,-0.008484791787555483,-0.010019602215367698,0.01399013828018724,-0.0064094297366529066,-0.0056691959970532856,0.011763417012592078,0.013114729078729409,-0.0047457691285395075,0.01171361837912823,-0.0010572119212754504,0.003969886646095247,0.009886282154210838,0.005839473641920077,0.011995185729484431,0.007843565987861081,-0.004219536357177835,-0.004830822096094579,-0.002935725711823418,-0.006259764177233508,-0.002928614757163487,-0.0037493789937696935,0.009980483716896095,-0.008509533734949368,0.009896286035266771,-0.006312183171811397,0.0019905557589722385,-0.012095539600605054,0.007750712465207119,0.0156390197048063,-0.0034052058287411657,-0.006813197319566143,-0.009465566689554812,-0.005986781480973494,0.011780490379285819,0.009994452563159877,0.015776260990583723,0.003985986759475656,0.013690723287734546,-0.004751287183264879,-0.0014944318221948374,agent45,1
-0.7636477698664056,-0.004304819089973421,-0.004069490069052925,-0.01464418303703145,-0.009120447332520534,-0.004738472434314731,-0.007716856030454065,-0.006647120964533721,0.007780068183061767,0.007998554159818715,-0.006174830823493505,-0.010913204736775201,0.0019676178862353833,-0.006593405184442874,-0.009730946183779388,0.007994663083305367,-0.008015172924222925,1,0.011972087725656078,-0.004055063192448193,-0.011304918785848703,0.017205994151269936,-0.007422313456716878,0.009835401551585226,-0.006117218114310992,-0.002735791058004571,-0.0037628647590306416,0.0039330079358332465,0.01595921616694179,0.009983695060291635,0.011320279249114789,0.013942128781055971,-0.009650515008067052,0.009999945333490386,-0.004749431032118577,0.013976674655135527,-0.004239964560479775,-0.009899455842951006,-0.007620454144154599,0.013081983623486134,0.013278921327520551,-0.011277543834171646,0.001931310583965519,0.01581316638926225,0.00948960054846726,0.011950144370661338,-0.005724502123395427,-0.013202192504445848,0.01777494357635675,0.01599990845482982,0.009863196999035234,-0.010381861802452156,0.015812567556168652,0.005807623507770993,-0.007950126091539613,0.009980815414234947,-0.006880747075519046,0.019994308462804602,0.003932194975876404,-0.005570043237087344,0.017658729905757772,-0.008484791787555483,-0.010019602215367698,0.01399013828018724,-0.0064094297366529066,-0.0056691959970532856,0.011763417012592078,0.013114729078729409,-0.0047457691285395075,0.01171361837912823,-0.0010572119212754504,0.003969886646095247,0.009886282154210838,0.005839473641920077,0.011995185729484431,0.007843565987861081,-0.004219536357177835,-0.004830822096094579,-0.002935725711823418,-0.006259764177233508,-0.002928614757163487,-0.0037493789937696935,0.009980483716896095,-0.008509533734949368,0.009896286035266771,-0.006312183171811397,0.0019905557589722385,-0.012095539600605054,0.007750712465207119,0.0156390197048063,-0.0034052058287411657,-0.006813197319566143,-0.009465566689554812,-0.005986781480973494,0.011780490379285819,0.009994452563159877,0.015776260990583723,0.003985986759475656,0.013690723287734546,-0.004751287183264879,-0.0014944318221948374,agent29,-1
-0.7646590474102397,-0.004304819089973421,-0.004069490069052925,-0.01464418303703145,-0.009120447332520534,-0.004738472434314731,-0.007716856030454065,-0.006647120964533721,0.007780068183061767,0.007998554159818715,-0.006174830823493505,-0.010913204736775201,0.0019676178862353833,-0.006593405184442874,-0.009730946183779388,0.007994663083305367,-0.008015172924222925,1,0.011972087725656078,-0.004055063192448193,-0.011304918785848703,0.017205994151269936,-0.007422313456716878,0.009835401551585226,-0.006117218114310992,-0.002735791058004571,-0.0037628647590306416,0.0039330079358332465,0.01595921616694179,0.009983695060291635,0.011320279249114789,0.013942128781055971,-0.009650515008067052,0.009999945333490386,-0.004749431032118577,0.013976674655135527,-0.004239964560479775,-0.009899455842951006,-0.007620454144154599,0.013081983623486134,0.013278921327520551,-0.012094031244411675,0.001931310583965519,0.01581316638926225,0.00948960054846726,0.011950144370661338,-0.005724502123395427,-0.013202192504445848,0.01777494357635675,0.01599990845482982,0.009863196999035234,-0.010381861802452156,0.015812567556168652,0.005807623507770993,-0.007950126091539613,0.009980815414234947,-0.006880747075519046,0.019994308462804602,0.003932194975876404,-0.005570043237087344,0.017658729905757772,-0.008484791787555483,-0.010019602215367698,0.01399013828018724,-0.0064094297366529066,-0.0056691959970532856,0.011763417012592078,0.013114729078729409,-0.0047457691285395075,0.01171361837912823,-0.0010572119212754504,0.003969886646095247,0.009886282154210838,0.005839473641920077,0.011995185729484431,0.007843565987861081,-0.004219536357177835,-0.004830822096094579,-0.002935725711823418,-0.006259764177233508,-0.002928614757163487,-0.0037493789937696935,0.009980483716896095,-0.008509533734949368,0.009896286035266771,-0.006312183171811397,0.0019905557589722385,-0.012095539600605054,0.007750712465207119,0.0156390197048063,-0.0034052058287411657,-0.006813197319566143,-0.009465566689554812,-0.005986781480973494,0.011780490379285819,0.009994452563159877,0.015776260990583723,0.003985986759475656,0.013690723287734546,-0.004751287183264879,-0.0014944318221948374,agent40,0.7748661818155227
-0.7656605418420619,-0.004304819089973421,-0.004069490069052925,-0.01464418303703145,-0.009120447332520534,-0.004738472434314731,-0.007716856030454065,-0.006647120964533721,0.007780068183061767,0.007998554159818715,-0.006174830823493505,-0.010913204736775201,0.0019676178862353833,-0.006593405184442874,-0.009730946183779388,0.007994663083305367,-0.008015172924222925,1,0.011972087725656078,-0.004055063192448193,-0.011304918785848703,0.017205994151269936,-0.007422313456716878,0.009835401551585226,-0.006117218114310992,-0.002735791058004571,-0.0037628647590306416,0.0039330079358332465,0.01595921616694179,0.009983695060291635,0.011320279249114789,0.013942128781055971,-0.009650515008067052,0.009999945333490386,-0.004749431032118577,0.013976674655135527,-0.004239964560479775,-0.009899455842951006,-0.007620454144154599,0.013081983623486134,0.013278921327520551,-0.012094031244411675,0.001931310583965519,0.01581316638926225,0.00948960054846726,0.011950144370661338,-0.005724502123395427,-0.013202192504445848,0.01777494357635675,0.01599990845482982,0.009863196999035234,-0.010381861802452156,0.015812567556168652,0.005807623507770993,-0.007950126091539613,0.009980815414234947,-0.006880747075519046,0.019994308462804602,0.003932194975876404,-0.005570043237087344,0.017658729905757772,-0.008484791787555483,-0.010019602215367698,0.01399013828018724,-0.0064094297366529066,-0.0056691959970532856,0.011763417012592078,0.013114729078729409,-0.0047457691285395075,0.01171361837912823,-0.0010572119212754504,0.003969886646095247,0.009886282154210838,0.005839473641920077,0.011995185729484431,0.007843565987861081,-0.004219536357177835,-0.004830822096094579,-0.002935725711823418,-0.006259764177233508,-0.002928614757163487,-0.0037493789937696935,0.009980483716896095,-0.008509533734949368,0.009896286035266771,-0.006312183171811397,0.0019905557589722385,-0.012095539600605054,0.007750712465207119,0.0156390197048063,-0.0034052058287411657,-0.006813197319566143,-0.009465566689554812,-0.005986781480973494,0.011780490379285819,0.009994452563159877,0.015776260990583723,0.003985986759475656,0.013690723287734546,-0.004751287183264879,-0.0019374210453914301,agent99,1
-0.7666674225891374,-0.004304819089973421,-0.004069490069052925,-0.01464418303703145,-0.009120447332520534,-0.004738472434314731,-0.007716856030454065,-0.006647120964533721,0.007780068183061767,0.007998554159818715,-0.006174830823493505,-0.010913204736775201,0.0019676178862353833,-0.006593405184442874,-0.009730946183779388,0.007994663083305367,-0.008015172924222925,1,0.011972087725656078,-0.004055063192448193,-0.011304918785848703,0.017205994151269936,-0.007422313456716878,0.009835401551585226,-0.006117218114310992,-0.002735791058004571,-0.0037628647590306416,0.0039330079358332465,0.01595921616694179,0.009983695060291635,0.011320279249114789,0.013942128781055971,-0.009650515008067052,0.009999945333490386,-0.004749431032118577,0.013976674655135527,-0.004239964560479775,-0.009899455842951006,-0.007620454144154599,0.013081983623486134,0.013278921327520551,-0.012094031244411675,0.001931310583965519,0.01581316638926225,0.00948960054846726,0.011950144370661338,-0.005724502123395427,-0.013202192504445848,0.01777494357635675,0.01599990845482982,0.009863196999035234,-0.010381861802452156,0.015812567556168652,0.005807623507770993,-0.007950126091539613,0.009980815414234947,-0.0073877224204595094,0.019994308462804602,0.003932194975876404,-0.005570043237087344,0.017658729905757772,-0.008484791787555483,-0.010019602215367698,0.01399013828018724,-0.0064094297366529066,-0.0056691959970532856,0.011763417012592078,0.013114729078729409,-0.0047457691285395075,0.01171361837912823,-0.0010572119212754504,0.003969886646095247,0.009886282154210838,0.005839473641920077,0.011995185729484431,0.007843565987861081,-0.004219536357177835,-0.004830822096094579,-0.002935725711823418,-0.006259764177233508,-0.002928614757163487,-0.0037493789937696935,0.009980483716896095,-0.008509533734949368,0.009896286035266771,-0.006312183171811397,0.0019905557589722385,-0.012095539600605054,0.007750712465207119,0.0156390197048063,-0.0034052058287411657,-0.006813197319566143,-0.009465566689554812,-0.005986781480973494,0.011780490379285819,0.009994452563159877,0.015776260990583723,0.003985986759475656,0.013690723287734546,-0.004751287183264879,-0.0019374210453914301,agent55,0.9623583556585049
-0.7676770731041456,-0.004304819089973421,-0.004069490069052925,-0.01464418303703145,-0.009120447332520534,-0.004738472434314731,-0.007716856030454065,-0.006647120964533721,0.007780068183061767,0.007998554159818715,-0.006174830823493505,-0.010913204736775201,0.0019676178862353833,-0.006593405184442874,-0.009730946183779388,0.007994663083305367,-0.008015172924222925,1,0.011972087725656078,-0.004055063192448193,-0.011304918785848703,0.017205994151269936,-0.007422313456716878,0.009835401551585226,-0.006117218114310992,-0.002735791058004571,-0.0037628647590306416,0.0039330079358332465,0.01595921616694179,0.009983695060291635,0.011320279249114789,0.013942128781055971,-0.010153520216612453,0.009999945333490386,-0.004749431032118577,0.013976674655135527,-0.004239964560479775,-0.009899455842951006,-0.007620454144154599,0.013081983623486134,0.013278921327520551,-0.012094031244411675,0.001931310583965519,0.01581316638926225,0.00948960054846726,0.011950144370661338,-0.005724502123395427,-0.013202192504445848,0.01777494357635675,0.01599990845482982,0.009863196999035234,-0.010381861802452156,0.015812567556168652,0.005807623507770993,-0.007950126091539613,0.009980815414234947,-0.0073877224204595094,0.019994308462804602,0.003932194975876404,-0.005570043237087344,0.017658729905757772,-0.008484791787555483,-0.010019602215367698,0.01399013828018724,-0.0064094297366529066,-0.0056691959970532856,0.011763417012592078,0.013114729078729409,-0.0047457691285395075,0.01171361837912823,-0.0010572119212754504,0.003969886646095247,0.009886282154210838,0.005839473641920077,0.011995185729484431,0.007843565987861081,-0.004219536357177835,-0.004830822096094579,-0.002935725711823418,-0.006259764177233508,-0.002928614757163487,-0.0037493789937696935,0.009980483716896095,-0.008509533734949368,0.009896286035266771,-0.006312183171811397,0.0019905557589722385,-0.012095539600605054,0.007750712465207119,0.0156390197048063,-0.0034052058287411657,-0.006813197319566143,-0.009465566689554812,-0.005986781480973494,0.011780490379285819,0.009994452563159877,0.015776260990583723,0.003985986759475656,0.013690723287734546,-0.004751287183264879,-0.0019374210453914301,agent31,0.9636474571102773
-0.7686827423001427,-0.004304819089973421,-0.004069490069052925,-0.01464418303703145,-0.009120447332520534,-0.004738472434314731,-0.007716856030454065,-0.006647120964533721,0.007780068183061767,0.007998554159818715,-0.006174830823493505,-0.010913204736775201,0.0019676178862353833,-0.006593405184442874,-0.009730946183779388,0.007994663083305367,-0.008015172924222925,1,0.011972087725656078,-0.004055063192448193,-0.011304918785848703,0.017205994151269936,-0.007422313456716878,0.009835401551585226,-0.006117218114310992,-0.002735791058004571,-0.0037628647590306416,0.0039330079358332465,0.01595921616694179,0.009983695060291635,0.011320279249114789,0.013942128781055971,-0.010153520216612453,0.009999945333490386,-0.004749431032118577,0.013976674655135527,-0.004239964560479775,-0.009899455842951006,-0.007620454144154599,0.013081983623486134,0.013278921327520551,-0.012094031244411675,0.001931310583965519,0.01581316638926225,0.00948960054846726,0.011950144370661338,-0.005724502123395427,-0.013202192504445848,0.01777494357635675,0.01599990845482982,0.009863196999035234,-0.010381861802452156,0.015812567556168652,0.005807623507770993,-0.007950126091539613,0.009980815414234947,-0.0073877224204595094,0.019994308462804602,0.003932194975876404,-0.005570043237087344,0.017658729905757772,-0.008484791787555483,-0.010019602215367698,0.01399013828018724,-0.0064094297366529066,-0.006106854879664266,0.011763417012592078,0.013114729078729409,-0.0047457691285395075,0.01171361837912823,-0.0010572119212754504,0.003969886646095247,0.009886282154210838,0.005839473641920077,0.011995185729484431,0.007843565987861081,-0.004219536357177835,-0.004830822096094579,-0.002935725711823418,-0.006259764177233508,-0.002928614757163487,-0.0037493789937696935,0.009980483716896095,-0.008509533734949368,0.009896286035266771,-0.006312183171811397,0.0019905557589722385,-0.012095539600605054,0.007750712465207119,0.0156390197048063,-0.0034052058287411657,-0.006813197319566143,-0.009465566689554812,-0.005986781480973494,0.011780490379285819,0.009994452563159877,0.015776260990583723,0.003985986759475656,0.013690723287734546,-0.004751287183264879,-0.0019374210453914301,agent64,1
-0.7696866753080785,-0.004304819089973421,-0.004069490069052925,-0.01464418303703145,-0.009120447332520534,-0.004738472434314731,-0.007716856030454065,-0.006647120964533721,0.007780068183061767,0.007998554159818715,-0.006174830823493505,-0.010913204736775201,0.0019676178862353833,-0.006593405184442874,-0.009730946183779388,0.007994663083305367,-0.008015172924222925,1,0.011972087725656078,-0.004055063192448193,-0.011304918785848703,0.017205994151269936,-0.007422313456716878,0.009835401551585226,-0.006117218114310992,-0.002735791058004571,-0.0037628647590306416,0.005900200192826327,0.01595921616694179,0.009983695060291635,0.011320279249114789,0.013942128781055971,-0.010153520216612453,0.009999945333490386,-0.004749431032118577,0.013976674655135527,-0.004239964560479775,-0.009899455842951006,-0.007620454144154599,0.013081983623486134,0.013278921327520551,-0.012094031244411675,0.001931310583965519,0.01581316638926225,0.00948960054846726,0.011950144370661338,-0.005724502123395427,-0.013202192504445848,0.01777494357635675,0.01599990845482982,0.009863196999035234,-0.010381861802452156,0.015812567556168652,0.005807623507770993,-0.007950126091539613,0.009980815414234947,-0.0073877224204595094,0.019994308462804602,0.003932194975876404,-0.005570043237087344,0.017658729905757772,-0.008484791787555483,-0.010019602215367698,0.01399013828018724,-0.0064094297366529066,-0.006106854879664266,0.011763417012592078,0.013114729078729409,-0.0047457691285395075,0.01171361837912823,-0.0010572119212754504,0.003969886646095247,0.009886282154210838,0.005839473641920077,0.011995185729484431,0.007843565987861081,-0.004219536357177835,-0.004830822096094579,-0.002935725711823418,-0.006259764177233508,-0.002928614757163487,-0.0037493789937696935,0.009980483716896095,-0.008509533734949368,0.009896286035266771,-0.006312183171811397,0.0019905557589722385,-0.012095539600605054,0.007750712465207119,0.0156390197048063,-0.0034052058287411657,-0.006813197319566143,-0.009465566689554812,-0.005986781480973494,0.011780490379285819,0.009994452563159877,0.015776260990583723,0.003985986759475656,0.013690723287734546,-0.004751287183264879,-0.0019374210453914301,agent26,-0.5125275432238046
-0.7706922453513156,-0.004304819089973421,-0.004069490069052925,-0.01464418303703145,-0.009120447332520534,-0.004738472434314731,-0.007716856030454065,-0.006647120964533721,0.007780068183061767,0.007998554159818715,-0.006174830823493505,-0.010913204736775201,0.0019676178862353833,-0.006593405184442874,-0.009730946183779388,0.007994663083305367,-0.008015172924222925,1,0.011972087725656078,-0.004055063192448193,-0.011304918785848703,0.017205994151269936,-0.007422313456716878,0.009835401551585226,-0.006117218114310992,-0.002735791058004571,-0.0037628647590306416,0.005900200192826327,0.01595921616694179,0.009983695060291635,0.011320279249114789,0.013942128781055971,-0.010153520216612453,0.009999945333490386,-0.004749431032118577,0.013976674655135527,-0.004239964560479775,-0.009899455842951006,-0.007620454144154599,0.013081983623486134,0.013278921327520551,-0.012094031244411675,0.001931310583965519,0.01581316638926225,0.00948960054846726,0.011950144370661338,-0.005724502123395427,-0.013202192504445848,0.01777494357635675,0.01599990845482982,0.009863196999035234,-0.010381861802452156,0.015812567556168652,0.005807623507770993,-0.007950126091539613,0.009980815414234947,-0.0073877224204595094,0.019994308462804602,0.003932194975876404,-0.006004147772705864,0.017658729905757772,-0.008484791787555483,-0.010019602215367698,0.01399013828018724,-0.0064094297366529066,-0.006106854879664266,0.011763417012592078,0.013114729078729409,-0.0047457691285395075,0.01171361837912823,-0.0010572119212754504,0.003969886646095247,0.009886282154210838,0.005839473641920077,0.011995185729484431,0.007843565987861081,-0.004219536357177835,-0.004830822096094579,-0.002935725711823418,-0.006259764177233508,-0.002928614757163487,-0.0037493789937696935,0.009980483716896095,-0.008509533734949368,0.009896286035266771,-0.006312183171811397,0.0019905557589722385,-0.012095539600605054,0.007750712465207119,0.0156390197048063,-0.0034052058287411657,-0.006813197319566143,-0.009465566689554812,-0.005986781480973494,0.011780490379285819,0.009994452563159877,0.015776260990583723,0.003985986759475656,0.013690723287734546,-0.004751287183264879,-0.0019374210453914301,agent58,1
-0.771710020294892,-0.004304819089973421,-0.004069490069052925,-0.01464418303703145,-0.009120447332520534,-0.004738472434314731,-0.007716856030454065,-0.006647120964533721,0.007780068183061767,0.007998554159818715,-0.006174830823493505,-0.010913204736775201,0.0019676178862353833,-0.006593405184442874,-0.009730946183779388,0.007994663083305367,-0.008015172924222925,1,0.011972087725656078,-0.004055063192448193,-0.011304918785848703,0.017205994151269936,-0.007422313456716878,0.009835401551585226,-0.006117218114310992,-0.002735791058004571,-0.0037628647590306416,0.005900200192826327,0.01595921616694179,0.009983695060291635,0.011320279249114789,0.013942128781055971,-0.010153520216612453,0.009999945333490386,-0.004749431032118577,0.013976674655135527,-0.004239964560479775,-0.009899455842951006,-0.007620454144154599,0.013081983623486134,0.013278921327520551,-0.012094031244411675,0.001931310583965519,0.01581316638926225,0.00948960054846726,0.011950144370661338,-0.005724502123395427,-0.013202192504445848,0.01974955977605177,0.01599990845482982,0.009863196999035234,-0.010381861802452156,0.015812567556168652,0.005807623507770993,-0.007950126091539613,0.009980815414234947,-0.0073877224204595094,0.019994308462804602,0.003932194975876404,-0.006004147772705864,0.017658729905757772,-0.008484791787555483,-0.010019602215367698,0.01399013828018724,-0.0064094297366529066,-0.006106854879664266,0.011763417012592078,0.013114729078729409,-0.0047457691285395075,0.01171361837912823,-0.0010572119212754504,0.003969886646095247,0.009886282154210838,0.005839473641920077,0.011995185729484431,0.007843565987861081,-0.004219536357177835,-0.004830822096094579,-0.002935725711823418,-0.006259764177233508,-0.002928614757163487,-0.0037493789937696935,0.009980483716896095,-0.008509533734949368,0.009896286035266771,-0.006312183171811397,0.0019905557589722385,-0.012095539600605054,0.007750712465207119,0.0156390197048063,-0.0034052058287411657,-0.006813197319566143,-0.009465566689554812,-0.005986781480973494,0.011780490379285819,0.009994452563159877,0.015776260990583723,0.003985986759475656,0.013690723287734546,-0.004751287183264879,-0.0019374210453914301,agent47,-0.5453755779475248
-0.7727200039899523,-0.004304819089973421,-0.004069490069052925,-0.01464418303703145,-0.009120447332520534,-0.004738472434314731,-0.007716856030454065,-0.006647120964533721,0.007780068183061767,0.007998554159818715,-0.006174830823493505,-0.010913204736775201,0.0019676178862353833,-0.006593405184442874,-0.009730946183779388,0.007994663083305367,-0.008015172924222925,1,0.011972087725656078,-0.004055063192448193,-0.011304918785848703,0.017205994151269936,-0.007422313456716878,0.009835401551585226,-0.006117218114310992,-0.002735791058004571,-0.0037628647590306416,0.005900200192826327,0.01595921616694179,0.011980520299451803,0.011320279249114789,0.013942128781055971,-0.010153520216612453,0.009999945333490386,-0.004749431032118577,0.013976674655135527,-0.004239964560479775,-0.009899455842951006,-0.007620454144154599,0.013081983623486134,0.013278921327520551,-0.012094031244411675,0.001931310583965519,0.01581316638926225,0.00948960054846726,0.011950144370661338,-0.005724502123395427,-0.013202192504445848,0.01974955977605177,0.01599990845482982,0.009863196999035234,-0.010381861802452156,0.015812567556168652,0.005807623507770993,-0.007950126091539613,0.009980815414234947,-0.0073877224204595094,0.019994308462804602,0.003932194975876404,-0.006004147772705864,0.017658729905757772,-0.008484791787555483,-0.010019602215367698,0.01399013828018724,-0.0064094297366529066,-0.006106854879664266,0.011763417012592078,0.013114729078729409,-0.0047457691285395075,0.01171361837912823,-0.0010572119212754504,0.003969886646095247,0.009886282154210838,0.005839473641920077,0.011995185729484431,0.007843565987861081,-0.004219536357177835,-0.004830822096094579,-0.002935725711823418,-0.006259764177233508,-0.002928614757163487,-0.0037493789937696935,0.009980483716896095,-0.008509533734949368,0.009896286035266771,-0.006312183171811397,0.0019905557589722385,-0.012095539600605054,0.007750712465207119,0.0156390197048063,-0.0034052058287411657,-0.006813197319566143,-0.009465566689554812,-0.005986781480973494,0.011780490379285819,0.009994452563159877,0.015776260990583723,0.003985986759475656,0.013690723287734546,-0.004751287183264879,-0.0019374210453914301,agent28,-0.6920261343475881
-0.7737319991756818,-0.004304819089973421,-0.004069490069052925,-0.01464418303703145,-0.009120447332520534,-0.004738472434314731,-0.007716856030454065,-0.006647120964533721,0.007780068183061767,0.007998554159818715,-0.006174830823493505,-0.010913204736775201,0.0019676178862353833,-0.006593405184442874,-0.009730946183779388,0.007994663083305367,-0.008015172924222925,1,0.011972087725656078,-0.004055063192448193,-0.011304918785848703,0.017205994151269936,-0.007422313456716878,0.009835401551585226,-0.006117218114310992,-0.002735791058004571,-0.0037628647590306416,0.005900200192826327,0.01595921616694179,0.011980520299451803,0.011320279249114789,0.013942128781055971,-0.010153520216612453,0.009999945333490386,-0.004749431032118577,0.013976674655135527,-0.004239964560479775,-0.009899455842951006,-0.007620454144154599,0.013081983623486134,0.013278921327520551,-0.012094031244411675,0.001931310583965519,0.01581316638926225,0.00948960054846726,0.011950144370661338,-0.005724502123395427,-0.013202192504445848,0.01974955977605177,0.01599990845482982,0.009863196999035234,-0.010381861802452156,0.015812567556168652,0.005807623507770993,-0.007950126091539613,0.009980815414234947,-0.0073877224204595094,0.019994308462804602,0.003932194975876404,-0.006004147772705864,0.017658729905757772,-0.008484791787555483,-0.010019602215367698,0.01399013828018724,-0.0064094297366529066,-0.006106854879664266,0.011763417012592078,0.013114729078729409,-0.0047457691285395075,0.01171361837912823,-0.0010572119212754504,0.003969886646095247,0.009886282154210838,0.005839473641920077,0.013994384766798583,0.007843565987861081,-0.004219536357177835,-0.004830822096094579,-0.002935725711823418,-0.006259764177233508,-0.002928614757163487,-0.0037493789937696935,0.009980483716896095,-0.008509533734949368,0.009896286035266771,-0.006312183171811397,0.0019905557589722385,-0.012095539600605054,0.007750712465207119,0.0156390197048063,-0.0034052058287411657,-0.006813197319566143,-0.009465566689554812,-0.005986781480973494,0.011780490379285819,0.009994452563159877,0.015776260990583723,0.003985986759475656,0.013690723287734546,-0.004751287183264879,-0.0019374210453914301,agent73,-0.8127440639001725
-0.7747440932069262,-0.004304819089973421,-0.004069490069052925,-0.01464418303703145,-0.009120447332520534,-0.004738472434314731,-0.007716856030454065,-0.006647120964533721,0.007780068183061767,0.007998554159818715,-0.006174830823493505,-0.010913204736775201,0.0019676178862353833,-0.006593405184442874,-0.009730946183779388,0.007994663083305367,-0.008015172924222925,1,0.011972087725656078,-0.004055063192448193,-0.011304918785848703,0.017205994151269936,-0.007422313456716878,0.009835401551585226,-0.006117218114310992,-0.002735791058004571,-0.0037628647590306416,0.005900200192826327,0.01595921616694179,0.011980520299451803,0.011320279249114789,0.013942128781055971,-0.010153520216612453,0.009999945333490386,-0.004749431032118577,0.013976674655135527,-0.004239964560479775,-0.009899455842951006,-0.007620454144154599,0.013081983623486134,0.013278921327520551,-0.012880840288964423,0.001931310583965519,0.01581316638926225,0.00948960054846726,0.011950144370661338,-0.005724502123395427,-0.013202192504445848,0.01974955977605177,0.01599990845482982,0.009863196999035234,-0.010381861802452156,0.015812567556168652,0.005807623507770993,-0.007950126091539613,0.009980815414234947,-0.0073877224204595094,0.019994308462804602,0.003932194975876404,-0.006004147772705864,0.017658729905757772,-0.008484791787555483,-0.010019602215367698,0.01399013828018724,-0.0064094297366529066,-0.006106854879664266,0.011763417012592078,0.013114729078729409,-0.0047457691285395075,0.01171361837912823,-0.0010572119212754504,0.003969886646095247,0.009886282154210838,0.005839473641920077,0.013994384766798583,0.007843565987861081,-0.004219536357177835,-0.004830822096094579,-0.002935725711823418,-0.006259764177233508,-0.002928614757163487,-0.0037493789937696935,0.009980483716896095,-0.008509533734949368,0.009896286035266771,-0.006312183171811397,0.0019905557589722385,-0.012095539600605054,0.007750712465207119,0.0156390197048063,-0.0034052058287411657,-0.006813197319566143,-0.009465566689554812,-0.005986781480973494,0.011780490379285819,0.009994452563159877,0.015776260990583723,0.003985986759475656,0.013690723287734546,-0.004751287183264879,-0.0019374210453914301,agent40,0.7839527927172426
-0.7747440932069262,-0.004304819089973421,-0.004069490069052925,-0.01464418303703145,-0.009120447332520534,-0.004738472434314731,-0.007716856030454065,-0.006647120964533721,0.007780068183061767,0.007998554159818715,-0.006174830823493505,-0.010913204736775201,0.0019676178862353833,-0.006593405184442874,-0.009730946183779388,0.007994663083305367,-0.008015172924222925,1,0.011972087725656078,-0.004055063192448193,-0.011304918785848703,0.017205994151269936,-0.007422313456716878,0.009835401551585226,-0.006117218114310992,-0.002735791058004571,-0.0037628647590306416,0.005900200192826327,0.01595921616694179,0.011980520299451803,0.011320279249114789,0.013942128781055971,-0.010153520216612453,0.009999945333490386,-0.004749431032118577,0.013976674655135527,-0.004239964560479775,-0.009899455842951006,-0.007620454144154599,0.013081983623486134,0.013278921327520551,-0.012880840288964423,0.001931310583965519,0.01581316638926225,0.00948960054846726,0.011950144370661338,-0.005724502123395427,-0.013202192504445848,0.01974955977605177,0.01599990845482982,0.009863196999035234,-0.010381861802452156,0.015812567556168652,0.005807623507770993,-0.007950126091539613,0.009980815414234947,-0.0073877224204595094,0.019994308462804602,0.003932194975876404,-0.006004147772705864,0.017658729905757772,-0.008484791787555483,-0.010019602215367698,0.01399013828018724,-0.0064094297366529066,-0.006106854879664266,0.011763417012592078,0.013114729078729409,-0.0047457691285395075,0.01171361837912823,-0.0010572119212754504,0.003969886646095247,0.009886282154210838,0.005839473641920077,0.013994384766798583,0.007843565987861081,-0.004219536357177835,-0.004830822096094579,-0.002935725711823418,-0.006259764177233508,-0.002928614757163487,-0.0037493789937696935,0.009980483716896095,-0.008509533734949368,0.009896286035266771,-0.006312183171811397,0.0019905557589722385,-0.012095539600605054,0.007750712465207119,0.0156390197048063,-0.0034052058287411657,-0.006813197319566143,-0.009465566689554812,-0.005986781480973494,0.011780490379285819,0.009994452563159877,0.015776260990583723,0.003985986759475656,0.013690723287734546,-0.004751287183264879,-0.0019374210453914301,agent16,-0.7747440932069262
-0.7757580698815812,-0.004304819089973421,-0.004069490069052925,-0.01464418303703145,-0.009120447332520534,-0.004738472434314731,-0.007716856030454065,-0.006647120964533721,0.007780068183061767,0.007998554159818715,-0.006174830823493505,-0.010913204736775201,0.0019676178862353833,-0.006593405184442874,-0.009730946183779388,0.007994663083305367,-0.008015172924222925,1,0.011972087725656078,-0.004055063192448193,-0.011304918785848703,0.017205994151269936,-0.007422313456716878,0.009835401551585226,-0.006117218114310992,-0.002735791058004571,-0.0037628647590306416,0.005900200192826327,0.01595921616694179,0.011980520299451803,0.011320279249114789,0.013942128781055971,-0.010153520216612453,0.009999945333490386,-0.004749431032118577,0.015973370903073273,-0.004239964560479775,-0.009899455842951006,-0.007620454144154599,0.013081983623486134,0.013278921327520551,-0.012880840288964423,0.001931310583965519,0.01581316638926225,0.00948960054846726,0.011950144370661338,-0.005724502123395427,-0.013202192504445848,0.01974955977605177,0.01599990845482982,0.009863196999035234,-0.010381861802452156,0.015812567556168652,0.005807623507770993,-0.007950126091539613,0.009980815414234947,-0.0073877224204595094,0.019994308462804602,0.003932194975876404,-0.006004147772705864,0.017658729905757772,-0.008484791787555483,-0.010019602215367698,0.01399013828018724,-0.0064094297366529066,-0.006106854879664266,0.011763417012592078,0.013114729078729409,-0.0047457691285395075,0.01171361837912823,-0.0010572119212754504,0.003969886646095247,0.009886282154210838,0.005839473641920077,0.013994384766798583,0.007843565987861081,-0.004219536357177835,-0.004830822096094579,-0.002935725711823418,-0.006259764177233508,-0.002928614757163487,-0.0037493789937696935,0.009980483716896095,-0.008509533734949368,0.009896286035266771,-0.006312183171811397,0.0019905557589722385,-0.012095539600605054,0.007750712465207119,0.0156390197048063,-0.0034052058287411657,-0.006813197319566143,-0.009465566689554812,-0.005986781480973494,0.011780490379285819,0.009994452563159877,0.015776260990583723,0.003985986759475656,0.013690723287734546,-0.004751287183264879,-0.0019374210453914301,agent34,-0.8560306488266008
-0.7767642447124048,-0.004304819089973421,-0.004069490069052925,-0.01464418303703145,-0.009120447332520534,-0.004738472434314731,-0.007716856030454065,-0.006647120964533721,0.007780068183061767,0.007998554159818715,-0.00662997907212777,-0.010913204736775201,0.0019676178862353833,-0.006593405184442874,-0.009730946183779388,0.007994663083305367,-0.008015172924222925,1,0.011972087725656078,-0.004055063192448193,-0.011304918785848703,0.017205994151269936,-0.007422313456716878,0.009835401551585226,-0.006117218114310992,-0.002735791058004571,-0.0037628647590306416,0.005900200192826327,0.01595921616694179,0.011980520299451803,0.011320279249114789,0.013942128781055971,-0.010153520216612453,0.009999945333490386,-0.004749431032118577,0.015973370903073273,-0.004239964560479775,-0.009899455842951006,-0.007620454144154599,0.013081983623486134,0.013278921327520551,-0.012880840288964423,0.001931310583965519,0.01581316638926225,0.00948960054846726,0.011950144370661338,-0.005724502123395427,-0.013202192504445848,0.01974955977605177,0.01599990845482982,0.009863196999035234,-0.010381861802452156,0.015812567556168652,0.005807623507770993,-0.007950126091539613,0.009980815414234947,-0.0073877224204595094,0.019994308462804602,0.003932194975876404,-0.006004147772705864,0.017658729905757772,-0.008484791787555483,-0.010019602215367698,0.01399013828018724,-0.0064094297366529066,-0.006106854879664266,0.011763417012592078,0.013114729078729409,-0.0047457691285395075,0.01171361837912823,-0.0010572119212754504,0.003969886646095247,0.009886282154210838,0.005839473641920077,0.013994384766798583,0.007843565987861081,-0.004219536357177835,-0.004830822096094579,-0.002935725711823418,-0.006259764177233508,-0.002928614757163487,-0.0037493789937696935,0.009980483716896095,-0.008509533734949368,0.009896286035266771,-0.006312183171811397,0.0019905557589722385,-0.012095539600605054,0.007750712465207119,0.0156390197048063,-0.0034052058287411657,-0.006813197319566143,-0.009465566689554812,-0.005986781480973494,0.011780490379285819,0.009994452563159877,0.015776260990583723,0.003985986759475656,0.013690723287734546,-0.004751287183264879,-0.0019374210453914301,agent9,0.9819971755184913
-0.7777722393754881,-0.004304819089973421,-0.004069490069052925,-0.01464418303703145,-0.009120447332520534,-0.004738472434314731,-0.007716856030454065,-0.006647120964533721,0.007780068183061767,0.007998554159818715,-0.00662997907212777,-0.010913204736775201,0.0019676178862353833,-0.006593405184442874,-0.009730946183779388,0.009993433928925391,-0.008015172924222925,1,0.011972087725656078,-0.004055063192448193,-0.011304918785848703,0.017205994151269936,-0.007422313456716878,0.009835401551585226,-0.006117218114310992,-0.002735791058004571,-0.0037628647590306416,0.005900200192826327,0.01595921616694179,0.011980520299451803,0.011320279249114789,0.013942128781055971,-0.010153520216612453,0.009999945333490386,-0.004749431032118577,0.015973370903073273,-0.004239964560479775,-0.009899455842951006,-0.007620454144154599,0.013081983623486134,0.013278921327520551,-0.012880840288964423,0.001931310583965519,0.01581316638926225,0.00948960054846726,0.011950144370661338,-0.005724502123395427,-0.013202192504445848,0.01974955977605177,0.01599990845482982,0.009863196999035234,-0.010381861802452156,0.015812567556168652,0.005807623507770993,-0.007950126091539613,0.009980815414234947,-0.0073877224204595094,0.019994308462804602,0.003932194975876404,-0.006004147772705864,0.017658729905757772,-0.008484791787555483,-0.010019602215367698,0.01399013828018724,-0.0064094297366529066,-0.006106854879664266,0.011763417012592078,0.013114729078729409,-0.0047457691285395075,0.01171361837912823,-0.0010572119212754504,0.003969886646095247,0.009886282154210838,0.005839473641920077,0.013994384766798583,0.007843565987861081,-0.004219536357177835,-0.004830822096094579,-0.002935725711823418,-0.006259764177233508,-0.002928614757163487,-0.0037493789937696935,0.009980483716896095,-0.008509533734949368,0.009896286035266771,-0.006312183171811397,0.0019905557589722385,-0.012095539600605054,0.007750712465207119,0.0156390197048063,-0.0034052058287411657,-0.006813197319566143,-0.009465566689554812,-0.005986781480973494,0.011780490379285819,0.009994452563159877,0.015776260990583723,0.003985986759475656,0.013690723287734546,-0.004751287183264879,-0.0019374210453914301,agent14,-0.7271829099184562
-0.778783544294274,-0.004304819089973421,-0.004069490069052925,-0.01464418303703145,-0.009120447332520534,-0.004738472434314731,-0.007716856030454065,-0.006647120964533721,0.007780068183061767,0.007998554159818715,-0.00662997907212777,-0.010913204736775201,0.0019676178862353833,-0.006593405184442874,-0.009730946183779388,0.009993433928925391,-0.008015172924222925,1,0.011972087725656078,-0.004055063192448193,-0.011724681718301634,0.017205994151269936,-0.007422313456716878,0.009835401551585226,-0.006117218114310992,-0.002735791058004571,-0.0037628647590306416,0.005900200192826327,0.01595921616694179,0.011980520299451803,0.011320279249114789,0.013942128781055971,-0.010153520216612453,0.009999945333490386,-0.004749431032118577,0.015973370903073273,-0.004239964560479775,-0.009899455842951006,-0.007620454144154599,0.013081983623486134,0.013278921327520551,-0.012880840288964423,0.001931310583965519,0.01581316638926225,0.00948960054846726,0.011950144370661338,-0.005724502123395427,-0.013202192504445848,0.01974955977605177,0.01599990845482982,0.009863196999035234,-0.010381861802452156,0.015812567556168652,0.005807623507770993,-0.007950126091539613,0.009980815414234947,-0.0073877224204595094,0.019994308462804602,0.003932194975876404,-0.006004147772705864,0.017658729905757772,-0.008484791787555483,-0.010019602215367698,0.01399013828018724,-0.0064094297366529066,-0.006106854879664266,0.011763417012592078,0.013114729078729409,-0.0047457691285395075,0.01171361837912823,-0.0010572119212754504,0.003969886646095247,0.009886282154210838,0.005839473641920077,0.013994384766798583,0.007843565987861081,-0.004219536357177835,-0.004830822096094579,-0.002935725711823418,-0.006259764177233508,-0.002928614757163487,-0.0037493789937696935,0.009980483716896095,-0.008509533734949368,0.009896286035266771,-0.006312183171811397,0.0019905557589722385,-0.012095539600605054,0.007750712465207119,0.0156390197048063,-0.0034052058287411657,-0.006813197319566143,-0.009465566689554812,-0.005986781480973494,0.011780490379285819,0.009994452563159877,0.015776260990583723,0.003985986759475656,0.013690723287734546,-0.004751287183264879,-0.0019374210453914301,agent19,1
-0.7797995035104409,-0.004304819089973421,-0.004069490069052925,-0.01464418303703145,-0.009120447332520534,-0.004738472434314731,-0.007716856030454065,-0.006647120964533721,0.007780068183061767,0.007998554159818715,-0.00662997907212777,-0.010913204736775201,0.0019676178862353833,-0.006593405184442874,-0.009730946183779388,0.009993433928925391,-0.008015172924222925,1,0.011972087725656078,-0.004055063192448193,-0.011724681718301634,0.017205994151269936,-0.007422313456716878,0.009835401551585226,-0.006117218114310992,-0.002735791058004571,-0.0037628647590306416,0.005900200192826327,0.01795408632770683,0.011980520299451803,0.011320279249114789,0.013942128781055971,-0.010153520216612453,0.009999945333490386,-0.004749431032118577,0.015973370903073273,-0.004239964560479775,-0.009899455842951006,-0.007620454144154599,0.013081983623486134,0.013278921327520551,-0.012880840288964423,0.001931310583965519,0.01581316638926225,0.00948960054846726,0.011950144370661338,-0.005724502123395427,-0.013202192504445848,0.01974955977605177,0.01599990845482982,0.009863196999035234,-0.010381861802452156,0.015812567556168652,0.005807623507770993,-0.007950126091539613,0.009980815414234947,-0.0073877224204595094,0.019994308462804602,0.003932194975876404,-0.006004147772705864,0.017658729905757772,-0.008484791787555483,-0.010019602215367698,0.01399013828018724,-0.0064094297366529066,-0.006106854879664266,0.011763417012592078,0.013114729078729409,-0.0047457691285395075,0.01171361837912823,-0.0010572119212754504,0.003969886646095247,0.009886282154210838,0.005839473641920077,0.013994384766798583,0.007843565987861081,-0.004219536357177835,-0.004830822096094579,-0.002935725711823418,-0.006259764177233508,-0.002928614757163487,-0.0037493789937696935,0.009980483716896095,-0.008509533734949368,0.009896286035266771,-0.006312183171811397,0.0019905557589722385,-0.012095539600605054,0.007750712465207119,0.0156390197048063,-0.0034052058287411657,-0.006813197319566143,-0.009465566689554812,-0.005986781480973494,0.011780490379285819,0.009994452563159877,0.015776260990583723,0.003985986759475656,0.013690723287734546,-0.004751287183264879,-0.0019374210453914301,agent27,-0.6774934733597948
-0.7808057632746181,-0.004304819089973421,-0.004069490069052925,-0.01464418303703145,-0.009120447332520534,-0.004738472434314731,-0.007716856030454065,-0.006647120964533721,0.007780068183061767,0.007998554159818715,-0.00662997907212777,-0.010913204736775201,0.0019676178862353833,-0.006593405184442874,-0.009730946183779388,0.009993433928925391,-0.008015172924222925,1,0.011972087725656078,-0.004055063192448193,-0.011724681718301634,0.017205994151269936,-0.007422313456716878,0.009835401551585226,-0.006117218114310992,-0.002735791058004571,-0.0037628647590306416,0.005900200192826327,0.01795408632770683,0.011980520299451803,0.011320279249114789,0.013942128781055971,-0.010153520216612453,0.009999945333490386,-0.004749431032118577,0.015973370903073273,-0.004239964560479775,-0.009899455842951006,-0.007620454144154599,0.013081983623486134,0.013278921327520551,-0.012880840288964423,0.001931310583965519,0.01581316638926225,0.00948960054846726,0.011950144370661338,-0.005724502123395427,-0.013202192504445848,0.01974955977605177,0.01599990845482982,0.009863196999035234,-0.010381861802452156,0.015812567556168652,0.005807623507770993,-0.007950126091539613,0.009980815414234947,-0.0073877224204595094,0.019994308462804602,0.003932194975876404,-0.006004147772705864,0.017658729905757772,-0.008484791787555483,-0.010019602215367698,0.01399013828018724,-0.0064094297366529066,-0.006106854879664266,0.011763417012592078,0.013114729078729409,-0.0047457691285395075,0.01171361837912823,-0.0010572119212754504,0.003969886646095247,0.009886282154210838,0.005839473641920077,0.013994384766798583,0.007843565987861081,-0.004219536357177835,-0.004830822096094579,-0.002935725711823418,-0.006675921040885502,-0.002928614757163487,-0.0037493789937696935,0.009980483716896095,-0.008509533734949368,0.009896286035266771,-0.006312183171811397,0.0019905557589722385,-0.012095539600605054,0.007750712465207119,0.0156390197048063,-0.0034052058287411657,-0.006813197319566143,-0.009465566689554812,-0.005986781480973494,0.011780490379285819,0.009994452563159877,0.015776260990583723,0.003985986759475656,0.013690723287734546,-0.004751287183264879,-0.0019374210453914301,agent78,1
-0.7818174879563364,-0.004304819089973421,-0.004069490069052925,-0.01464418303703145,-0.009120447332520534,-0.004738472434314731,-0.007716856030454065,-0.006647120964533721,0.007780068183061767,0.007998554159818715,-0.00662997907212777,-0.010913204736775201,0.0019676178862353833,-0.006593405184442874,-0.009730946183779388,0.009993433928925391,-0.008015172924222925,1,0.011972087725656078,-0.004055063192448193,-0.012139047135045586,0.017205994151269936,-0.007422313456716878,0.009835401551585226,-0.006117218114310992,-0.002735791058004571,-0.0037628647590306416,0.005900200192826327,0.01795408632770683,0.011980520299451803,0.011320279249114789,0.013942128781055971,-0.010153520216612453,0.009999945333490386,-0.004749431032118577,0.015973370903073273,-0.004239964560479775,-0.009899455842951006,-0.007620454144154599,0.013081983623486134,0.013278921327520551,-0.012880840288964423,0.001931310583965519,0.01581316638926225,0.00948960054846726,0.011950144370661338,-0.005724502123395427,-0.013202192504445848,0.01974955977605177,0.01599990845482982,0.009863196999035234,-0.010381861802452156,0.015812567556168652,0.005807623507770993,-0.007950126091539613,0.009980815414234947,-0.0073877224204595094,0.019994308462804602,0.003932194975876404,-0.006004147772705864,0.017658729905757772,-0.008484791787555483,-0.010019602215367698,0.01399013828018724,-0.0064094297366529066,-0.006106854879664266,0.011763417012592078,0.013114729078729409,-0.0047457691285395075,0.01171361837912823,-0.0010572119212754504,0.003969886646095247,0.009886282154210838,0.005839473641920077,0.013994384766798583,0.007843565987861081,-0.004219536357177835,-0.004830822096094579,-0.002935725711823418,-0.006675921040885502,-0.002928614757163487,-0.0037493789937696935,0.009980483716896095,-0.008509533734949368,0.009896286035266771,-0.006312183171811397,0.0019905557589722385,-0.012095539600605054,0.007750712465207119,0.0156390197048063,-0.0034052058287411657,-0.006813197319566143,-0.009465566689554812,-0.005986781480973494,0.011780490379285819,0.009994452563159877,0.015776260990583723,0.003985986759475656,0.013690723287734546,-0.004751287183264879,-0.0019374210453914301,agent19,1
-0.782822233725465,-0.004304819089973421,-0.004069490069052925,-0.01464418303703145,-0.009120447332520534,-0.004738472434314731,-0.007716856030454065,-0.006647120964533721,0.007780068183061767,0.007998554159818715,-0.00662997907212777,-0.010913204736775201,0.0019676178862353833,-0.006593405184442874,-0.009730946183779388,0.009993433928925391,-0.008015172924222925,1,0.011972087725656078,-0.004055063192448193,-0.012139047135045586,0.017205994151269936,-0.007422313456716878,0.009835401551585226,-0.006117218114310992,-0.002735791058004571,-0.0037628647590306416,0.005900200192826327,0.01795408632770683,0.011980520299451803,0.011320279249114789,0.013942128781055971,-0.010153520216612453,0.009999945333490386,-0.004749431032118577,0.015973370903073273,-0.004239964560479775,-0.009899455842951006,-0.007620454144154599,0.013081983623486134,0.013278921327520551,-0.012880840288964423,0.001931310583965519,0.01581316638926225,0.00948960054846726,0.011950144370661338,-0.005724502123395427,-0.013202192504445848,0.01974955977605177,0.01599990845482982,0.009863196999035234,-0.010381861802452156,0.015812567556168652,0.005807623507770993,-0.007950126091539613,0.009980815414234947,-0.0073877224204595094,0.019994308462804602,0.003932194975876404,-0.006004147772705864,0.017658729905757772,-0.008484791787555483,-0.010019602215367698,0.01399013828018724,-0.0064094297366529066,-0.006106854879664266,0.011763417012592078,0.013114729078729409,-0.005333036225917649,0.01171361837912823,-0.0010572119212754504,0.003969886646095247,0.009886282154210838,0.005839473641920077,0.013994384766798583,0.007843565987861081,-0.004219536357177835,-0.004830822096094579,-0.002935725711823418,-0.006675921040885502,-0.002928614757163487,-0.0037493789937696935,0.009980483716896095,-0.008509533734949368,0.009896286035266771,-0.006312183171811397,0.0019905557589722385,-0.012095539600605054,0.007750712465207119,0.0156390197048063,-0.0034052058287411657,-0.006813197319566143,-0.009465566689554812,-0.005986781480973494,0.011780490379285819,0.009994452563159877,0.015776260990583723,0.003985986759475656,0.013690723287734546,-0.004751287183264879,-0.0019374210453914301,agent67,0.8990947064320904
-0.7838326155872675,-0.004304819089973421,-0.004069490069052925,-0.01464418303703145,-0.009120447332520534,-0.004738472434314731,-0.007716856030454065,-0.006647120964533721,0.007780068183061767,0.007998554159818715,-0.00662997907212777,-0.010913204736775201,0.0019676178862353833,-0.006593405184442874,-0.009730946183779388,0.009993433928925391,-0.008015172924222925,1,0.011972087725656078,-0.004055063192448193,-0.012139047135045586,0.017205994151269936,-0.007422313456716878,0.009835401551585226,-0.006117218114310992,-0.002735791058004571,-0.0037628647590306416,0.005900200192826327,0.01795408632770683,0.011980520299451803,0.011320279249114789,0.013942128781055971,-0.010153520216612453,0.009999945333490386,-0.004749431032118577,0.015973370903073273,-0.004239964560479775,-0.009899455842951006,-0.007620454144154599,0.013081983623486134,0.013278921327520551,-0.012880840288964423,0.001931310583965519,0.01581316638926225,0.00948960054846726,0.011950144370661338,-0.005724502123395427,-0.013202192504445848,0.01974955977605177,0.01599990845482982,0.009863196999035234,-0.011047021239784965,0.015812567556168652,0.005807623507770993,-0.007950126091539613,0.009980815414234947,-0.0073877224204595094,0.019994308462804602,0.003932194975876404,-0.006004147772705864,0.017658729905757772,-0.008484791787555483,-0.010019602215367698,0.01399013828018724,-0.0064094297366529066,-0.006106854879664266,0.011763417012592078,0.013114729078729409,-0.005333036225917649,0.01171361837912823,-0.0010572119212754504,0.003969886646095247,0.009886282154210838,0.005839473641920077,0.013994384766798583,0.007843565987861081,-0.004219536357177835,-0.004830822096094579,-0.002935725711823418,-0.006675921040885502,-0.002928614757163487,-0.0037493789937696935,0.009980483716896095,-0.008509533734949368,0.009896286035266771,-0.006312183171811397,0.0019905557589722385,-0.012095539600605054,0.007750712465207119,0.0156390197048063,-0.0034052058287411657,-0.006813197319566143,-0.009465566689554812,-0.005986781480973494,0.011780490379285819,0.009994452563159877,0.015776260990583723,0.003985986759475656,0.013690723287734546,-0.004751287183264879,-0.0019374210453914301,agent50,0.8510936531348047
-0.7848411251210025,-0.004304819089973421,-0.004069490069052925,-0.01464418303703145,-0.009120447332520534,-0.004738472434314731,-0.007716856030454065,-0.006647120964533721,0.007780068183061767,0.007998554159818715,-0.00662997907212777,-0.010913204736775201,0.0019676178862353833,-0.006593405184442874,-0.009730946183779388,0.009993433928925391,-0.008015172924222925,1,0.011972087725656078,-0.004055063192448193,-0.012139047135045586,0.017205994151269936,-0.007422313456716878,0.009835401551585226,-0.006117218114310992,-0.002735791058004571,-0.0037628647590306416,0.005900200192826327,0.01795408632770683,0.011980520299451803,0.011320279249114789,0.013942128781055971,-0.010153520216612453,0.009999945333490386,-0.004749431032118577,0.015973370903073273,-0.004239964560479775,-0.009899455842951006,-0.007620454144154599,0.013081983623486134,0.013278921327520551,-0.012880840288964423,0.001931310583965519,0.01581316638926225,0.00948960054846726,0.011950144370661338,-0.005724502123395427,-0.013202192504445848,0.01974955977605177,0.01599990845482982,0.009863196999035234,-0.011047021239784965,0.015812567556168652,0.005807623507770993,-0.007950126091539613,0.009980815414234947,-0.0073877224204595094,0.019994308462804602,0.003932194975876404,-0.006004147772705864,0.017658729905757772,-0.008484791787555483,-0.010019602215367698,0.01399013828018724,-0.0064094297366529066,-0.006106854879664266,0.011763417012592078,0.013114729078729409,-0.005333036225917649,0.01171361837912823,-0.0010572119212754504,0.003969886646095247,0.009886282154210838,0.005839473641920077,0.013994384766798583,0.007843565987861081,-0.004219536357177835,-0.004830822096094579,-0.002935725711823418,-0.006675921040885502,-0.002928614757163487,-0.0037493789937696935,0.009980483716896095,-0.008918504334732912,0.009896286035266771,-0.006312183171811397,0.0019905557589722385,-0.012095539600605054,0.007750712465207119,0.0156390197048063,-0.0034052058287411657,-0.006813197319566143,-0.009465566689554812,-0.005986781480973494,0.011780490379285819,0.009994452563159877,0.015776260990583723,0.003985986759475656,0.013690723287734546,-0.004751287183264879,-0.0019374210453914301,agent82,1
-0.7858453650855629,-0.004304819089973421,-0.004069490069052925,-0.01464418303703145,-0.009120447332520534,-0.004738472434314731,-0.007716856030454065,-0.006647120964533721,0.007780068183061767,0.007998554159818715,-0.00662997907212777,-0.010913204736775201,0.0019676178862353833,-0.006593405184442874,-0.009730946183779388,0.009993433928925391,-0.008015172924222925,1,0.011972087725656078,-0.004055063192448193,-0.012139047135045586,0.017205994151269936,-0.007422313456716878,0.009835401551585226,-0.006117218114310992,-0.002735791058004571,-0.0037628647590306416,0.005900200192826327,0.01795408632770683,0.011980520299451803,0.011320279249114789,0.013942128781055971,-0.010153520216612453,0.009999945333490386,-0.004749431032118577,0.015973370903073273,-0.004647135639518172,-0.009899455842951006,-0.007620454144154599,0.013081983623486134,0.013278921327520551,-0.012880840288964423,0.001931310583965519,0.01581316638926225,0.00948960054846726,0.011950144370661338,-0.005724502123395427,-0.013202192504445848,0.01974955977605177,0.01599990845482982,0.009863196999035234,-0.011047021239784965,0.015812567556168652,0.005807623507770993,-0.007950126091539613,0.009980815414234947,-0.0073877224204595094,0.019994308462804602,0.003932194975876404,-0.006004147772705864,0.017658729905757772,-0.008484791787555483,-0.010019602215367698,0.01399013828018724,-0.0064094297366529066,-0.006106854879664266,0.011763417012592078,0.013114729078729409,-0.005333036225917649,0.01171361837912823,-0.0010572119212754504,0.003969886646095247,0.009886282154210838,0.005839473641920077,0.013994384766798583,0.007843565987861081,-0.004219536357177835,-0.004830822096094579,-0.002935725711823418,-0.006675921040885502,-0.002928614757163487,-0.0037493789937696935,0.009980483716896095,-0.008918504334732912,0.009896286035266771,-0.006312183171811397,0.0019905557589722385,-0.012095539600605054,0.007750712465207119,0.0156390197048063,-0.0034052058287411657,-0.006813197319566143,-0.009465566689554812,-0.005986781480973494,0.011780490379285819,0.009994452563159877,0.015776260990583723,0.003985986759475656,0.013690723287734546,-0.004751287183264879,-0.0019374210453914301,agent35,1
-0.7868544855328954,-0.004304819089973421,-0.004069490069052925,-0.01464418303703145,-0.010492442541360497,-0.004738472434314731,-0.007716856030454065,-0.006647120964533721,0.007780068183061767,0.007998554159818715,-0.00662997907212777,-0.010913204736775201,0.0019676178862353833,-0.006593405184442874,-0.009730946183779388,0.009993433928925391,-0.008015172924222925,1,0.011972087725656078,-0.004055063192448193,-0.012139047135045586,0.017205994151269936,-0.007422313456716878,0.009835401551585226,-0.006117218114310992,-0.002735791058004571,-0.0037628647590306416,0.005900200192826327,0.01795408632770683,0.011980520299451803,0.011320279249114789,0.013942128781055971,-0.010153520216612453,0.009999945333490386,-0.004749431032118577,0.015973370903073273,-0.004647135639518172,-0.009899455842951006,-0.007620454144154599,0.013081983623486134,0.013278921327520551,-0.012880840288964423,0.001931310583965519,0.01581316638926225,0.00948960054846726,0.011950144370661338,-0.005724502123395427,-0.013202192504445848,0.01974955977605177,0.01599990845482982,0.009863196999035234,-0.011047021239784965,0.015812567556168652,0.005807623507770993,-0.007950126091539613,0.009980815414234947,-0.0073877224204595094,0.019994308462804602,0.003932194975876404,-0.006004147772705864,0.017658729905757772,-0.008484791787555483,-0.010019602215367698,0.01399013828018724,-0.0064094297366529066,-0.006106854879664266,0.011763417012592078,0.013114729078729409,-0.005333036225917649,0.01171361837912823,-0.0010572119212754504,0.003969886646095247,0.009886282154210838,0.005839473641920077,0.013994384766798583,0.007843565987861081,-0.004219536357177835,-0.004830822096094579,-0.002935725711823418,-0.006675921040885502,-0.002928614757163487,-0.0037493789937696935,0.009980483716896095,-0.008918504334732912,0.009896286035266771,-0.006312183171811397,0.0019905557589722385,-0.012095539600605054,0.007750712465207119,0.0156390197048063,-0.0034052058287411657,-0.006813197319566143,-0.009465566689554812,-0.005986781480973494,0.011780490379285819,0.009994452563159877,0.015776260990583723,0.003985986759475656,0.013690723287734546,-0.004751287183264879,-0.0019374210453914301,agent3,0.3348729680919005
-0.7878578907387241,-0.004304819089973421,-0.004069490069052925,-0.01464418303703145,-0.010492442541360497,-0.004738472434314731,-0.007716856030454065,-0.006647120964533721,0.007780068183061767,0.007998554159818715,-0.00662997907212777,-0.010913204736775201,0.0019676178862353833,-0.006593405184442874,-0.009730946183779388,0.009993433928925391,-0.008015172924222925,1,0.011972087725656078,-0.004055063192448193,-0.012139047135045586,0.017205994151269936,-0.007422313456716878,0.009835401551585226,-0.006117218114310992,-0.002735791058004571,-0.0037628647590306416,0.005900200192826327,0.01795408632770683,0.011980520299451803,0.011320279249114789,0.013942128781055971,-0.010153520216612453,0.009999945333490386,-0.004749431032118577,0.015973370903073273,-0.004647135639518172,-0.009899455842951006,-0.007620454144154599,0.013081983623486134,0.013278921327520551,-0.012880840288964423,0.001931310583965519,0.01581316638926225,0.00948960054846726,0.011950144370661338,-0.005724502123395427,-0.013202192504445848,0.01974955977605177,0.01599990845482982,0.009863196999035234,-0.011047021239784965,0.015812567556168652,0.005807623507770993,-0.007950126091539613,0.009980815414234947,-0.0073877224204595094,0.019994308462804602,0.003932194975876404,-0.006004147772705864,0.017658729905757772,-0.008484791787555483,-0.010019602215367698,0.01399013828018724,-0.0064094297366529066,-0.006106854879664266,0.011763417012592078,0.013114729078729409,-0.005333036225917649,0.01171361837912823,-0.0010572119212754504,0.003969886646095247,0.009886282154210838,0.005839473641920077,0.013994384766798583,0.007843565987861081,-0.004219536357177835,-0.004830822096094579,-0.002935725711823418,-0.006675921040885502,-0.002928614757163487,-0.0037493789937696935,0.009980483716896095,-0.008918504334732912,0.009896286035266771,-0.006312183171811397,0.0019905557589722385,-0.012095539600605054,0.007750712465207119,0.0156390197048063,-0.0038087813525066517,-0.006813197319566143,-0.009465566689554812,-0.005986781480973494,0.011780490379285819,0.009994452563159877,0.015776260990583723,0.003985986759475656,0.013690723287734546,-0.004751287183264879,-0.0019374210453914301,agent89,1
-0.7888677261402758,-0.004304819089973421,-0.004069490069052925,-0.01464418303703145,-0.010492442541360497,-0.004738472434314731,-0.007716856030454065,-0.006647120964533721,0.007780068183061767,0.007998554159818715,-0.00662997907212777,-0.010913204736775201,0.0019676178862353833,-0.006593405184442874,-0.009730946183779388,0.009993433928925391,-0.008015172924222925,1,0.011972087725656078,-0.004055063192448193,-0.012139047135045586,0.017205994151269936,-0.007422313456716878,0.01180294207324998,-0.006117218114310992,-0.002735791058004571,-0.0037628647590306416,0.005900200192826327,0.01795408632770683,0.011980520299451803,0.011320279249114789,0.013942128781055971,-0.010153520216612453,0.009999945333490386,-0.004749431032118577,0.015973370903073273,-0.004647135639518172,-0.009899455842951006,-0.007620454144154599,0.013081983623486134,0.013278921327520551,-0.012880840288964423,0.001931310583965519,0.01581316638926225,0.00948960054846726,0.011950144370661338,-0.005724502123395427,-0.013202192504445848,0.01974955977605177,0.01599990845482982,0.009863196999035234,-0.011047021239784965,0.015812567556168652,0.005807623507770993,-0.007950126091539613,0.009980815414234947,-0.0073877224204595094,0.019994308462804602,0.003932194975876404,-0.006004147772705864,0.017658729905757772,-0.008484791787555483,-0.010019602215367698,0.01399013828018724,-0.0064094297366529066,-0.006106854879664266,0.011763417012592078,0.013114729078729409,-0.005333036225917649,0.01171361837912823,-0.0010572119212754504,0.003969886646095247,0.009886282154210838,0.005839473641920077,0.013994384766798583,0.007843565987861081,-0.004219536357177835,-0.004830822096094579,-0.002935725711823418,-0.006675921040885502,-0.002928614757163487,-0.0037493789937696935,0.009980483716896095,-0.008918504334732912,0.009896286035266771,-0.006312183171811397,0.0019905557589722385,-0.012095539600605054,0.007750712465207119,0.0156390197048063,-0.0038087813525066517,-0.006813197319566143,-0.009465566689554812,-0.005986781480973494,0.011780490379285819,0.009994452563159877,0.015776260990583723,0.003985986759475656,0.013690723287734546,-0.004751287183264879,-0.0019374210453914301,agent22,-0.5330659036777197
-0.7898774570864595,-0.004304819089973421,-0.004069490069052925,-0.01464418303703145,-0.010492442541360497,-0.004738472434314731,-0.007716856030454065,-0.006647120964533721,0.007780068183061767,0.007998554159818715,-0.00662997907212777,-0.010913204736775201,0.0019676178862353833,-0.006593405184442874,-0.010618668339566274,0.009993433928925391,-0.008015172924222925,1,0.011972087725656078,-0.004055063192448193,-0.012139047135045586,0.017205994151269936,-0.007422313456716878,0.01180294207324998,-0.006117218114310992,-0.002735791058004571,-0.0037628647590306416,0.005900200192826327,0.01795408632770683,0.011980520299451803,0.011320279249114789,0.013942128781055971,-0.010153520216612453,0.009999945333490386,-0.004749431032118577,0.015973370903073273,-0.004647135639518172,-0.009899455842951006,-0.007620454144154599,0.013081983623486134,0.013278921327520551,-0.012880840288964423,0.001931310583965519,0.01581316638926225,0.00948960054846726,0.011950144370661338,-0.005724502123395427,-0.013202192504445848,0.01974955977605177,0.01599990845482982,0.009863196999035234,-0.011047021239784965,0.015812567556168652,0.005807623507770993,-0.007950126091539613,0.009980815414234947,-0.0073877224204595094,0.019994308462804602,0.003932194975876404,-0.006004147772705864,0.017658729905757772,-0.008484791787555483,-0.010019602215367698,0.01399013828018724,-0.0064094297366529066,-0.006106854879664266,0.011763417012592078,0.013114729078729409,-0.005333036225917649,0.01171361837912823,-0.0010572119212754504,0.003969886646095247,0.009886282154210838,0.005839473641920077,0.013994384766798583,0.007843565987861081,-0.004219536357177835,-0.004830822096094579,-0.002935725711823418,-0.006675921040885502,-0.002928614757163487,-0.0037493789937696935,0.009980483716896095,-0.008918504334732912,0.009896286035266771,-0.006312183171811397,0.0019905557589722385,-0.012095539600605054,0.007750712465207119,0.0156390197048063,-0.0038087813525066517,-0.006813197319566143,-0.009465566689554812,-0.005986781480973494,0.011780490379285819,0.009994452563159877,0.015776260990583723,0.003985986759475656,0.013690723287734546,-0.004751287183264879,-0.0019374210453914301,agent13,0.7026267218635472
-0.7908895961335946,-0.004304819089973421,-0.004069490069052925,-0.01464418303703145,-0.010492442541360497,-0.004738472434314731,-0.007716856030454065,-0.006647120964533721,0.007780068183061767,0.007998554159818715,-0.00662997907212777,-0.010913204736775201,0.0019676178862353833,-0.006593405184442874,-0.010618668339566274,0.009993433928925391,-0.008015172924222925,1,0.011972087725656078,-0.004055063192448193,-0.01253721647935244,0.017205994151269936,-0.007422313456716878,0.01180294207324998,-0.006117218114310992,-0.002735791058004571,-0.0037628647590306416,0.005900200192826327,0.01795408632770683,0.011980520299451803,0.011320279249114789,0.013942128781055971,-0.010153520216612453,0.009999945333490386,-0.004749431032118577,0.015973370903073273,-0.004647135639518172,-0.009899455842951006,-0.007620454144154599,0.013081983623486134,0.013278921327520551,-0.012880840288964423,0.001931310583965519,0.01581316638926225,0.00948960054846726,0.011950144370661338,-0.005724502123395427,-0.013202192504445848,0.01974955977605177,0.01599990845482982,0.009863196999035234,-0.011047021239784965,0.015812567556168652,0.005807623507770993,-0.007950126091539613,0.009980815414234947,-0.0073877224204595094,0.019994308462804602,0.003932194975876404,-0.006004147772705864,0.017658729905757772,-0.008484791787555483,-0.010019602215367698,0.01399013828018724,-0.0064094297366529066,-0.006106854879664266,0.011763417012592078,0.013114729078729409,-0.005333036225917649,0.01171361837912823,-0.0010572119212754504,0.003969886646095247,0.009886282154210838,0.005839473641920077,0.013994384766798583,0.007843565987861081,-0.004219536357177835,-0.004830822096094579,-0.002935725711823418,-0.006675921040885502,-0.002928614757163487,-0.0037493789937696935,0.009980483716896095,-0.008918504334732912,0.009896286035266771,-0.006312183171811397,0.0019905557589722385,-0.012095539600605054,0.007750712465207119,0.0156390197048063,-0.0038087813525066517,-0.006813197319566143,-0.009465566689554812,-0.005986781480973494,0.011780490379285819,0.009994452563159877,0.015776260990583723,0.003985986759475656,0.013690723287734546,-0.004751287183264879,-0.0019374210453914301,agent19,1
-0.7919005093383313,-0.004304819089973421,-0.004069490069052925,-0.01464418303703145,-0.010492442541360497,-0.004738472434314731,-0.007716856030454065,-0.006647120964533721,0.007780068183061767,0.007998554159818715,-0.00662997907212777,-0.011309561964005427,0.0019676178862353833,-0.006593405184442874,-0.010618668339566274,0.009993433928925391,-0.008015172924222925,1,0.011972087725656078,-0.004055063192448193,-0.01253721647935244,0.017205994151269936,-0.007422313456716878,0.01180294207324998,-0.006117218114310992,-0.002735791058004571,-0.0037628647590306416,0.005900200192826327,0.01795408632770683,0.011980520299451803,0.011320279249114789,0.013942128781055971,-0.010153520216612453,0.009999945333490386,-0.004749431032118577,0.015973370903073273,-0.004647135639518172,-0.009899455842951006,-0.007620454144154599,0.013081983623486134,0.013278921327520551,-0.012880840288964423,0.001931310583965519,0.01581316638926225,0.00948960054846726,0.011950144370661338,-0.005724502123395427,-0.013202192504445848,0.01974955977605177,0.01599990845482982,0.009863196999035234,-0.011047021239784965,0.015812567556168652,0.005807623507770993,-0.007950126091539613,0.009980815414234947,-0.0073877224204595094,0.019994308462804602,0.003932194975876404,-0.006004147772705864,0.017658729905757772,-0.008484791787555483,-0.010019602215367698,0.01399013828018724,-0.0064094297366529066,-0.006106854879664266,0.011763417012592078,0.013114729078729409,-0.005333036225917649,0.01171361837912823,-0.0010572119212754504,0.003969886646095247,0.009886282154210838,0.005839473641920077,0.013994384766798583,0.007843565987861081,-0.004219536357177835,-0.004830822096094579,-0.002935725711823418,-0.006675921040885502,-0.002928614757163487,-0.0037493789937696935,0.009980483716896095,-0.008918504334732912,0.009896286035266771,-0.006312183171811397,0.0019905557589722385,-0.012095539600605054,0.007750712465207119,0.0156390197048063,-0.0038087813525066517,-0.006813197319566143,-0.009465566689554812,-0.005986781480973494,0.011780490379285819,0.009994452563159877,0.015776260990583723,0.003985986759475656,0.013690723287734546,-0.004751287183264879,-0.0019374210453914301,agent10,1
-0.7929079316517881,-0.004304819089973421,-0.004069490069052925,-0.01464418303703145,-0.010492442541360497,-0.004738472434314731,-0.007716856030454065,-0.006647120964533721,0.007780068183061767,0.007998554159818715,-0.00662997907212777,-0.011309561964005427,0.0019676178862353833,-0.006593405184442874,-0.010618668339566274,0.009993433928925391,-0.008015172924222925,1,0.011972087725656078,-0.004055063192448193,-0.01253721647935244,0.017205994151269936,-0.007916428060560544,0.01180294207324998,-0.006117218114310992,-0.002735791058004571,-0.0037628647590306416,0.005900200192826327,0.01795408632770683,0.011980520299451803,0.011320279249114789,0.013942128781055971,-0.010153520216612453,0.009999945333490386,-0.004749431032118577,0.015973370903073273,-0.004647135639518172,-0.009899455842951006,-0.007620454144154599,0.013081983623486134,0.013278921327520551,-0.012880840288964423,0.001931310583965519,0.01581316638926225,0.00948960054846726,0.011950144370661338,-0.005724502123395427,-0.013202192504445848,0.01974955977605177,0.01599990845482982,0.009863196999035234,-0.011047021239784965,0.015812567556168652,0.005807623507770993,-0.007950126091539613,0.009980815414234947,-0.0073877224204595094,0.019994308462804602,0.003932194975876404,-0.006004147772705864,0.017658729905757772,-0.008484791787555483,-0.010019602215367698,0.01399013828018724,-0.0064094297366529066,-0.006106854879664266,0.011763417012592078,0.013114729078729409,-0.005333036225917649,0.01171361837912823,-0.0010572119212754504,0.003969886646095247,0.009886282154210838,0.005839473641920077,0.013994384766798583,0.007843565987861081,-0.004219536357177835,-0.004830822096094579,-0.002935725711823418,-0.006675921040885502,-0.002928614757163487,-0.0037493789937696935,0.009980483716896095,-0.008918504334732912,0.009896286035266771,-0.006312183171811397,0.0019905557589722385,-0.012095539600605054,0.007750712465207119,0.0156390197048063,-0.0038087813525066517,-0.006813197319566143,-0.009465566689554812,-0.005986781480973494,0.011780490379285819,0.009994452563159877,0.015776260990583723,0.003985986759475656,0.013690723287734546,-0.004751287183264879,-0.0019374210453914301,agent21,0.9435449067761218
-0.7929079316517881,-0.004304819089973421,-0.004069490069052925,-0.01464418303703145,-0.010492442541360497,-0.004738472434314731,-0.007716856030454065,-0.006647120964533721,0.007780068183061767,0.007998554159818715,-0.00662997907212777,-0.011309561964005427,0.0019676178862353833,-0.006593405184442874,-0.010618668339566274,0.009993433928925391,-0.008015172924222925,1,0.011972087725656078,-0.004055063192448193,-0.01253721647935244,0.017205994151269936,-0.007916428060560544,0.01180294207324998,-0.006117218114310992,-0.002735791058004571,-0.0037628647590306416,0.005900200192826327,0.01795408632770683,0.011980520299451803,0.011320279249114789,0.013942128781055971,-0.010153520216612453,0.009999945333490386,-0.004749431032118577,0.015973370903073273,-0.004647135639518172,-0.009899455842951006,-0.007620454144154599,0.013081983623486134,0.013278921327520551,-0.012880840288964423,0.001931310583965519,0.01581316638926225,0.00948960054846726,0.011950144370661338,-0.005724502123395427,-0.013202192504445848,0.01974955977605177,0.01599990845482982,0.009863196999035234,-0.011047021239784965,0.015812567556168652,0.005807623507770993,-0.007950126091539613,0.009980815414234947,-0.0073877224204595094,0.019994308462804602,0.003932194975876404,-0.006004147772705864,0.017658729905757772,-0.008484791787555483,-0.010019602215367698,0.01399013828018724,-0.0064094297366529066,-0.006106854879664266,0.011763417012592078,0.013114729078729409,-0.005333036225917649,0.01171361837912823,-0.0010572119212754504,0.003969886646095247,0.009886282154210838,0.005839473641920077,0.013994384766798583,0.007843565987861081,-0.004219536357177835,-0.004830822096094579,-0.002935725711823418,-0.006675921040885502,-0.002928614757163487,-0.0037493789937696935,0.009980483716896095,-0.008918504334732912,0.009896286035266771,-0.006312183171811397,0.0019905557589722385,-0.012095539600605054,0.007750712465207119,0.0156390197048063,-0.0038087813525066517,-0.006813197319566143,-0.009465566689554812,-0.005986781480973494,0.011780490379285819,0.009994452563159877,0.015776260990583723,0.003985986759475656,0.013690723287734546,-0.004751287183264879,-0.0019374210453914301,agent16,-0.7929079316517881
-0.793917831107631,-0.004304819089973421,-0.004069490069052925,-0.01464418303703145,-0.010492442541360497,-0.004738472434314731,-0.007716856030454065,-0.006647120964533721,0.007780068183061767,0.007998554159818715,-0.00662997907212777,-0.011309561964005427,0.0019676178862353833,-0.006593405184442874,-0.010618668339566274,0.009993433928925391,-0.008015172924222925,1,0.011972087725656078,-0.004055063192448193,-0.01253721647935244,0.017205994151269936,-0.007916428060560544,0.01180294207324998,-0.006117218114310992,-0.002735791058004571,-0.0037628647590306416,0.005900200192826327,0.01795408632770683,0.011980520299451803,0.011320279249114789,0.013942128781055971,-0.010153520216612453,0.009999945333490386,-0.004749431032118577,0.015973370903073273,-0.004647135639518172,-0.010847626756842386,-0.007620454144154599,0.013081983623486134,0.013278921327520551,-0.012880840288964423,0.001931310583965519,0.01581316638926225,0.00948960054846726,0.011950144370661338,-0.005724502123395427,-0.013202192504445848,0.01974955977605177,0.01599990845482982,0.009863196999035234,-0.011047021239784965,0.015812567556168652,0.005807623507770993,-0.007950126091539613,0.009980815414234947,-0.0073877224204595094,0.019994308462804602,0.003932194975876404,-0.006004147772705864,0.017658729905757772,-0.008484791787555483,-0.010019602215367698,0.01399013828018724,-0.0064094297366529066,-0.006106854879664266,0.011763417012592078,0.013114729078729409,-0.005333036225917649,0.01171361837912823,-0.0010572119212754504,0.003969886646095247,0.009886282154210838,0.005839473641920077,0.013994384766798583,0.007843565987861081,-0.004219536357177835,-0.004830822096094579,-0.002935725711823418,-0.006675921040885502,-0.002928614757163487,-0.0037493789937696935,0.009980483716896095,-0.008918504334732912,0.009896286035266771,-0.006312183171811397,0.0019905557589722385,-0.012095539600605054,0.007750712465207119,0.0156390197048063,-0.0038087813525066517,-0.006813197319566143,-0.009465566689554812,-0.005986781480973494,0.011780490379285819,0.009994452563159877,0.015776260990583723,0.003985986759475656,0.013690723287734546,-0.004751287183264879,-0.0019374210453914301,agent36,0.657491383094754
-0.794923164143857,-0.004304819089973421,-0.004069490069052925,-0.01464418303703145,-0.010492442541360497,-0.004738472434314731,-0.007716856030454065,-0.006647120964533721,0.007780068183061767,0.007998554159818715,-0.00662997907212777,-0.011309561964005427,0.0019676178862353833,-0.006593405184442874,-0.010618668339566274,0.009993433928925391,-0.008015172924222925,1,0.011972087725656078,-0.004055063192448193,-0.01253721647935244,0.017205994151269936,-0.007916428060560544,0.01180294207324998,-0.006117218114310992,-0.002735791058004571,-0.0037628647590306416,0.005900200192826327,0.01795408632770683,0.011980520299451803,0.011320279249114789,0.013942128781055971,-0.010153520216612453,0.009999945333490386,-0.004749431032118577,0.015973370903073273,-0.004647135639518172,-0.010847626756842386,-0.007620454144154599,0.013081983623486134,0.013278921327520551,-0.012880840288964423,0.001931310583965519,0.01581316638926225,0.00948960054846726,0.011950144370661338,-0.005724502123395427,-0.013202192504445848,0.01974955977605177,0.01599990845482982,0.009863196999035234,-0.011047021239784965,0.015812567556168652,0.005807623507770993,-0.007950126091539613,0.009980815414234947,-0.0073877224204595094,0.019994308462804602,0.003932194975876404,-0.006004147772705864,0.017658729905757772,-0.008484791787555483,-0.010019602215367698,0.01399013828018724,-0.0064094297366529066,-0.006106854879664266,0.011763417012592078,0.013114729078729409,-0.005879231373451373,0.01171361837912823,-0.0010572119212754504,0.003969886646095247,0.009886282154210838,0.005839473641920077,0.013994384766798583,0.007843565987861081,-0.004219536357177835,-0.004830822096094579,-0.002935725711823418,-0.006675921040885502,-0.002928614757163487,-0.0037493789937696935,0.009980483716896095,-0.008918504334732912,0.009896286035266771,-0.006312183171811397,0.0019905557589722385,-0.012095539600605054,0.007750712465207119,0.0156390197048063,-0.0038087813525066517,-0.006813197319566143,-0.009465566689554812,-0.005986781480973494,0.011780490379285819,0.009994452563159877,0.015776260990583723,0.003985986759475656,0.013690723287734546,-0.004751287183264879,-0.0019374210453914301,agent67,0.9112536279933453
-0.795927233633926,-0.004304819089973421,-0.0044586154864628275,-0.01464418303703145,-0.010492442541360497,-0.004738472434314731,-0.007716856030454065,-0.006647120964533721,0.007780068183061767,0.007998554159818715,-0.00662997907212777,-0.011309561964005427,0.0019676178862353833,-0.006593405184442874,-0.010618668339566274,0.009993433928925391,-0.008015172924222925,1,0.011972087725656078,-0.004055063192448193,-0.01253721647935244,0.017205994151269936,-0.007916428060560544,0.01180294207324998,-0.006117218114310992,-0.002735791058004571,-0.0037628647590306416,0.005900200192826327,0.01795408632770683,0.011980520299451803,0.011320279249114789,0.013942128781055971,-0.010153520216612453,0.009999945333490386,-0.004749431032118577,0.015973370903073273,-0.004647135639518172,-0.010847626756842386,-0.007620454144154599,0.013081983623486134,0.013278921327520551,-0.012880840288964423,0.001931310583965519,0.01581316638926225,0.00948960054846726,0.011950144370661338,-0.005724502123395427,-0.013202192504445848,0.01974955977605177,0.01599990845482982,0.009863196999035234,-0.011047021239784965,0.015812567556168652,0.005807623507770993,-0.007950126091539613,0.009980815414234947,-0.0073877224204595094,0.019994308462804602,0.003932194975876404,-0.006004147772705864,0.017658729905757772,-0.008484791787555483,-0.010019602215367698,0.01399013828018724,-0.0064094297366529066,-0.006106854879664266,0.011763417012592078,0.013114729078729409,-0.005879231373451373,0.01171361837912823,-0.0010572119212754504,0.003969886646095247,0.009886282154210838,0.005839473641920077,0.013994384766798583,0.007843565987861081,-0.004219536357177835,-0.004830822096094579,-0.002935725711823418,-0.006675921040885502,-0.002928614757163487,-0.0037493789937696935,0.009980483716896095,-0.008918504334732912,0.009896286035266771,-0.006312183171811397,0.0019905557589722385,-0.012095539600605054,0.007750712465207119,0.0156390197048063,-0.0038087813525066517,-0.006813197319566143,-0.009465566689554812,-0.005986781480973494,0.011780490379285819,0.009994452563159877,0.015776260990583723,0.003985986759475656,0.013690723287734546,-0.004751287183264879,-0.0019374210453914301,agent1,1
-0.7969312886971185,-0.004304819089973421,-0.0044586154864628275,-0.01464418303703145,-0.010492442541360497,-0.004738472434314731,-0.007716856030454065,-0.006647120964533721,0.007780068183061767,0.007998554159818715,-0.00662997907212777,-0.011309561964005427,0.0019676178862353833,-0.006593405184442874,-0.010618668339566274,0.009993433928925391,-0.008015172924222925,1,0.011972087725656078,-0.00444238587819419,-0.01253721647935244,0.017205994151269936,-0.007916428060560544,0.01180294207324998,-0.006117218114310992,-0.002735791058004571,-0.0037628647590306416,0.005900200192826327,0.01795408632770683,0.011980520299451803,0.011320279249114789,0.013942128781055971,-0.010153520216612453,0.009999945333490386,-0.004749431032118577,0.015973370903073273,-0.004647135639518172,-0.010847626756842386,-0.007620454144154599,0.013081983623486134,0.013278921327520551,-0.012880840288964423,0.001931310583965519,0.01581316638926225,0.00948960054846726,0.011950144370661338,-0.005724502123395427,-0.013202192504445848,0.01974955977605177,0.01599990845482982,0.009863196999035234,-0.011047021239784965,0.015812567556168652,0.005807623507770993,-0.007950126091539613,0.009980815414234947,-0.0073877224204595094,0.019994308462804602,0.003932194975876404,-0.006004147772705864,0.017658729905757772,-0.008484791787555483,-0.010019602215367698,0.01399013828018724,-0.0064094297366529066,-0.006106854879664266,0.011763417012592078,0.013114729078729409,-0.005879231373451373,0.01171361837912823,-0.0010572119212754504,0.003969886646095247,0.009886282154210838,0.005839473641920077,0.013994384766798583,0.007843565987861081,-0.004219536357177835,-0.004830822096094579,-0.002935725711823418,-0.006675921040885502,-0.002928614757163487,-0.0037493789937696935,0.009980483716896095,-0.008918504334732912,0.009896286035266771,-0.006312183171811397,0.0019905557589722385,-0.012095539600605054,0.007750712465207119,0.0156390197048063,-0.0038087813525066517,-0.006813197319566143,-0.009465566689554812,-0.005986781480973494,0.011780490379285819,0.009994452563159877,0.015776260990583723,0.003985986759475656,0.013690723287734546,-0.004751287183264879,-0.0019374210453914301,agent18,1
-0.7979432607848441,-0.004304819089973421,-0.0044586154864628275,-0.01464418303703145,-0.010492442541360497,-0.004738472434314731,-0.007716856030454065,-0.006647120964533721,0.007780068183061767,0.007998554159818715,-0.00662997907212777,-0.011309561964005427,0.0019676178862353833,-0.006593405184442874,-0.010618668339566274,0.009993433928925391,-0.008015172924222925,1,0.013967456705348552,-0.00444238587819419,-0.01253721647935244,0.017205994151269936,-0.007916428060560544,0.01180294207324998,-0.006117218114310992,-0.002735791058004571,-0.0037628647590306416,0.005900200192826327,0.01795408632770683,0.011980520299451803,0.011320279249114789,0.013942128781055971,-0.010153520216612453,0.009999945333490386,-0.004749431032118577,0.015973370903073273,-0.004647135639518172,-0.010847626756842386,-0.007620454144154599,0.013081983623486134,0.013278921327520551,-0.012880840288964423,0.001931310583965519,0.01581316638926225,0.00948960054846726,0.011950144370661338,-0.005724502123395427,-0.013202192504445848,0.01974955977605177,0.01599990845482982,0.009863196999035234,-0.011047021239784965,0.015812567556168652,0.005807623507770993,-0.007950126091539613,0.009980815414234947,-0.0073877224204595094,0.019994308462804602,0.003932194975876404,-0.006004147772705864,0.017658729905757772,-0.008484791787555483,-0.010019602215367698,0.01399013828018724,-0.0064094297366529066,-0.006106854879664266,0.011763417012592078,0.013114729078729409,-0.005879231373451373,0.01171361837912823,-0.0010572119212754504,0.003969886646095247,0.009886282154210838,0.005839473641920077,0.013994384766798583,0.007843565987861081,-0.004219536357177835,-0.004830822096094579,-0.002935725711823418,-0.006675921040885502,-0.002928614757163487,-0.0037493789937696935,0.009980483716896095,-0.008918504334732912,0.009896286035266771,-0.006312183171811397,0.0019905557589722385,-0.012095539600605054,0.007750712465207119,0.0156390197048063,-0.0038087813525066517,-0.006813197319566143,-0.009465566689554812,-0.005986781480973494,0.011780490379285819,0.009994452563159877,0.015776260990583723,0.003985986759475656,0.013690723287734546,-0.004751287183264879,-0.0019374210453914301,agent17,-0.8931707848255407
-0.7989475656039341,-0.0046885191054726015,-0.0044586154864628275,-0.01464418303703145,-0.010492442541360497,-0.004738472434314731,-0.007716856030454065,-0.006647120964533721,0.007780068183061767,0.007998554159818715,-0.00662997907212777,-0.011309561964005427,0.0019676178862353833,-0.006593405184442874,-0.010618668339566274,0.009993433928925391,-0.008015172924222925,1,0.013967456705348552,-0.00444238587819419,-0.01253721647935244,0.017205994151269936,-0.007916428060560544,0.01180294207324998,-0.006117218114310992,-0.002735791058004571,-0.0037628647590306416,0.005900200192826327,0.01795408632770683,0.011980520299451803,0.011320279249114789,0.013942128781055971,-0.010153520216612453,0.009999945333490386,-0.004749431032118577,0.015973370903073273,-0.004647135639518172,-0.010847626756842386,-0.007620454144154599,0.013081983623486134,0.013278921327520551,-0.012880840288964423,0.001931310583965519,0.01581316638926225,0.00948960054846726,0.011950144370661338,-0.005724502123395427,-0.013202192504445848,0.01974955977605177,0.01599990845482982,0.009863196999035234,-0.011047021239784965,0.015812567556168652,0.005807623507770993,-0.007950126091539613,0.009980815414234947,-0.0073877224204595094,0.019994308462804602,0.003932194975876404,-0.006004147772705864,0.017658729905757772,-0.008484791787555483,-0.010019602215367698,0.01399013828018724,-0.0064094297366529066,-0.006106854879664266,0.011763417012592078,0.013114729078729409,-0.005879231373451373,0.01171361837912823,-0.0010572119212754504,0.003969886646095247,0.009886282154210838,0.005839473641920077,0.013994384766798583,0.007843565987861081,-0.004219536357177835,-0.004830822096094579,-0.002935725711823418,-0.006675921040885502,-0.002928614757163487,-0.0037493789937696935,0.009980483716896095,-0.008918504334732912,0.009896286035266771,-0.006312183171811397,0.0019905557589722385,-0.012095539600605054,0.007750712465207119,0.0156390197048063,-0.0038087813525066517,-0.006813197319566143,-0.009465566689554812,-0.005986781480973494,0.011780490379285819,0.009994452563159877,0.015776260990583723,0.003985986759475656,0.013690723287734546,-0.004751287183264879,-0.0019374210453914301,agent0,1
-0.7999593460943134,-0.0046885191054726015,-0.0044586154864628275,-0.01464418303703145,-0.010492442541360497,-0.004738472434314731,-0.007716856030454065,-0.006647120964533721,0.007780068183061767,0.007998554159818715,-0.00662997907212777,-0.011309561964005427,0.0019676178862353833,-0.006593405184442874,-0.010618668339566274,0.009993433928925391,-0.008015172924222925,1,0.013967456705348552,-0.00444238587819419,-0.01253721647935244,0.017205994151269936,-0.007916428060560544,0.01180294207324998,-0.006117218114310992,-0.002735791058004571,-0.0037628647590306416,0.005900200192826327,0.01795408632770683,0.011980520299451803,0.011320279249114789,0.013942128781055971,-0.010153520216612453,0.009999945333490386,-0.004749431032118577,0.015973370903073273,-0.004647135639518172,-0.010847626756842386,-0.007620454144154599,0.013081983623486134,0.013278921327520551,-0.012880840288964423,0.001931310583965519,0.01581316638926225,0.00948960054846726,0.011950144370661338,-0.005724502123395427,-0.013202192504445848,0.01974955977605177,0.01599990845482982,0.009863196999035234,-0.011047021239784965,0.015812567556168652,0.005807623507770993,-0.007950126091539613,0.009980815414234947,-0.0073877224204595094,0.019994308462804602,0.003932194975876404,-0.006004147772705864,0.017658729905757772,-0.008484791787555483,-0.010019602215367698,0.01399013828018724,-0.0064094297366529066,-0.006106854879664266,0.011763417012592078,0.013114729078729409,-0.005879231373451373,0.01171361837912823,-0.0010572119212754504,0.003969886646095247,0.009886282154210838,0.005839473641920077,0.013994384766798583,0.007843565987861081,-0.004219536357177835,-0.004830822096094579,-0.002935725711823418,-0.006675921040885502,-0.002928614757163487,-0.0037493789937696935,0.009980483716896095,-0.008918504334732912,0.009896286035266771,-0.006312183171811397,0.0019905557589722385,-0.012095539600605054,0.007750712465207119,0.0156390197048063,-0.0038087813525066517,-0.006813197319566143,-0.009465566689554812,-0.005986781480973494,0.013744037851625104,0.009994452563159877,0.015776260990583723,0.003985986759475656,0.013690723287734546,-0.004751287183264879,-0.0019374210453914301,agent93,-0.5289382040598807
-0.8009604033062346,-0.0046885191054726015,-0.0044586154864628275,-0.01464418303703145,-0.010492442541360497,-0.004738472434314731,-0.007716856030454065,-0.006647120964533721,0.007780068183061767,0.007998554159818715,-0.00662997907212777,-0.011309561964005427,0.0019676178862353833,-0.006593405184442874,-0.010618668339566274,0.009993433928925391,-0.008015172924222925,1,0.013967456705348552,-0.00444238587819419,-0.01253721647935244,0.017205994151269936,-0.007916428060560544,0.01180294207324998,-0.006117218114310992,-0.002735791058004571,-0.0037628647590306416,0.005900200192826327,0.01795408632770683,0.011980520299451803,0.011320279249114789,0.013942128781055971,-0.010153520216612453,0.009999945333490386,-0.004749431032118577,0.015973370903073273,-0.004647135639518172,-0.010847626756842386,-0.007620454144154599,0.013081983623486134,0.013278921327520551,-0.012880840288964423,0.001931310583965519,0.01581316638926225,0.00948960054846726,0.011950144370661338,-0.005724502123395427,-0.013202192504445848,0.01974955977605177,0.01599990845482982,0.009863196999035234,-0.011047021239784965,0.015812567556168652,0.005807623507770993,-0.007950126091539613,0.009980815414234947,-0.0073877224204595094,0.019994308462804602,0.003932194975876404,-0.006004147772705864,0.017658729905757772,-0.008484791787555483,-0.010019602215367698,0.01399013828018724,-0.0064094297366529066,-0.006106854879664266,0.011763417012592078,0.013114729078729409,-0.005879231373451373,0.01171361837912823,-0.001437285097479316,0.003969886646095247,0.009886282154210838,0.005839473641920077,0.013994384766798583,0.007843565987861081,-0.004219536357177835,-0.004830822096094579,-0.002935725711823418,-0.006675921040885502,-0.002928614757163487,-0.0037493789937696935,0.009980483716896095,-0.008918504334732912,0.009896286035266771,-0.006312183171811397,0.0019905557589722385,-0.012095539600605054,0.007750712465207119,0.0156390197048063,-0.0038087813525066517,-0.006813197319566143,-0.009465566689554812,-0.005986781480973494,0.013744037851625104,0.009994452563159877,0.015776260990583723,0.003985986759475656,0.013690723287734546,-0.004751287183264879,-0.0019374210453914301,agent69,1
-0.8019684018603944,-0.0046885191054726015,-0.0044586154864628275,-0.01464418303703145,-0.010492442541360497,-0.004738472434314731,-0.007716856030454065,-0.006647120964533721,0.007780068183061767,0.009998115768423053,-0.00662997907212777,-0.011309561964005427,0.0019676178862353833,-0.006593405184442874,-0.010618668339566274,0.009993433928925391,-0.008015172924222925,1,0.013967456705348552,-0.00444238587819419,-0.01253721647935244,0.017205994151269936,-0.007916428060560544,0.01180294207324998,-0.006117218114310992,-0.002735791058004571,-0.0037628647590306416,0.005900200192826327,0.01795408632770683,0.011980520299451803,0.011320279249114789,0.013942128781055971,-0.010153520216612453,0.009999945333490386,-0.004749431032118577,0.015973370903073273,-0.004647135639518172,-0.010847626756842386,-0.007620454144154599,0.013081983623486134,0.013278921327520551,-0.012880840288964423,0.001931310583965519,0.01581316638926225,0.00948960054846726,0.011950144370661338,-0.005724502123395427,-0.013202192504445848,0.01974955977605177,0.01599990845482982,0.009863196999035234,-0.011047021239784965,0.015812567556168652,0.005807623507770993,-0.007950126091539613,0.009980815414234947,-0.0073877224204595094,0.019994308462804602,0.003932194975876404,-0.006004147772705864,0.017658729905757772,-0.008484791787555483,-0.010019602215367698,0.01399013828018724,-0.0064094297366529066,-0.006106854879664266,0.011763417012592078,0.013114729078729409,-0.005879231373451373,0.01171361837912823,-0.001437285097479316,0.003969886646095247,0.009886282154210838,0.005839473641920077,0.013994384766798583,0.007843565987861081,-0.004219536357177835,-0.004830822096094579,-0.002935725711823418,-0.006675921040885502,-0.002928614757163487,-0.0037493789937696935,0.009980483716896095,-0.008918504334732912,0.009896286035266771,-0.006312183171811397,0.0019905557589722385,-0.012095539600605054,0.007750712465207119,0.0156390197048063,-0.0038087813525066517,-0.006813197319566143,-0.009465566689554812,-0.005986781480973494,0.013744037851625104,0.009994452563159877,0.015776260990583723,0.003985986759475656,0.013690723287734546,-0.004751287183264879,-0.0019374210453914301,agent8,-0.830570921561142
-0.8029728442462726,-0.0046885191054726015,-0.0044586154864628275,-0.01464418303703145,-0.010492442541360497,-0.004738472434314731,-0.007716856030454065,-0.006647120964533721,0.007780068183061767,0.009998115768423053,-0.00662997907212777,-0.011309561964005427,0.0019676178862353833,-0.006593405184442874,-0.010618668339566274,0.009993433928925391,-0.008015172924222925,1,0.013967456705348552,-0.0048188408175425385,-0.01253721647935244,0.017205994151269936,-0.007916428060560544,0.01180294207324998,-0.006117218114310992,-0.002735791058004571,-0.0037628647590306416,0.005900200192826327,0.01795408632770683,0.011980520299451803,0.011320279249114789,0.013942128781055971,-0.010153520216612453,0.009999945333490386,-0.004749431032118577,0.015973370903073273,-0.004647135639518172,-0.010847626756842386,-0.007620454144154599,0.013081983623486134,0.013278921327520551,-0.012880840288964423,0.001931310583965519,0.01581316638926225,0.00948960054846726,0.011950144370661338,-0.005724502123395427,-0.013202192504445848,0.01974955977605177,0.01599990845482982,0.009863196999035234,-0.011047021239784965,0.015812567556168652,0.005807623507770993,-0.007950126091539613,0.009980815414234947,-0.0073877224204595094,0.019994308462804602,0.003932194975876404,-0.006004147772705864,0.017658729905757772,-0.008484791787555483,-0.010019602215367698,0.01399013828018724,-0.0064094297366529066,-0.006106854879664266,0.011763417012592078,0.013114729078729409,-0.005879231373451373,0.01171361837912823,-0.001437285097479316,0.003969886646095247,0.009886282154210838,0.005839473641920077,0.013994384766798583,0.007843565987861081,-0.004219536357177835,-0.004830822096094579,-0.002935725711823418,-0.006675921040885502,-0.002928614757163487,-0.0037493789937696935,0.009980483716896095,-0.008918504334732912,0.009896286035266771,-0.006312183171811397,0.0019905557589722385,-0.012095539600605054,0.007750712465207119,0.0156390197048063,-0.0038087813525066517,-0.006813197319566143,-0.009465566689554812,-0.005986781480973494,0.013744037851625104,0.009994452563159877,0.015776260990583723,0.003985986759475656,0.013690723287734546,-0.004751287183264879,-0.0019374210453914301,agent18,1
-0.8039805949587377,-0.0046885191054726015,-0.0044586154864628275,-0.01464418303703145,-0.010492442541360497,-0.004738472434314731,-0.007716856030454065,-0.006647120964533721,0.007780068183061767,0.009998115768423053,-0.00662997907212777,-0.011309561964005427,0.0019676178862353833,-0.006593405184442874,-0.010618668339566274,0.009993433928925391,-0.008015172924222925,1,0.013967456705348552,-0.0048188408175425385,-0.01253721647935244,0.017205994151269936,-0.007916428060560544,0.01180294207324998,-0.006117218114310992,-0.002735791058004571,-0.0037628647590306416,0.005900200192826327,0.01795408632770683,0.011980520299451803,0.011320279249114789,0.013942128781055971,-0.010153520216612453,0.009999945333490386,-0.004749431032118577,0.015973370903073273,-0.004647135639518172,-0.010847626756842386,-0.007620454144154599,0.013081983623486134,0.013278921327520551,-0.012880840288964423,0.001931310583965519,0.01581316638926225,0.00948960054846726,0.011950144370661338,-0.005724502123395427,-0.013202192504445848,0.01974955977605177,0.01599990845482982,0.009863196999035234,-0.011047021239784965,0.015812567556168652,0.005807623507770993,-0.007950126091539613,0.009980815414234947,-0.0073877224204595094,0.019994308462804602,0.003932194975876404,-0.006004147772705864,0.017658729905757772,-0.008484791787555483,-0.010019602215367698,0.01399013828018724,-0.0064094297366529066,-0.006106854879664266,0.011763417012592078,0.013114729078729409,-0.005879231373451373,0.01171361837912823,-0.001437285097479316,0.003969886646095247,0.009886282154210838,0.005839473641920077,0.013994384766798583,0.007843565987861081,-0.004219536357177835,-0.004830822096094579,-0.002935725711823418,-0.006675921040885502,-0.002928614757163487,-0.0037493789937696935,0.009980483716896095,-0.008918504334732912,0.009896286035266771,-0.006312183171811397,0.0019905557589722385,-0.012095539600605054,0.00968954372663664,0.0156390197048063,-0.0038087813525066517,-0.006813197319566143,-0.009465566689554812,-0.005986781480973494,0.013744037851625104,0.009994452563159877,0.015776260990583723,0.003985986759475656,0.013690723287734546,-0.004751287183264879,-0.0019374210453914301,agent87,-0.4532050968181289
-0.8050003445185138,-0.0046885191054726015,-0.0044586154864628275,-0.01464418303703145,-0.010492442541360497,-0.004738472434314731,-0.007716856030454065,-0.006647120964533721,0.007780068183061767,0.009998115768423053,-0.00662997907212777,-0.011309561964005427,0.0019676178862353833,-0.006593405184442874,-0.010618668339566274,0.009993433928925391,-0.008015172924222925,1,0.013967456705348552,-0.0048188408175425385,-0.01253721647935244,0.017205994151269936,-0.007916428060560544,0.01180294207324998,-0.006117218114310992,-0.002735791058004571,-0.0037628647590306416,0.005900200192826327,0.01795408632770683,0.011980520299451803,0.011320279249114789,0.013942128781055971,-0.010153520216612453,0.009999945333490386,-0.004749431032118577,0.015973370903073273,-0.004647135639518172,-0.010847626756842386,-0.007620454144154599,0.013081983623486134,0.013278921327520551,-0.012880840288964423,0.001931310583965519,0.01581316638926225,0.00948960054846726,0.011950144370661338,-0.005724502123395427,-0.013202192504445848,0.02172441160222146,0.01599990845482982,0.009863196999035234,-0.011047021239784965,0.015812567556168652,0.005807623507770993,-0.007950126091539613,0.009980815414234947,-0.0073877224204595094,0.019994308462804602,0.003932194975876404,-0.006004147772705864,0.017658729905757772,-0.008484791787555483,-0.010019602215367698,0.01399013828018724,-0.0064094297366529066,-0.006106854879664266,0.011763417012592078,0.013114729078729409,-0.005879231373451373,0.01171361837912823,-0.001437285097479316,0.003969886646095247,0.009886282154210838,0.005839473641920077,0.013994384766798583,0.007843565987861081,-0.004219536357177835,-0.004830822096094579,-0.002935725711823418,-0.006675921040885502,-0.002928614757163487,-0.0037493789937696935,0.009980483716896095,-0.008918504334732912,0.009896286035266771,-0.006312183171811397,0.0019905557589722385,-0.012095539600605054,0.00968954372663664,0.0156390197048063,-0.0038087813525066517,-0.006813197319566143,-0.009465566689554812,-0.005986781480973494,0.013744037851625104,0.009994452563159877,0.015776260990583723,0.003985986759475656,0.013690723287734546,-0.004751287183264879,-0.0019374210453914301,agent47,-0.5797121226746781
-0.8060069379236983,-0.0046885191054726015,-0.0044586154864628275,-0.01464418303703145,-0.010492442541360497,-0.004738472434314731,-0.007716856030454065,-0.006647120964533721,0.007780068183061767,0.009998115768423053,-0.00662997907212777,-0.011309561964005427,0.0019676178862353833,-0.006964392062586897,-0.010618668339566274,0.009993433928925391,-0.008015172924222925,1,0.013967456705348552,-0.0048188408175425385,-0.01253721647935244,0.017205994151269936,-0.007916428060560544,0.01180294207324998,-0.006117218114310992,-0.002735791058004571,-0.0037628647590306416,0.005900200192826327,0.01795408632770683,0.011980520299451803,0.011320279249114789,0.013942128781055971,-0.010153520216612453,0.009999945333490386,-0.004749431032118577,0.015973370903073273,-0.004647135639518172,-0.010847626756842386,-0.007620454144154599,0.013081983623486134,0.013278921327520551,-0.012880840288964423,0.001931310583965519,0.01581316638926225,0.00948960054846726,0.011950144370661338,-0.005724502123395427,-0.013202192504445848,0.02172441160222146,0.01599990845482982,0.009863196999035234,-0.011047021239784965,0.015812567556168652,0.005807623507770993,-0.007950126091539613,0.009980815414234947,-0.0073877224204595094,0.019994308462804602,0.003932194975876404,-0.006004147772705864,0.017658729905757772,-0.008484791787555483,-0.010019602215367698,0.01399013828018724,-0.0064094297366529066,-0.006106854879664266,0.011763417012592078,0.013114729078729409,-0.005879231373451373,0.01171361837912823,-0.001437285097479316,0.003969886646095247,0.009886282154210838,0.005839473641920077,0.013994384766798583,0.007843565987861081,-0.004219536357177835,-0.004830822096094579,-0.002935725711823418,-0.006675921040885502,-0.002928614757163487,-0.0037493789937696935,0.009980483716896095,-0.008918504334732912,0.009896286035266771,-0.006312183171811397,0.0019905557589722385,-0.012095539600605054,0.00968954372663664,0.0156390197048063,-0.0038087813525066517,-0.006813197319566143,-0.009465566689554812,-0.005986781480973494,0.013744037851625104,0.009994452563159877,0.015776260990583723,0.003985986759475656,0.013690723287734546,-0.004751287183264879,-0.0019374210453914301,agent12,1
-0.8070132501068701,-0.0046885191054726015,-0.0044586154864628275,-0.01464418303703145,-0.010492442541360497,-0.004738472434314731,-0.007716856030454065,-0.006647120964533721,0.007780068183061767,0.009998115768423053,-0.00662997907212777,-0.011309561964005427,0.0019676178862353833,-0.006964392062586897,-0.010618668339566274,0.009993433928925391,-0.008015172924222925,1,0.013967456705348552,-0.0048188408175425385,-0.01253721647935244,0.017205994151269936,-0.007916428060560544,0.01180294207324998,-0.006117218114310992,-0.002735791058004571,-0.0037628647590306416,0.005900200192826327,0.01795408632770683,0.011980520299451803,0.011320279249114789,0.013942128781055971,-0.010153520216612453,0.009999945333490386,-0.004749431032118577,0.015973370903073273,-0.004647135639518172,-0.010847626756842386,-0.007620454144154599,0.013081983623486134,0.013278921327520551,-0.012880840288964423,0.001931310583965519,0.01581316638926225,0.00948960054846726,0.011950144370661338,-0.005724502123395427,-0.013202192504445848,0.02172441160222146,0.01599990845482982,0.009863196999035234,-0.011047021239784965,0.015812567556168652,0.005807623507770993,-0.007950126091539613,0.009980815414234947,-0.0073877224204595094,0.019994308462804602,0.003932194975876404,-0.006004147772705864,0.017658729905757772,-0.008484791787555483,-0.010019602215367698,0.01399013828018724,-0.0064094297366529066,-0.006106854879664266,0.011763417012592078,0.013114729078729409,-0.005879231373451373,0.01171361837912823,-0.001437285097479316,0.003969886646095247,0.009886282154210838,0.005839473641920077,0.013994384766798583,0.007843565987861081,-0.004219536357177835,-0.004830822096094579,-0.002935725711823418,-0.006675921040885502,-0.002928614757163487,-0.0037493789937696935,0.009980483716896095,-0.008918504334732912,0.009896286035266771,-0.0071459048379410835,0.0019905557589722385,-0.012095539600605054,0.00968954372663664,0.0156390197048063,-0.0038087813525066517,-0.006813197319566143,-0.009465566689554812,-0.005986781480973494,0.013744037851625104,0.009994452563159877,0.015776260990583723,0.003985986759475656,0.013690723287734546,-0.004751287183264879,-0.0019374210453914301,agent84,0.7212640490791413
-0.8080152177247564,-0.0046885191054726015,-0.0044586154864628275,-0.01464418303703145,-0.010492442541360497,-0.004738472434314731,-0.007716856030454065,-0.006647120964533721,0.007780068183061767,0.009998115768423053,-0.00662997907212777,-0.011309561964005427,0.003948995943418227,-0.006964392062586897,-0.010618668339566274,0.009993433928925391,-0.008015172924222925,1,0.013967456705348552,-0.0048188408175425385,-0.01253721647935244,0.017205994151269936,-0.007916428060560544,0.01180294207324998,-0.006117218114310992,-0.002735791058004571,-0.0037628647590306416,0.005900200192826327,0.01795408632770683,0.011980520299451803,0.011320279249114789,0.013942128781055971,-0.010153520216612453,0.009999945333490386,-0.004749431032118577,0.015973370903073273,-0.004647135639518172,-0.010847626756842386,-0.007620454144154599,0.013081983623486134,0.013278921327520551,-0.012880840288964423,0.001931310583965519,0.01581316638926225,0.00948960054846726,0.011950144370661338,-0.005724502123395427,-0.013202192504445848,0.02172441160222146,0.01599990845482982,0.009863196999035234,-0.011047021239784965,0.015812567556168652,0.005807623507770993,-0.007950126091539613,0.009980815414234947,-0.0073877224204595094,0.019994308462804602,0.003932194975876404,-0.006004147772705864,0.017658729905757772,-0.008484791787555483,-0.010019602215367698,0.01399013828018724,-0.0064094297366529066,-0.006106854879664266,0.011763417012592078,0.013114729078729409,-0.005879231373451373,0.01171361837912823,-0.001437285097479316,0.003969886646095247,0.009886282154210838,0.005839473641920077,0.013994384766798583,0.007843565987861081,-0.004219536357177835,-0.004830822096094579,-0.002935725711823418,-0.006675921040885502,-0.002928614757163487,-0.0037493789937696935,0.009980483716896095,-0.008918504334732912,0.009896286035266771,-0.0071459048379410835,0.0019905557589722385,-0.012095539600605054,0.00968954372663664,0.0156390197048063,-0.0038087813525066517,-0.006813197319566143,-0.009465566689554812,-0.005986781480973494,0.013744037851625104,0.009994452563159877,0.015776260990583723,0.003985986759475656,0.013690723287734546,-0.004751287183264879,-0.0019374210453914301,agent11,-1
-0.8090369421363586,-0.0046885191054726015,-0.0044586154864628275,-0.01464418303703145,-0.010492442541360497,-0.004738472434314731,-0.007716856030454065,-0.006647120964533721,0.007780068183061767,0.009998115768423053,-0.00662997907212777,-0.011309561964005427,0.003948995943418227,-0.006964392062586897,-0.010618668339566274,0.009993433928925391,-0.008015172924222925,1,0.013967456705348552,-0.0048188408175425385,-0.01253721647935244,0.017205994151269936,-0.007916428060560544,0.01180294207324998,-0.006117218114310992,-0.002735791058004571,-0.0037628647590306416,0.005900200192826327,0.01795408632770683,0.011980520299451803,0.011320279249114789,0.013942128781055971,-0.010153520216612453,0.009999945333490386,-0.004749431032118577,0.015973370903073273,-0.004647135639518172,-0.010847626756842386,-0.007620454144154599,0.013081983623486134,0.013278921327520551,-0.012880840288964423,0.001931310583965519,0.01581316638926225,0.00948960054846726,0.011950144370661338,-0.005724502123395427,-0.013202192504445848,0.02369903481357071,0.01599990845482982,0.009863196999035234,-0.011047021239784965,0.015812567556168652,0.005807623507770993,-0.007950126091539613,0.009980815414234947,-0.0073877224204595094,0.019994308462804602,0.003932194975876404,-0.006004147772705864,0.017658729905757772,-0.008484791787555483,-0.010019602215367698,0.01399013828018724,-0.0064094297366529066,-0.006106854879664266,0.011763417012592078,0.013114729078729409,-0.005879231373451373,0.01171361837912823,-0.001437285097479316,0.003969886646095247,0.009886282154210838,0.005839473641920077,0.013994384766798583,0.007843565987861081,-0.004219536357177835,-0.004830822096094579,-0.002935725711823418,-0.006675921040885502,-0.002928614757163487,-0.0037493789937696935,0.009980483716896095,-0.008918504334732912,0.009896286035266771,-0.0071459048379410835,0.0019905557589722385,-0.012095539600605054,0.00968954372663664,0.0156390197048063,-0.0038087813525066517,-0.006813197319566143,-0.009465566689554812,-0.005986781480973494,0.013744037851625104,0.009994452563159877,0.015776260990583723,0.003985986759475656,0.013690723287734546,-0.004751287183264879,-0.0019374210453914301,agent47,-0.5827296715805477
-0.8100447857023464,-0.0046885191054726015,-0.0044586154864628275,-0.01464418303703145,-0.010492442541360497,-0.004738472434314731,-0.007716856030454065,-0.006647120964533721,0.007780068183061767,0.009998115768423053,-0.00662997907212777,-0.011309561964005427,0.003948995943418227,-0.006964392062586897,-0.010618668339566274,0.009993433928925391,-0.008015172924222925,1,0.013967456705348552,-0.0048188408175425385,-0.01253721647935244,0.017205994151269936,-0.007916428060560544,0.01180294207324998,-0.006117218114310992,-0.002735791058004571,-0.0037628647590306416,0.005900200192826327,0.01795408632770683,0.011980520299451803,0.011320279249114789,0.013942128781055971,-0.010153520216612453,0.009999945333490386,-0.004749431032118577,0.015973370903073273,-0.004647135639518172,-0.010847626756842386,-0.007620454144154599,0.013081983623486134,0.013278921327520551,-0.012880840288964423,0.001931310583965519,0.01581316638926225,0.00948960054846726,0.011950144370661338,-0.005724502123395427,-0.013202192504445848,0.02369903481357071,0.01599990845482982,0.009863196999035234,-0.011047021239784965,0.015812567556168652,0.005807623507770993,-0.007950126091539613,0.009980815414234947,-0.0073877224204595094,0.019994308462804602,0.003932194975876404,-0.006004147772705864,0.017658729905757772,-0.008484791787555483,-0.010019602215367698,0.01399013828018724,-0.0064094297366529066,-0.006106854879664266,0.011763417012592078,0.013114729078729409,-0.005879231373451373,0.01171361837912823,-0.001437285097479316,0.003969886646095247,0.009886282154210838,0.005839473641920077,0.013994384766798583,0.009825332543126765,-0.004219536357177835,-0.004830822096094579,-0.002935725711823418,-0.006675921040885502,-0.002928614757163487,-0.0037493789937696935,0.009980483716896095,-0.008918504334732912,0.009896286035266771,-0.0071459048379410835,0.0019905557589722385,-0.012095539600605054,0.00968954372663664,0.0156390197048063,-0.0038087813525066517,-0.006813197319566143,-0.009465566689554812,-0.005986781480973494,0.013744037851625104,0.009994452563159877,0.015776260990583723,0.003985986759475656,0.013690723287734546,-0.004751287183264879,-0.0019374210453914301,agent74,-1
-0.8110587278311274,-0.0046885191054726015,-0.0044586154864628275,-0.01464418303703145,-0.010492442541360497,-0.004738472434314731,-0.007716856030454065,-0.006647120964533721,0.007780068183061767,0.009998115768423053,-0.00662997907212777,-0.011309561964005427,0.003948995943418227,-0.006964392062586897,-0.010618668339566274,0.009993433928925391,-0.008015172924222925,1,0.013967456705348552,-0.0048188408175425385,-0.01253721647935244,0.017205994151269936,-0.007916428060560544,0.01180294207324998,-0.006117218114310992,-0.002735791058004571,-0.0037628647590306416,0.005900200192826327,0.01795408632770683,0.011980520299451803,0.011320279249114789,0.015933674038026816,-0.010153520216612453,0.009999945333490386,-0.004749431032118577,0.015973370903073273,-0.004647135639518172,-0.010847626756842386,-0.007620454144154599,0.013081983623486134,0.013278921327520551,-0.012880840288964423,0.001931310583965519,0.01581316638926225,0.00948960054846726,0.011950144370661338,-0.005724502123395427,-0.013202192504445848,0.02369903481357071,0.01599990845482982,0.009863196999035234,-0.011047021239784965,0.015812567556168652,0.005807623507770993,-0.007950126091539613,0.009980815414234947,-0.0073877224204595094,0.019994308462804602,0.003932194975876404,-0.006004147772705864,0.017658729905757772,-0.008484791787555483,-0.010019602215367698,0.01399013828018724,-0.0064094297366529066,-0.006106854879664266,0.011763417012592078,0.013114729078729409,-0.005879231373451373,0.01171361837912823,-0.001437285097479316,0.003969886646095247,0.009886282154210838,0.005839473641920077,0.013994384766798583,0.009825332543126765,-0.004219536357177835,-0.004830822096094579,-0.002935725711823418,-0.006675921040885502,-0.002928614757163487,-0.0037493789937696935,0.009980483716896095,-0.008918504334732912,0.009896286035266771,-0.0071459048379410835,0.0019905557589722385,-0.012095539600605054,0.00968954372663664,0.0156390197048063,-0.0038087813525066517,-0.006813197319566143,-0.009465566689554812,-0.005986781480973494,0.013744037851625104,0.009994452563159877,0.015776260990583723,0.003985986759475656,0.013690723287734546,-0.004751287183264879,-0.0019374210453914301,agent30,-0.9400812654236579
-0.8120697748523672,-0.0046885191054726015,-0.0044586154864628275,-0.01464418303703145,-0.010492442541360497,-0.004738472434314731,-0.007716856030454065,-0.006647120964533721,0.007780068183061767,0.009998115768423053,-0.00662997907212777,-0.011309561964005427,0.003948995943418227,-0.006964392062586897,-0.010618668339566274,0.009993433928925391,-0.008015172924222925,1,0.013967456705348552,-0.0048188408175425385,-0.01253721647935244,0.017205994151269936,-0.007916428060560544,0.01180294207324998,-0.006117218114310992,-0.002735791058004571,-0.0037628647590306416,0.005900200192826327,0.01795408632770683,0.011980520299451803,0.011320279249114789,0.015933674038026816,-0.010153520216612453,0.009999945333490386,-0.004749431032118577,0.015973370903073273,-0.004647135639518172,-0.010847626756842386,-0.007620454144154599,0.013081983623486134,0.013278921327520551,-0.012880840288964423,0.001931310583965519,0.01581316638926225,0.00948960054846726,0.011950144370661338,-0.005724502123395427,-0.013202192504445848,0.02369903481357071,0.01599990845482982,0.009863196999035234,-0.011618224914991645,0.015812567556168652,0.005807623507770993,-0.007950126091539613,0.009980815414234947,-0.0073877224204595094,0.019994308462804602,0.003932194975876404,-0.006004147772705864,0.017658729905757772,-0.008484791787555483,-0.010019602215367698,0.01399013828018724,-0.0064094297366529066,-0.006106854879664266,0.011763417012592078,0.013114729078729409,-0.005879231373451373,0.01171361837912823,-0.001437285097479316,0.003969886646095247,0.009886282154210838,0.005839473641920077,0.013994384766798583,0.009825332543126765,-0.004219536357177835,-0.004830822096094579,-0.002935725711823418,-0.006675921040885502,-0.002928614757163487,-0.0037493789937696935,0.009980483716896095,-0.008918504334732912,0.009896286035266771,-0.0071459048379410835,0.0019905557589722385,-0.012095539600605054,0.00968954372663664,0.0156390197048063,-0.0038087813525066517,-0.006813197319566143,-0.009465566689554812,-0.005986781480973494,0.013744037851625104,0.009994452563159877,0.015776260990583723,0.003985986759475656,0.013690723287734546,-0.004751287183264879,-0.0019374210453914301,agent50,0.8793828267890378
-0.8130855511133578,-0.0046885191054726015,-0.0044586154864628275,-0.01464418303703145,-0.010492442541360497,-0.004738472434314731,-0.007716856030454065,-0.006647120964533721,0.007780068183061767,0.009998115768423053,-0.00662997907212777,-0.011309561964005427,0.003948995943418227,-0.006964392062586897,-0.010618668339566274,0.009993433928925391,-0.008015172924222925,1,0.013967456705348552,-0.0048188408175425385,-0.01253721647935244,0.017205994151269936,-0.007916428060560544,0.01180294207324998,-0.006117218114310992,-0.002735791058004571,-0.0037628647590306416,0.005900200192826327,0.01795408632770683,0.011980520299451803,0.011320279249114789,0.015933674038026816,-0.010153520216612453,0.009999945333490386,-0.004749431032118577,0.015973370903073273,-0.004647135639518172,-0.010847626756842386,-0.007620454144154599,0.013081983623486134,0.013278921327520551,-0.012880840288964423,0.001931310583965519,0.01581316638926225,0.00948960054846726,0.011950144370661338,-0.005724502123395427,-0.013202192504445848,0.02369903481357071,0.01599990845482982,0.009863196999035234,-0.011618224914991645,0.015812567556168652,0.005807623507770993,-0.007950126091539613,0.009980815414234947,-0.0073877224204595094,0.019994308462804602,0.003932194975876404,-0.006004147772705864,0.017658729905757772,-0.008484791787555483,-0.010019602215367698,0.01399013828018724,-0.0064094297366529066,-0.006106854879664266,0.011763417012592078,0.013114729078729409,-0.005879231373451373,0.01171361837912823,-0.001437285097479316,0.003969886646095247,0.009886282154210838,0.005839473641920077,0.013994384766798583,0.009825332543126765,-0.004219536357177835,-0.004830822096094579,-0.002935725711823418,-0.006675921040885502,-0.002928614757163487,-0.0037493789937696935,0.009980483716896095,-0.008918504334732912,0.009896286035266771,-0.0071459048379410835,0.0019905557589722385,-0.012095539600605054,0.00968954372663664,0.0156390197048063,-0.0038087813525066517,-0.006813197319566143,-0.009465566689554812,-0.005986781480973494,0.013744037851625104,0.009994452563159877,0.017758602105821704,0.003985986759475656,0.013690723287734546,-0.004751287183264879,-0.0019374210453914301,agent95,-1
-0.8140902396324633,-0.005044879497644587,-0.0044586154864628275,-0.01464418303703145,-0.010492442541360497,-0.004738472434314731,-0.007716856030454065,-0.006647120964533721,0.007780068183061767,0.009998115768423053,-0.00662997907212777,-0.011309561964005427,0.003948995943418227,-0.006964392062586897,-0.010618668339566274,0.009993433928925391,-0.008015172924222925,1,0.013967456705348552,-0.0048188408175425385,-0.01253721647935244,0.017205994151269936,-0.007916428060560544,0.01180294207324998,-0.006117218114310992,-0.002735791058004571,-0.0037628647590306416,0.005900200192826327,0.01795408632770683,0.011980520299451803,0.011320279249114789,0.015933674038026816,-0.010153520216612453,0.009999945333490386,-0.004749431032118577,0.015973370903073273,-0.004647135639518172,-0.010847626756842386,-0.007620454144154599,0.013081983623486134,0.013278921327520551,-0.012880840288964423,0.001931310583965519,0.01581316638926225,0.00948960054846726,0.011950144370661338,-0.005724502123395427,-0.013202192504445848,0.02369903481357071,0.01599990845482982,0.009863196999035234,-0.011618224914991645,0.015812567556168652,0.005807623507770993,-0.007950126091539613,0.009980815414234947,-0.0073877224204595094,0.019994308462804602,0.003932194975876404,-0.006004147772705864,0.017658729905757772,-0.008484791787555483,-0.010019602215367698,0.01399013828018724,-0.0064094297366529066,-0.006106854879664266,0.011763417012592078,0.013114729078729409,-0.005879231373451373,0.01171361837912823,-0.001437285097479316,0.003969886646095247,0.009886282154210838,0.005839473641920077,0.013994384766798583,0.009825332543126765,-0.004219536357177835,-0.004830822096094579,-0.002935725711823418,-0.006675921040885502,-0.002928614757163487,-0.0037493789937696935,0.009980483716896095,-0.008918504334732912,0.009896286035266771,-0.0071459048379410835,0.0019905557589722385,-0.012095539600605054,0.00968954372663664,0.0156390197048063,-0.0038087813525066517,-0.006813197319566143,-0.009465566689554812,-0.005986781480973494,0.013744037851625104,0.009994452563159877,0.017758602105821704,0.003985986759475656,0.013690723287734546,-0.004751287183264879,-0.0019374210453914301,agent0,1
-0.8150921709430473,-0.005044879497644587,-0.0044586154864628275,-0.01464418303703145,-0.010492442541360497,-0.004738472434314731,-0.007716856030454065,-0.006647120964533721,0.007780068183061767,0.009998115768423053,-0.00662997907212777,-0.011309561964005427,0.003948995943418227,-0.006964392062586897,-0.010618668339566274,0.009993433928925391,-0.008015172924222925,1,0.013967456705348552,-0.0048188408175425385,-0.01253721647935244,0.017205994151269936,-0.007916428060560544,0.01180294207324998,-0.006117218114310992,-0.002735791058004571,-0.0037628647590306416,0.005900200192826327,0.01795408632770683,0.011980520299451803,0.011320279249114789,0.015933674038026816,-0.010153520216612453,0.009999945333490386,-0.004749431032118577,0.015973370903073273,-0.004647135639518172,-0.010847626756842386,-0.007620454144154599,0.013081983623486134,0.013278921327520551,-0.012880840288964423,0.003914029364465561,0.01581316638926225,0.00948960054846726,0.011950144370661338,-0.005724502123395427,-0.013202192504445848,0.02369903481357071,0.01599990845482982,0.009863196999035234,-0.011618224914991645,0.015812567556168652,0.005807623507770993,-0.007950126091539613,0.009980815414234947,-0.0073877224204595094,0.019994308462804602,0.003932194975876404,-0.006004147772705864,0.017658729905757772,-0.008484791787555483,-0.010019602215367698,0.01399013828018724,-0.0064094297366529066,-0.006106854879664266,0.011763417012592078,0.013114729078729409,-0.005879231373451373,0.01171361837912823,-0.001437285097479316,0.003969886646095247,0.009886282154210838,0.005839473641920077,0.013994384766798583,0.009825332543126765,-0.004219536357177835,-0.004830822096094579,-0.002935725711823418,-0.006675921040885502,-0.002928614757163487,-0.0037493789937696935,0.009980483716896095,-0.008918504334732912,0.009896286035266771,-0.0071459048379410835,0.0019905557589722385,-0.012095539600605054,0.00968954372663664,0.0156390197048063,-0.0038087813525066517,-0.006813197319566143,-0.009465566689554812,-0.005986781480973494,0.013744037851625104,0.009994452563159877,0.017758602105821704,0.003985986759475656,0.013690723287734546,-0.004751287183264879,-0.0019374210453914301,agent41,-1
-0.8161034912222964,-0.005044879497644587,-0.0044586154864628275,-0.01464418303703145,-0.010492442541360497,-0.004738472434314731,-0.007716856030454065,-0.006647120964533721,0.007780068183061767,0.009998115768423053,-0.00662997907212777,-0.011309561964005427,0.003948995943418227,-0.006964392062586897,-0.010618668339566274,0.009993433928925391,-0.008015172924222925,1,0.013967456705348552,-0.0048188408175425385,-0.01253721647935244,0.017205994151269936,-0.007916428060560544,0.01180294207324998,-0.006117218114310992,-0.002735791058004571,-0.0037628647590306416,0.005900200192826327,0.01795408632770683,0.011980520299451803,0.013303183796491511,0.015933674038026816,-0.010153520216612453,0.009999945333490386,-0.004749431032118577,0.015973370903073273,-0.004647135639518172,-0.010847626756842386,-0.007620454144154599,0.013081983623486134,0.013278921327520551,-0.012880840288964423,0.003914029364465561,0.01581316638926225,0.00948960054846726,0.011950144370661338,-0.005724502123395427,-0.013202192504445848,0.02369903481357071,0.01599990845482982,0.009863196999035234,-0.011618224914991645,0.015812567556168652,0.005807623507770993,-0.007950126091539613,0.009980815414234947,-0.0073877224204595094,0.019994308462804602,0.003932194975876404,-0.006004147772705864,0.017658729905757772,-0.008484791787555483,-0.010019602215367698,0.01399013828018724,-0.0064094297366529066,-0.006106854879664266,0.011763417012592078,0.013114729078729409,-0.005879231373451373,0.01171361837912823,-0.001437285097479316,0.003969886646095247,0.009886282154210838,0.005839473641920077,0.013994384766798583,0.009825332543126765,-0.004219536357177835,-0.004830822096094579,-0.002935725711823418,-0.006675921040885502,-0.002928614757163487,-0.0037493789937696935,0.009980483716896095,-0.008918504334732912,0.009896286035266771,-0.0071459048379410835,0.0019905557589722385,-0.012095539600605054,0.00968954372663664,0.0156390197048063,-0.0038087813525066517,-0.006813197319566143,-0.009465566689554812,-0.005986781480973494,0.013744037851625104,0.009994452563159877,0.017758602105821704,0.003985986759475656,0.013690723287734546,-0.004751287183264879,-0.0019374210453914301,agent29,-1
-0.817110138343261,-0.005044879497644587,-0.0044586154864628275,-0.01464418303703145,-0.010492442541360497,-0.004738472434314731,-0.007716856030454065,-0.006998005019118815,0.007780068183061767,0.009998115768423053,-0.00662997907212777,-0.011309561964005427,0.003948995943418227,-0.006964392062586897,-0.010618668339566274,0.009993433928925391,-0.008015172924222925,1,0.013967456705348552,-0.0048188408175425385,-0.01253721647935244,0.017205994151269936,-0.007916428060560544,0.01180294207324998,-0.006117218114310992,-0.002735791058004571,-0.0037628647590306416,0.005900200192826327,0.01795408632770683,0.011980520299451803,0.013303183796491511,0.015933674038026816,-0.010153520216612453,0.009999945333490386,-0.004749431032118577,0.015973370903073273,-0.004647135639518172,-0.010847626756842386,-0.007620454144154599,0.013081983623486134,0.013278921327520551,-0.012880840288964423,0.003914029364465561,0.01581316638926225,0.00948960054846726,0.011950144370661338,-0.005724502123395427,-0.013202192504445848,0.02369903481357071,0.01599990845482982,0.009863196999035234,-0.011618224914991645,0.015812567556168652,0.005807623507770993,-0.007950126091539613,0.009980815414234947,-0.0073877224204595094,0.019994308462804602,0.003932194975876404,-0.006004147772705864,0.017658729905757772,-0.008484791787555483,-0.010019602215367698,0.01399013828018724,-0.0064094297366529066,-0.006106854879664266,0.011763417012592078,0.013114729078729409,-0.005879231373451373,0.01171361837912823,-0.001437285097479316,0.003969886646095247,0.009886282154210838,0.005839473641920077,0.013994384766798583,0.009825332543126765,-0.004219536357177835,-0.004830822096094579,-0.002935725711823418,-0.006675921040885502,-0.002928614757163487,-0.0037493789937696935,0.009980483716896095,-0.008918504334732912,0.009896286035266771,-0.0071459048379410835,0.0019905557589722385,-0.012095539600605054,0.00968954372663664,0.0156390197048063,-0.0038087813525066517,-0.006813197319566143,-0.009465566689554812,-0.005986781480973494,0.013744037851625104,0.009994452563159877,0.017758602105821704,0.003985986759475656,0.013690723287734546,-0.004751287183264879,-0.0019374210453914301,agent6,1
-0.8181162451981406,-0.005044879497644587,-0.0044586154864628275,-0.01464418303703145,-0.010492442541360497,-0.004738472434314731,-0.007716856030454065,-0.006998005019118815,0.007780068183061767,0.009998115768423053,-0.00662997907212777,-0.011309561964005427,0.003948995943418227,-0.006964392062586897,-0.010618668339566274,0.009993433928925391,-0.008015172924222925,1,0.013967456705348552,-0.0048188408175425385,-0.01253721647935244,0.017205994151269936,-0.007916428060560544,0.01180294207324998,-0.006117218114310992,-0.002735791058004571,-0.0037628647590306416,0.005900200192826327,0.01795408632770683,0.011980520299451803,0.013303183796491511,0.015933674038026816,-0.010153520216612453,0.009999945333490386,-0.004749431032118577,0.015973370903073273,-0.004647135639518172,-0.010847626756842386,-0.007620454144154599,0.013081983623486134,0.013278921327520551,-0.012880840288964423,0.003914029364465561,0.01581316638926225,0.00948960054846726,0.011950144370661338,-0.005724502123395427,-0.013202192504445848,0.02369903481357071,0.01599990845482982,0.009863196999035234,-0.011618224914991645,0.015812567556168652,0.005807623507770993,-0.007950126091539613,0.009980815414234947,-0.0073877224204595094,0.019994308462804602,0.003932194975876404,-0.006004147772705864,0.017658729905757772,-0.008484791787555483,-0.010019602215367698,0.01399013828018724,-0.0064094297366529066,-0.006455910252229333,0.011763417012592078,0.013114729078729409,-0.005879231373451373,0.01171361837912823,-0.001437285097479316,0.003969886646095247,0.009886282154210838,0.005839473641920077,0.013994384766798583,0.009825332543126765,-0.004219536357177835,-0.004830822096094579,-0.002935725711823418,-0.006675921040885502,-0.002928614757163487,-0.0037493789937696935,0.009980483716896095,-0.008918504334732912,0.009896286035266771,-0.0071459048379410835,0.0019905557589722385,-0.012095539600605054,0.00968954372663664,0.0156390197048063,-0.0038087813525066517,-0.006813197319566143,-0.009465566689554812,-0.005986781480973494,0.013744037851625104,0.009994452563159877,0.017758602105821704,0.003985986759475656,0.013690723287734546,-0.004751287183264879,-0.0019374210453914301,agent64,1
-0.819122124429514,-0.005044879497644587,-0.0044586154864628275,-0.01464418303703145,-0.010492442541360497,-0.004738472434314731,-0.007716856030454065,-0.006998005019118815,0.007780068183061767,0.009998115768423053,-0.00662997907212777,-0.011309561964005427,0.003948995943418227,-0.006964392062586897,-0.010618668339566274,0.009993433928925391,-0.008015172924222925,1,0.013967456705348552,-0.0048188408175425385,-0.01253721647935244,0.017205994151269936,-0.007916428060560544,0.01180294207324998,-0.006117218114310992,-0.002735791058004571,-0.0037628647590306416,0.005900200192826327,0.01795408632770683,0.011980520299451803,0.013303183796491511,0.015933674038026816,-0.010153520216612453,0.009999945333490386,-0.004749431032118577,0.015973370903073273,-0.004647135639518172,-0.010847626756842386,-0.007620454144154599,0.013081983623486134,0.013278921327520551,-0.012880840288964423,0.003914029364465561,0.01581316638926225,0.00948960054846726,0.011950144370661338,-0.005724502123395427,-0.013202192504445848,0.02369903481357071,0.01599990845482982,0.009863196999035234,-0.011618224914991645,0.015812567556168652,0.005807623507770993,-0.007950126091539613,0.009980815414234947,-0.0073877224204595094,0.019994308462804602,0.003932194975876404,-0.006004147772705864,0.017658729905757772,-0.008484791787555483,-0.010019602215367698,0.01399013828018724,-0.0064094297366529066,-0.006455910252229333,0.011763417012592078,0.013114729078729409,-0.006343476623958663,0.01171361837912823,-0.001437285097479316,0.003969886646095247,0.009886282154210838,0.005839473641920077,0.013994384766798583,0.009825332543126765,-0.004219536357177835,-0.004830822096094579,-0.002935725711823418,-0.006675921040885502,-0.002928614757163487,-0.0037493789937696935,0.009980483716896095,-0.008918504334732912,0.009896286035266771,-0.0071459048379410835,0.0019905557589722385,-0.012095539600605054,0.00968954372663664,0.0156390197048063,-0.0038087813525066517,-0.006813197319566143,-0.009465566689554812,-0.005986781480973494,0.013744037851625104,0.009994452563159877,0.017758602105821704,0.003985986759475656,0.013690723287734546,-0.004751287183264879,-0.0019374210453914301,agent67,0.9344560069459524
-0.8201271693090116,-0.005390276845850113,-0.0044586154864628275,-0.01464418303703145,-0.010492442541360497,-0.004738472434314731,-0.007716856030454065,-0.006998005019118815,0.007780068183061767,0.009998115768423053,-0.00662997907212777,-0.011309561964005427,0.003948995943418227,-0.006964392062586897,-0.010618668339566274,0.009993433928925391,-0.008015172924222925,1,0.013967456705348552,-0.0048188408175425385,-0.01253721647935244,0.017205994151269936,-0.007916428060560544,0.01180294207324998,-0.006117218114310992,-0.002735791058004571,-0.0037628647590306416,0.005900200192826327,0.01795408632770683,0.011980520299451803,0.013303183796491511,0.015933674038026816,-0.010153520216612453,0.009999945333490386,-0.004749431032118577,0.015973370903073273,-0.004647135639518172,-0.010847626756842386,-0.007620454144154599,0.013081983623486134,0.013278921327520551,-0.012880840288964423,0.003914029364465561,0.01581316638926225,0.00948960054846726,0.011950144370661338,-0.005724502123395427,-0.013202192504445848,0.02369903481357071,0.01599990845482982,0.009863196999035234,-0.011618224914991645,0.015812567556168652,0.005807623507770993,-0.007950126091539613,0.009980815414234947,-0.0073877224204595094,0.019994308462804602,0.003932194975876404,-0.006004147772705864,0.017658729905757772,-0.008484791787555483,-0.010019602215367698,0.01399013828018724,-0.0064094297366529066,-0.006455910252229333,0.011763417012592078,0.013114729078729409,-0.006343476623958663,0.01171361837912823,-0.001437285097479316,0.003969886646095247,0.009886282154210838,0.005839473641920077,0.013994384766798583,0.009825332543126765,-0.004219536357177835,-0.004830822096094579,-0.002935725711823418,-0.006675921040885502,-0.002928614757163487,-0.0037493789937696935,0.009980483716896095,-0.008918504334732912,0.009896286035266771,-0.0071459048379410835,0.0019905557589722385,-0.012095539600605054,0.00968954372663664,0.0156390197048063,-0.0038087813525066517,-0.006813197319566143,-0.009465566689554812,-0.005986781480973494,0.013744037851625104,0.009994452563159877,0.017758602105821704,0.003985986759475656,0.013690723287734546,-0.004751287183264879,-0.0019374210453914301,agent0,1
-0.8211319205961949,-0.005390276845850113,-0.0044586154864628275,-0.01464418303703145,-0.010492442541360497,-0.004738472434314731,-0.007716856030454065,-0.006998005019118815,0.007780068183061767,0.009998115768423053,-0.00662997907212777,-0.011309561964005427,0.003948995943418227,-0.006964392062586897,-0.010618668339566274,0.009993433928925391,-0.008015172924222925,1,0.013967456705348552,-0.0048188408175425385,-0.01253721647935244,0.017205994151269936,-0.007916428060560544,0.01180294207324998,-0.006117218114310992,-0.002735791058004571,-0.0037628647590306416,0.005900200192826327,0.01795408632770683,0.011980520299451803,0.013303183796491511,0.015933674038026816,-0.010153520216612453,0.009999945333490386,-0.004749431032118577,0.015973370903073273,-0.004647135639518172,-0.010847626756842386,-0.007620454144154599,0.013081983623486134,0.013278921327520551,-0.012880840288964423,0.003914029364465561,0.01581316638926225,0.00948960054846726,0.011950144370661338,-0.005724502123395427,-0.013202192504445848,0.02369903481357071,0.01599990845482982,0.009863196999035234,-0.011618224914991645,0.015812567556168652,0.005807623507770993,-0.007950126091539613,0.009980815414234947,-0.0073877224204595094,0.019994308462804602,0.003932194975876404,-0.006004147772705864,0.017658729905757772,-0.008484791787555483,-0.010019602215367698,0.01399013828018724,-0.0064094297366529066,-0.006455910252229333,0.011763417012592078,0.013114729078729409,-0.006343476623958663,0.01171361837912823,-0.001437285097479316,0.003969886646095247,0.009886282154210838,0.005839473641920077,0.013994384766798583,0.009825332543126765,-0.004219536357177835,-0.004830822096094579,-0.002935725711823418,-0.006675921040885502,-0.002928614757163487,-0.0037493789937696935,0.009980483716896095,-0.008918504334732912,0.009896286035266771,-0.0071459048379410835,0.0019905557589722385,-0.012095539600605054,0.00968954372663664,0.0156390197048063,-0.0038087813525066517,-0.006813197319566143,-0.009465566689554812,-0.005986781480973494,0.013744037851625104,0.009994452563159877,0.017758602105821704,0.003985986759475656,0.013690723287734546,-0.005185379647814841,-0.0019374210453914301,agent98,0.9495663270061202
-0.8221465647792319,-0.005390276845850113,-0.0044586154864628275,-0.01500578867315679,-0.010492442541360497,-0.004738472434314731,-0.007716856030454065,-0.006998005019118815,0.007780068183061767,0.009998115768423053,-0.00662997907212777,-0.011309561964005427,0.003948995943418227,-0.006964392062586897,-0.010618668339566274,0.009993433928925391,-0.008015172924222925,1,0.013967456705348552,-0.0048188408175425385,-0.01253721647935244,0.017205994151269936,-0.007916428060560544,0.01180294207324998,-0.006117218114310992,-0.002735791058004571,-0.0037628647590306416,0.005900200192826327,0.01795408632770683,0.011980520299451803,0.013303183796491511,0.015933674038026816,-0.010153520216612453,0.009999945333490386,-0.004749431032118577,0.015973370903073273,-0.004647135639518172,-0.010847626756842386,-0.007620454144154599,0.013081983623486134,0.013278921327520551,-0.012880840288964423,0.003914029364465561,0.01581316638926225,0.00948960054846726,0.011950144370661338,-0.005724502123395427,-0.013202192504445848,0.02369903481357071,0.01599990845482982,0.009863196999035234,-0.011618224914991645,0.015812567556168652,0.005807623507770993,-0.007950126091539613,0.009980815414234947,-0.0073877224204595094,0.019994308462804602,0.003932194975876404,-0.006004147772705864,0.017658729905757772,-0.008484791787555483,-0.010019602215367698,0.01399013828018724,-0.0064094297366529066,-0.006455910252229333,0.011763417012592078,0.013114729078729409,-0.006343476623958663,0.01171361837912823,-0.001437285097479316,0.003969886646095247,0.009886282154210838,0.005839473641920077,0.013994384766798583,0.009825332543126765,-0.004219536357177835,-0.004830822096094579,-0.002935725711823418,-0.006675921040885502,-0.002928614757163487,-0.0037493789937696935,0.009980483716896095,-0.008918504334732912,0.009896286035266771,-0.0071459048379410835,0.0019905557589722385,-0.012095539600605054,0.00968954372663664,0.0156390197048063,-0.0038087813525066517,-0.006813197319566143,-0.009465566689554812,-0.005986781480973494,0.013744037851625104,0.009994452563159877,0.017758602105821704,0.003985986759475656,0.013690723287734546,-0.005185379647814841,-0.0019374210453914301,agent2,0.9890583256899029
-0.8231529082558559,-0.005390276845850113,-0.0044586154864628275,-0.01500578867315679,-0.010492442541360497,-0.004738472434314731,-0.007716856030454065,-0.006998005019118815,0.007780068183061767,0.009998115768423053,-0.00662997907212777,-0.011309561964005427,0.003948995943418227,-0.006964392062586897,-0.010618668339566274,0.009993433928925391,-0.008015172924222925,1,0.013967456705348552,-0.0048188408175425385,-0.01253721647935244,0.017205994151269936,-0.007916428060560544,0.01180294207324998,-0.006117218114310992,-0.002735791058004571,-0.0037628647590306416,0.005900200192826327,0.01795408632770683,0.011980520299451803,0.013303183796491511,0.015933674038026816,-0.010153520216612453,0.009999945333490386,-0.004749431032118577,0.015973370903073273,-0.004647135639518172,-0.010847626756842386,-0.007620454144154599,0.013081983623486134,0.013278921327520551,-0.012880840288964423,0.003914029364465561,0.01581316638926225,0.00948960054846726,0.011950144370661338,-0.005724502123395427,-0.013202192504445848,0.02369903481357071,0.01599990845482982,0.009863196999035234,-0.011618224914991645,0.015812567556168652,0.005807623507770993,-0.007950126091539613,0.009980815414234947,-0.0073877224204595094,0.019994308462804602,0.003932194975876404,-0.006004147772705864,0.017658729905757772,-0.008484791787555483,-0.010019602215367698,0.01399013828018724,-0.0064094297366529066,-0.006455910252229333,0.011763417012592078,0.013114729078729409,-0.006795288666141676,0.01171361837912823,-0.001437285097479316,0.003969886646095247,0.009886282154210838,0.005839473641920077,0.013994384766798583,0.009825332543126765,-0.004219536357177835,-0.004830822096094579,-0.002935725711823418,-0.006675921040885502,-0.002928614757163487,-0.0037493789937696935,0.009980483716896095,-0.008918504334732912,0.009896286035266771,-0.0071459048379410835,0.0019905557589722385,-0.012095539600605054,0.00968954372663664,0.0156390197048063,-0.0038087813525066517,-0.006813197319566143,-0.009465566689554812,-0.005986781480973494,0.013744037851625104,0.009994452563159877,0.017758602105821704,0.003985986759475656,0.013690723287734546,-0.005185379647814841,-0.0019374210453914301,agent67,0.9375056496182537
-0.8241766072906694,-0.005390276845850113,-0.0044586154864628275,-0.01500578867315679,-0.010492442541360497,-0.004738472434314731,-0.007716856030454065,-0.006998005019118815,0.007780068183061767,0.009998115768423053,-0.00662997907212777,-0.011309561964005427,0.003948995943418227,-0.006964392062586897,-0.010618668339566274,0.009993433928925391,-0.008015172924222925,1,0.013967456705348552,-0.0048188408175425385,-0.01253721647935244,0.017205994151269936,-0.007916428060560544,0.01180294207324998,-0.006117218114310992,-0.002735791058004571,-0.0037628647590306416,0.005900200192826327,0.01795408632770683,0.011980520299451803,0.013303183796491511,0.015933674038026816,-0.010153520216612453,0.009999945333490386,-0.004749431032118577,0.015973370903073273,-0.004647135639518172,-0.010847626756842386,-0.007620454144154599,0.013081983623486134,0.013278921327520551,-0.012880840288964423,0.003914029364465561,0.01581316638926225,0.00948960054846726,0.011950144370661338,-0.005724502123395427,-0.013202192504445848,0.025673431407370648,0.01599990845482982,0.009863196999035234,-0.011618224914991645,0.015812567556168652,0.005807623507770993,-0.007950126091539613,0.009980815414234947,-0.0073877224204595094,0.019994308462804602,0.003932194975876404,-0.006004147772705864,0.017658729905757772,-0.008484791787555483,-0.010019602215367698,0.01399013828018724,-0.0064094297366529066,-0.006455910252229333,0.011763417012592078,0.013114729078729409,-0.006795288666141676,0.01171361837912823,-0.001437285097479316,0.003969886646095247,0.009886282154210838,0.005839473641920077,0.013994384766798583,0.009825332543126765,-0.004219536357177835,-0.004830822096094579,-0.002935725711823418,-0.006675921040885502,-0.002928614757163487,-0.0037493789937696935,0.009980483716896095,-0.008918504334732912,0.009896286035266771,-0.0071459048379410835,0.0019905557589722385,-0.012095539600605054,0.00968954372663664,0.0156390197048063,-0.0038087813525066517,-0.006813197319566143,-0.009465566689554812,-0.005986781480973494,0.013744037851625104,0.009994452563159877,0.017758602105821704,0.003985986759475656,0.013690723287734546,-0.005185379647814841,-0.0019374210453914301,agent47,-0.596863685357081
-0.8251865881060837,-0.005390276845850113,-0.0044586154864628275,-0.01500578867315679,-0.010492442541360497,-0.004738472434314731,-0.007716856030454065,-0.006998005019118815,0.007780068183061767,0.009998115768423053,-0.00662997907212777,-0.011309561964005427,0.003948995943418227,-0.006964392062586897,-0.010618668339566274,0.009993433928925391,-0.008015172924222925,1,0.013967456705348552,-0.0048188408175425385,-0.01253721647935244,0.017205994151269936,-0.007916428060560544,0.01180294207324998,-0.006117218114310992,-0.002735791058004571,-0.0037628647590306416,0.005900200192826327,0.01795408632770683,0.011980520299451803,0.013303183796491511,0.015933674038026816,-0.010153520216612453,0.009999945333490386,-0.004749431032118577,0.015973370903073273,-0.004647135639518172,-0.010847626756842386,-0.007620454144154599,0.013081983623486134,0.013278921327520551,-0.012880840288964423,0.003914029364465561,0.01581316638926225,0.00948960054846726,0.011950144370661338,-0.005724502123395427,-0.013202192504445848,0.025673431407370648,0.01599990845482982,0.009863196999035234,-0.011618224914991645,0.015812567556168652,0.005807623507770993,-0.007950126091539613,0.011977108824115902,-0.0073877224204595094,0.019994308462804602,0.003932194975876404,-0.006004147772705864,0.017658729905757772,-0.008484791787555483,-0.010019602215367698,0.01399013828018724,-0.0064094297366529066,-0.006455910252229333,0.011763417012592078,0.013114729078729409,-0.006795288666141676,0.01171361837912823,-0.001437285097479316,0.003969886646095247,0.009886282154210838,0.005839473641920077,0.013994384766798583,0.009825332543126765,-0.004219536357177835,-0.004830822096094579,-0.002935725711823418,-0.006675921040885502,-0.002928614757163487,-0.0037493789937696935,0.009980483716896095,-0.008918504334732912,0.009896286035266771,-0.0071459048379410835,0.0019905557589722385,-0.012095539600605054,0.00968954372663664,0.0156390197048063,-0.0038087813525066517,-0.006813197319566143,-0.009465566689554812,-0.005986781480973494,0.013744037851625104,0.009994452563159877,0.017758602105821704,0.003985986759475656,0.013690723287734546,-0.005185379647814841,-0.0019374210453914301,agent54,-0.7380767801242349
-0.8261912352417232,-0.005390276845850113,-0.0044586154864628275,-0.01500578867315679,-0.010492442541360497,-0.004738472434314731,-0.007716856030454065,-0.006998005019118815,0.007780068183061767,0.009998115768423053,-0.00662997907212777,-0.011309561964005427,0.003948995943418227,-0.006964392062586897,-0.010618668339566274,0.009993433928925391,-0.008015172924222925,1,0.013967456705348552,-0.0048188408175425385,-0.01253721647935244,0.017205994151269936,-0.007916428060560544,0.01180294207324998,-0.006117218114310992,-0.002735791058004571,-0.0037628647590306416,0.005900200192826327,0.01795408632770683,0.011980520299451803,0.013303183796491511,0.015933674038026816,-0.010153520216612453,0.009999945333490386,-0.004749431032118577,0.015973370903073273,-0.004981482598817009,-0.010847626756842386,-0.007620454144154599,0.013081983623486134,0.013278921327520551,-0.012880840288964423,0.003914029364465561,0.01581316638926225,0.00948960054846726,0.011950144370661338,-0.005724502123395427,-0.013202192504445848,0.025673431407370648,0.01599990845482982,0.009863196999035234,-0.011618224914991645,0.015812567556168652,0.005807623507770993,-0.007950126091539613,0.011977108824115902,-0.0073877224204595094,0.019994308462804602,0.003932194975876404,-0.006004147772705864,0.017658729905757772,-0.008484791787555483,-0.010019602215367698,0.01399013828018724,-0.0064094297366529066,-0.006455910252229333,0.011763417012592078,0.013114729078729409,-0.006795288666141676,0.01171361837912823,-0.001437285097479316,0.003969886646095247,0.009886282154210838,0.005839473641920077,0.013994384766798583,0.009825332543126765,-0.004219536357177835,-0.004830822096094579,-0.002935725711823418,-0.006675921040885502,-0.002928614757163487,-0.0037493789937696935,0.009980483716896095,-0.008918504334732912,0.009896286035266771,-0.0071459048379410835,0.0019905557589722385,-0.012095539600605054,0.00968954372663664,0.0156390197048063,-0.0038087813525066517,-0.006813197319566143,-0.009465566689554812,-0.005986781480973494,0.013744037851625104,0.009994452563159877,0.017758602105821704,0.003985986759475656,0.013690723287734546,-0.005185379647814841,-0.0019374210453914301,agent35,1
-0.8272029488601024,-0.005390276845850113,-0.0044586154864628275,-0.01500578867315679,-0.010492442541360497,-0.004738472434314731,-0.007716856030454065,-0.006998005019118815,0.007780068183061767,0.009998115768423053,-0.00662997907212777,-0.011309561964005427,0.003948995943418227,-0.006964392062586897,-0.010618668339566274,0.009993433928925391,-0.008015172924222925,1,0.013967456705348552,-0.0048188408175425385,-0.01253721647935244,0.017205994151269936,-0.007916428060560544,0.01180294207324998,-0.006117218114310992,-0.002735791058004571,-0.0037628647590306416,0.005900200192826327,0.01795408632770683,0.011980520299451803,0.013303183796491511,0.015933674038026816,-0.010153520216612453,0.009999945333490386,-0.004749431032118577,0.015973370903073273,-0.004981482598817009,-0.010847626756842386,-0.007620454144154599,0.013081983623486134,0.013278921327520551,-0.012880840288964423,0.003914029364465561,0.01581316638926225,0.00948960054846726,0.011950144370661338,-0.005724502123395427,-0.013202192504445848,0.025673431407370648,0.01599990845482982,0.009863196999035234,-0.011618224914991645,0.015812567556168652,0.005807623507770993,-0.007950126091539613,0.011977108824115902,-0.0073877224204595094,0.019994308462804602,0.003932194975876404,-0.006004147772705864,0.017658729905757772,-0.008484791787555483,-0.010019602215367698,0.01399013828018724,-0.0064094297366529066,-0.006455910252229333,0.011763417012592078,0.013114729078729409,-0.006795288666141676,0.013698513635774831,-0.001437285097479316,0.003969886646095247,0.009886282154210838,0.005839473641920077,0.013994384766798583,0.009825332543126765,-0.004219536357177835,-0.004830822096094579,-0.002935725711823418,-0.006675921040885502,-0.002928614757163487,-0.0037493789937696935,0.009980483716896095,-0.008918504334732912,0.009896286035266771,-0.0071459048379410835,0.0019905557589722385,-0.012095539600605054,0.00968954372663664,0.0156390197048063,-0.0038087813525066517,-0.006813197319566143,-0.009465566689554812,-0.005986781480973494,0.013744037851625104,0.009994452563159877,0.017758602105821704,0.003985986759475656,0.013690723287734546,-0.005185379647814841,-0.0019374210453914301,agent68,-1
-0.8282147518021756,-0.005390276845850113,-0.0044586154864628275,-0.01500578867315679,-0.010492442541360497,-0.004738472434314731,-0.007716856030454065,-0.006998005019118815,0.007780068183061767,0.009998115768423053,-0.00662997907212777,-0.011309561964005427,0.003948995943418227,-0.006964392062586897,-0.010618668339566274,0.009993433928925391,-0.008015172924222925,1,0.013967456705348552,-0.0048188408175425385,-0.01253721647935244,0.017205994151269936,-0.007916428060560544,0.013770495524749944,-0.006117218114310992,-0.002735791058004571,-0.0037628647590306416,0.005900200192826327,0.01795408632770683,0.011980520299451803,0.013303183796491511,0.015933674038026816,-0.010153520216612453,0.009999945333490386,-0.004749431032118577,0.015973370903073273,-0.004981482598817009,-0.010847626756842386,-0.007620454144154599,0.013081983623486134,0.013278921327520551,-0.012880840288964423,0.003914029364465561,0.01581316638926225,0.00948960054846726,0.011950144370661338,-0.005724502123395427,-0.013202192504445848,0.025673431407370648,0.01599990845482982,0.009863196999035234,-0.011618224914991645,0.015812567556168652,0.005807623507770993,-0.007950126091539613,0.011977108824115902,-0.0073877224204595094,0.019994308462804602,0.003932194975876404,-0.006004147772705864,0.017658729905757772,-0.008484791787555483,-0.010019602215367698,0.01399013828018724,-0.0064094297366529066,-0.006455910252229333,0.011763417012592078,0.013114729078729409,-0.006795288666141676,0.013698513635774831,-0.001437285097479316,0.003969886646095247,0.009886282154210838,0.005839473641920077,0.013994384766798583,0.009825332543126765,-0.004219536357177835,-0.004830822096094579,-0.002935725711823418,-0.006675921040885502,-0.002928614757163487,-0.0037493789937696935,0.009980483716896095,-0.008918504334732912,0.009896286035266771,-0.0071459048379410835,0.0019905557589722385,-0.012095539600605054,0.00968954372663664,0.0156390197048063,-0.0038087813525066517,-0.006813197319566143,-0.009465566689554812,-0.005986781480973494,0.013744037851625104,0.009994452563159877,0.017758602105821704,0.003985986759475656,0.013690723287734546,-0.005185379647814841,-0.0019374210453914301,agent22,-0.5724617134857128
-0.829228719258881,-0.005390276845850113,-0.0044586154864628275,-0.01500578867315679,-0.010492442541360497,-0.004738472434314731,-0.007716856030454065,-0.006998005019118815,0.007780068183061767,0.009998115768423053,-0.00662997907212777,-0.011309561964005427,0.003948995943418227,-0.006964392062586897,-0.010618668339566274,0.009993433928925391,-0.008015172924222925,1,0.01596292394554006,-0.0048188408175425385,-0.01253721647935244,0.017205994151269936,-0.007916428060560544,0.013770495524749944,-0.006117218114310992,-0.002735791058004571,-0.0037628647590306416,0.005900200192826327,0.01795408632770683,0.011980520299451803,0.013303183796491511,0.015933674038026816,-0.010153520216612453,0.009999945333490386,-0.004749431032118577,0.015973370903073273,-0.004981482598817009,-0.010847626756842386,-0.007620454144154599,0.013081983623486134,0.013278921327520551,-0.012880840288964423,0.003914029364465561,0.01581316638926225,0.00948960054846726,0.011950144370661338,-0.005724502123395427,-0.013202192504445848,0.025673431407370648,0.01599990845482982,0.009863196999035234,-0.011618224914991645,0.015812567556168652,0.005807623507770993,-0.007950126091539613,0.011977108824115902,-0.0073877224204595094,0.019994308462804602,0.003932194975876404,-0.006004147772705864,0.017658729905757772,-0.008484791787555483,-0.010019602215367698,0.01399013828018724,-0.0064094297366529066,-0.006455910252229333,0.011763417012592078,0.013114729078729409,-0.006795288666141676,0.013698513635774831,-0.001437285097479316,0.003969886646095247,0.009886282154210838,0.005839473641920077,0.013994384766798583,0.009825332543126765,-0.004219536357177835,-0.004830822096094579,-0.002935725711823418,-0.006675921040885502,-0.002928614757163487,-0.0037493789937696935,0.009980483716896095,-0.008918504334732912,0.009896286035266771,-0.0071459048379410835,0.0019905557589722385,-0.012095539600605054,0.00968954372663664,0.0156390197048063,-0.0038087813525066517,-0.006813197319566143,-0.009465566689554812,-0.005986781480973494,0.013744037851625104,0.009994452563159877,0.017758602105821704,0.003985986759475656,0.013690723287734546,-0.005185379647814841,-0.0019374210453914301,agent17,-0.9234277741099627
-0.8302355324562005,-0.005390276845850113,-0.0044586154864628275,-0.01500578867315679,-0.010492442541360497,-0.004738472434314731,-0.007716856030454065,-0.006998005019118815,0.007780068183061767,0.009998115768423053,-0.00662997907212777,-0.011309561964005427,0.003948995943418227,-0.006964392062586897,-0.010618668339566274,0.009993433928925391,-0.008015172924222925,1,0.01596292394554006,-0.0048188408175425385,-0.01253721647935244,0.017205994151269936,-0.007916428060560544,0.013770495524749944,-0.006117218114310992,-0.002735791058004571,-0.0037628647590306416,0.005900200192826327,0.01795408632770683,0.011980520299451803,0.013303183796491511,0.015933674038026816,-0.010153520216612453,0.009999945333490386,-0.004749431032118577,0.015973370903073273,-0.004981482598817009,-0.010847626756842386,-0.007620454144154599,0.013081983623486134,0.013278921327520551,-0.012880840288964423,0.003914029364465561,0.01581316638926225,0.00948960054846726,0.011950144370661338,-0.005724502123395427,-0.013202192504445848,0.025673431407370648,0.01599990845482982,0.009863196999035234,-0.011618224914991645,0.015812567556168652,0.005807623507770993,-0.007950126091539613,0.011977108824115902,-0.0073877224204595094,0.019994308462804602,0.003932194975876404,-0.006004147772705864,0.017658729905757772,-0.008484791787555483,-0.010019602215367698,0.01399013828018724,-0.0064094297366529066,-0.006455910252229333,0.011763417012592078,0.013114729078729409,-0.006795288666141676,0.013698513635774831,-0.001437285097479316,0.003969886646095247,0.009886282154210838,0.005839473641920077,0.013994384766798583,0.009825332543126765,-0.004219536357177835,-0.004830822096094579,-0.002935725711823418,-0.006675921040885502,-0.002928614757163487,-0.0037493789937696935,0.009980483716896095,-0.008918504334732912,0.009896286035266771,-0.0071459048379410835,0.0019905557589722385,-0.012095539600605054,0.00968954372663664,0.0156390197048063,-0.0038087813525066517,-0.0071401584658853995,-0.009465566689554812,-0.005986781480973494,0.013744037851625104,0.009994452563159877,0.017758602105821704,0.003985986759475656,0.013690723287734546,-0.005185379647814841,-0.0019374210453914301,agent90,1
-0.8312431529103447,-0.005390276845850113,-0.0044586154864628275,-0.01500578867315679,-0.010492442541360497,-0.004738472434314731,-0.007716856030454065,-0.006998005019118815,0.007780068183061767,0.009998115768423053,-0.00662997907212777,-0.011309561964005427,0.003948995943418227,-0.006964392062586897,-0.010618668339566274,0.009993433928925391,-0.008015172924222925,1,0.01596292394554006,-0.0048188408175425385,-0.01253721647935244,0.017205994151269936,-0.007916428060560544,0.013770495524749944,-0.006117218114310992,-0.002735791058004571,-0.0037628647590306416,0.005900200192826327,0.01795408632770683,0.011980520299451803,0.013303183796491511,0.015933674038026816,-0.010153520216612453,0.009999945333490386,-0.004749431032118577,0.015973370903073273,-0.004981482598817009,-0.010847626756842386,-0.007945573092021983,0.013081983623486134,0.013278921327520551,-0.012880840288964423,0.003914029364465561,0.01581316638926225,0.00948960054846726,0.011950144370661338,-0.005724502123395427,-0.013202192504445848,0.025673431407370648,0.01599990845482982,0.009863196999035234,-0.011618224914991645,0.015812567556168652,0.005807623507770993,-0.007950126091539613,0.011977108824115902,-0.0073877224204595094,0.019994308462804602,0.003932194975876404,-0.006004147772705864,0.017658729905757772,-0.008484791787555483,-0.010019602215367698,0.01399013828018724,-0.0064094297366529066,-0.006455910252229333,0.011763417012592078,0.013114729078729409,-0.006795288666141676,0.013698513635774831,-0.001437285097479316,0.003969886646095247,0.009886282154210838,0.005839473641920077,0.013994384766798583,0.009825332543126765,-0.004219536357177835,-0.004830822096094579,-0.002935725711823418,-0.006675921040885502,-0.002928614757163487,-0.0037493789937696935,0.009980483716896095,-0.008918504334732912,0.009896286035266771,-0.0071459048379410835,0.0019905557589722385,-0.012095539600605054,0.00968954372663664,0.0156390197048063,-0.0038087813525066517,-0.0071401584658853995,-0.009465566689554812,-0.005986781480973494,0.013744037851625104,0.009994452563159877,0.017758602105821704,0.003985986759475656,0.013690723287734546,-0.005185379647814841,-0.0019374210453914301,agent37,1
-0.8322473724467019,-0.005390276845850113,-0.0044586154864628275,-0.01500578867315679,-0.010492442541360497,-0.004738472434314731,-0.007716856030454065,-0.006998005019118815,0.007780068183061767,0.009998115768423053,-0.00662997907212777,-0.011309561964005427,0.003948995943418227,-0.006964392062586897,-0.010618668339566274,0.009993433928925391,-0.008015172924222925,1,0.01596292394554006,-0.0048188408175425385,-0.01253721647935244,0.017205994151269936,-0.007916428060560544,0.013770495524749944,-0.006117218114310992,-0.002735791058004571,-0.0037628647590306416,0.005900200192826327,0.01795408632770683,0.011980520299451803,0.013303183796491511,0.015933674038026816,-0.010153520216612453,0.009999945333490386,-0.004749431032118577,0.015973370903073273,-0.004981482598817009,-0.010847626756842386,-0.007945573092021983,0.013081983623486134,0.013278921327520551,-0.012880840288964423,0.003914029364465561,0.01581316638926225,0.00948960054846726,0.011950144370661338,-0.005724502123395427,-0.013202192504445848,0.025673431407370648,0.01599990845482982,0.009863196999035234,-0.011618224914991645,0.015812567556168652,0.005807623507770993,-0.007950126091539613,0.011977108824115902,-0.0073877224204595094,0.019994308462804602,0.003932194975876404,-0.006004147772705864,0.017658729905757772,-0.008484791787555483,-0.010019602215367698,0.01399013828018724,-0.0064094297366529066,-0.006455910252229333,0.011763417012592078,0.013114729078729409,-0.006795288666141676,0.013698513635774831,-0.001437285097479316,0.003969886646095247,0.009886282154210838,0.005839473641920077,0.013994384766798583,0.009825332543126765,-0.004542810614637326,-0.004830822096094579,-0.002935725711823418,-0.006675921040885502,-0.002928614757163487,-0.0037493789937696935,0.009980483716896095,-0.008918504334732912,0.009896286035266771,-0.0071459048379410835,0.0019905557589722385,-0.012095539600605054,0.00968954372663664,0.0156390197048063,-0.0038087813525066517,-0.0071401584658853995,-0.009465566689554812,-0.005986781480973494,0.013744037851625104,0.009994452563159877,0.017758602105821704,0.003985986759475656,0.013690723287734546,-0.005185379647814841,-0.0019374210453914301,agent75,1
-0.8332513584334613,-0.005390276845850113,-0.0044586154864628275,-0.01500578867315679,-0.010492442541360497,-0.004738472434314731,-0.007716856030454065,-0.006998005019118815,0.007780068183061767,0.009998115768423053,-0.00662997907212777,-0.011309561964005427,0.003948995943418227,-0.006964392062586897,-0.010618668339566274,0.009993433928925391,-0.008015172924222925,1,0.01596292394554006,-0.0048188408175425385,-0.01253721647935244,0.017205994151269936,-0.007916428060560544,0.013770495524749944,-0.006117218114310992,-0.002735791058004571,-0.0037628647590306416,0.005900200192826327,0.01795408632770683,0.011980520299451803,0.013303183796491511,0.015933674038026816,-0.010153520216612453,0.009999945333490386,-0.004749431032118577,0.015973370903073273,-0.004981482598817009,-0.010847626756842386,-0.007945573092021983,0.013081983623486134,0.013278921327520551,-0.012880840288964423,0.003914029364465561,0.01581316638926225,0.00948960054846726,0.011950144370661338,-0.005724502123395427,-0.013202192504445848,0.025673431407370648,0.01599990845482982,0.009863196999035234,-0.011618224914991645,0.015812567556168652,0.005807623507770993,-0.007950126091539613,0.011977108824115902,-0.0073877224204595094,0.019994308462804602,0.003932194975876404,-0.006004147772705864,0.017658729905757772,-0.008484791787555483,-0.010019602215367698,0.01399013828018724,-0.0064094297366529066,-0.006455910252229333,0.011763417012592078,0.013114729078729409,-0.006795288666141676,0.013698513635774831,-0.001437285097479316,0.003969886646095247,0.009886282154210838,0.005839473641920077,0.013994384766798583,0.009825332543126765,-0.004542810614637326,-0.004830822096094579,-0.002935725711823418,-0.006675921040885502,-0.002928614757163487,-0.0037493789937696935,0.009980483716896095,-0.008918504334732912,0.009896286035266771,-0.0071459048379410835,0.0019905557589722385,-0.012095539600605054,0.00968954372663664,0.0156390197048063,-0.0038087813525066517,-0.0071401584658853995,-0.009465566689554812,-0.005986781480973494,0.013744037851625104,0.009994452563159877,0.017758602105821704,0.005978265743586084,0.013690723287734546,-0.005185379647814841,-0.0019374210453914301,agent96,-0.9565133443744362
-0.8342551672148139,-0.005390276845850113,-0.0044586154864628275,-0.01500578867315679,-0.010492442541360497,-0.004738472434314731,-0.007716856030454065,-0.006998005019118815,0.007780068183061767,0.009998115768423053,-0.00662997907212777,-0.011309561964005427,0.003948995943418227,-0.006964392062586897,-0.010618668339566274,0.009993433928925391,-0.008015172924222925,1,0.01596292394554006,-0.0048188408175425385,-0.01253721647935244,0.017205994151269936,-0.007916428060560544,0.013770495524749944,-0.006117218114310992,-0.002735791058004571,-0.0037628647590306416,0.005900200192826327,0.01795408632770683,0.011980520299451803,0.013303183796491511,0.015933674038026816,-0.010153520216612453,0.009999945333490386,-0.004749431032118577,0.015973370903073273,-0.004981482598817009,-0.010847626756842386,-0.007945573092021983,0.013081983623486134,0.013278921327520551,-0.012880840288964423,0.003914029364465561,0.01581316638926225,0.00948960054846726,0.011950144370661338,-0.005724502123395427,-0.013202192504445848,0.025673431407370648,0.01599990845482982,0.009863196999035234,-0.011618224914991645,0.015812567556168652,0.005807623507770993,-0.007950126091539613,0.011977108824115902,-0.0073877224204595094,0.019994308462804602,0.003932194975876404,-0.006004147772705864,0.017658729905757772,-0.008484791787555483,-0.010019602215367698,0.01399013828018724,-0.0064094297366529066,-0.006455910252229333,0.011763417012592078,0.013114729078729409,-0.006795288666141676,0.013698513635774831,-0.001437285097479316,0.003969886646095247,0.009886282154210838,0.005839473641920077,0.013994384766798583,0.009825332543126765,-0.004542810614637326,-0.004830822096094579,-0.002935725711823418,-0.006675921040885502,-0.002928614757163487,-0.0037493789937696935,0.009980483716896095,-0.008918504334732912,0.009896286035266771,-0.0071459048379410835,0.0019905557589722385,-0.012095539600605054,0.00968954372663664,0.0156390197048063,-0.004128376080907586,-0.0071401584658853995,-0.009465566689554812,-0.005986781480973494,0.013744037851625104,0.009994452563159877,0.017758602105821704,0.005978265743586084,0.013690723287734546,-0.005185379647814841,-0.0019374210453914301,agent89,1
-0.8352640857191486,-0.005390276845850113,-0.0044586154864628275,-0.01500578867315679,-0.010492442541360497,-0.004738472434314731,-0.007716856030454065,-0.006998005019118815,0.007780068183061767,0.009998115768423053,-0.00662997907212777,-0.011309561964005427,0.003948995943418227,-0.006964392062586897,-0.010618668339566274,0.009993433928925391,-0.008015172924222925,1,0.01596292394554006,-0.0048188408175425385,-0.01253721647935244,0.017205994151269936,-0.007916428060560544,0.013770495524749944,-0.006117218114310992,-0.002735791058004571,-0.0037628647590306416,0.005900200192826327,0.01795408632770683,0.011980520299451803,0.013303183796491511,0.015933674038026816,-0.010153520216612453,0.009999945333490386,-0.004749431032118577,0.015973370903073273,-0.004981482598817009,-0.010847626756842386,-0.007945573092021983,0.013081983623486134,0.013278921327520551,-0.012880840288964423,0.003914029364465561,0.01581316638926225,0.00948960054846726,0.011950144370661338,-0.005724502123395427,-0.013202192504445848,0.025673431407370648,0.01599990845482982,0.009863196999035234,-0.011618224914991645,0.015812567556168652,0.005807623507770993,-0.007950126091539613,0.011977108824115902,-0.0073877224204595094,0.019994308462804602,0.003932194975876404,-0.006004147772705864,0.017658729905757772,-0.008484791787555483,-0.010019602215367698,0.01399013828018724,-0.0064094297366529066,-0.006455910252229333,0.011763417012592078,0.013114729078729409,-0.006795288666141676,0.013698513635774831,-0.001437285097479316,0.003969886646095247,0.009886282154210838,0.005839473641920077,0.013994384766798583,0.009825332543126765,-0.004542810614637326,-0.004830822096094579,-0.002935725711823418,-0.006675921040885502,-0.002928614757163487,-0.0037493789937696935,0.009980483716896095,-0.00923625832550579,0.009896286035266771,-0.0071459048379410835,0.0019905557589722385,-0.012095539600605054,0.00968954372663664,0.0156390197048063,-0.004128376080907586,-0.0071401584658853995,-0.009465566689554812,-0.005986781480973494,0.013744037851625104,0.009994452563159877,0.017758602105821704,0.005978265743586084,0.013690723287734546,-0.005185379647814841,-0.0019374210453914301,agent82,1
-0.8362682140952294,-0.005390276845850113,-0.0044586154864628275,-0.01500578867315679,-0.010492442541360497,-0.004738472434314731,-0.007716856030454065,-0.006998005019118815,0.007780068183061767,0.009998115768423053,-0.00662997907212777,-0.011309561964005427,0.003948995943418227,-0.006964392062586897,-0.010618668339566274,0.009993433928925391,-0.008015172924222925,1,0.01596292394554006,-0.0048188408175425385,-0.01253721647935244,0.017205994151269936,-0.007916428060560544,0.013770495524749944,-0.006117218114310992,-0.002735791058004571,-0.0037628647590306416,0.005900200192826327,0.01795408632770683,0.011980520299451803,0.013303183796491511,0.015933674038026816,-0.010153520216612453,0.009999945333490386,-0.004749431032118577,0.015973370903073273,-0.004981482598817009,-0.010847626756842386,-0.007945573092021983,0.013081983623486134,0.013278921327520551,-0.012880840288964423,0.003914029364465561,0.01581316638926225,0.00948960054846726,0.011950144370661338,-0.005724502123395427,-0.013202192504445848,0.025673431407370648,0.01599990845482982,0.009863196999035234,-0.011618224914991645,0.015812567556168652,0.005807623507770993,-0.007950126091539613,0.011977108824115902,-0.0073877224204595094,0.019994308462804602,0.003932194975876404,-0.006004147772705864,0.017658729905757772,-0.008484791787555483,-0.010019602215367698,0.01399013828018724,-0.0064094297366529066,-0.006455910252229333,0.011763417012592078,0.013114729078729409,-0.006795288666141676,0.013698513635774831,-0.001437285097479316,0.003969886646095247,0.009886282154210838,0.005839473641920077,0.013994384766798583,0.009825332543126765,-0.004542810614637326,-0.004830822096094579,-0.002935725711823418,-0.006675921040885502,-0.002928614757163487,-0.0037493789937696935,0.009980483716896095,-0.00923625832550579,0.009896286035266771,-0.0071459048379410835,0.0019905557589722385,-0.012095539600605054,0.00968954372663664,0.0156390197048063,-0.004444278948742314,-0.0071401584658853995,-0.009465566689554812,-0.005986781480973494,0.013744037851625104,0.009994452563159877,0.017758602105821704,0.005978265743586084,0.013690723287734546,-0.005185379647814841,-0.0019374210453914301,agent89,1
-0.837278367615446,-0.005390276845850113,-0.0044586154864628275,-0.01500578867315679,-0.010492442541360497,-0.004738472434314731,-0.007716856030454065,-0.006998005019118815,0.007780068183061767,0.009998115768423053,-0.00662997907212777,-0.011309561964005427,0.003948995943418227,-0.006964392062586897,-0.010618668339566274,0.009993433928925391,-0.008015172924222925,1,0.01596292394554006,-0.0048188408175425385,-0.01253721647935244,0.017205994151269936,-0.007916428060560544,0.013770495524749944,-0.006117218114310992,-0.002735791058004571,-0.0037628647590306416,0.005900200192826327,0.01795408632770683,0.011980520299451803,0.013303183796491511,0.015933674038026816,-0.010467579739564211,0.009999945333490386,-0.004749431032118577,0.015973370903073273,-0.004981482598817009,-0.010847626756842386,-0.007945573092021983,0.013081983623486134,0.013278921327520551,-0.012880840288964423,0.003914029364465561,0.01581316638926225,0.00948960054846726,0.011950144370661338,-0.005724502123395427,-0.013202192504445848,0.025673431407370648,0.01599990845482982,0.009863196999035234,-0.011618224914991645,0.015812567556168652,0.005807623507770993,-0.007950126091539613,0.011977108824115902,-0.0073877224204595094,0.019994308462804602,0.003932194975876404,-0.006004147772705864,0.017658729905757772,-0.008484791787555483,-0.010019602215367698,0.01399013828018724,-0.0064094297366529066,-0.006455910252229333,0.011763417012592078,0.013114729078729409,-0.006795288666141676,0.013698513635774831,-0.001437285097479316,0.003969886646095247,0.009886282154210838,0.005839473641920077,0.013994384766798583,0.009825332543126765,-0.004542810614637326,-0.004830822096094579,-0.002935725711823418,-0.006675921040885502,-0.002928614757163487,-0.0037493789937696935,0.009980483716896095,-0.00923625832550579,0.009896286035266771,-0.0071459048379410835,0.0019905557589722385,-0.012095539600605054,0.00968954372663664,0.0156390197048063,-0.004444278948742314,-0.0071401584658853995,-0.009465566689554812,-0.005986781480973494,0.013744037851625104,0.009994452563159877,0.017758602105821704,0.005978265743586084,0.013690723287734546,-0.005185379647814841,-0.0019374210453914301,agent31,1
-0.8382843458811896,-0.005390276845850113,-0.0044586154864628275,-0.01500578867315679,-0.010492442541360497,-0.004738472434314731,-0.007716856030454065,-0.006998005019118815,0.007780068183061767,0.009998115768423053,-0.00662997907212777,-0.011309561964005427,0.003948995943418227,-0.006964392062586897,-0.010618668339566274,0.009993433928925391,-0.008015172924222925,1,0.01596292394554006,-0.0048188408175425385,-0.01253721647935244,0.017205994151269936,-0.007916428060560544,0.013770495524749944,-0.006117218114310992,-0.002735791058004571,-0.0037628647590306416,0.005900200192826327,0.01795408632770683,0.011980520299451803,0.013303183796491511,0.015933674038026816,-0.010467579739564211,0.009999945333490386,-0.004749431032118577,0.015973370903073273,-0.004981482598817009,-0.010847626756842386,-0.007945573092021983,0.013081983623486134,0.013278921327520551,-0.012880840288964423,0.003914029364465561,0.01581316638926225,0.00948960054846726,0.011950144370661338,-0.005724502123395427,-0.013202192504445848,0.025673431407370648,0.01599990845482982,0.009863196999035234,-0.011618224914991645,0.015812567556168652,0.005807623507770993,-0.007950126091539613,0.011977108824115902,-0.0073877224204595094,0.019994308462804602,0.003932194975876404,-0.006004147772705864,0.017658729905757772,-0.008484791787555483,-0.010019602215367698,0.01399013828018724,-0.0064094297366529066,-0.006455910252229333,0.011763417012592078,0.013114729078729409,-0.006795288666141676,0.013698513635774831,-0.001437285097479316,0.003969886646095247,0.009886282154210838,0.005839473641920077,0.013994384766798583,0.009825332543126765,-0.004542810614637326,-0.004830822096094579,-0.002935725711823418,-0.006675921040885502,-0.002928614757163487,-0.0037493789937696935,0.009980483716896095,-0.00923625832550579,0.009896286035266771,-0.0071459048379410835,0.0019905557589722385,-0.012095539600605054,0.00968954372663664,0.0156390197048063,-0.004444278948742314,-0.0071401584658853995,-0.009465566689554812,-0.005986781480973494,0.013744037851625104,0.009994452563159877,0.017758602105821704,0.007970669661631926,0.013690723287734546,-0.005185379647814841,-0.0019374210453914301,agent96,-0.9605348640296949
-0.8393043401896524,-0.005390276845850113,-0.0044586154864628275,-0.01500578867315679,-0.010492442541360497,-0.004738472434314731,-0.007716856030454065,-0.006998005019118815,0.007780068183061767,0.009998115768423053,-0.00662997907212777,-0.011309561964005427,0.003948995943418227,-0.006964392062586897,-0.010618668339566274,0.009993433928925391,-0.008015172924222925,1,0.01596292394554006,-0.0048188408175425385,-0.01253721647935244,0.017205994151269936,-0.007916428060560544,0.013770495524749944,-0.006117218114310992,-0.002735791058004571,-0.0037628647590306416,0.005900200192826327,0.01795408632770683,0.011980520299451803,0.013303183796491511,0.015933674038026816,-0.010467579739564211,0.009999945333490386,-0.004749431032118577,0.015973370903073273,-0.004981482598817009,-0.010847626756842386,-0.007945573092021983,0.013081983623486134,0.013278921327520551,-0.012880840288964423,0.003914029364465561,0.01581316638926225,0.00948960054846726,0.011950144370661338,-0.005724502123395427,-0.013202192504445848,0.025673431407370648,0.01599990845482982,0.009863196999035234,-0.011618224914991645,0.015812567556168652,0.005807623507770993,-0.007950126091539613,0.011977108824115902,-0.0073877224204595094,0.021993706017971442,0.003932194975876404,-0.006004147772705864,0.017658729905757772,-0.008484791787555483,-0.010019602215367698,0.01399013828018724,-0.0064094297366529066,-0.006455910252229333,0.011763417012592078,0.013114729078729409,-0.006795288666141676,0.013698513635774831,-0.001437285097479316,0.003969886646095247,0.009886282154210838,0.005839473641920077,0.013994384766798583,0.009825332543126765,-0.004542810614637326,-0.004830822096094579,-0.002935725711823418,-0.006675921040885502,-0.002928614757163487,-0.0037493789937696935,0.009980483716896095,-0.00923625832550579,0.009896286035266771,-0.0071459048379410835,0.0019905557589722385,-0.012095539600605054,0.00968954372663664,0.0156390197048063,-0.004444278948742314,-0.0071401584658853995,-0.009465566689554812,-0.005986781480973494,0.013744037851625104,0.009994452563159877,0.017758602105821704,0.007970669661631926,0.013690723287734546,-0.005185379647814841,-0.0019374210453914301,agent56,-0.8035728252242008
-0.8403097304664983,-0.005698756617929867,-0.0044586154864628275,-0.01500578867315679,-0.010492442541360497,-0.004738472434314731,-0.007716856030454065,-0.006998005019118815,0.007780068183061767,0.009998115768423053,-0.00662997907212777,-0.011309561964005427,0.003948995943418227,-0.006964392062586897,-0.010618668339566274,0.009993433928925391,-0.008015172924222925,1,0.01596292394554006,-0.0048188408175425385,-0.01253721647935244,0.017205994151269936,-0.007916428060560544,0.013770495524749944,-0.006117218114310992,-0.002735791058004571,-0.0037628647590306416,0.005900200192826327,0.01795408632770683,0.011980520299451803,0.013303183796491511,0.015933674038026816,-0.010467579739564211,0.009999945333490386,-0.004749431032118577,0.015973370903073273,-0.004981482598817009,-0.010847626756842386,-0.007945573092021983,0.013081983623486134,0.013278921327520551,-0.012880840288964423,0.003914029364465561,0.01581316638926225,0.00948960054846726,0.011950144370661338,-0.005724502123395427,-0.013202192504445848,0.025673431407370648,0.01599990845482982,0.009863196999035234,-0.011618224914991645,0.015812567556168652,0.005807623507770993,-0.007950126091539613,0.011977108824115902,-0.0073877224204595094,0.021993706017971442,0.003932194975876404,-0.006004147772705864,0.017658729905757772,-0.008484791787555483,-0.010019602215367698,0.01399013828018724,-0.0064094297366529066,-0.006455910252229333,0.011763417012592078,0.013114729078729409,-0.006795288666141676,0.013698513635774831,-0.001437285097479316,0.003969886646095247,0.009886282154210838,0.005839473641920077,0.013994384766798583,0.009825332543126765,-0.004542810614637326,-0.004830822096094579,-0.002935725711823418,-0.006675921040885502,-0.002928614757163487,-0.0037493789937696935,0.009980483716896095,-0.00923625832550579,0.009896286035266771,-0.0071459048379410835,0.0019905557589722385,-0.012095539600605054,0.00968954372663664,0.0156390197048063,-0.004444278948742314,-0.0071401584658853995,-0.009465566689554812,-0.005986781480973494,0.013744037851625104,0.009994452563159877,0.017758602105821704,0.007970669661631926,0.013690723287734546,-0.005185379647814841,-0.0019374210453914301,agent0,1
-0.8413156306666911,-0.005698756617929867,-0.0044586154864628275,-0.01500578867315679,-0.010492442541360497,-0.004738472434314731,-0.007716856030454065,-0.006998005019118815,0.007780068183061767,0.009998115768423053,-0.00662997907212777,-0.011309561964005427,0.003948995943418227,-0.006964392062586897,-0.010618668339566274,0.009993433928925391,-0.008015172924222925,1,0.01596292394554006,-0.0048188408175425385,-0.01253721647935244,0.017205994151269936,-0.007916428060560544,0.013770495524749944,-0.006117218114310992,-0.002735791058004571,-0.0037628647590306416,0.007867677150898764,0.01795408632770683,0.011980520299451803,0.013303183796491511,0.015933674038026816,-0.010467579739564211,0.009999945333490386,-0.004749431032118577,0.015973370903073273,-0.004981482598817009,-0.010847626756842386,-0.007945573092021983,0.013081983623486134,0.013278921327520551,-0.012880840288964423,0.003914029364465561,0.01581316638926225,0.00948960054846726,0.011950144370661338,-0.005724502123395427,-0.013202192504445848,0.025673431407370648,0.01599990845482982,0.009863196999035234,-0.011618224914991645,0.015812567556168652,0.005807623507770993,-0.007950126091539613,0.011977108824115902,-0.0073877224204595094,0.021993706017971442,0.003932194975876404,-0.006004147772705864,0.017658729905757772,-0.008484791787555483,-0.010019602215367698,0.01399013828018724,-0.0064094297366529066,-0.006455910252229333,0.011763417012592078,0.013114729078729409,-0.006795288666141676,0.013698513635774831,-0.001437285097479316,0.003969886646095247,0.009886282154210838,0.005839473641920077,0.013994384766798583,0.009825332543126765,-0.004542810614637326,-0.004830822096094579,-0.002935725711823418,-0.006675921040885502,-0.002928614757163487,-0.0037493789937696935,0.009980483716896095,-0.00923625832550579,0.009896286035266771,-0.0071459048379410835,0.0019905557589722385,-0.012095539600605054,0.00968954372663664,0.0156390197048063,-0.004444278948742314,-0.0071401584658853995,-0.009465566689554812,-0.005986781480973494,0.013744037851625104,0.009994452563159877,0.017758602105821704,0.007970669661631926,0.013690723287734546,-0.005185379647814841,-0.0019374210453914301,agent26,-0.5852683929246675
-0.8423193935314501,-0.005698756617929867,-0.0044586154864628275,-0.01500578867315679,-0.010492442541360497,-0.004738472434314731,-0.007716856030454065,-0.006998005019118815,0.007780068183061767,0.009998115768423053,-0.00662997907212777,-0.011309561964005427,0.003948995943418227,-0.006964392062586897,-0.010618668339566274,0.009993433928925391,-0.008015172924222925,1,0.01596292394554006,-0.0048188408175425385,-0.01253721647935244,0.017205994151269936,-0.007916428060560544,0.013770495524749944,-0.006117218114310992,-0.002735791058004571,-0.004067643133161904,0.007867677150898764,0.01795408632770683,0.011980520299451803,0.013303183796491511,0.015933674038026816,-0.010467579739564211,0.009999945333490386,-0.004749431032118577,0.015973370903073273,-0.004981482598817009,-0.010847626756842386,-0.007945573092021983,0.013081983623486134,0.013278921327520551,-0.012880840288964423,0.003914029364465561,0.01581316638926225,0.00948960054846726,0.011950144370661338,-0.005724502123395427,-0.013202192504445848,0.025673431407370648,0.01599990845482982,0.009863196999035234,-0.011618224914991645,0.015812567556168652,0.005807623507770993,-0.007950126091539613,0.011977108824115902,-0.0073877224204595094,0.021993706017971442,0.003932194975876404,-0.006004147772705864,0.017658729905757772,-0.008484791787555483,-0.010019602215367698,0.01399013828018724,-0.0064094297366529066,-0.006455910252229333,0.011763417012592078,0.013114729078729409,-0.006795288666141676,0.013698513635774831,-0.001437285097479316,0.003969886646095247,0.009886282154210838,0.005839473641920077,0.013994384766798583,0.009825332543126765,-0.004542810614637326,-0.004830822096094579,-0.002935725711823418,-0.006675921040885502,-0.002928614757163487,-0.0037493789937696935,0.009980483716896095,-0.00923625832550579,0.009896286035266771,-0.0071459048379410835,0.0019905557589722385,-0.012095539600605054,0.00968954372663664,0.0156390197048063,-0.004444278948742314,-0.0071401584658853995,-0.009465566689554812,-0.005986781480973494,0.013744037851625104,0.009994452563159877,0.017758602105821704,0.007970669661631926,0.013690723287734546,-0.005185379647814841,-0.0019374210453914301,agent25,1
-0.8433293879840132,-0.005698756617929867,-0.0044586154864628275,-0.01500578867315679,-0.010492442541360497,-0.004738472434314731,-0.007716856030454065,-0.006998005019118815,0.007780068183061767,0.009998115768423053,-0.00662997907212777,-0.011309561964005427,0.003948995943418227,-0.006964392062586897,-0.010618668339566274,0.009993433928925391,-0.008015172924222925,1,0.01596292394554006,-0.0048188408175425385,-0.01253721647935244,0.017205994151269936,-0.007916428060560544,0.013770495524749944,-0.006117218114310992,-0.002735791058004571,-0.004067643133161904,0.007867677150898764,0.01795408632770683,0.011980520299451803,0.013303183796491511,0.015933674038026816,-0.010467579739564211,0.009999945333490386,-0.004749431032118577,0.015973370903073273,-0.004981482598817009,-0.010847626756842386,-0.007945573092021983,0.013081983623486134,0.013278921327520551,-0.012880840288964423,0.003914029364465561,0.01581316638926225,0.00948960054846726,0.011950144370661338,-0.005724502123395427,-0.013202192504445848,0.025673431407370648,0.01599990845482982,0.009863196999035234,-0.011618224914991645,0.015812567556168652,0.005807623507770993,-0.007950126091539613,0.011977108824115902,-0.0073877224204595094,0.021993706017971442,0.003932194975876404,-0.006004147772705864,0.017658729905757772,-0.008484791787555483,-0.010019602215367698,0.01399013828018724,-0.0064094297366529066,-0.006455910252229333,0.011763417012592078,0.013114729078729409,-0.006795288666141676,0.013698513635774831,-0.001437285097479316,0.003969886646095247,0.009886282154210838,0.005839473641920077,0.013994384766798583,0.009825332543126765,-0.004542810614637326,-0.004830822096094579,-0.002935725711823418,-0.006675921040885502,-0.002928614757163487,-0.0037493789937696935,0.009980483716896095,-0.00923625832550579,0.009896286035266771,-0.0071459048379410835,0.0019905557589722385,-0.012095539600605054,0.00968954372663664,0.0156390197048063,-0.004444278948742314,-0.0071401584658853995,-0.009465566689554812,-0.005986781480973494,0.013744037851625104,0.011993421336603574,0.017758602105821704,0.007970669661631926,0.013690723287734546,-0.005185379647814841,-0.0019374210453914301,agent94,-0.7969051544361315
-0.844343158479538,-0.005698756617929867,-0.0044586154864628275,-0.01500578867315679,-0.010492442541360497,-0.004738472434314731,-0.007716856030454065,-0.006998005019118815,0.007780068183061767,0.009998115768423053,-0.00662997907212777,-0.011309561964005427,0.003948995943418227,-0.006964392062586897,-0.010618668339566274,0.009993433928925391,-0.008015172924222925,1,0.01596292394554006,-0.0048188408175425385,-0.01253721647935244,0.017205994151269936,-0.007916428060560544,0.015737795951199594,-0.006117218114310992,-0.002735791058004571,-0.004067643133161904,0.007867677150898764,0.01795408632770683,0.011980520299451803,0.013303183796491511,0.015933674038026816,-0.010467579739564211,0.009999945333490386,-0.004749431032118577,0.015973370903073273,-0.004981482598817009,-0.010847626756842386,-0.007945573092021983,0.013081983623486134,0.013278921327520551,-0.012880840288964423,0.003914029364465561,0.01581316638926225,0.00948960054846726,0.011950144370661338,-0.005724502123395427,-0.013202192504445848,0.025673431407370648,0.01599990845482982,0.009863196999035234,-0.011618224914991645,0.015812567556168652,0.005807623507770993,-0.007950126091539613,0.011977108824115902,-0.0073877224204595094,0.021993706017971442,0.003932194975876404,-0.006004147772705864,0.017658729905757772,-0.008484791787555483,-0.010019602215367698,0.01399013828018724,-0.0064094297366529066,-0.006455910252229333,0.011763417012592078,0.013114729078729409,-0.006795288666141676,0.013698513635774831,-0.001437285097479316,0.003969886646095247,0.009886282154210838,0.005839473641920077,0.013994384766798583,0.009825332543126765,-0.004542810614637326,-0.004830822096094579,-0.002935725711823418,-0.006675921040885502,-0.002928614757163487,-0.0037493789937696935,0.009980483716896095,-0.00923625832550579,0.009896286035266771,-0.0071459048379410835,0.0019905557589722385,-0.012095539600605054,0.00968954372663664,0.0156390197048063,-0.004444278948742314,-0.0071401584658853995,-0.009465566689554812,-0.005986781480973494,0.013744037851625104,0.011993421336603574,0.017758602105821704,0.007970669661631926,0.013690723287734546,-0.005185379647814841,-0.0019374210453914301,agent22,-0.5875968184886528
-0.8453471283661841,-0.005698756617929867,-0.0044586154864628275,-0.01500578867315679,-0.010492442541360497,-0.004738472434314731,-0.007716856030454065,-0.006998005019118815,0.007780068183061767,0.009998115768423053,-0.00662997907212777,-0.011309561964005427,0.003948995943418227,-0.006964392062586897,-0.010618668339566274,0.009993433928925391,-0.008015172924222925,1,0.01596292394554006,-0.0048188408175425385,-0.01253721647935244,0.017205994151269936,-0.007916428060560544,0.015737795951199594,-0.006117218114310992,-0.002735791058004571,-0.004067643133161904,0.007867677150898764,0.01795408632770683,0.011980520299451803,0.013303183796491511,0.015933674038026816,-0.010467579739564211,0.009999945333490386,-0.004749431032118577,0.015973370903073273,-0.004981482598817009,-0.010847626756842386,-0.007945573092021983,0.013081983623486134,0.013278921327520551,-0.012880840288964423,0.003914029364465561,0.01581316638926225,0.00948960054846726,0.011950144370661338,-0.005724502123395427,-0.013202192504445848,0.025673431407370648,0.01599990845482982,0.009863196999035234,-0.011618224914991645,0.015812567556168652,0.005807623507770993,-0.007950126091539613,0.011977108824115902,-0.0073877224204595094,0.021993706017971442,0.003932194975876404,-0.006004147772705864,0.017658729905757772,-0.008484791787555483,-0.010019602215367698,0.01399013828018724,-0.0064094297366529066,-0.006455910252229333,0.011763417012592078,0.013114729078729409,-0.006795288666141676,0.013698513635774831,-0.001437285097479316,0.0059577721199391845,0.009886282154210838,0.005839473641920077,0.013994384766798583,0.009825332543126765,-0.004542810614637326,-0.004830822096094579,-0.002935725711823418,-0.006675921040885502,-0.002928614757163487,-0.0037493789937696935,0.009980483716896095,-0.00923625832550579,0.009896286035266771,-0.0071459048379410835,0.0019905557589722385,-0.012095539600605054,0.00968954372663664,0.0156390197048063,-0.004444278948742314,-0.0071401584658853995,-0.009465566689554812,-0.005986781480973494,0.013744037851625104,0.011993421336603574,0.017758602105821704,0.007970669661631926,0.013690723287734546,-0.005185379647814841,-0.0019374210453914301,agent70,-1
-0.8463491189219431,-0.005698756617929867,-0.0044586154864628275,-0.01500578867315679,-0.010492442541360497,-0.004738472434314731,-0.007716856030454065,-0.006998005019118815,0.007780068183061767,0.009998115768423053,-0.00662997907212777,-0.011309561964005427,0.003948995943418227,-0.006964392062586897,-0.010618668339566274,0.009993433928925391,-0.008015172924222925,1,0.01596292394554006,-0.0048188408175425385,-0.01253721647935244,0.017205994151269936,-0.007916428060560544,0.015737795951199594,-0.006117218114310992,-0.002735791058004571,-0.004067643133161904,0.007867677150898764,0.01795408632770683,0.011980520299451803,0.013303183796491511,0.015933674038026816,-0.010467579739564211,0.009999945333490386,-0.004749431032118577,0.015973370903073273,-0.004981482598817009,-0.010847626756842386,-0.007945573092021983,0.013081983623486134,0.013278921327520551,-0.012880840288964423,0.003914029364465561,0.01581316638926225,0.00948960054846726,0.011950144370661338,-0.005724502123395427,-0.013202192504445848,0.025673431407370648,0.01599990845482982,0.009863196999035234,-0.011618224914991645,0.015812567556168652,0.005807623507770993,-0.007950126091539613,0.011977108824115902,-0.0073877224204595094,0.021993706017971442,0.003932194975876404,-0.006004147772705864,0.017658729905757772,-0.008484791787555483,-0.010019602215367698,0.01399013828018724,-0.0064094297366529066,-0.006455910252229333,0.011763417012592078,0.013114729078729409,-0.006795288666141676,0.013698513635774831,-0.001437285097479316,0.0059577721199391845,0.009886282154210838,0.005839473641920077,0.013994384766798583,0.009825332543126765,-0.004542810614637326,-0.004830822096094579,-0.002935725711823418,-0.006675921040885502,-0.002928614757163487,-0.0037493789937696935,0.009980483716896095,-0.00923625832550579,0.009896286035266771,-0.0071459048379410835,0.00398153417830876,-0.012095539600605054,0.00968954372663664,0.0156390197048063,-0.004444278948742314,-0.0071401584658853995,-0.009465566689554812,-0.005986781480973494,0.013744037851625104,0.011993421336603574,0.017758602105821704,0.007970669661631926,0.013690723287734546,-0.005185379647814841,-0.0019374210453914301,agent85,-0.7110222932575702
-0.847352054647655,-0.005698756617929867,-0.0044586154864628275,-0.01500578867315679,-0.010492442541360497,-0.004738472434314731,-0.007716856030454065,-0.006998005019118815,0.007780068183061767,0.009998115768423053,-0.00662997907212777,-0.011309561964005427,0.003948995943418227,-0.006964392062586897,-0.010618668339566274,0.009993433928925391,-0.008015172924222925,1,0.01596292394554006,-0.0048188408175425385,-0.01253721647935244,0.017205994151269936,-0.007916428060560544,0.015737795951199594,-0.006117218114310992,-0.002735791058004571,-0.004067643133161904,0.007867677150898764,0.01795408632770683,0.011980520299451803,0.013303183796491511,0.015933674038026816,-0.010467579739564211,0.009999945333490386,-0.004749431032118577,0.015973370903073273,-0.004981482598817009,-0.010847626756842386,-0.007945573092021983,0.013081983623486134,0.013278921327520551,-0.012880840288964423,0.003914029364465561,0.01581316638926225,0.00948960054846726,0.011950144370661338,-0.005724502123395427,-0.013202192504445848,0.025673431407370648,0.01599990845482982,0.009863196999035234,-0.011618224914991645,0.015812567556168652,0.005807623507770993,-0.007950126091539613,0.011977108824115902,-0.0073877224204595094,0.021993706017971442,0.003932194975876404,-0.006004147772705864,0.017658729905757772,-0.008484791787555483,-0.010019602215367698,0.01399013828018724,-0.0064094297366529066,-0.006455910252229333,0.011763417012592078,0.013114729078729409,-0.006795288666141676,0.013698513635774831,-0.001437285097479316,0.0059577721199391845,0.009886282154210838,0.005839473641920077,0.013994384766798583,0.009825332543126765,-0.004542810614637326,-0.004830822096094579,-0.0032312231773515008,-0.006675921040885502,-0.002928614757163487,-0.0037493789937696935,0.009980483716896095,-0.00923625832550579,0.009896286035266771,-0.0071459048379410835,0.00398153417830876,-0.012095539600605054,0.00968954372663664,0.0156390197048063,-0.004444278948742314,-0.0071401584658853995,-0.009465566689554812,-0.005986781480973494,0.013744037851625104,0.011993421336603574,0.017758602105821704,0.007970669661631926,0.013690723287734546,-0.005185379647814841,-0.0019374210453914301,agent77,1
-0.8483678672152111,-0.005698756617929867,-0.0044586154864628275,-0.01500578867315679,-0.010492442541360497,-0.004738472434314731,-0.007716856030454065,-0.006998005019118815,0.007780068183061767,0.009998115768423053,-0.00662997907212777,-0.011309561964005427,0.003948995943418227,-0.006964392062586897,-0.010618668339566274,0.009993433928925391,-0.008015172924222925,1,0.01596292394554006,-0.0048188408175425385,-0.01253721647935244,0.017205994151269936,-0.007916428060560544,0.015737795951199594,-0.006117218114310992,-0.002735791058004571,-0.004067643133161904,0.007867677150898764,0.01795408632770683,0.011980520299451803,0.013303183796491511,0.015933674038026816,-0.010467579739564211,0.009999945333490386,-0.004749431032118577,0.015973370903073273,-0.004981482598817009,-0.010847626756842386,-0.007945573092021983,0.013081983623486134,0.013278921327520551,-0.012880840288964423,0.003914029364465561,0.01581316638926225,0.00948960054846726,0.011950144370661338,-0.005724502123395427,-0.013202192504445848,0.025673431407370648,0.01599990845482982,0.009863196999035234,-0.011618224914991645,0.017789431512501612,0.005807623507770993,-0.007950126091539613,0.011977108824115902,-0.0073877224204595094,0.021993706017971442,0.003932194975876404,-0.006004147772705864,0.017658729905757772,-0.008484791787555483,-0.010019602215367698,0.01399013828018724,-0.0064094297366529066,-0.006455910252229333,0.011763417012592078,0.013114729078729409,-0.006795288666141676,0.013698513635774831,-0.001437285097479316,0.0059577721199391845,0.009886282154210838,0.005839473641920077,0.013994384766798583,0.009825332543126765,-0.004542810614637326,-0.004830822096094579,-0.0032312231773515008,-0.006675921040885502,-0.002928614757163487,-0.0037493789937696935,0.009980483716896095,-0.00923625832550579,0.009896286035266771,-0.0071459048379410835,0.00398153417830876,-0.012095539600605054,0.00968954372663664,0.0156390197048063,-0.004444278948742314,-0.0071401584658853995,-0.009465566689554812,-0.005986781480973494,0.013744037851625104,0.011993421336603574,0.017758602105821704,0.007970669661631926,0.013690723287734546,-0.005185379647814841,-0.0019374210453914301,agent51,-0.6322425770924399
-0.8493718162111545,-0.005698756617929867,-0.0044586154864628275,-0.01500578867315679,-0.010492442541360497,-0.004738472434314731,-0.007716856030454065,-0.006998005019118815,0.007780068183061767,0.009998115768423053,-0.00662997907212777,-0.011309561964005427,0.005937499791571795,-0.006964392062586897,-0.010618668339566274,0.009993433928925391,-0.008015172924222925,1,0.01596292394554006,-0.0048188408175425385,-0.01253721647935244,0.017205994151269936,-0.007916428060560544,0.015737795951199594,-0.006117218114310992,-0.002735791058004571,-0.004067643133161904,0.007867677150898764,0.01795408632770683,0.011980520299451803,0.013303183796491511,0.015933674038026816,-0.010467579739564211,0.009999945333490386,-0.004749431032118577,0.015973370903073273,-0.004981482598817009,-0.010847626756842386,-0.007945573092021983,0.013081983623486134,0.013278921327520551,-0.012880840288964423,0.003914029364465561,0.01581316638926225,0.00948960054846726,0.011950144370661338,-0.005724502123395427,-0.013202192504445848,0.025673431407370648,0.01599990845482982,0.009863196999035234,-0.011618224914991645,0.017789431512501612,0.005807623507770993,-0.007950126091539613,0.011977108824115902,-0.0073877224204595094,0.021993706017971442,0.003932194975876404,-0.006004147772705864,0.017658729905757772,-0.008484791787555483,-0.010019602215367698,0.01399013828018724,-0.0064094297366529066,-0.006455910252229333,0.011763417012592078,0.013114729078729409,-0.006795288666141676,0.013698513635774831,-0.001437285097479316,0.0059577721199391845,0.009886282154210838,0.005839473641920077,0.013994384766798583,0.009825332543126765,-0.004542810614637326,-0.004830822096094579,-0.0032312231773515008,-0.006675921040885502,-0.002928614757163487,-0.0037493789937696935,0.009980483716896095,-0.00923625832550579,0.009896286035266771,-0.0071459048379410835,0.00398153417830876,-0.012095539600605054,0.00968954372663664,0.0156390197048063,-0.004444278948742314,-0.0071401584658853995,-0.009465566689554812,-0.005986781480973494,0.013744037851625104,0.011993421336603574,0.017758602105821704,0.007970669661631926,0.013690723287734546,-0.005185379647814841,-0.0019374210453914301,agent11,-1
-0.8503784461902266,-0.005698756617929867,-0.0044586154864628275,-0.01500578867315679,-0.010492442541360497,-0.004738472434314731,-0.007716856030454065,-0.006998005019118815,0.007780068183061767,0.009998115768423053,-0.006919891014829698,-0.011309561964005427,0.005937499791571795,-0.006964392062586897,-0.010618668339566274,0.009993433928925391,-0.008015172924222925,1,0.01596292394554006,-0.0048188408175425385,-0.01253721647935244,0.017205994151269936,-0.007916428060560544,0.015737795951199594,-0.006117218114310992,-0.002735791058004571,-0.004067643133161904,0.007867677150898764,0.01795408632770683,0.011980520299451803,0.013303183796491511,0.015933674038026816,-0.010467579739564211,0.009999945333490386,-0.004749431032118577,0.015973370903073273,-0.004981482598817009,-0.010847626756842386,-0.007945573092021983,0.013081983623486134,0.013278921327520551,-0.012880840288964423,0.003914029364465561,0.01581316638926225,0.00948960054846726,0.011950144370661338,-0.005724502123395427,-0.013202192504445848,0.025673431407370648,0.01599990845482982,0.009863196999035234,-0.011618224914991645,0.017789431512501612,0.005807623507770993,-0.007950126091539613,0.011977108824115902,-0.0073877224204595094,0.021993706017971442,0.003932194975876404,-0.006004147772705864,0.017658729905757772,-0.008484791787555483,-0.010019602215367698,0.01399013828018724,-0.0064094297366529066,-0.006455910252229333,0.011763417012592078,0.013114729078729409,-0.006795288666141676,0.013698513635774831,-0.001437285097479316,0.0059577721199391845,0.009886282154210838,0.005839473641920077,0.013994384766798583,0.009825332543126765,-0.004542810614637326,-0.004830822096094579,-0.0032312231773515008,-0.006675921040885502,-0.002928614757163487,-0.0037493789937696935,0.009980483716896095,-0.00923625832550579,0.009896286035266771,-0.0071459048379410835,0.00398153417830876,-0.012095539600605054,0.00968954372663664,0.0156390197048063,-0.004444278948742314,-0.0071401584658853995,-0.009465566689554812,-0.005986781480973494,0.013744037851625104,0.011993421336603574,0.017758602105821704,0.007970669661631926,0.013690723287734546,-0.005185379647814841,-0.0019374210453914301,agent9,1
-0.851388444305995,-0.005698756617929867,-0.0044586154864628275,-0.01500578867315679,-0.010492442541360497,-0.004738472434314731,-0.007716856030454065,-0.006998005019118815,0.007780068183061767,0.011997706904627356,-0.006919891014829698,-0.011309561964005427,0.005937499791571795,-0.006964392062586897,-0.010618668339566274,0.009993433928925391,-0.008015172924222925,1,0.01596292394554006,-0.0048188408175425385,-0.01253721647935244,0.017205994151269936,-0.007916428060560544,0.015737795951199594,-0.006117218114310992,-0.002735791058004571,-0.004067643133161904,0.007867677150898764,0.01795408632770683,0.011980520299451803,0.013303183796491511,0.015933674038026816,-0.010467579739564211,0.009999945333490386,-0.004749431032118577,0.015973370903073273,-0.004981482598817009,-0.010847626756842386,-0.007945573092021983,0.013081983623486134,0.013278921327520551,-0.012880840288964423,0.003914029364465561,0.01581316638926225,0.00948960054846726,0.011950144370661338,-0.005724502123395427,-0.013202192504445848,0.025673431407370648,0.01599990845482982,0.009863196999035234,-0.011618224914991645,0.017789431512501612,0.005807623507770993,-0.007950126091539613,0.011977108824115902,-0.0073877224204595094,0.021993706017971442,0.003932194975876404,-0.006004147772705864,0.017658729905757772,-0.008484791787555483,-0.010019602215367698,0.01399013828018724,-0.0064094297366529066,-0.006455910252229333,0.011763417012592078,0.013114729078729409,-0.006795288666141676,0.013698513635774831,-0.001437285097479316,0.0059577721199391845,0.009886282154210838,0.005839473641920077,0.013994384766798583,0.009825332543126765,-0.004542810614637326,-0.004830822096094579,-0.0032312231773515008,-0.006675921040885502,-0.002928614757163487,-0.0037493789937696935,0.009980483716896095,-0.00923625832550579,0.009896286035266771,-0.0071459048379410835,0.00398153417830876,-0.012095539600605054,0.00968954372663664,0.0156390197048063,-0.004444278948742314,-0.0071401584658853995,-0.009465566689554812,-0.005986781480973494,0.013744037851625104,0.011993421336603574,0.017758602105821704,0.007970669661631926,0.013690723287734546,-0.005185379647814841,-0.0019374210453914301,agent8,-0.8789743828140436
-0.8523931937370272,-0.005698756617929867,-0.0044586154864628275,-0.01500578867315679,-0.010492442541360497,-0.004738472434314731,-0.007716856030454065,-0.006998005019118815,0.007780068183061767,0.011997706904627356,-0.006919891014829698,-0.011309561964005427,0.005937499791571795,-0.006964392062586897,-0.010618668339566274,0.009993433928925391,-0.008015172924222925,1,0.01596292394554006,-0.0048188408175425385,-0.01253721647935244,0.017205994151269936,-0.007916428060560544,0.015737795951199594,-0.006117218114310992,-0.002735791058004571,-0.004067643133161904,0.007867677150898764,0.01795408632770683,0.011980520299451803,0.013303183796491511,0.015933674038026816,-0.010467579739564211,0.009999945333490386,-0.005035611446263691,0.015973370903073273,-0.004981482598817009,-0.010847626756842386,-0.007945573092021983,0.013081983623486134,0.013278921327520551,-0.012880840288964423,0.003914029364465561,0.01581316638926225,0.00948960054846726,0.011950144370661338,-0.005724502123395427,-0.013202192504445848,0.025673431407370648,0.01599990845482982,0.009863196999035234,-0.011618224914991645,0.017789431512501612,0.005807623507770993,-0.007950126091539613,0.011977108824115902,-0.0073877224204595094,0.021993706017971442,0.003932194975876404,-0.006004147772705864,0.017658729905757772,-0.008484791787555483,-0.010019602215367698,0.01399013828018724,-0.0064094297366529066,-0.006455910252229333,0.011763417012592078,0.013114729078729409,-0.006795288666141676,0.013698513635774831,-0.001437285097479316,0.0059577721199391845,0.009886282154210838,0.005839473641920077,0.013994384766798583,0.009825332543126765,-0.004542810614637326,-0.004830822096094579,-0.0032312231773515008,-0.006675921040885502,-0.002928614757163487,-0.0037493789937696935,0.009980483716896095,-0.00923625832550579,0.009896286035266771,-0.0071459048379410835,0.00398153417830876,-0.012095539600605054,0.00968954372663664,0.0156390197048063,-0.004444278948742314,-0.0071401584658853995,-0.009465566689554812,-0.005986781480973494,0.013744037851625104,0.011993421336603574,0.017758602105821704,0.007970669661631926,0.013690723287734546,-0.005185379647814841,-0.0019374210453914301,agent33,1
-0.8533999890256933,-0.005698756617929867,-0.0044586154864628275,-0.01500578867315679,-0.010492442541360497,-0.004738472434314731,-0.007716856030454065,-0.006998005019118815,0.007780068183061767,0.011997706904627356,-0.006919891014829698,-0.011309561964005427,0.005937499791571795,-0.006964392062586897,-0.010618668339566274,0.009993433928925391,-0.008015172924222925,1,0.01596292394554006,-0.0048188408175425385,-0.01253721647935244,0.017205994151269936,-0.007916428060560544,0.015737795951199594,-0.006117218114310992,-0.002735791058004571,-0.004067643133161904,0.007867677150898764,0.01795408632770683,0.011980520299451803,0.013303183796491511,0.015933674038026816,-0.010467579739564211,0.009999945333490386,-0.005035611446263691,0.015973370903073273,-0.004981482598817009,-0.010847626756842386,-0.007945573092021983,0.013081983623486134,0.013278921327520551,-0.012880840288964423,0.003914029364465561,0.01581316638926225,0.00948960054846726,0.011950144370661338,-0.005724502123395427,-0.013202192504445848,0.025673431407370648,0.01599990845482982,0.009863196999035234,-0.011618224914991645,0.017789431512501612,0.005807623507770993,-0.007950126091539613,0.011977108824115902,-0.0073877224204595094,0.021993706017971442,0.003932194975876404,-0.006004147772705864,0.017658729905757772,-0.008484791787555483,-0.010019602215367698,0.01399013828018724,-0.0064094297366529066,-0.006455910252229333,0.011763417012592078,0.013114729078729409,-0.007140603116832482,0.013698513635774831,-0.001437285097479316,0.0059577721199391845,0.009886282154210838,0.005839473641920077,0.013994384766798583,0.009825332543126765,-0.004542810614637326,-0.004830822096094579,-0.0032312231773515008,-0.006675921040885502,-0.002928614757163487,-0.0037493789937696935,0.009980483716896095,-0.00923625832550579,0.009896286035266771,-0.0071459048379410835,0.00398153417830876,-0.012095539600605054,0.00968954372663664,0.0156390197048063,-0.004444278948742314,-0.0071401584658853995,-0.009465566689554812,-0.005986781480973494,0.013744037851625104,0.011993421336603574,0.017758602105821704,0.007970669661631926,0.013690723287734546,-0.005185379647814841,-0.0019374210453914301,agent67,0.966774500187419
-0.8544078567028441,-0.005698756617929867,-0.0044586154864628275,-0.01500578867315679,-0.010492442541360497,-0.004738472434314731,-0.007716856030454065,-0.006998005019118815,0.007780068183061767,0.011997706904627356,-0.006919891014829698,-0.011309561964005427,0.005937499791571795,-0.006964392062586897,-0.010618668339566274,0.009993433928925391,-0.008015172924222925,1,0.01596292394554006,-0.0048188408175425385,-0.01253721647935244,0.017205994151269936,-0.007916428060560544,0.015737795951199594,-0.006117218114310992,-0.002735791058004571,-0.004067643133161904,0.009834899469492911,0.01795408632770683,0.011980520299451803,0.013303183796491511,0.015933674038026816,-0.010467579739564211,0.009999945333490386,-0.005035611446263691,0.015973370903073273,-0.004981482598817009,-0.010847626756842386,-0.007945573092021983,0.013081983623486134,0.013278921327520551,-0.012880840288964423,0.003914029364465561,0.01581316638926225,0.00948960054846726,0.011950144370661338,-0.005724502123395427,-0.013202192504445848,0.025673431407370648,0.01599990845482982,0.009863196999035234,-0.011618224914991645,0.017789431512501612,0.005807623507770993,-0.007950126091539613,0.011977108824115902,-0.0073877224204595094,0.021993706017971442,0.003932194975876404,-0.006004147772705864,0.017658729905757772,-0.008484791787555483,-0.010019602215367698,0.01399013828018724,-0.0064094297366529066,-0.006455910252229333,0.011763417012592078,0.013114729078729409,-0.007140603116832482,0.013698513635774831,-0.001437285097479316,0.0059577721199391845,0.009886282154210838,0.005839473641920077,0.013994384766798583,0.009825332543126765,-0.004542810614637326,-0.004830822096094579,-0.0032312231773515008,-0.006675921040885502,-0.002928614757163487,-0.0037493789937696935,0.009980483716896095,-0.00923625832550579,0.009896286035266771,-0.0071459048379410835,0.00398153417830876,-0.012095539600605054,0.00968954372663664,0.0156390197048063,-0.004444278948742314,-0.0071401584658853995,-0.009465566689554812,-0.005986781480973494,0.013744037851625104,0.011993421336603574,0.017758602105821704,0.007970669661631926,0.013690723287734546,-0.005185379647814841,-0.0019374210453914301,agent26,-0.5973621738270303
-0.8554137942026357,-0.005698756617929867,-0.0044586154864628275,-0.01500578867315679,-0.010492442541360497,-0.004738472434314731,-0.007716856030454065,-0.006998005019118815,0.007780068183061767,0.011997706904627356,-0.006919891014829698,-0.011309561964005427,0.007926901255476865,-0.006964392062586897,-0.010618668339566274,0.009993433928925391,-0.008015172924222925,1,0.01596292394554006,-0.0048188408175425385,-0.01253721647935244,0.017205994151269936,-0.007916428060560544,0.015737795951199594,-0.006117218114310992,-0.002735791058004571,-0.004067643133161904,0.009834899469492911,0.01795408632770683,0.011980520299451803,0.013303183796491511,0.015933674038026816,-0.010467579739564211,0.009999945333490386,-0.005035611446263691,0.015973370903073273,-0.004981482598817009,-0.010847626756842386,-0.007945573092021983,0.013081983623486134,0.013278921327520551,-0.012880840288964423,0.003914029364465561,0.01581316638926225,0.00948960054846726,0.011950144370661338,-0.005724502123395427,-0.013202192504445848,0.025673431407370648,0.01599990845482982,0.009863196999035234,-0.011618224914991645,0.017789431512501612,0.005807623507770993,-0.007950126091539613,0.011977108824115902,-0.0073877224204595094,0.021993706017971442,0.003932194975876404,-0.006004147772705864,0.017658729905757772,-0.008484791787555483,-0.010019602215367698,0.01399013828018724,-0.0064094297366529066,-0.006455910252229333,0.011763417012592078,0.013114729078729409,-0.007140603116832482,0.013698513635774831,-0.001437285097479316,0.0059577721199391845,0.009886282154210838,0.005839473641920077,0.013994384766798583,0.009825332543126765,-0.004542810614637326,-0.004830822096094579,-0.0032312231773515008,-0.006675921040885502,-0.002928614757163487,-0.0037493789937696935,0.009980483716896095,-0.00923625832550579,0.009896286035266771,-0.0071459048379410835,0.00398153417830876,-0.012095539600605054,0.00968954372663664,0.0156390197048063,-0.004444278948742314,-0.0071401584658853995,-0.009465566689554812,-0.005986781480973494,0.013744037851625104,0.011993421336603574,0.017758602105821704,0.007970669661631926,0.013690723287734546,-0.005185379647814841,-0.0019374210453914301,agent11,-1
-0.8564297941110905,-0.005698756617929867,-0.0044586154864628275,-0.01500578867315679,-0.010492442541360497,-0.004738472434314731,-0.007716856030454065,-0.006998005019118815,0.007780068183061767,0.011997706904627356,-0.006919891014829698,-0.011309561964005427,0.007926901255476865,-0.006964392062586897,-0.010618668339566274,0.009993433928925391,-0.008015172924222925,1,0.01596292394554006,-0.0048188408175425385,-0.01253721647935244,0.017205994151269936,-0.007916428060560544,0.015737795951199594,-0.006117218114310992,-0.002735791058004571,-0.004067643133161904,0.009834899469492911,0.01795408632770683,0.011980520299451803,0.013303183796491511,0.015933674038026816,-0.010467579739564211,0.009999945333490386,-0.005035611446263691,0.015973370903073273,-0.004981482598817009,-0.010847626756842386,-0.007945573092021983,0.013081983623486134,0.013278921327520551,-0.012880840288964423,0.003914029364465561,0.01581316638926225,0.00948960054846726,0.011950144370661338,-0.005724502123395427,-0.013202192504445848,0.025673431407370648,0.01799989943580925,0.009863196999035234,-0.011618224914991645,0.017789431512501612,0.005807623507770993,-0.007950126091539613,0.011977108824115902,-0.0073877224204595094,0.021993706017971442,0.003932194975876404,-0.006004147772705864,0.017658729905757772,-0.008484791787555483,-0.010019602215367698,0.01399013828018724,-0.0064094297366529066,-0.006455910252229333,0.011763417012592078,0.013114729078729409,-0.007140603116832482,0.013698513635774831,-0.001437285097479316,0.0059577721199391845,0.009886282154210838,0.005839473641920077,0.013994384766798583,0.009825332543126765,-0.004542810614637326,-0.004830822096094579,-0.0032312231773515008,-0.006675921040885502,-0.002928614757163487,-0.0037493789937696935,0.009980483716896095,-0.00923625832550579,0.009896286035266771,-0.0071459048379410835,0.00398153417830876,-0.012095539600605054,0.00968954372663664,0.0156390197048063,-0.004444278948742314,-0.0071401584658853995,-0.009465566689554812,-0.005986781480973494,0.013744037851625104,0.011993421336603574,0.017758602105821704,0.007970669661631926,0.013690723287734546,-0.005185379647814841,-0.0019374210453914301,agent48,-0.8511666726899367
-0.8564297941110905,-0.005698756617929867,-0.0044586154864628275,-0.01500578867315679,-0.010492442541360497,-0.004738472434314731,-0.007716856030454065,-0.006998005019118815,0.007780068183061767,0.011997706904627356,-0.006919891014829698,-0.011309561964005427,0.007926901255476865,-0.006964392062586897,-0.010618668339566274,0.009993433928925391,-0.008015172924222925,1,0.01596292394554006,-0.0048188408175425385,-0.01253721647935244,0.017205994151269936,-0.007916428060560544,0.015737795951199594,-0.006117218114310992,-0.002735791058004571,-0.004067643133161904,0.009834899469492911,0.01795408632770683,0.011980520299451803,0.013303183796491511,0.015933674038026816,-0.010467579739564211,0.009999945333490386,-0.005035611446263691,0.015973370903073273,-0.004981482598817009,-0.010847626756842386,-0.007945573092021983,0.013081983623486134,0.013278921327520551,-0.012880840288964423,0.003914029364465561,0.01581316638926225,0.00948960054846726,0.011950144370661338,-0.005724502123395427,-0.013202192504445848,0.025673431407370648,0.01799989943580925,0.009863196999035234,-0.011618224914991645,0.017789431512501612,0.005807623507770993,-0.007950126091539613,0.011977108824115902,-0.0073877224204595094,0.021993706017971442,0.003932194975876404,-0.006004147772705864,0.017658729905757772,-0.008484791787555483,-0.010019602215367698,0.01399013828018724,-0.0064094297366529066,-0.006455910252229333,0.011763417012592078,0.013114729078729409,-0.007140603116832482,0.013698513635774831,-0.001437285097479316,0.0059577721199391845,0.009886282154210838,0.005839473641920077,0.013994384766798583,0.009825332543126765,-0.004542810614637326,-0.004830822096094579,-0.0032312231773515008,-0.006675921040885502,-0.002928614757163487,-0.0037493789937696935,0.009980483716896095,-0.00923625832550579,0.009896286035266771,-0.0071459048379410835,0.00398153417830876,-0.012095539600605054,0.00968954372663664,0.0156390197048063,-0.004444278948742314,-0.0071401584658853995,-0.009465566689554812,-0.005986781480973494,0.013744037851625104,0.011993421336603574,0.017758602105821704,0.007970669661631926,0.013690723287734546,-0.005185379647814841,-0.0019374210453914301,agent16,-0.8564297941110905
-0.8574477481974182,-0.005698756617929867,-0.0044586154864628275,-0.01500578867315679,-0.010492442541360497,-0.004738472434314731,-0.007716856030454065,-0.006998005019118815,0.007780068183061767,0.011997706904627356,-0.006919891014829698,-0.011309561964005427,0.007926901255476865,-0.006964392062586897,-0.010618668339566274,0.009993433928925391,-0.008015172924222925,1,0.01596292394554006,-0.0048188408175425385,-0.01253721647935244,0.017205994151269936,-0.007916428060560544,0.015737795951199594,-0.006117218114310992,-0.002735791058004571,-0.004067643133161904,0.009834899469492911,0.019949062720087535,0.011980520299451803,0.013303183796491511,0.015933674038026816,-0.010467579739564211,0.009999945333490386,-0.005035611446263691,0.015973370903073273,-0.004981482598817009,-0.010847626756842386,-0.007945573092021983,0.013081983623486134,0.013278921327520551,-0.012880840288964423,0.003914029364465561,0.01581316638926225,0.00948960054846726,0.011950144370661338,-0.005724502123395427,-0.013202192504445848,0.025673431407370648,0.01799989943580925,0.009863196999035234,-0.011618224914991645,0.017789431512501612,0.005807623507770993,-0.007950126091539613,0.011977108824115902,-0.0073877224204595094,0.021993706017971442,0.003932194975876404,-0.006004147772705864,0.017658729905757772,-0.008484791787555483,-0.010019602215367698,0.01399013828018724,-0.0064094297366529066,-0.006455910252229333,0.011763417012592078,0.013114729078729409,-0.007140603116832482,0.013698513635774831,-0.001437285097479316,0.0059577721199391845,0.009886282154210838,0.005839473641920077,0.013994384766798583,0.009825332543126765,-0.004542810614637326,-0.004830822096094579,-0.0032312231773515008,-0.006675921040885502,-0.002928614757163487,-0.0037493789937696935,0.009980483716896095,-0.00923625832550579,0.009896286035266771,-0.0071459048379410835,0.00398153417830876,-0.012095539600605054,0.00968954372663664,0.0156390197048063,-0.004444278948742314,-0.0071401584658853995,-0.009465566689554812,-0.005986781480973494,0.013744037851625104,0.011993421336603574,0.017758602105821704,0.007970669661631926,0.013690723287734546,-0.005185379647814841,-0.0019374210453914301,agent27,-0.756193995922064
-0.8584734216288256,-0.005698756617929867,-0.0044586154864628275,-0.01500578867315679,-0.010492442541360497,-0.004738472434314731,-0.007716856030454065,-0.006998005019118815,0.007780068183061767,0.011997706904627356,-0.006919891014829698,-0.011309561964005427,0.007926901255476865,-0.006964392062586897,-0.010618668339566274,0.009993433928925391,-0.008015172924222925,1,0.01596292394554006,-0.0048188408175425385,-0.01253721647935244,0.017205994151269936,-0.007916428060560544,0.015737795951199594,-0.006117218114310992,-0.002735791058004571,-0.004067643133161904,0.009834899469492911,0.019949062720087535,0.011980520299451803,0.013303183796491511,0.015933674038026816,-0.010467579739564211,0.009999945333490386,-0.005035611446263691,0.015973370903073273,-0.004981482598817009,-0.010847626756842386,-0.007945573092021983,0.013081983623486134,0.013278921327520551,-0.012880840288964423,0.003914029364465561,0.01581316638926225,0.00948960054846726,0.011950144370661338,-0.005724502123395427,-0.013202192504445848,0.027647832272833336,0.01799989943580925,0.009863196999035234,-0.011618224914991645,0.017789431512501612,0.005807623507770993,-0.007950126091539613,0.011977108824115902,-0.0073877224204595094,0.021993706017971442,0.003932194975876404,-0.006004147772705864,0.017658729905757772,-0.008484791787555483,-0.010019602215367698,0.01399013828018724,-0.0064094297366529066,-0.006455910252229333,0.011763417012592078,0.013114729078729409,-0.007140603116832482,0.013698513635774831,-0.001437285097479316,0.0059577721199391845,0.009886282154210838,0.005839473641920077,0.013994384766798583,0.009825332543126765,-0.004542810614637326,-0.004830822096094579,-0.0032312231773515008,-0.006675921040885502,-0.002928614757163487,-0.0037493789937696935,0.009980483716896095,-0.00923625832550579,0.009896286035266771,-0.0071459048379410835,0.00398153417830876,-0.012095539600605054,0.00968954372663664,0.0156390197048063,-0.004444278948742314,-0.0071401584658853995,-0.009465566689554812,-0.005986781480973494,0.013744037851625104,0.011993421336603574,0.017758602105821704,0.007970669661631926,0.013690723287734546,-0.005185379647814841,-0.0019374210453914301,agent47,-0.6311774030908923
-0.8594794257765983,-0.005698756617929867,-0.0044586154864628275,-0.01500578867315679,-0.010492442541360497,-0.004738472434314731,-0.007716856030454065,-0.006998005019118815,0.007780068183061767,0.011997706904627356,-0.006919891014829698,-0.011309561964005427,0.007926901255476865,-0.006964392062586897,-0.010618668339566274,0.009993433928925391,-0.008015172924222925,1,0.01596292394554006,-0.0048188408175425385,-0.01253721647935244,0.017205994151269936,-0.007916428060560544,0.015737795951199594,-0.006117218114310992,-0.002735791058004571,-0.004067643133161904,0.009834899469492911,0.019949062720087535,0.011980520299451803,0.013303183796491511,0.015933674038026816,-0.010467579739564211,0.009999945333490386,-0.005035611446263691,0.015973370903073273,-0.004981482598817009,-0.010847626756842386,-0.007945573092021983,0.013081983623486134,0.013278921327520551,-0.012880840288964423,0.003914029364465561,0.01581316638926225,0.00948960054846726,0.011950144370661338,-0.005724502123395427,-0.013202192504445848,0.027647832272833336,0.01799989943580925,0.009863196999035234,-0.011618224914991645,0.017789431512501612,0.005807623507770993,-0.007950126091539613,0.011977108824115902,-0.0073877224204595094,0.021993706017971442,0.003932194975876404,-0.006277186043255487,0.017658729905757772,-0.008484791787555483,-0.010019602215367698,0.01399013828018724,-0.0064094297366529066,-0.006455910252229333,0.011763417012592078,0.013114729078729409,-0.007140603116832482,0.013698513635774831,-0.001437285097479316,0.0059577721199391845,0.009886282154210838,0.005839473641920077,0.013994384766798583,0.009825332543126765,-0.004542810614637326,-0.004830822096094579,-0.0032312231773515008,-0.006675921040885502,-0.002928614757163487,-0.0037493789937696935,0.009980483716896095,-0.00923625832550579,0.009896286035266771,-0.0071459048379410835,0.00398153417830876,-0.012095539600605054,0.00968954372663664,0.0156390197048063,-0.004444278948742314,-0.0071401584658853995,-0.009465566689554812,-0.005986781480973494,0.013744037851625104,0.011993421336603574,0.017758602105821704,0.007970669661631926,0.013690723287734546,-0.005185379647814841,-0.0019374210453914301,agent58,1
-0.8604889153771468,-0.005698756617929867,-0.0044586154864628275,-0.01500578867315679,-0.010492442541360497,-0.004738472434314731,-0.007716856030454065,-0.006998005019118815,0.007780068183061767,0.011997706904627356,-0.006919891014829698,-0.011309561964005427,0.007926901255476865,-0.006964392062586897,-0.010618668339566274,0.009993433928925391,-0.008015172924222925,1,0.01596292394554006,-0.0048188408175425385,-0.01253721647935244,0.017205994151269936,-0.007916428060560544,0.015737795951199594,-0.006117218114310992,-0.002735791058004571,-0.004067643133161904,0.009834899469492911,0.019949062720087535,0.011980520299451803,0.013303183796491511,0.015933674038026816,-0.010467579739564211,0.009999945333490386,-0.005035611446263691,0.015973370903073273,-0.004981482598817009,-0.010847626756842386,-0.007945573092021983,0.013081983623486134,0.013278921327520551,-0.012880840288964423,0.003914029364465561,0.01581316638926225,0.011479727532577224,0.011950144370661338,-0.005724502123395427,-0.013202192504445848,0.027647832272833336,0.01799989943580925,0.009863196999035234,-0.011618224914991645,0.017789431512501612,0.005807623507770993,-0.007950126091539613,0.011977108824115902,-0.0073877224204595094,0.021993706017971442,0.003932194975876404,-0.006277186043255487,0.017658729905757772,-0.008484791787555483,-0.010019602215367698,0.01399013828018724,-0.0064094297366529066,-0.006455910252229333,0.011763417012592078,0.013114729078729409,-0.007140603116832482,0.013698513635774831,-0.001437285097479316,0.0059577721199391845,0.009886282154210838,0.005839473641920077,0.013994384766798583,0.009825332543126765,-0.004542810614637326,-0.004830822096094579,-0.0032312231773515008,-0.006675921040885502,-0.002928614757163487,-0.0037493789937696935,0.009980483716896095,-0.00923625832550579,0.009896286035266771,-0.0071459048379410835,0.00398153417830876,-0.012095539600605054,0.00968954372663664,0.0156390197048063,-0.004444278948742314,-0.0071401584658853995,-0.009465566689554812,-0.005986781480973494,0.013744037851625104,0.011993421336603574,0.017758602105821704,0.007970669661631926,0.013690723287734546,-0.005185379647814841,-0.0019374210453914301,agent43,-1
-0.8614955912981876,-0.005698756617929867,-0.0044586154864628275,-0.01500578867315679,-0.010492442541360497,-0.004738472434314731,-0.007716856030454065,-0.006998005019118815,0.007780068183061767,0.011997706904627356,-0.006919891014829698,-0.011309561964005427,0.007926901255476865,-0.006964392062586897,-0.010618668339566274,0.009993433928925391,-0.008015172924222925,1,0.01596292394554006,-0.0048188408175425385,-0.01253721647935244,0.017205994151269936,-0.007916428060560544,0.015737795951199594,-0.006117218114310992,-0.002735791058004571,-0.004067643133161904,0.009834899469492911,0.019949062720087535,0.011980520299451803,0.013303183796491511,0.015933674038026816,-0.010467579739564211,0.009999945333490386,-0.005035611446263691,0.015973370903073273,-0.004981482598817009,-0.010847626756842386,-0.007945573092021983,0.013081983623486134,0.013278921327520551,-0.012880840288964423,0.003914029364465561,0.01581316638926225,0.011479727532577224,0.011950144370661338,-0.005724502123395427,-0.013202192504445848,0.027647832272833336,0.01799989943580925,0.009863196999035234,-0.011618224914991645,0.017789431512501612,0.005807623507770993,-0.007950126091539613,0.011977108824115902,-0.0073877224204595094,0.021993706017971442,0.003932194975876404,-0.006277186043255487,0.017658729905757772,-0.008484791787555483,-0.010019602215367698,0.01399013828018724,-0.0064094297366529066,-0.006455910252229333,0.011763417012592078,0.013114729078729409,-0.007140603116832482,0.013698513635774831,-0.001437285097479316,0.0059577721199391845,0.009886282154210838,0.005839473641920077,0.013994384766798583,0.009825332543126765,-0.004542810614637326,-0.004830822096094579,-0.0032312231773515008,-0.006945211538764887,-0.002928614757163487,-0.0037493789937696935,0.009980483716896095,-0.00923625832550579,0.009896286035266771,-0.0071459048379410835,0.00398153417830876,-0.012095539600605054,0.00968954372663664,0.0156390197048063,-0.004444278948742314,-0.0071401584658853995,-0.009465566689554812,-0.005986781480973494,0.013744037851625104,0.011993421336603574,0.017758602105821704,0.007970669661631926,0.013690723287734546,-0.005185379647814841,-0.0019374210453914301,agent78,1
-0.8625035619678493,-0.005698756617929867,-0.0044586154864628275,-0.01500578867315679,-0.010492442541360497,-0.004738472434314731,-0.007716856030454065,-0.006998005019118815,0.007780068183061767,0.011997706904627356,-0.006919891014829698,-0.011309561964005427,0.007926901255476865,-0.006964392062586897,-0.010618668339566274,0.009993433928925391,-0.008015172924222925,1,0.01596292394554006,-0.0048188408175425385,-0.01253721647935244,0.017205994151269936,-0.007916428060560544,0.015737795951199594,-0.006117218114310992,-0.002735791058004571,-0.004067643133161904,0.009834899469492911,0.019949062720087535,0.011980520299451803,0.013303183796491511,0.015933674038026816,-0.010467579739564211,0.009999945333490386,-0.005035611446263691,0.015973370903073273,-0.004981482598817009,-0.010847626756842386,-0.007945573092021983,0.013081983623486134,0.013278921327520551,-0.012880840288964423,0.003914029364465561,0.01581316638926225,0.011479727532577224,0.011950144370661338,-0.005724502123395427,-0.013202192504445848,0.027647832272833336,0.01799989943580925,0.009863196999035234,-0.011618224914991645,0.017789431512501612,0.005807623507770993,-0.007950126091539613,0.011977108824115902,-0.0073877224204595094,0.021993706017971442,0.003932194975876404,-0.006277186043255487,0.017658729905757772,-0.008484791787555483,-0.010019602215367698,0.01399013828018724,-0.0064094297366529066,-0.006455910252229333,0.011763417012592078,0.013114729078729409,-0.007140603116832482,0.013698513635774831,-0.001437285097479316,0.0059577721199391845,0.009886282154210838,0.005839473641920077,0.013994384766798583,0.009825332543126765,-0.004542810614637326,-0.004830822096094579,-0.0032312231773515008,-0.006945211538764887,-0.002928614757163487,-0.0037493789937696935,0.009980483716896095,-0.00923625832550579,0.009896286035266771,-0.0071459048379410835,0.00398153417830876,-0.012095539600605054,0.00968954372663664,0.0156390197048063,-0.004444278948742314,-0.0071401584658853995,-0.009465566689554812,-0.005986781480973494,0.013744037851625104,0.011993421336603574,0.017758602105821704,0.009963073704636465,0.013690723287734546,-0.005185379647814841,-0.0019374210453914301,agent96,-0.9847510738980435
-0.8635062977589073,-0.005698756617929867,-0.0044586154864628275,-0.01500578867315679,-0.010492442541360497,-0.004738472434314731,-0.007716856030454065,-0.006998005019118815,0.007780068183061767,0.011997706904627356,-0.006919891014829698,-0.011309561964005427,0.007926901255476865,-0.006964392062586897,-0.010618668339566274,0.009993433928925391,-0.008015172924222925,1,0.01596292394554006,-0.0048188408175425385,-0.01253721647935244,0.017205994151269936,-0.007916428060560544,0.015737795951199594,-0.006117218114310992,-0.003001331298833108,-0.004067643133161904,0.009834899469492911,0.019949062720087535,0.011980520299451803,0.013303183796491511,0.015933674038026816,-0.010467579739564211,0.009999945333490386,-0.005035611446263691,0.015973370903073273,-0.004981482598817009,-0.010847626756842386,-0.007945573092021983,0.013081983623486134,0.013278921327520551,-0.012880840288964423,0.003914029364465561,0.01581316638926225,0.011479727532577224,0.011950144370661338,-0.005724502123395427,-0.013202192504445848,0.027647832272833336,0.01799989943580925,0.009863196999035234,-0.011618224914991645,0.017789431512501612,0.005807623507770993,-0.007950126091539613,0.011977108824115902,-0.0073877224204595094,0.021993706017971442,0.003932194975876404,-0.006277186043255487,0.017658729905757772,-0.008484791787555483,-0.010019602215367698,0.01399013828018724,-0.0064094297366529066,-0.006455910252229333,0.011763417012592078,0.013114729078729409,-0.007140603116832482,0.013698513635774831,-0.001437285097479316,0.0059577721199391845,0.009886282154210838,0.005839473641920077,0.013994384766798583,0.009825332543126765,-0.004542810614637326,-0.004830822096094579,-0.0032312231773515008,-0.006945211538764887,-0.002928614757163487,-0.0037493789937696935,0.009980483716896095,-0.00923625832550579,0.009896286035266771,-0.0071459048379410835,0.00398153417830876,-0.012095539600605054,0.00968954372663664,0.0156390197048063,-0.004444278948742314,-0.0071401584658853995,-0.009465566689554812,-0.005986781480973494,0.013744037851625104,0.011993421336603574,0.017758602105821704,0.009963073704636465,0.013690723287734546,-0.005185379647814841,-0.0019374210453914301,agent24,1
-0.8645182748677315,-0.005698756617929867,-0.0044586154864628275,-0.01500578867315679,-0.010492442541360497,-0.004738472434314731,-0.007716856030454065,-0.006998005019118815,0.007780068183061767,0.011997706904627356,-0.006919891014829698,-0.011309561964005427,0.007926901255476865,-0.006964392062586897,-0.010618668339566274,0.009993433928925391,-0.008015172924222925,1,0.01596292394554006,-0.0048188408175425385,-0.01253721647935244,0.017205994151269936,-0.007916428060560544,0.015737795951199594,-0.006117218114310992,-0.003001331298833108,-0.004067643133161904,0.009834899469492911,0.019949062720087535,0.011980520299451803,0.013303183796491511,0.015933674038026816,-0.010467579739564211,0.009999945333490386,-0.005035611446263691,0.015973370903073273,-0.004981482598817009,-0.010847626756842386,-0.007945573092021983,0.013081983623486134,0.013278921327520551,-0.012880840288964423,0.003914029364465561,0.01581316638926225,0.011479727532577224,0.011950144370661338,-0.005724502123395427,-0.013202192504445848,0.027647832272833336,0.01799989943580925,0.009863196999035234,-0.011618224914991645,0.017789431512501612,0.005807623507770993,-0.007950126091539613,0.01397340392414546,-0.0073877224204595094,0.021993706017971442,0.003932194975876404,-0.006277186043255487,0.017658729905757772,-0.008484791787555483,-0.010019602215367698,0.01399013828018724,-0.0064094297366529066,-0.006455910252229333,0.011763417012592078,0.013114729078729409,-0.007140603116832482,0.013698513635774831,-0.001437285097479316,0.0059577721199391845,0.009886282154210838,0.005839473641920077,0.013994384766798583,0.009825332543126765,-0.004542810614637326,-0.004830822096094579,-0.0032312231773515008,-0.006945211538764887,-0.002928614757163487,-0.0037493789937696935,0.009980483716896095,-0.00923625832550579,0.009896286035266771,-0.0071459048379410835,0.00398153417830876,-0.012095539600605054,0.00968954372663664,0.0156390197048063,-0.004444278948742314,-0.0071401584658853995,-0.009465566689554812,-0.005986781480973494,0.013744037851625104,0.011993421336603574,0.017758602105821704,0.009963073704636465,0.013690723287734546,-0.005185379647814841,-0.0019374210453914301,agent54,-0.7774261029352241
-0.865528742447471,-0.005698756617929867,-0.0044586154864628275,-0.01500578867315679,-0.010492442541360497,-0.004738472434314731,-0.007716856030454065,-0.006998005019118815,0.007780068183061767,0.011997706904627356,-0.006919891014829698,-0.011309561964005427,0.007926901255476865,-0.006964392062586897,-0.010618668339566274,0.009993433928925391,-0.008015172924222925,1,0.01596292394554006,-0.0048188408175425385,-0.01253721647935244,0.017205994151269936,-0.007916428060560544,0.015737795951199594,-0.006117218114310992,-0.003001331298833108,-0.004067643133161904,0.009834899469492911,0.019949062720087535,0.011980520299451803,0.013303183796491511,0.015933674038026816,-0.01072936554090634,0.009999945333490386,-0.005035611446263691,0.015973370903073273,-0.004981482598817009,-0.010847626756842386,-0.007945573092021983,0.013081983623486134,0.013278921327520551,-0.012880840288964423,0.003914029364465561,0.01581316638926225,0.011479727532577224,0.011950144370661338,-0.005724502123395427,-0.013202192504445848,0.027647832272833336,0.01799989943580925,0.009863196999035234,-0.011618224914991645,0.017789431512501612,0.005807623507770993,-0.007950126091539613,0.01397340392414546,-0.0073877224204595094,0.021993706017971442,0.003932194975876404,-0.006277186043255487,0.017658729905757772,-0.008484791787555483,-0.010019602215367698,0.01399013828018724,-0.0064094297366529066,-0.006455910252229333,0.011763417012592078,0.013114729078729409,-0.007140603116832482,0.013698513635774831,-0.001437285097479316,0.0059577721199391845,0.009886282154210838,0.005839473641920077,0.013994384766798583,0.009825332543126765,-0.004542810614637326,-0.004830822096094579,-0.0032312231773515008,-0.006945211538764887,-0.002928614757163487,-0.0037493789937696935,0.009980483716896095,-0.00923625832550579,0.009896286035266771,-0.0071459048379410835,0.00398153417830876,-0.012095539600605054,0.00968954372663664,0.0156390197048063,-0.004444278948742314,-0.0071401584658853995,-0.009465566689554812,-0.005986781480973494,0.013744037851625104,0.011993421336603574,0.017758602105821704,0.009963073704636465,0.013690723287734546,-0.005185379647814841,-0.0019374210453914301,agent31,1
-0.8665367576203953,-0.005698756617929867,-0.0044586154864628275,-0.01500578867315679,-0.010492442541360497,-0.004738472434314731,-0.007716856030454065,-0.006998005019118815,0.007780068183061767,0.011997706904627356,-0.006919891014829698,-0.011309561964005427,0.007926901255476865,-0.006964392062586897,-0.010618668339566274,0.009993433928925391,-0.008275074179774104,1,0.01596292394554006,-0.0048188408175425385,-0.01253721647935244,0.017205994151269936,-0.007916428060560544,0.015737795951199594,-0.006117218114310992,-0.003001331298833108,-0.004067643133161904,0.009834899469492911,0.019949062720087535,0.011980520299451803,0.013303183796491511,0.015933674038026816,-0.01072936554090634,0.009999945333490386,-0.005035611446263691,0.015973370903073273,-0.004981482598817009,-0.010847626756842386,-0.007945573092021983,0.013081983623486134,0.013278921327520551,-0.012880840288964423,0.003914029364465561,0.01581316638926225,0.011479727532577224,0.011950144370661338,-0.005724502123395427,-0.013202192504445848,0.027647832272833336,0.01799989943580925,0.009863196999035234,-0.011618224914991645,0.017789431512501612,0.005807623507770993,-0.007950126091539613,0.01397340392414546,-0.0073877224204595094,0.021993706017971442,0.003932194975876404,-0.006277186043255487,0.017658729905757772,-0.008484791787555483,-0.010019602215367698,0.01399013828018724,-0.0064094297366529066,-0.006455910252229333,0.011763417012592078,0.013114729078729409,-0.007140603116832482,0.013698513635774831,-0.001437285097479316,0.0059577721199391845,0.009886282154210838,0.005839473641920077,0.013994384766798583,0.009825332543126765,-0.004542810614637326,-0.004830822096094579,-0.0032312231773515008,-0.006945211538764887,-0.002928614757163487,-0.0037493789937696935,0.009980483716896095,-0.00923625832550579,0.009896286035266771,-0.0071459048379410835,0.00398153417830876,-0.012095539600605054,0.00968954372663664,0.0156390197048063,-0.004444278948742314,-0.0071401584658853995,-0.009465566689554812,-0.005986781480973494,0.013744037851625104,0.011993421336603574,0.017758602105821704,0.009963073704636465,0.013690723287734546,-0.005185379647814841,-0.0019374210453914301,agent15,1
-0.8675544163503011,-0.005698756617929867,-0.0044586154864628275,-0.01500578867315679,-0.010492442541360497,-0.004738472434314731,-0.007716856030454065,-0.006998005019118815,0.007780068183061767,0.011997706904627356,-0.006919891014829698,-0.011309561964005427,0.007926901255476865,-0.006964392062586897,-0.010618668339566274,0.009993433928925391,-0.008275074179774104,1,0.01596292394554006,-0.0048188408175425385,-0.01253721647935244,0.017205994151269936,-0.007916428060560544,0.015737795951199594,-0.006117218114310992,-0.003001331298833108,-0.004067643133161904,0.009834899469492911,0.019949062720087535,0.011980520299451803,0.013303183796491511,0.015933674038026816,-0.01072936554090634,0.009999945333490386,-0.005035611446263691,0.015973370903073273,-0.004981482598817009,-0.010847626756842386,-0.007945573092021983,0.013081983623486134,0.013278921327520551,-0.012880840288964423,0.003914029364465561,0.01581316638926225,0.011479727532577224,0.011950144370661338,-0.005724502123395427,-0.013202192504445848,0.027647832272833336,0.01799989943580925,0.009863196999035234,-0.011618224914991645,0.017789431512501612,0.005807623507770993,-0.007950126091539613,0.01397340392414546,-0.0073877224204595094,0.021993706017971442,0.003932194975876404,-0.006277186043255487,0.019621192715594253,-0.008484791787555483,-0.010019602215367698,0.01399013828018724,-0.0064094297366529066,-0.006455910252229333,0.011763417012592078,0.013114729078729409,-0.007140603116832482,0.013698513635774831,-0.001437285097479316,0.0059577721199391845,0.009886282154210838,0.005839473641920077,0.013994384766798583,0.009825332543126765,-0.004542810614637326,-0.004830822096094579,-0.0032312231773515008,-0.006945211538764887,-0.002928614757163487,-0.0037493789937696935,0.009980483716896095,-0.00923625832550579,0.009896286035266771,-0.0071459048379410835,0.00398153417830876,-0.012095539600605054,0.00968954372663664,0.0156390197048063,-0.004444278948742314,-0.0071401584658853995,-0.009465566689554812,-0.005986781480973494,0.013744037851625104,0.011993421336603574,0.017758602105821704,0.009963073704636465,0.013690723287734546,-0.005185379647814841,-0.0019374210453914301,agent59,-0.5925397132439317
-0.8685643794240057,-0.005698756617929867,-0.0044586154864628275,-0.01500578867315679,-0.010492442541360497,-0.004738472434314731,-0.007716856030454065,-0.006998005019118815,0.007780068183061767,0.011997706904627356,-0.006919891014829698,-0.011309561964005427,0.007926901255476865,-0.006964392062586897,-0.010618668339566274,0.009993433928925391,-0.008275074179774104,1,0.01596292394554006,-0.0048188408175425385,-0.01253721647935244,0.017205994151269936,-0.007916428060560544,0.015737795951199594,-0.006117218114310992,-0.003001331298833108,-0.004067643133161904,0.009834899469492911,0.019949062720087535,0.011980520299451803,0.013303183796491511,0.015933674038026816,-0.01072936554090634,0.009999945333490386,-0.005035611446263691,0.015973370903073273,-0.004981482598817009,-0.010847626756842386,-0.007945573092021983,0.013081983623486134,0.013278921327520551,-0.012880840288964423,0.003914029364465561,0.01581316638926225,0.011479727532577224,0.011950144370661338,-0.005724502123395427,-0.013202192504445848,0.027647832272833336,0.01799989943580925,0.009863196999035234,-0.011618224914991645,0.017789431512501612,0.005807623507770993,-0.007950126091539613,0.01397340392414546,-0.0073877224204595094,0.021993706017971442,0.003932194975876404,-0.006277186043255487,0.019621192715594253,-0.008484791787555483,-0.010019602215367698,0.01399013828018724,-0.0064094297366529066,-0.006455910252229333,0.011763417012592078,0.013114729078729409,-0.007140603116832482,0.013698513635774831,-0.001437285097479316,0.0059577721199391845,0.009886282154210838,0.005839473641920077,0.013994384766798583,0.009825332543126765,-0.004542810614637326,-0.004830822096094579,-0.0032312231773515008,-0.006945211538764887,-0.002928614757163487,-0.0037493789937696935,0.009980483716896095,-0.00923625832550579,0.009896286035266771,-0.0071459048379410835,0.00398153417830876,-0.012095539600605054,0.00968954372663664,0.0156390197048063,-0.004444278948742314,-0.0071401584658853995,-0.009465566689554812,-0.005986781480973494,0.013744037851625104,0.011993421336603574,0.017758602105821704,0.01195560197878908,0.013690723287734546,-0.005185379647814841,-0.0019374210453914301,agent96,-0.9897978280123229
-0.8695684470671389,-0.005698756617929867,-0.0044586154864628275,-0.01500578867315679,-0.010492442541360497,-0.004738472434314731,-0.007716856030454065,-0.006998005019118815,0.007780068183061767,0.011997706904627356,-0.006919891014829698,-0.011309561964005427,0.007926901255476865,-0.006964392062586897,-0.010618668339566274,0.009993433928925391,-0.008275074179774104,1,0.01596292394554006,-0.0048188408175425385,-0.01253721647935244,0.017205994151269936,-0.007916428060560544,0.015737795951199594,-0.006117218114310992,-0.003001331298833108,-0.004321876713135795,0.009834899469492911,0.019949062720087535,0.011980520299451803,0.013303183796491511,0.015933674038026816,-0.01072936554090634,0.009999945333490386,-0.005035611446263691,0.015973370903073273,-0.004981482598817009,-0.010847626756842386,-0.007945573092021983,0.013081983623486134,0.013278921327520551,-0.012880840288964423,0.003914029364465561,0.01581316638926225,0.011479727532577224,0.011950144370661338,-0.005724502123395427,-0.013202192504445848,0.027647832272833336,0.01799989943580925,0.009863196999035234,-0.011618224914991645,0.017789431512501612,0.005807623507770993,-0.007950126091539613,0.01397340392414546,-0.0073877224204595094,0.021993706017971442,0.003932194975876404,-0.006277186043255487,0.019621192715594253,-0.008484791787555483,-0.010019602215367698,0.01399013828018724,-0.0064094297366529066,-0.006455910252229333,0.011763417012592078,0.013114729078729409,-0.007140603116832482,0.013698513635774831,-0.001437285097479316,0.0059577721199391845,0.009886282154210838,0.005839473641920077,0.013994384766798583,0.009825332543126765,-0.004542810614637326,-0.004830822096094579,-0.0032312231773515008,-0.006945211538764887,-0.002928614757163487,-0.0037493789937696935,0.009980483716896095,-0.00923625832550579,0.009896286035266771,-0.0071459048379410835,0.00398153417830876,-0.012095539600605054,0.00968954372663664,0.0156390197048063,-0.004444278948742314,-0.0071401584658853995,-0.009465566689554812,-0.005986781480973494,0.013744037851625104,0.011993421336603574,0.017758602105821704,0.01195560197878908,0.013690723287734546,-0.005185379647814841,-0.0019374210453914301,agent25,1
-0.8705834528558121,-0.005698756617929867,-0.0044586154864628275,-0.015258145584022272,-0.010492442541360497,-0.004738472434314731,-0.007716856030454065,-0.006998005019118815,0.007780068183061767,0.011997706904627356,-0.006919891014829698,-0.011309561964005427,0.007926901255476865,-0.006964392062586897,-0.010618668339566274,0.009993433928925391,-0.008275074179774104,1,0.01596292394554006,-0.0048188408175425385,-0.01253721647935244,0.017205994151269936,-0.007916428060560544,0.015737795951199594,-0.006117218114310992,-0.003001331298833108,-0.004321876713135795,0.009834899469492911,0.019949062720087535,0.011980520299451803,0.013303183796491511,0.015933674038026816,-0.01072936554090634,0.009999945333490386,-0.005035611446263691,0.015973370903073273,-0.004981482598817009,-0.010847626756842386,-0.007945573092021983,0.013081983623486134,0.013278921327520551,-0.012880840288964423,0.003914029364465561,0.01581316638926225,0.011479727532577224,0.011950144370661338,-0.005724502123395427,-0.013202192504445848,0.027647832272833336,0.01799989943580925,0.009863196999035234,-0.011618224914991645,0.017789431512501612,0.005807623507770993,-0.007950126091539613,0.01397340392414546,-0.0073877224204595094,0.021993706017971442,0.003932194975876404,-0.006277186043255487,0.019621192715594253,-0.008484791787555483,-0.010019602215367698,0.01399013828018724,-0.0064094297366529066,-0.006455910252229333,0.011763417012592078,0.013114729078729409,-0.007140603116832482,0.013698513635774831,-0.001437285097479316,0.0059577721199391845,0.009886282154210838,0.005839473641920077,0.013994384766798583,0.009825332543126765,-0.004542810614637326,-0.004830822096094579,-0.0032312231773515008,-0.006945211538764887,-0.002928614757163487,-0.0037493789937696935,0.009980483716896095,-0.00923625832550579,0.009896286035266771,-0.0071459048379410835,0.00398153417830876,-0.012095539600605054,0.00968954372663664,0.0156390197048063,-0.004444278948742314,-0.0071401584658853995,-0.009465566689554812,-0.005986781480973494,0.013744037851625104,0.011993421336603574,0.017758602105821704,0.01195560197878908,0.013690723287734546,-0.005185379647814841,-0.0019374210453914301,agent2,1
-0.871589292329454,-0.005698756617929867,-0.0044586154864628275,-0.015258145584022272,-0.010492442541360497,-0.004738472434314731,-0.007716856030454065,-0.006998005019118815,0.007780068183061767,0.011997706904627356,-0.006919891014829698,-0.011309561964005427,0.007926901255476865,-0.006964392062586897,-0.010618668339566274,0.009993433928925391,-0.008275074179774104,1,0.01596292394554006,-0.0048188408175425385,-0.01253721647935244,0.017205994151269936,-0.007916428060560544,0.015737795951199594,-0.006117218114310992,-0.003001331298833108,-0.004321876713135795,0.009834899469492911,0.019949062720087535,0.011980520299451803,0.013303183796491511,0.015933674038026816,-0.01072936554090634,0.009999945333490386,-0.005035611446263691,0.015973370903073273,-0.004981482598817009,-0.010847626756842386,-0.007945573092021983,0.013081983623486134,0.013278921327520551,-0.012880840288964423,0.003914029364465561,0.01581316638926225,0.011479727532577224,0.011950144370661338,-0.005724502123395427,-0.013202192504445848,0.027647832272833336,0.01799989943580925,0.009863196999035234,-0.011618224914991645,0.017789431512501612,0.005807623507770993,-0.007950126091539613,0.01397340392414546,-0.0073877224204595094,0.021993706017971442,0.003932194975876404,-0.006277186043255487,0.019621192715594253,-0.008484791787555483,-0.010019602215367698,0.01399013828018724,-0.0064094297366529066,-0.006455910252229333,0.011763417012592078,0.013114729078729409,-0.007140603116832482,0.013698513635774831,-0.001437285097479316,0.0059577721199391845,0.009886282154210838,0.00778760140119743,0.013994384766798583,0.009825332543126765,-0.004542810614637326,-0.004830822096094579,-0.0032312231773515008,-0.006945211538764887,-0.002928614757163487,-0.0037493789937696935,0.009980483716896095,-0.00923625832550579,0.009896286035266771,-0.0071459048379410835,0.00398153417830876,-0.012095539600605054,0.00968954372663664,0.0156390197048063,-0.004444278948742314,-0.0071401584658853995,-0.009465566689554812,-0.005986781480973494,0.013744037851625104,0.011993421336603574,0.017758602105821704,0.01195560197878908,0.013690723287734546,-0.005185379647814841,-0.0019374210453914301,agent72,-0.5484895512598731
-0.8726006018914181,-0.005698756617929867,-0.0044586154864628275,-0.015258145584022272,-0.010492442541360497,-0.004738472434314731,-0.007716856030454065,-0.006998005019118815,0.007780068183061767,0.011997706904627356,-0.006919891014829698,-0.011558138724424294,0.007926901255476865,-0.006964392062586897,-0.010618668339566274,0.009993433928925391,-0.008275074179774104,1,0.01596292394554006,-0.0048188408175425385,-0.01253721647935244,0.017205994151269936,-0.007916428060560544,0.015737795951199594,-0.006117218114310992,-0.003001331298833108,-0.004321876713135795,0.009834899469492911,0.019949062720087535,0.011980520299451803,0.013303183796491511,0.015933674038026816,-0.01072936554090634,0.009999945333490386,-0.005035611446263691,0.015973370903073273,-0.004981482598817009,-0.010847626756842386,-0.007945573092021983,0.013081983623486134,0.013278921327520551,-0.012880840288964423,0.003914029364465561,0.01581316638926225,0.011479727532577224,0.011950144370661338,-0.005724502123395427,-0.013202192504445848,0.027647832272833336,0.01799989943580925,0.009863196999035234,-0.011618224914991645,0.017789431512501612,0.005807623507770993,-0.007950126091539613,0.01397340392414546,-0.0073877224204595094,0.021993706017971442,0.003932194975876404,-0.006277186043255487,0.019621192715594253,-0.008484791787555483,-0.010019602215367698,0.01399013828018724,-0.0064094297366529066,-0.006455910252229333,0.011763417012592078,0.013114729078729409,-0.007140603116832482,0.013698513635774831,-0.001437285097479316,0.0059577721199391845,0.009886282154210838,0.00778760140119743,0.013994384766798583,0.009825332543126765,-0.004542810614637326,-0.004830822096094579,-0.0032312231773515008,-0.006945211538764887,-0.002928614757163487,-0.0037493789937696935,0.009980483716896095,-0.00923625832550579,0.009896286035266771,-0.0071459048379410835,0.00398153417830876,-0.012095539600605054,0.00968954372663664,0.0156390197048063,-0.004444278948742314,-0.0071401584658853995,-0.009465566689554812,-0.005986781480973494,0.013744037851625104,0.011993421336603574,0.017758602105821704,0.01195560197878908,0.013690723287734546,-0.005185379647814841,-0.0019374210453914301,agent10,1
-0.8736067191095324,-0.005698756617929867,-0.0044586154864628275,-0.015258145584022272,-0.010492442541360497,-0.004738472434314731,-0.007716856030454065,-0.006998005019118815,0.007780068183061767,0.011997706904627356,-0.006919891014829698,-0.011558138724424294,0.007926901255476865,-0.006964392062586897,-0.010618668339566274,0.009993433928925391,-0.008275074179774104,1,0.01596292394554006,-0.0048188408175425385,-0.01253721647935244,0.017205994151269936,-0.007916428060560544,0.015737795951199594,-0.006363901607208941,-0.003001331298833108,-0.004321876713135795,0.009834899469492911,0.019949062720087535,0.011980520299451803,0.013303183796491511,0.015933674038026816,-0.01072936554090634,0.009999945333490386,-0.005035611446263691,0.015973370903073273,-0.004981482598817009,-0.010847626756842386,-0.007945573092021983,0.013081983623486134,0.013278921327520551,-0.012880840288964423,0.003914029364465561,0.01581316638926225,0.011479727532577224,0.011950144370661338,-0.005724502123395427,-0.013202192504445848,0.027647832272833336,0.01799989943580925,0.009863196999035234,-0.011618224914991645,0.017789431512501612,0.005807623507770993,-0.007950126091539613,0.01397340392414546,-0.0073877224204595094,0.021993706017971442,0.003932194975876404,-0.006277186043255487,0.019621192715594253,-0.008484791787555483,-0.010019602215367698,0.01399013828018724,-0.0064094297366529066,-0.006455910252229333,0.011763417012592078,0.013114729078729409,-0.007140603116832482,0.013698513635774831,-0.001437285097479316,0.0059577721199391845,0.009886282154210838,0.00778760140119743,0.013994384766798583,0.009825332543126765,-0.004542810614637326,-0.004830822096094579,-0.0032312231773515008,-0.006945211538764887,-0.002928614757163487,-0.0037493789937696935,0.009980483716896095,-0.00923625832550579,0.009896286035266771,-0.0071459048379410835,0.00398153417830876,-0.012095539600605054,0.00968954372663664,0.0156390197048063,-0.004444278948742314,-0.0071401584658853995,-0.009465566689554812,-0.005986781480973494,0.013744037851625104,0.011993421336603574,0.017758602105821704,0.01195560197878908,0.013690723287734546,-0.005185379647814841,-0.0019374210453914301,agent23,1
-0.8746167190548658,-0.005698756617929867,-0.0044586154864628275,-0.015258145584022272,-0.010492442541360497,-0.004738472434314731,-0.007716856030454065,-0.006998005019118815,0.007780068183061767,0.011997706904627356,-0.006919891014829698,-0.011558138724424294,0.007926901255476865,-0.006964392062586897,-0.010618668339566274,0.009993433928925391,-0.008275074179774104,1,0.01596292394554006,-0.0048188408175425385,-0.01253721647935244,0.017205994151269936,-0.007916428060560544,0.015737795951199594,-0.006363901607208941,-0.003001331298833108,-0.004321876713135795,0.009834899469492911,0.019949062720087535,0.011980520299451803,0.013303183796491511,0.015933674038026816,-0.01072936554090634,0.011999915894662705,-0.005035611446263691,0.015973370903073273,-0.004981482598817009,-0.010847626756842386,-0.007945573092021983,0.013081983623486134,0.013278921327520551,-0.012880840288964423,0.003914029364465561,0.01581316638926225,0.011479727532577224,0.011950144370661338,-0.005724502123395427,-0.013202192504445848,0.027647832272833336,0.01799989943580925,0.009863196999035234,-0.011618224914991645,0.017789431512501612,0.005807623507770993,-0.007950126091539613,0.01397340392414546,-0.0073877224204595094,0.021993706017971442,0.003932194975876404,-0.006277186043255487,0.019621192715594253,-0.008484791787555483,-0.010019602215367698,0.01399013828018724,-0.0064094297366529066,-0.006455910252229333,0.011763417012592078,0.013114729078729409,-0.007140603116832482,0.013698513635774831,-0.001437285097479316,0.0059577721199391845,0.009886282154210838,0.00778760140119743,0.013994384766798583,0.009825332543126765,-0.004542810614637326,-0.004830822096094579,-0.0032312231773515008,-0.006945211538764887,-0.002928614757163487,-0.0037493789937696935,0.009980483716896095,-0.00923625832550579,0.009896286035266771,-0.0071459048379410835,0.00398153417830876,-0.012095539600605054,0.00968954372663664,0.0156390197048063,-0.004444278948742314,-0.0071401584658853995,-0.009465566689554812,-0.005986781480973494,0.013744037851625104,0.011993421336603574,0.017758602105821704,0.01195560197878908,0.013690723287734546,-0.005185379647814841,-0.0019374210453914301,agent32,-0.881279896766806
-0.8756236642664046,-0.005698756617929867,-0.0044586154864628275,-0.015258145584022272,-0.010492442541360497,-0.004738472434314731,-0.007716856030454065,-0.006998005019118815,0.007780068183061767,0.011997706904627356,-0.006919891014829698,-0.011558138724424294,0.007926901255476865,-0.006964392062586897,-0.010618668339566274,0.009993433928925391,-0.008275074179774104,1,0.01596292394554006,-0.0048188408175425385,-0.01253721647935244,0.017205994151269936,-0.007916428060560544,0.015737795951199594,-0.006363901607208941,-0.003001331298833108,-0.004321876713135795,0.009834899469492911,0.019949062720087535,0.011980520299451803,0.013303183796491511,0.015933674038026816,-0.01072936554090634,0.011999915894662705,-0.005035611446263691,0.015973370903073273,-0.004981482598817009,-0.010847626756842386,-0.007945573092021983,0.013081983623486134,0.013278921327520551,-0.012880840288964423,0.003914029364465561,0.01581316638926225,0.011479727532577224,0.011950144370661338,-0.005724502123395427,-0.013202192504445848,0.027647832272833336,0.01799989943580925,0.009863196999035234,-0.011618224914991645,0.017789431512501612,0.005807623507770993,-0.007950126091539613,0.01397340392414546,-0.0073877224204595094,0.021993706017971442,0.003932194975876404,-0.006277186043255487,0.019621192715594253,-0.008484791787555483,-0.010019602215367698,0.01399013828018724,-0.0064094297366529066,-0.006455910252229333,0.011763417012592078,0.013114729078729409,-0.007140603116832482,0.013698513635774831,-0.001437285097479316,0.0059577721199391845,0.009886282154210838,0.00778760140119743,0.013994384766798583,0.009825332543126765,-0.004542810614637326,-0.004830822096094579,-0.0032312231773515008,-0.007188117617084872,-0.002928614757163487,-0.0037493789937696935,0.009980483716896095,-0.00923625832550579,0.009896286035266771,-0.0071459048379410835,0.00398153417830876,-0.012095539600605054,0.00968954372663664,0.0156390197048063,-0.004444278948742314,-0.0071401584658853995,-0.009465566689554812,-0.005986781480973494,0.013744037851625104,0.011993421336603574,0.017758602105821704,0.01195560197878908,0.013690723287734546,-0.005185379647814841,-0.0019374210453914301,agent78,1
-0.8766416641658404,-0.005698756617929867,-0.0044586154864628275,-0.015258145584022272,-0.010492442541360497,-0.004738472434314731,-0.007716856030454065,-0.006998005019118815,0.007780068183061767,0.011997706904627356,-0.006919891014829698,-0.011558138724424294,0.007926901255476865,-0.006964392062586897,-0.010618668339566274,0.009993433928925391,-0.008275074179774104,1,0.01596292394554006,-0.0048188408175425385,-0.01253721647935244,0.017205994151269936,-0.007916428060560544,0.015737795951199594,-0.006363901607208941,-0.003001331298833108,-0.004321876713135795,0.009834899469492911,0.019949062720087535,0.011980520299451803,0.013303183796491511,0.015933674038026816,-0.01072936554090634,0.011999915894662705,-0.005035611446263691,0.015973370903073273,-0.004981482598817009,-0.010847626756842386,-0.007945573092021983,0.013081983623486134,0.013278921327520551,-0.012880840288964423,0.003914029364465561,0.01581316638926225,0.011479727532577224,0.011950144370661338,-0.005724502123395427,-0.013202192504445848,0.027647832272833336,0.019999890419384138,0.009863196999035234,-0.011618224914991645,0.017789431512501612,0.005807623507770993,-0.007950126091539613,0.01397340392414546,-0.0073877224204595094,0.021993706017971442,0.003932194975876404,-0.006277186043255487,0.019621192715594253,-0.008484791787555483,-0.010019602215367698,0.01399013828018724,-0.0064094297366529066,-0.006455910252229333,0.011763417012592078,0.013114729078729409,-0.007140603116832482,0.013698513635774831,-0.001437285097479316,0.0059577721199391845,0.009886282154210838,0.00778760140119743,0.013994384766798583,0.009825332543126765,-0.004542810614637326,-0.004830822096094579,-0.0032312231773515008,-0.007188117617084872,-0.002928614757163487,-0.0037493789937696935,0.009980483716896095,-0.00923625832550579,0.009896286035266771,-0.0071459048379410835,0.00398153417830876,-0.012095539600605054,0.00968954372663664,0.0156390197048063,-0.004444278948742314,-0.0071401584658853995,-0.009465566689554812,-0.005986781480973494,0.013744037851625104,0.011993421336603574,0.017758602105821704,0.01195560197878908,0.013690723287734546,-0.005185379647814841,-0.0019374210453914301,agent48,-0.8713771539078761
-0.8776576375367435,-0.005698756617929867,-0.0044586154864628275,-0.015258145584022272,-0.010492442541360497,-0.004738472434314731,-0.007716856030454065,-0.006998005019118815,0.007780068183061767,0.011997706904627356,-0.006919891014829698,-0.011558138724424294,0.007926901255476865,-0.006964392062586897,-0.010618668339566274,0.009993433928925391,-0.008275074179774104,1,0.01596292394554006,-0.0048188408175425385,-0.01253721647935244,0.017205994151269936,-0.007916428060560544,0.015737795951199594,-0.006363901607208941,-0.003001331298833108,-0.004321876713135795,0.009834899469492911,0.019949062720087535,0.011980520299451803,0.013303183796491511,0.015933674038026816,-0.01072936554090634,0.011999915894662705,-0.005035611446263691,0.017969987932958776,-0.004981482598817009,-0.010847626756842386,-0.007945573092021983,0.013081983623486134,0.013278921327520551,-0.012880840288964423,0.003914029364465561,0.01581316638926225,0.011479727532577224,0.011950144370661338,-0.005724502123395427,-0.013202192504445848,0.027647832272833336,0.019999890419384138,0.009863196999035234,-0.011618224914991645,0.017789431512501612,0.005807623507770993,-0.007950126091539613,0.01397340392414546,-0.0073877224204595094,0.021993706017971442,0.003932194975876404,-0.006277186043255487,0.019621192715594253,-0.008484791787555483,-0.010019602215367698,0.01399013828018724,-0.0064094297366529066,-0.006455910252229333,0.011763417012592078,0.013114729078729409,-0.007140603116832482,0.013698513635774831,-0.001437285097479316,0.0059577721199391845,0.009886282154210838,0.00778760140119743,0.013994384766798583,0.009825332543126765,-0.004542810614637326,-0.004830822096094579,-0.0032312231773515008,-0.007188117617084872,-0.002928614757163487,-0.0037493789937696935,0.009980483716896095,-0.00923625832550579,0.009896286035266771,-0.0071459048379410835,0.00398153417830876,-0.012095539600605054,0.00968954372663664,0.0156390197048063,-0.004444278948742314,-0.0071401584658853995,-0.009465566689554812,-0.005986781480973494,0.013744037851625104,0.011993421336603574,0.017758602105821704,0.01195560197878908,0.013690723287734546,-0.005185379647814841,-0.0019374210453914301,agent34,-0.958896999731333
-0.8786671031034331,-0.005698756617929867,-0.0044586154864628275,-0.015258145584022272,-0.010492442541360497,-0.004738472434314731,-0.007716856030454065,-0.006998005019118815,0.007780068183061767,0.011997706904627356,-0.006919891014829698,-0.011558138724424294,0.007926901255476865,-0.006964392062586897,-0.010618668339566274,0.009993433928925391,-0.008275074179774104,1,0.01596292394554006,-0.0048188408175425385,-0.01253721647935244,0.017205994151269936,-0.007916428060560544,0.015737795951199594,-0.006363901607208941,-0.003001331298833108,-0.004321876713135795,0.009834899469492911,0.019949062720087535,0.011980520299451803,0.013303183796491511,0.015933674038026816,-0.01072936554090634,0.011999915894662705,-0.005035611446263691,0.017969987932958776,-0.004981482598817009,-0.010847626756842386,-0.007945573092021983,0.013081983623486134,0.013278921327520551,-0.012880840288964423,0.003914029364465561,0.01581316638926225,0.011479727532577224,0.011950144370661338,-0.005724502123395427,-0.013202192504445848,0.027647832272833336,0.019999890419384138,0.009863196999035234,-0.011618224914991645,0.017789431512501612,0.005807623507770993,-0.007950126091539613,0.01397340392414546,-0.0073877224204595094,0.021993706017971442,0.003932194975876404,-0.006277186043255487,0.019621192715594253,-0.008484791787555483,-0.010019602215367698,0.01399013828018724,-0.0064094297366529066,-0.006455910252229333,0.011763417012592078,0.013114729078729409,-0.007140603116832482,0.013698513635774831,-0.001437285097479316,0.0059577721199391845,0.009886282154210838,0.00778760140119743,0.013994384766798583,0.009825332543126765,-0.004542810614637326,-0.004830822096094579,-0.0032312231773515008,-0.007188117617084872,-0.002928614757163487,-0.0037493789937696935,0.009980483716896095,-0.00923625832550579,0.009896286035266771,-0.0071459048379410835,0.00398153417830876,-0.012095539600605054,0.00968954372663664,0.0156390197048063,-0.004444278948742314,-0.0071401584658853995,-0.010059142089759917,-0.005986781480973494,0.013744037851625104,0.011993421336603574,0.017758602105821704,0.01195560197878908,0.013690723287734546,-0.005185379647814841,-0.0019374210453914301,agent91,0.7994974535594233
-0.8796803820247606,-0.005698756617929867,-0.0044586154864628275,-0.015258145584022272,-0.010492442541360497,-0.004738472434314731,-0.007716856030454065,-0.006998005019118815,0.007780068183061767,0.011997706904627356,-0.006919891014829698,-0.011558138724424294,0.007926901255476865,-0.006964392062586897,-0.010618668339566274,0.009993433928925391,-0.008275074179774104,1,0.01596292394554006,-0.0048188408175425385,-0.01253721647935244,0.017205994151269936,-0.007916428060560544,0.015737795951199594,-0.006363901607208941,-0.003001331298833108,-0.004321876713135795,0.009834899469492911,0.019949062720087535,0.011980520299451803,0.013303183796491511,0.015933674038026816,-0.01072936554090634,0.011999915894662705,-0.005035611446263691,0.017969987932958776,-0.004981482598817009,-0.010847626756842386,-0.007945573092021983,0.013081983623486134,0.015271560491585895,-0.012880840288964423,0.003914029364465561,0.01581316638926225,0.011479727532577224,0.011950144370661338,-0.005724502123395427,-0.013202192504445848,0.027647832272833336,0.019999890419384138,0.009863196999035234,-0.011618224914991645,0.017789431512501612,0.005807623507770993,-0.007950126091539613,0.01397340392414546,-0.0073877224204595094,0.021993706017971442,0.003932194975876404,-0.006277186043255487,0.019621192715594253,-0.008484791787555483,-0.010019602215367698,0.01399013828018724,-0.0064094297366529066,-0.006455910252229333,0.011763417012592078,0.013114729078729409,-0.007140603116832482,0.013698513635774831,-0.001437285097479316,0.0059577721199391845,0.009886282154210838,0.00778760140119743,0.013994384766798583,0.009825332543126765,-0.004542810614637326,-0.004830822096094579,-0.0032312231773515008,-0.007188117617084872,-0.002928614757163487,-0.0037493789937696935,0.009980483716896095,-0.00923625832550579,0.009896286035266771,-0.0071459048379410835,0.00398153417830876,-0.012095539600605054,0.00968954372663664,0.0156390197048063,-0.004444278948742314,-0.0071401584658853995,-0.010059142089759917,-0.005986781480973494,0.013744037851625104,0.011993421336603574,0.017758602105821704,0.01195560197878908,0.013690723287734546,-0.005185379647814841,-0.0019374210453914301,agent39,-1
-0.8806923754460972,-0.005698756617929867,-0.0044586154864628275,-0.015258145584022272,-0.010492442541360497,-0.004738472434314731,-0.007716856030454065,-0.006998005019118815,0.007780068183061767,0.011997706904627356,-0.006919891014829698,-0.011558138724424294,0.007926901255476865,-0.006964392062586897,-0.010618668339566274,0.009993433928925391,-0.008275074179774104,1,0.01596292394554006,-0.0048188408175425385,-0.01253721647935244,0.017205994151269936,-0.007916428060560544,0.015737795951199594,-0.006363901607208941,-0.003001331298833108,-0.004321876713135795,0.009834899469492911,0.019949062720087535,0.011980520299451803,0.013303183796491511,0.015933674038026816,-0.01072936554090634,0.011999915894662705,-0.005035611446263691,0.017969987932958776,-0.004981482598817009,-0.010847626756842386,-0.007945573092021983,0.013081983623486134,0.015271560491585895,-0.012880840288964423,0.003914029364465561,0.01581316638926225,0.011479727532577224,0.011950144370661338,-0.005724502123395427,-0.013202192504445848,0.027647832272833336,0.019999890419384138,0.009863196999035234,-0.011618224914991645,0.017789431512501612,0.005807623507770993,-0.007950126091539613,0.01397340392414546,-0.0073877224204595094,0.021993706017971442,0.003932194975876404,-0.006277186043255487,0.019621192715594253,-0.008484791787555483,-0.010019602215367698,0.01399013828018724,-0.0064094297366529066,-0.006455910252229333,0.011763417012592078,0.013114729078729409,-0.007140603116832482,0.013698513635774831,-0.001437285097479316,0.0059577721199391845,0.009886282154210838,0.00778760140119743,0.013994384766798583,0.009825332543126765,-0.004542810614637326,-0.004830822096094579,-0.0032312231773515008,-0.007188117617084872,-0.002928614757163487,-0.0037493789937696935,0.009980483716896095,-0.00923625832550579,0.009896286035266771,-0.0071459048379410835,0.00398153417830876,-0.012095539600605054,0.00968954372663664,0.0156390197048063,-0.004444278948742314,-0.0071401584658853995,-0.010059142089759917,-0.005986781480973494,0.013744037851625104,0.013992390705076744,0.017758602105821704,0.01195560197878908,0.013690723287734546,-0.005185379647814841,-0.0019374210453914301,agent94,-0.8342792470867237
-0.8816987393477045,-0.005698756617929867,-0.0044586154864628275,-0.015258145584022272,-0.010492442541360497,-0.004738472434314731,-0.007716856030454065,-0.006998005019118815,0.007780068183061767,0.011997706904627356,-0.006919891014829698,-0.011558138724424294,0.007926901255476865,-0.006964392062586897,-0.010618668339566274,0.009993433928925391,-0.008275074179774104,1,0.01596292394554006,-0.0048188408175425385,-0.01253721647935244,0.017205994151269936,-0.007916428060560544,0.015737795951199594,-0.0065953997016783995,-0.003001331298833108,-0.004321876713135795,0.009834899469492911,0.019949062720087535,0.011980520299451803,0.013303183796491511,0.015933674038026816,-0.01072936554090634,0.011999915894662705,-0.005035611446263691,0.017969987932958776,-0.004981482598817009,-0.010847626756842386,-0.007945573092021983,0.013081983623486134,0.015271560491585895,-0.012880840288964423,0.003914029364465561,0.01581316638926225,0.011479727532577224,0.011950144370661338,-0.005724502123395427,-0.013202192504445848,0.027647832272833336,0.019999890419384138,0.009863196999035234,-0.011618224914991645,0.017789431512501612,0.005807623507770993,-0.007950126091539613,0.01397340392414546,-0.0073877224204595094,0.021993706017971442,0.003932194975876404,-0.006277186043255487,0.019621192715594253,-0.008484791787555483,-0.010019602215367698,0.01399013828018724,-0.0064094297366529066,-0.006455910252229333,0.011763417012592078,0.013114729078729409,-0.007140603116832482,0.013698513635774831,-0.001437285097479316,0.0059577721199391845,0.009886282154210838,0.00778760140119743,0.013994384766798583,0.009825332543126765,-0.004542810614637326,-0.004830822096094579,-0.0032312231773515008,-0.007188117617084872,-0.002928614757163487,-0.0037493789937696935,0.009980483716896095,-0.00923625832550579,0.009896286035266771,-0.0071459048379410835,0.00398153417830876,-0.012095539600605054,0.00968954372663664,0.0156390197048063,-0.004444278948742314,-0.0071401584658853995,-0.010059142089759917,-0.005986781480973494,0.013744037851625104,0.013992390705076744,0.017758602105821704,0.01195560197878908,0.013690723287734546,-0.005185379647814841,-0.0019374210453914301,agent23,1
-0.8827026715426803,-0.005698756617929867,-0.0044586154864628275,-0.015258145584022272,-0.010492442541360497,-0.004738472434314731,-0.007716856030454065,-0.006998005019118815,0.007780068183061767,0.011997706904627356,-0.006919891014829698,-0.011558138724424294,0.007926901255476865,-0.006964392062586897,-0.010618668339566274,0.009993433928925391,-0.008275074179774104,1,0.01596292394554006,-0.0048188408175425385,-0.01253721647935244,0.017205994151269936,-0.007916428060560544,0.015737795951199594,-0.0065953997016783995,-0.003001331298833108,-0.004321876713135795,0.009834899469492911,0.019949062720087535,0.011980520299451803,0.013303183796491511,0.015933674038026816,-0.01072936554090634,0.011999915894662705,-0.005035611446263691,0.017969987932958776,-0.004981482598817009,-0.010847626756842386,-0.007945573092021983,0.013081983623486134,0.015271560491585895,-0.012880840288964423,0.003914029364465561,0.01581316638926225,0.011479727532577224,0.011950144370661338,-0.005724502123395427,-0.013202192504445848,0.027647832272833336,0.019999890419384138,0.009863196999035234,-0.011618224914991645,0.017789431512501612,0.005807623507770993,-0.007950126091539613,0.01397340392414546,-0.0073877224204595094,0.021993706017971442,0.005925197381740443,-0.006277186043255487,0.019621192715594253,-0.008484791787555483,-0.010019602215367698,0.01399013828018724,-0.0064094297366529066,-0.006455910252229333,0.011763417012592078,0.013114729078729409,-0.007140603116832482,0.013698513635774831,-0.001437285097479316,0.0059577721199391845,0.009886282154210838,0.00778760140119743,0.013994384766798583,0.009825332543126765,-0.004542810614637326,-0.004830822096094579,-0.0032312231773515008,-0.007188117617084872,-0.002928614757163487,-0.0037493789937696935,0.009980483716896095,-0.00923625832550579,0.009896286035266771,-0.0071459048379410835,0.00398153417830876,-0.012095539600605054,0.00968954372663664,0.0156390197048063,-0.004444278948742314,-0.0071401584658853995,-0.010059142089759917,-0.005986781480973494,0.013744037851625104,0.013992390705076744,0.017758602105821704,0.01195560197878908,0.013690723287734546,-0.005185379647814841,-0.0019374210453914301,agent57,-1
-0.8837163622659681,-0.005698756617929867,-0.0044586154864628275,-0.015258145584022272,-0.010492442541360497,-0.004738472434314731,-0.007716856030454065,-0.006998005019118815,0.007780068183061767,0.011997706904627356,-0.006919891014829698,-0.011558138724424294,0.007926901255476865,-0.006964392062586897,-0.010618668339566274,0.009993433928925391,-0.008275074179774104,1,0.01596292394554006,-0.0048188408175425385,-0.01253721647935244,0.017205994151269936,-0.007916428060560544,0.015737795951199594,-0.0065953997016783995,-0.003001331298833108,-0.004321876713135795,0.009834899469492911,0.019949062720087535,0.011980520299451803,0.013303183796491511,0.015933674038026816,-0.01072936554090634,0.011999915894662705,-0.005035611446263691,0.017969987932958776,-0.004981482598817009,-0.010847626756842386,-0.007945573092021983,0.013081983623486134,0.015271560491585895,-0.012880840288964423,0.003914029364465561,0.01581316638926225,0.011479727532577224,0.011950144370661338,-0.005724502123395427,-0.013202192504445848,0.027647832272833336,0.019999890419384138,0.009863196999035234,-0.011618224914991645,0.017789431512501612,0.005807623507770993,-0.007950126091539613,0.01397340392414546,-0.0073877224204595094,0.021993706017971442,0.005925197381740443,-0.006277186043255487,0.019621192715594253,-0.008484791787555483,-0.010019602215367698,0.01399013828018724,-0.0064094297366529066,-0.006455910252229333,0.011763417012592078,0.013114729078729409,-0.007140603116832482,0.013698513635774831,-0.001437285097479316,0.0059577721199391845,0.009886282154210838,0.00778760140119743,0.013994384766798583,0.009825332543126765,-0.004542810614637326,-0.004830822096094579,-0.0032312231773515008,-0.007188117617084872,-0.002928614757163487,-0.0037493789937696935,0.009980483716896095,-0.00923625832550579,0.009896286035266771,-0.0071459048379410835,0.00398153417830876,-0.012095539600605054,0.00968954372663664,0.0156390197048063,-0.004444278948742314,-0.0071401584658853995,-0.010059142089759917,-0.005986781480973494,0.013744037851625104,0.013992390705076744,0.017758602105821704,0.01195560197878908,0.015683843956102936,-0.005185379647814841,-0.0019374210453914301,agent97,-1
-0.8847227716957047,-0.005698756617929867,-0.0044586154864628275,-0.015258145584022272,-0.010492442541360497,-0.004738472434314731,-0.007716856030454065,-0.006998005019118815,0.007780068183061767,0.011997706904627356,-0.006919891014829698,-0.011558138724424294,0.007926901255476865,-0.006964392062586897,-0.010618668339566274,0.009993433928925391,-0.008275074179774104,1,0.01596292394554006,-0.0048188408175425385,-0.01253721647935244,0.017205994151269936,-0.007916428060560544,0.015737795951199594,-0.0065953997016783995,-0.003001331298833108,-0.004321876713135795,0.009834899469492911,0.019949062720087535,0.011980520299451803,0.013303183796491511,0.015933674038026816,-0.01072936554090634,0.011999915894662705,-0.005035611446263691,0.017969987932958776,-0.004981482598817009,-0.010847626756842386,-0.007945573092021983,0.013081983623486134,0.015271560491585895,-0.012880840288964423,0.003914029364465561,0.01581316638926225,0.011479727532577224,0.011950144370661338,-0.005724502123395427,-0.013202192504445848,0.027647832272833336,0.019999890419384138,0.009863196999035234,-0.011618224914991645,0.017789431512501612,0.005807623507770993,-0.007950126091539613,0.01397340392414546,-0.0073877224204595094,0.021993706017971442,0.005925197381740443,-0.006277186043255487,0.019621192715594253,-0.008484791787555483,-0.010019602215367698,0.01399013828018724,-0.006888159352252662,-0.006455910252229333,0.011763417012592078,0.013114729078729409,-0.007140603116832482,0.013698513635774831,-0.001437285097479316,0.0059577721199391845,0.009886282154210838,0.00778760140119743,0.013994384766798583,0.009825332543126765,-0.004542810614637326,-0.004830822096094579,-0.0032312231773515008,-0.007188117617084872,-0.002928614757163487,-0.0037493789937696935,0.009980483716896095,-0.00923625832550579,0.009896286035266771,-0.0071459048379410835,0.00398153417830876,-0.012095539600605054,0.00968954372663664,0.0156390197048063,-0.004444278948742314,-0.0071401584658853995,-0.010059142089759917,-0.005986781480973494,0.013744037851625104,0.013992390705076744,0.017758602105821704,0.01195560197878908,0.015683843956102936,-0.005185379647814841,-0.0019374210453914301,agent63,0.8605716783971812
-0.8857356525359936,-0.005698756617929867,-0.0044586154864628275,-0.015258145584022272,-0.010492442541360497,-0.004738472434314731,-0.007716856030454065,-0.006998005019118815,0.007780068183061767,0.011997706904627356,-0.006919891014829698,-0.011558138724424294,0.007926901255476865,-0.006964392062586897,-0.010618668339566274,0.009993433928925391,-0.008275074179774104,1,0.01596292394554006,-0.0048188408175425385,-0.01253721647935244,0.017205994151269936,-0.007916428060560544,0.015737795951199594,-0.0065953997016783995,-0.003001331298833108,-0.004321876713135795,0.009834899469492911,0.019949062720087535,0.011980520299451803,0.013303183796491511,0.015933674038026816,-0.01072936554090634,0.011999915894662705,-0.005035611446263691,0.017969987932958776,-0.004981482598817009,-0.010847626756842386,-0.007945573092021983,0.013081983623486134,0.015271560491585895,-0.01329329913627149,0.003914029364465561,0.01581316638926225,0.011479727532577224,0.011950144370661338,-0.005724502123395427,-0.013202192504445848,0.027647832272833336,0.019999890419384138,0.009863196999035234,-0.011618224914991645,0.017789431512501612,0.005807623507770993,-0.007950126091539613,0.01397340392414546,-0.0073877224204595094,0.021993706017971442,0.005925197381740443,-0.006277186043255487,0.019621192715594253,-0.008484791787555483,-0.010019602215367698,0.01399013828018724,-0.006888159352252662,-0.006455910252229333,0.011763417012592078,0.013114729078729409,-0.007140603116832482,0.013698513635774831,-0.001437285097479316,0.0059577721199391845,0.009886282154210838,0.00778760140119743,0.013994384766798583,0.009825332543126765,-0.004542810614637326,-0.004830822096094579,-0.0032312231773515008,-0.007188117617084872,-0.002928614757163487,-0.0037493789937696935,0.009980483716896095,-0.00923625832550579,0.009896286035266771,-0.0071459048379410835,0.00398153417830876,-0.012095539600605054,0.00968954372663664,0.0156390197048063,-0.004444278948742314,-0.0071401584658853995,-0.010059142089759917,-0.005986781480973494,0.013744037851625104,0.013992390705076744,0.017758602105821704,0.01195560197878908,0.015683843956102936,-0.005185379647814841,-0.0019374210453914301,agent40,0.8971532917233718
-0.8867413512926116,-0.0059207571423071925,-0.0044586154864628275,-0.015258145584022272,-0.010492442541360497,-0.004738472434314731,-0.007716856030454065,-0.006998005019118815,0.007780068183061767,0.011997706904627356,-0.006919891014829698,-0.011558138724424294,0.007926901255476865,-0.006964392062586897,-0.010618668339566274,0.009993433928925391,-0.008275074179774104,1,0.01596292394554006,-0.0048188408175425385,-0.01253721647935244,0.017205994151269936,-0.007916428060560544,0.015737795951199594,-0.0065953997016783995,-0.003001331298833108,-0.004321876713135795,0.009834899469492911,0.019949062720087535,0.011980520299451803,0.013303183796491511,0.015933674038026816,-0.01072936554090634,0.011999915894662705,-0.005035611446263691,0.017969987932958776,-0.004981482598817009,-0.010847626756842386,-0.007945573092021983,0.013081983623486134,0.015271560491585895,-0.01329329913627149,0.003914029364465561,0.01581316638926225,0.011479727532577224,0.011950144370661338,-0.005724502123395427,-0.013202192504445848,0.027647832272833336,0.019999890419384138,0.009863196999035234,-0.011618224914991645,0.017789431512501612,0.005807623507770993,-0.007950126091539613,0.01397340392414546,-0.0073877224204595094,0.021993706017971442,0.005925197381740443,-0.006277186043255487,0.019621192715594253,-0.008484791787555483,-0.010019602215367698,0.01399013828018724,-0.006888159352252662,-0.006455910252229333,0.011763417012592078,0.013114729078729409,-0.007140603116832482,0.013698513635774831,-0.001437285097479316,0.0059577721199391845,0.009886282154210838,0.00778760140119743,0.013994384766798583,0.009825332543126765,-0.004542810614637326,-0.004830822096094579,-0.0032312231773515008,-0.007188117617084872,-0.002928614757163487,-0.0037493789937696935,0.009980483716896095,-0.00923625832550579,0.009896286035266771,-0.0071459048379410835,0.00398153417830876,-0.012095539600605054,0.00968954372663664,0.0156390197048063,-0.004444278948742314,-0.0071401584658853995,-0.010059142089759917,-0.005986781480973494,0.013744037851625104,0.013992390705076744,0.017758602105821704,0.01195560197878908,0.015683843956102936,-0.005185379647814841,-0.0019374210453914301,agent0,1
-0.8877613003553316,-0.0059207571423071925,-0.0044586154864628275,-0.015258145584022272,-0.010492442541360497,-0.004738472434314731,-0.007716856030454065,-0.006998005019118815,0.007780068183061767,0.011997706904627356,-0.006919891014829698,-0.011558138724424294,0.007926901255476865,-0.006964392062586897,-0.010618668339566274,0.009993433928925391,-0.008275074179774104,1,0.01596292394554006,-0.0048188408175425385,-0.01253721647935244,0.017205994151269936,-0.007916428060560544,0.015737795951199594,-0.0065953997016783995,-0.003001331298833108,-0.004321876713135795,0.009834899469492911,0.021943938055034615,0.011980520299451803,0.013303183796491511,0.015933674038026816,-0.01072936554090634,0.011999915894662705,-0.005035611446263691,0.017969987932958776,-0.004981482598817009,-0.010847626756842386,-0.007945573092021983,0.013081983623486134,0.015271560491585895,-0.01329329913627149,0.003914029364465561,0.01581316638926225,0.011479727532577224,0.011950144370661338,-0.005724502123395427,-0.013202192504445848,0.027647832272833336,0.019999890419384138,0.009863196999035234,-0.011618224914991645,0.017789431512501612,0.005807623507770993,-0.007950126091539613,0.01397340392414546,-0.0073877224204595094,0.021993706017971442,0.005925197381740443,-0.006277186043255487,0.019621192715594253,-0.008484791787555483,-0.010019602215367698,0.01399013828018724,-0.006888159352252662,-0.006455910252229333,0.011763417012592078,0.013114729078729409,-0.007140603116832482,0.013698513635774831,-0.001437285097479316,0.0059577721199391845,0.009886282154210838,0.00778760140119743,0.013994384766798583,0.009825332543126765,-0.004542810614637326,-0.004830822096094579,-0.0032312231773515008,-0.007188117617084872,-0.002928614757163487,-0.0037493789937696935,0.009980483716896095,-0.00923625832550579,0.009896286035266771,-0.0071459048379410835,0.00398153417830876,-0.012095539600605054,0.00968954372663664,0.0156390197048063,-0.004444278948742314,-0.0071401584658853995,-0.010059142089759917,-0.005986781480973494,0.013744037851625104,0.013992390705076744,0.017758602105821704,0.01195560197878908,0.015683843956102936,-0.005185379647814841,-0.0019374210453914301,agent27,-0.7855023760615207
-0.8887752947400984,-0.0059207571423071925,-0.0044586154864628275,-0.015258145584022272,-0.010492442541360497,-0.004738472434314731,-0.007716856030454065,-0.006998005019118815,0.007780068183061767,0.011997706904627356,-0.006919891014829698,-0.011558138724424294,0.007926901255476865,-0.006964392062586897,-0.010618668339566274,0.009993433928925391,-0.008275074179774104,1,0.01596292394554006,-0.0048188408175425385,-0.01253721647935244,0.017205994151269936,-0.007916428060560544,0.015737795951199594,-0.0065953997016783995,-0.003001331298833108,-0.004321876713135795,0.009834899469492911,0.021943938055034615,0.011980520299451803,0.013303183796491511,0.015933674038026816,-0.01072936554090634,0.011999915894662705,-0.005035611446263691,0.017969987932958776,-0.004981482598817009,-0.010847626756842386,-0.007945573092021983,0.013081983623486134,0.015271560491585895,-0.01329329913627149,0.003914029364465561,0.01581316638926225,0.011479727532577224,0.011950144370661338,-0.005724502123395427,-0.013202192504445848,0.027647832272833336,0.019999890419384138,0.009863196999035234,-0.011618224914991645,0.017789431512501612,0.005807623507770993,-0.007950126091539613,0.01397340392414546,-0.0073877224204595094,0.021993706017971442,0.005925197381740443,-0.006277186043255487,0.019621192715594253,-0.008484791787555483,-0.010019602215367698,0.01399013828018724,-0.006888159352252662,-0.006455910252229333,0.011763417012592078,0.013114729078729409,-0.007140603116832482,0.013698513635774831,-0.001437285097479316,0.0059577721199391845,0.009886282154210838,0.00778760140119743,0.01599350154492917,0.009825332543126765,-0.004542810614637326,-0.004830822096094579,-0.0032312231773515008,-0.007188117617084872,-0.002928614757163487,-0.0037493789937696935,0.009980483716896095,-0.00923625832550579,0.009896286035266771,-0.0071459048379410835,0.00398153417830876,-0.012095539600605054,0.00968954372663664,0.0156390197048063,-0.004444278948742314,-0.0071401584658853995,-0.010059142089759917,-0.005986781480973494,0.013744037851625104,0.013992390705076744,0.017758602105821704,0.01195560197878908,0.015683843956102936,-0.005185379647814841,-0.0019374210453914301,agent73,-0.9297903824155617
-0.8897812199374802,-0.0059207571423071925,-0.0044586154864628275,-0.015258145584022272,-0.010492442541360497,-0.004738472434314731,-0.007716856030454065,-0.006998005019118815,0.007780068183061767,0.011997706904627356,-0.006919891014829698,-0.011558138724424294,0.007926901255476865,-0.006964392062586897,-0.010618668339566274,0.009993433928925391,-0.008275074179774104,1,0.01596292394554006,-0.0048188408175425385,-0.01253721647935244,0.017205994151269936,-0.007916428060560544,0.015737795951199594,-0.0065953997016783995,-0.003001331298833108,-0.004321876713135795,0.009834899469492911,0.021943938055034615,0.011980520299451803,0.013303183796491511,0.015933674038026816,-0.01072936554090634,0.011999915894662705,-0.005035611446263691,0.017969987932958776,-0.004981482598817009,-0.010847626756842386,-0.007945573092021983,0.013081983623486134,0.015271560491585895,-0.01329329913627149,0.003914029364465561,0.01581316638926225,0.011479727532577224,0.011950144370661338,-0.005724502123395427,-0.013202192504445848,0.027647832272833336,0.019999890419384138,0.009863196999035234,-0.011618224914991645,0.017789431512501612,0.005807623507770993,-0.007950126091539613,0.01397340392414546,-0.0073877224204595094,0.021993706017971442,0.007919011914210367,-0.006277186043255487,0.019621192715594253,-0.008484791787555483,-0.010019602215367698,0.01399013828018724,-0.006888159352252662,-0.006455910252229333,0.011763417012592078,0.013114729078729409,-0.007140603116832482,0.013698513635774831,-0.001437285097479316,0.0059577721199391845,0.009886282154210838,0.00778760140119743,0.01599350154492917,0.009825332543126765,-0.004542810614637326,-0.004830822096094579,-0.0032312231773515008,-0.007188117617084872,-0.002928614757163487,-0.0037493789937696935,0.009980483716896095,-0.00923625832550579,0.009896286035266771,-0.0071459048379410835,0.00398153417830876,-0.012095539600605054,0.00968954372663664,0.0156390197048063,-0.004444278948742314,-0.0071401584658853995,-0.010059142089759917,-0.005986781480973494,0.013744037851625104,0.013992390705076744,0.017758602105821704,0.01195560197878908,0.015683843956102936,-0.005185379647814841,-0.0019374210453914301,agent57,-1
-0.8907891389493944,-0.0059207571423071925,-0.0044586154864628275,-0.015258145584022272,-0.010492442541360497,-0.004738472434314731,-0.007716856030454065,-0.006998005019118815,0.007780068183061767,0.011997706904627356,-0.006919891014829698,-0.011558138724424294,0.007926901255476865,-0.006964392062586897,-0.010618668339566274,0.009993433928925391,-0.008275074179774104,1,0.01596292394554006,-0.0048188408175425385,-0.01253721647935244,0.017205994151269936,-0.007916428060560544,0.015737795951199594,-0.0065953997016783995,-0.003001331298833108,-0.004321876713135795,0.009834899469492911,0.021943938055034615,0.011980520299451803,0.013303183796491511,0.015933674038026816,-0.01072936554090634,0.011999915894662705,-0.005035611446263691,0.017969987932958776,-0.004981482598817009,-0.010847626756842386,-0.007945573092021983,0.013081983623486134,0.015271560491585895,-0.01329329913627149,0.003914029364465561,0.01581316638926225,0.011479727532577224,0.011950144370661338,-0.005724502123395427,-0.013202192504445848,0.027647832272833336,0.019999890419384138,0.009863196999035234,-0.011618224914991645,0.017789431512501612,0.005807623507770993,-0.007950126091539613,0.01397340392414546,-0.0073877224204595094,0.021993706017971442,0.009912937824471132,-0.006277186043255487,0.019621192715594253,-0.008484791787555483,-0.010019602215367698,0.01399013828018724,-0.006888159352252662,-0.006455910252229333,0.011763417012592078,0.013114729078729409,-0.007140603116832482,0.013698513635774831,-0.001437285097479316,0.0059577721199391845,0.009886282154210838,0.00778760140119743,0.01599350154492917,0.009825332543126765,-0.004542810614637326,-0.004830822096094579,-0.0032312231773515008,-0.007188117617084872,-0.002928614757163487,-0.0037493789937696935,0.009980483716896095,-0.00923625832550579,0.009896286035266771,-0.0071459048379410835,0.00398153417830876,-0.012095539600605054,0.00968954372663664,0.0156390197048063,-0.004444278948742314,-0.0071401584658853995,-0.010059142089759917,-0.005986781480973494,0.013744037851625104,0.013992390705076744,0.017758602105821704,0.01195560197878908,0.015683843956102936,-0.005185379647814841,-0.0019374210453914301,agent57,-1
-0.8918006970881188,-0.0059207571423071925,-0.0044586154864628275,-0.015258145584022272,-0.010492442541360497,-0.004738472434314731,-0.007716856030454065,-0.006998005019118815,0.007780068183061767,0.011997706904627356,-0.006919891014829698,-0.011770596940439798,0.007926901255476865,-0.006964392062586897,-0.010618668339566274,0.009993433928925391,-0.008275074179774104,1,0.01596292394554006,-0.0048188408175425385,-0.01253721647935244,0.017205994151269936,-0.007916428060560544,0.015737795951199594,-0.0065953997016783995,-0.003001331298833108,-0.004321876713135795,0.009834899469492911,0.021943938055034615,0.011980520299451803,0.013303183796491511,0.015933674038026816,-0.01072936554090634,0.011999915894662705,-0.005035611446263691,0.017969987932958776,-0.004981482598817009,-0.010847626756842386,-0.007945573092021983,0.013081983623486134,0.015271560491585895,-0.01329329913627149,0.003914029364465561,0.01581316638926225,0.011479727532577224,0.011950144370661338,-0.005724502123395427,-0.013202192504445848,0.027647832272833336,0.019999890419384138,0.009863196999035234,-0.011618224914991645,0.017789431512501612,0.005807623507770993,-0.007950126091539613,0.01397340392414546,-0.0073877224204595094,0.021993706017971442,0.009912937824471132,-0.006277186043255487,0.019621192715594253,-0.008484791787555483,-0.010019602215367698,0.01399013828018724,-0.006888159352252662,-0.006455910252229333,0.011763417012592078,0.013114729078729409,-0.007140603116832482,0.013698513635774831,-0.001437285097479316,0.0059577721199391845,0.009886282154210838,0.00778760140119743,0.01599350154492917,0.009825332543126765,-0.004542810614637326,-0.004830822096094579,-0.0032312231773515008,-0.007188117617084872,-0.002928614757163487,-0.0037493789937696935,0.009980483716896095,-0.00923625832550579,0.009896286035266771,-0.0071459048379410835,0.00398153417830876,-0.012095539600605054,0.00968954372663664,0.0156390197048063,-0.004444278948742314,-0.0071401584658853995,-0.010059142089759917,-0.005986781480973494,0.013744037851625104,0.013992390705076744,0.017758602105821704,0.01195560197878908,0.015683843956102936,-0.005185379647814841,-0.0019374210453914301,agent10,1
-0.8928127926277194,-0.0059207571423071925,-0.0044586154864628275,-0.015258145584022272,-0.010492442541360497,-0.004738472434314731,-0.007716856030454065,-0.006998005019118815,0.007780068183061767,0.011997706904627356,-0.006919891014829698,-0.011770596940439798,0.007926901255476865,-0.006964392062586897,-0.010618668339566274,0.009993433928925391,-0.008275074179774104,1,0.01596292394554006,-0.0048188408175425385,-0.01253721647935244,0.017205994151269936,-0.007916428060560544,0.015737795951199594,-0.0065953997016783995,-0.003001331298833108,-0.004321876713135795,0.009834899469492911,0.021943938055034615,0.011980520299451803,0.013303183796491511,0.015933674038026816,-0.01072936554090634,0.011999915894662705,-0.005035611446263691,0.017969987932958776,-0.004981482598817009,-0.010847626756842386,-0.007945573092021983,0.013081983623486134,0.015271560491585895,-0.01329329913627149,0.003914029364465561,0.01581316638926225,0.011479727532577224,0.011950144370661338,-0.005724502123395427,-0.013202192504445848,0.027647832272833336,0.019999890419384138,0.009863196999035234,-0.011618224914991645,0.017789431512501612,0.005807623507770993,-0.007950126091539613,0.01397340392414546,-0.0073877224204595094,0.021993706017971442,0.009912937824471132,-0.006277186043255487,0.019621192715594253,-0.008484791787555483,-0.010019602215367698,0.01399013828018724,-0.006888159352252662,-0.006455910252229333,0.011763417012592078,0.013114729078729409,-0.007140603116832482,0.013698513635774831,-0.001437285097479316,0.0059577721199391845,0.009886282154210838,0.00778760140119743,0.01599350154492917,0.009825332543126765,-0.004542810614637326,-0.004830822096094579,-0.0032312231773515008,-0.007188117617084872,-0.002928614757163487,-0.0037493789937696935,0.009980483716896095,-0.00923625832550579,0.009896286035266771,-0.0071459048379410835,0.00398153417830876,-0.01252325016395114,0.00968954372663664,0.0156390197048063,-0.004444278948742314,-0.0071401584658853995,-0.010059142089759917,-0.005986781480973494,0.013744037851625104,0.013992390705076744,0.017758602105821704,0.01195560197878908,0.015683843956102936,-0.005185379647814841,-0.0019374210453914301,agent86,0.8814953507583283
-0.8938207195289749,-0.0059207571423071925,-0.0044586154864628275,-0.015258145584022272,-0.010492442541360497,-0.004738472434314731,-0.007716856030454065,-0.006998005019118815,0.007780068183061767,0.011997706904627356,-0.006919891014829698,-0.011770596940439798,0.00992115670676473,-0.006964392062586897,-0.010618668339566274,0.009993433928925391,-0.008275074179774104,1,0.01596292394554006,-0.0048188408175425385,-0.01253721647935244,0.017205994151269936,-0.007916428060560544,0.015737795951199594,-0.0065953997016783995,-0.003001331298833108,-0.004321876713135795,0.009834899469492911,0.021943938055034615,0.011980520299451803,0.013303183796491511,0.015933674038026816,-0.01072936554090634,0.011999915894662705,-0.005035611446263691,0.017969987932958776,-0.004981482598817009,-0.010847626756842386,-0.007945573092021983,0.013081983623486134,0.015271560491585895,-0.01329329913627149,0.003914029364465561,0.01581316638926225,0.011479727532577224,0.011950144370661338,-0.005724502123395427,-0.013202192504445848,0.027647832272833336,0.019999890419384138,0.009863196999035234,-0.011618224914991645,0.017789431512501612,0.005807623507770993,-0.007950126091539613,0.01397340392414546,-0.0073877224204595094,0.021993706017971442,0.009912937824471132,-0.006277186043255487,0.019621192715594253,-0.008484791787555483,-0.010019602215367698,0.01399013828018724,-0.006888159352252662,-0.006455910252229333,0.011763417012592078,0.013114729078729409,-0.007140603116832482,0.013698513635774831,-0.001437285097479316,0.0059577721199391845,0.009886282154210838,0.00778760140119743,0.01599350154492917,0.009825332543126765,-0.004542810614637326,-0.004830822096094579,-0.0032312231773515008,-0.007188117617084872,-0.002928614757163487,-0.0037493789937696935,0.009980483716896095,-0.00923625832550579,0.009896286035266771,-0.0071459048379410835,0.00398153417830876,-0.01252325016395114,0.00968954372663664,0.0156390197048063,-0.004444278948742314,-0.0071401584658853995,-0.010059142089759917,-0.005986781480973494,0.013744037851625104,0.013992390705076744,0.017758602105821704,0.01195560197878908,0.015683843956102936,-0.005185379647814841,-0.0019374210453914301,agent11,-1
-0.8948265271524827,-0.0059207571423071925,-0.0044586154864628275,-0.015258145584022272,-0.010492442541360497,-0.004738472434314731,-0.007716856030454065,-0.006998005019118815,0.007780068183061767,0.011997706904627356,-0.006919891014829698,-0.011770596940439798,0.00992115670676473,-0.006964392062586897,-0.010618668339566274,0.009993433928925391,-0.008275074179774104,1,0.01596292394554006,-0.0048188408175425385,-0.01253721647935244,0.017205994151269936,-0.007916428060560544,0.015737795951199594,-0.0065953997016783995,-0.003001331298833108,-0.004321876713135795,0.009834899469492911,0.021943938055034615,0.011980520299451803,0.013303183796491511,0.015933674038026816,-0.01072936554090634,0.011999915894662705,-0.005035611446263691,0.017969987932958776,-0.004981482598817009,-0.010847626756842386,-0.007945573092021983,0.013081983623486134,0.015271560491585895,-0.01329329913627149,0.003914029364465561,0.01581316638926225,0.011479727532577224,0.011950144370661338,-0.005724502123395427,-0.013202192504445848,0.027647832272833336,0.019999890419384138,0.009863196999035234,-0.011618224914991645,0.017789431512501612,0.00774518028846545,-0.007950126091539613,0.01397340392414546,-0.0073877224204595094,0.021993706017971442,0.009912937824471132,-0.006277186043255487,0.019621192715594253,-0.008484791787555483,-0.010019602215367698,0.01399013828018724,-0.006888159352252662,-0.006455910252229333,0.011763417012592078,0.013114729078729409,-0.007140603116832482,0.013698513635774831,-0.001437285097479316,0.0059577721199391845,0.009886282154210838,0.00778760140119743,0.01599350154492917,0.009825332543126765,-0.004542810614637326,-0.004830822096094579,-0.0032312231773515008,-0.007188117617084872,-0.002928614757163487,-0.0037493789937696935,0.009980483716896095,-0.00923625832550579,0.009896286035266771,-0.0071459048379410835,0.00398153417830876,-0.01252325016395114,0.00968954372663664,0.0156390197048063,-0.004444278948742314,-0.0071401584658853995,-0.010059142089759917,-0.005986781480973494,0.013744037851625104,0.013992390705076744,0.017758602105821704,0.01195560197878908,0.015683843956102936,-0.005185379647814841,-0.0019374210453914301,agent52,-0.5404279654845748
-0.8958385270683773,-0.0059207571423071925,-0.0044586154864628275,-0.015258145584022272,-0.010492442541360497,-0.004738472434314731,-0.007716856030454065,-0.006998005019118815,0.007780068183061767,0.011997706904627356,-0.006919891014829698,-0.011770596940439798,0.00992115670676473,-0.006964392062586897,-0.010618668339566274,0.009993433928925391,-0.008275074179774104,1,0.01596292394554006,-0.0048188408175425385,-0.01253721647935244,0.017205994151269936,-0.007916428060560544,0.015737795951199594,-0.0065953997016783995,-0.003001331298833108,-0.004321876713135795,0.009834899469492911,0.021943938055034615,0.011980520299451803,0.013303183796491511,0.015933674038026816,-0.01072936554090634,0.013999893698196784,-0.005035611446263691,0.017969987932958776,-0.004981482598817009,-0.010847626756842386,-0.007945573092021983,0.013081983623486134,0.015271560491585895,-0.01329329913627149,0.003914029364465561,0.01581316638926225,0.011479727532577224,0.011950144370661338,-0.005724502123395427,-0.013202192504445848,0.027647832272833336,0.019999890419384138,0.009863196999035234,-0.011618224914991645,0.017789431512501612,0.00774518028846545,-0.007950126091539613,0.01397340392414546,-0.0073877224204595094,0.021993706017971442,0.009912937824471132,-0.006277186043255487,0.019621192715594253,-0.008484791787555483,-0.010019602215367698,0.01399013828018724,-0.006888159352252662,-0.006455910252229333,0.011763417012592078,0.013114729078729409,-0.007140603116832482,0.013698513635774831,-0.001437285097479316,0.0059577721199391845,0.009886282154210838,0.00778760140119743,0.01599350154492917,0.009825332543126765,-0.004542810614637326,-0.004830822096094579,-0.0032312231773515008,-0.007188117617084872,-0.002928614757163487,-0.0037493789937696935,0.009980483716896095,-0.00923625832550579,0.009896286035266771,-0.0071459048379410835,0.00398153417830876,-0.01252325016395114,0.00968954372663664,0.0156390197048063,-0.004444278948742314,-0.0071401584658853995,-0.010059142089759917,-0.005986781480973494,0.013744037851625104,0.013992390705076744,0.017758602105821704,0.01195560197878908,0.015683843956102936,-0.005185379647814841,-0.0019374210453914301,agent32,-0.9014893292537818
-0.8968444848404973,-0.0059207571423071925,-0.0044586154864628275,-0.015258145584022272,-0.010492442541360497,-0.004738472434314731,-0.007716856030454065,-0.006998005019118815,0.007780068183061767,0.011997706904627356,-0.006919891014829698,-0.011770596940439798,0.00992115670676473,-0.006964392062586897,-0.010618668339566274,0.009993433928925391,-0.008275074179774104,1,0.01596292394554006,-0.0048188408175425385,-0.01253721647935244,0.017205994151269936,-0.007916428060560544,0.015737795951199594,-0.0065953997016783995,-0.003001331298833108,-0.004321876713135795,0.009834899469492911,0.021943938055034615,0.011980520299451803,0.013303183796491511,0.015933674038026816,-0.01072936554090634,0.013999893698196784,-0.005035611446263691,0.017969987932958776,-0.004981482598817009,-0.010847626756842386,-0.007945573092021983,0.013081983623486134,0.015271560491585895,-0.01329329913627149,0.003914029364465561,0.01581316638926225,0.011479727532577224,0.011950144370661338,-0.005724502123395427,-0.013202192504445848,0.027647832272833336,0.019999890419384138,0.009863196999035234,-0.011618224914991645,0.017789431512501612,0.00774518028846545,-0.007950126091539613,0.01397340392414546,-0.0073877224204595094,0.021993706017971442,0.009912937824471132,-0.006277186043255487,0.019621192715594253,-0.008484791787555483,-0.010019602215367698,0.01399013828018724,-0.006888159352252662,-0.006455910252229333,0.011763417012592078,0.013114729078729409,-0.007140603116832482,0.013698513635774831,-0.001437285097479316,0.007952347313717542,0.009886282154210838,0.00778760140119743,0.01599350154492917,0.009825332543126765,-0.004542810614637326,-0.004830822096094579,-0.0032312231773515008,-0.007188117617084872,-0.002928614757163487,-0.0037493789937696935,0.009980483716896095,-0.00923625832550579,0.009896286035266771,-0.0071459048379410835,0.00398153417830876,-0.01252325016395114,0.00968954372663664,0.0156390197048063,-0.004444278948742314,-0.0071401584658853995,-0.010059142089759917,-0.005986781480973494,0.013744037851625104,0.013992390705076744,0.017758602105821704,0.01195560197878908,0.015683843956102936,-0.005185379647814841,-0.0019374210453914301,agent70,-1
-0.8978577781396335,-0.0059207571423071925,-0.0044586154864628275,-0.015258145584022272,-0.010492442541360497,-0.004738472434314731,-0.007716856030454065,-0.006998005019118815,0.007780068183061767,0.011997706904627356,-0.006919891014829698,-0.011770596940439798,0.00992115670676473,-0.006964392062586897,-0.010618668339566274,0.009993433928925391,-0.008275074179774104,1,0.01596292394554006,-0.0048188408175425385,-0.01253721647935244,0.017205994151269936,-0.007916428060560544,0.015737795951199594,-0.0065953997016783995,-0.003001331298833108,-0.004321876713135795,0.009834899469492911,0.021943938055034615,0.011980520299451803,0.013303183796491511,0.015933674038026816,-0.01072936554090634,0.013999893698196784,-0.005035611446263691,0.017969987932958776,-0.004981482598817009,-0.010847626756842386,-0.007945573092021983,0.013081983623486134,0.015271560491585895,-0.013664100619128138,0.003914029364465561,0.01581316638926225,0.011479727532577224,0.011950144370661338,-0.005724502123395427,-0.013202192504445848,0.027647832272833336,0.019999890419384138,0.009863196999035234,-0.011618224914991645,0.017789431512501612,0.00774518028846545,-0.007950126091539613,0.01397340392414546,-0.0073877224204595094,0.021993706017971442,0.009912937824471132,-0.006277186043255487,0.019621192715594253,-0.008484791787555483,-0.010019602215367698,0.01399013828018724,-0.006888159352252662,-0.006455910252229333,0.011763417012592078,0.013114729078729409,-0.007140603116832482,0.013698513635774831,-0.001437285097479316,0.007952347313717542,0.009886282154210838,0.00778760140119743,0.01599350154492917,0.009825332543126765,-0.004542810614637326,-0.004830822096094579,-0.0032312231773515008,-0.007188117617084872,-0.002928614757163487,-0.0037493789937696935,0.009980483716896095,-0.00923625832550579,0.009896286035266771,-0.0071459048379410835,0.00398153417830876,-0.01252325016395114,0.00968954372663664,0.0156390197048063,-0.004444278948742314,-0.0071401584658853995,-0.010059142089759917,-0.005986781480973494,0.013744037851625104,0.013992390705076744,0.017758602105821704,0.01195560197878908,0.015683843956102936,-0.005185379647814841,-0.0019374210453914301,agent40,0.9082585688067747
-0.8988777780300529,-0.0059207571423071925,-0.0044586154864628275,-0.015258145584022272,-0.010492442541360497,-0.004738472434314731,-0.007716856030454065,-0.006998005019118815,0.007780068183061767,0.011997706904627356,-0.006919891014829698,-0.011770596940439798,0.00992115670676473,-0.006964392062586897,-0.010618668339566274,0.009993433928925391,-0.008275074179774104,1,0.01596292394554006,-0.0048188408175425385,-0.01253721647935244,0.017205994151269936,-0.007916428060560544,0.015737795951199594,-0.0065953997016783995,-0.003001331298833108,-0.004321876713135795,0.009834899469492911,0.021943938055034615,0.011980520299451803,0.013303183796491511,0.015933674038026816,-0.01072936554090634,0.013999893698196784,-0.005035611446263691,0.017969987932958776,-0.004981482598817009,-0.010847626756842386,-0.007945573092021983,0.013081983623486134,0.015271560491585895,-0.013664100619128138,0.003914029364465561,0.01581316638926225,0.011479727532577224,0.011950144370661338,-0.005724502123395427,-0.013202192504445848,0.027647832272833336,0.021999876564156758,0.009863196999035234,-0.011618224914991645,0.017789431512501612,0.00774518028846545,-0.007950126091539613,0.01397340392414546,-0.0073877224204595094,0.021993706017971442,0.009912937824471132,-0.006277186043255487,0.019621192715594253,-0.008484791787555483,-0.010019602215367698,0.01399013828018724,-0.006888159352252662,-0.006455910252229333,0.011763417012592078,0.013114729078729409,-0.007140603116832482,0.013698513635774831,-0.001437285097479316,0.007952347313717542,0.009886282154210838,0.00778760140119743,0.01599350154492917,0.009825332543126765,-0.004542810614637326,-0.004830822096094579,-0.0032312231773515008,-0.007188117617084872,-0.002928614757163487,-0.0037493789937696935,0.009980483716896095,-0.00923625832550579,0.009896286035266771,-0.0071459048379410835,0.00398153417830876,-0.01252325016395114,0.00968954372663664,0.0156390197048063,-0.004444278948742314,-0.0071401584658853995,-0.010059142089759917,-0.005986781480973494,0.013744037851625104,0.013992390705076744,0.017758602105821704,0.01195560197878908,0.015683843956102936,-0.005185379647814841,-0.0019374210453914301,agent48,-0.8925937060696651
-0.8998823208406675,-0.0059207571423071925,-0.0044586154864628275,-0.015258145584022272,-0.010492442541360497,-0.004738472434314731,-0.007716856030454065,-0.006998005019118815,0.007780068183061767,0.011997706904627356,-0.006919891014829698,-0.011770596940439798,0.00992115670676473,-0.006964392062586897,-0.010618668339566274,0.009993433928925391,-0.008275074179774104,1,0.01596292394554006,-0.0048188408175425385,-0.01253721647935244,0.017205994151269936,-0.007916428060560544,0.015737795951199594,-0.0065953997016783995,-0.003001331298833108,-0.004321876713135795,0.009834899469492911,0.021943938055034615,0.011980520299451803,0.013303183796491511,0.015933674038026816,-0.01072936554090634,0.013999893698196784,-0.005035611446263691,0.017969987932958776,-0.004981482598817009,-0.010847626756842386,-0.007945573092021983,0.013081983623486134,0.015271560491585895,-0.013664100619128138,0.003914029364465561,0.01581316638926225,0.011479727532577224,0.011950144370661338,-0.005724502123395427,-0.013202192504445848,0.027647832272833336,0.021999876564156758,0.009863196999035234,-0.011618224914991645,0.017789431512501612,0.00774518028846545,-0.007950126091539613,0.01397340392414546,-0.0073877224204595094,0.021993706017971442,0.009912937824471132,-0.006277186043255487,0.019621192715594253,-0.008484791787555483,-0.010019602215367698,0.01399013828018724,-0.006888159352252662,-0.006455910252229333,0.011763417012592078,0.013114729078729409,-0.007140603116832482,0.013698513635774831,-0.001437285097479316,0.007952347313717542,0.009886282154210838,0.00778760140119743,0.01599350154492917,0.009825332543126765,-0.004739942206689151,-0.004830822096094579,-0.0032312231773515008,-0.007188117617084872,-0.002928614757163487,-0.0037493789937696935,0.009980483716896095,-0.00923625832550579,0.009896286035266771,-0.0071459048379410835,0.00398153417830876,-0.01252325016395114,0.00968954372663664,0.0156390197048063,-0.004444278948742314,-0.0071401584658853995,-0.010059142089759917,-0.005986781480973494,0.013744037851625104,0.013992390705076744,0.017758602105821704,0.01195560197878908,0.015683843956102936,-0.005185379647814841,-0.0019374210453914301,agent75,1
-0.9008929395090071,-0.0059207571423071925,-0.0044586154864628275,-0.015258145584022272,-0.010492442541360497,-0.004738472434314731,-0.007716856030454065,-0.006998005019118815,0.007780068183061767,0.011997706904627356,-0.006919891014829698,-0.011770596940439798,0.00992115670676473,-0.006964392062586897,-0.011148544212509225,0.009993433928925391,-0.008275074179774104,1,0.01596292394554006,-0.0048188408175425385,-0.01253721647935244,0.017205994151269936,-0.007916428060560544,0.015737795951199594,-0.0065953997016783995,-0.003001331298833108,-0.004321876713135795,0.009834899469492911,0.021943938055034615,0.011980520299451803,0.013303183796491511,0.015933674038026816,-0.01072936554090634,0.013999893698196784,-0.005035611446263691,0.017969987932958776,-0.004981482598817009,-0.010847626756842386,-0.007945573092021983,0.013081983623486134,0.015271560491585895,-0.013664100619128138,0.003914029364465561,0.01581316638926225,0.011479727532577224,0.011950144370661338,-0.005724502123395427,-0.013202192504445848,0.027647832272833336,0.021999876564156758,0.009863196999035234,-0.011618224914991645,0.017789431512501612,0.00774518028846545,-0.007950126091539613,0.01397340392414546,-0.0073877224204595094,0.021993706017971442,0.009912937824471132,-0.006277186043255487,0.019621192715594253,-0.008484791787555483,-0.010019602215367698,0.01399013828018724,-0.006888159352252662,-0.006455910252229333,0.011763417012592078,0.013114729078729409,-0.007140603116832482,0.013698513635774831,-0.001437285097479316,0.007952347313717542,0.009886282154210838,0.00778760140119743,0.01599350154492917,0.009825332543126765,-0.004739942206689151,-0.004830822096094579,-0.0032312231773515008,-0.007188117617084872,-0.002928614757163487,-0.0037493789937696935,0.009980483716896095,-0.00923625832550579,0.009896286035266771,-0.0071459048379410835,0.00398153417830876,-0.01252325016395114,0.00968954372663664,0.0156390197048063,-0.004444278948742314,-0.0071401584658853995,-0.010059142089759917,-0.005986781480973494,0.013744037851625104,0.013992390705076744,0.017758602105821704,0.01195560197878908,0.015683843956102936,-0.005185379647814841,-0.0019374210453914301,agent13,0.8148328899491873
-0.9019027648415502,-0.0059207571423071925,-0.0044586154864628275,-0.015258145584022272,-0.010492442541360497,-0.004738472434314731,-0.007716856030454065,-0.006998005019118815,0.007780068183061767,0.011997706904627356,-0.006919891014829698,-0.011770596940439798,0.00992115670676473,-0.006964392062586897,-0.011148544212509225,0.009993433928925391,-0.008275074179774104,1,0.01596292394554006,-0.0048188408175425385,-0.01253721647935244,0.017205994151269936,-0.007916428060560544,0.015737795951199594,-0.0065953997016783995,-0.003001331298833108,-0.004321876713135795,0.009834899469492911,0.021943938055034615,0.011980520299451803,0.013303183796491511,0.015933674038026816,-0.01072936554090634,0.013999893698196784,-0.005035611446263691,0.017969987932958776,-0.004981482598817009,-0.010847626756842386,-0.007945573092021983,0.013081983623486134,0.015271560491585895,-0.013664100619128138,0.003914029364465561,0.01581316638926225,0.011479727532577224,0.011950144370661338,-0.005724502123395427,-0.013202192504445848,0.027647832272833336,0.021999876564156758,0.009863196999035234,-0.011618224914991645,0.017789431512501612,0.00774518028846545,-0.007950126091539613,0.01397340392414546,-0.0073877224204595094,0.021993706017971442,0.009912937824471132,-0.006277186043255487,0.019621192715594253,-0.008484791787555483,-0.010019602215367698,0.01399013828018724,-0.006888159352252662,-0.006455910252229333,0.011763417012592078,0.013114729078729409,-0.007140603116832482,0.013698513635774831,-0.001437285097479316,0.007952347313717542,0.009886282154210838,0.00778760140119743,0.01599350154492917,0.011820421438407183,-0.004739942206689151,-0.004830822096094579,-0.0032312231773515008,-0.007188117617084872,-0.002928614757163487,-0.0037493789937696935,0.009980483716896095,-0.00923625832550579,0.009896286035266771,-0.0071459048379410835,0.00398153417830876,-0.01252325016395114,0.00968954372663664,0.0156390197048063,-0.004444278948742314,-0.0071401584658853995,-0.010059142089759917,-0.005986781480973494,0.013744037851625104,0.013992390705076744,0.017758602105821704,0.01195560197878908,0.015683843956102936,-0.005185379647814841,-0.0019374210453914301,agent74,-1
-0.9029107149676417,-0.0059207571423071925,-0.0044586154864628275,-0.015258145584022272,-0.010492442541360497,-0.004738472434314731,-0.007716856030454065,-0.006998005019118815,0.007780068183061767,0.011997706904627356,-0.006919891014829698,-0.011770596940439798,0.00992115670676473,-0.006964392062586897,-0.011148544212509225,0.009993433928925391,-0.008275074179774104,1,0.01596292394554006,-0.0048188408175425385,-0.01253721647935244,0.017205994151269936,-0.007916428060560544,0.015737795951199594,-0.0065953997016783995,-0.003001331298833108,-0.004321876713135795,0.009834899469492911,0.021943938055034615,0.011980520299451803,0.013303183796491511,0.015933674038026816,-0.01072936554090634,0.013999893698196784,-0.005035611446263691,0.017969987932958776,-0.004981482598817009,-0.010847626756842386,-0.007945573092021983,0.013081983623486134,0.015271560491585895,-0.013664100619128138,0.003914029364465561,0.01581316638926225,0.011479727532577224,0.011950144370661338,-0.005724502123395427,-0.013202192504445848,0.027647832272833336,0.021999876564156758,0.009863196999035234,-0.011618224914991645,0.017789431512501612,0.00774518028846545,-0.008141509028083646,0.01397340392414546,-0.0073877224204595094,0.021993706017971442,0.009912937824471132,-0.006277186043255487,0.019621192715594253,-0.008484791787555483,-0.010019602215367698,0.01399013828018724,-0.006888159352252662,-0.006455910252229333,0.011763417012592078,0.013114729078729409,-0.007140603116832482,0.013698513635774831,-0.001437285097479316,0.007952347313717542,0.009886282154210838,0.00778760140119743,0.01599350154492917,0.011820421438407183,-0.004739942206689151,-0.004830822096094579,-0.0032312231773515008,-0.007188117617084872,-0.002928614757163487,-0.0037493789937696935,0.009980483716896095,-0.00923625832550579,0.009896286035266771,-0.0071459048379410835,0.00398153417830876,-0.01252325016395114,0.00968954372663664,0.0156390197048063,-0.004444278948742314,-0.0071401584658853995,-0.010059142089759917,-0.005986781480973494,0.013744037851625104,0.013992390705076744,0.017758602105821704,0.01195560197878908,0.015683843956102936,-0.005185379647814841,-0.0019374210453914301,agent53,1
-0.903927920961793,-0.0059207571423071925,-0.0044586154864628275,-0.015258145584022272,-0.010492442541360497,-0.004738472434314731,-0.007716856030454065,-0.006998005019118815,0.007780068183061767,0.011997706904627356,-0.006919891014829698,-0.011770596940439798,0.00992115670676473,-0.006964392062586897,-0.011148544212509225,0.009993433928925391,-0.008275074179774104,1,0.01596292394554006,-0.0048188408175425385,-0.01253721647935244,0.01920128098663589,-0.007916428060560544,0.015737795951199594,-0.0065953997016783995,-0.003001331298833108,-0.004321876713135795,0.009834899469492911,0.021943938055034615,0.011980520299451803,0.013303183796491511,0.015933674038026816,-0.01072936554090634,0.013999893698196784,-0.005035611446263691,0.017969987932958776,-0.004981482598817009,-0.010847626756842386,-0.007945573092021983,0.013081983623486134,0.015271560491585895,-0.013664100619128138,0.003914029364465561,0.01581316638926225,0.011479727532577224,0.011950144370661338,-0.005724502123395427,-0.013202192504445848,0.027647832272833336,0.021999876564156758,0.009863196999035234,-0.011618224914991645,0.017789431512501612,0.00774518028846545,-0.008141509028083646,0.01397340392414546,-0.0073877224204595094,0.021993706017971442,0.009912937824471132,-0.006277186043255487,0.019621192715594253,-0.008484791787555483,-0.010019602215367698,0.01399013828018724,-0.006888159352252662,-0.006455910252229333,0.011763417012592078,0.013114729078729409,-0.007140603116832482,0.013698513635774831,-0.001437285097479316,0.007952347313717542,0.009886282154210838,0.00778760140119743,0.01599350154492917,0.011820421438407183,-0.004739942206689151,-0.004830822096094579,-0.0032312231773515008,-0.007188117617084872,-0.002928614757163487,-0.0037493789937696935,0.009980483716896095,-0.00923625832550579,0.009896286035266771,-0.0071459048379410835,0.00398153417830876,-0.01252325016395114,0.00968954372663664,0.0156390197048063,-0.004444278948742314,-0.0071401584658853995,-0.010059142089759917,-0.005986781480973494,0.013744037851625104,0.013992390705076744,0.017758602105821704,0.01195560197878908,0.015683843956102936,-0.005185379647814841,-0.0019374210453914301,agent20,-1
-0.9049358733091067,-0.0059207571423071925,-0.0044586154864628275,-0.015258145584022272,-0.010492442541360497,-0.004738472434314731,-0.007716856030454065,-0.006998005019118815,0.007780068183061767,0.011997706904627356,-0.006919891014829698,-0.011770596940439798,0.00992115670676473,-0.006964392062586897,-0.011148544212509225,0.009993433928925391,-0.008275074179774104,1,0.01596292394554006,-0.0048188408175425385,-0.01253721647935244,0.01920128098663589,-0.007916428060560544,0.015737795951199594,-0.0065953997016783995,-0.003001331298833108,-0.004321876713135795,0.009834899469492911,0.021943938055034615,0.011980520299451803,0.013303183796491511,0.015933674038026816,-0.01072936554090634,0.013999893698196784,-0.005035611446263691,0.017969987932958776,-0.004981482598817009,-0.010847626756842386,-0.007945573092021983,0.013081983623486134,0.015271560491585895,-0.013664100619128138,0.003914029364465561,0.01581316638926225,0.011479727532577224,0.011950144370661338,-0.005724502123395427,-0.013202192504445848,0.027647832272833336,0.021999876564156758,0.009863196999035234,-0.011618224914991645,0.017789431512501612,0.00774518028846545,-0.008141509028083646,0.01397340392414546,-0.0073877224204595094,0.021993706017971442,0.009912937824471132,-0.006277186043255487,0.019621192715594253,-0.008484791787555483,-0.010019602215367698,0.01399013828018724,-0.006888159352252662,-0.006455910252229333,0.011763417012592078,0.013114729078729409,-0.007140603116832482,0.013698513635774831,-0.001437285097479316,0.009947732391532179,0.009886282154210838,0.00778760140119743,0.01599350154492917,0.011820421438407183,-0.004739942206689151,-0.004830822096094579,-0.0032312231773515008,-0.007188117617084872,-0.002928614757163487,-0.0037493789937696935,0.009980483716896095,-0.00923625832550579,0.009896286035266771,-0.0071459048379410835,0.00398153417830876,-0.01252325016395114,0.00968954372663664,0.0156390197048063,-0.004444278948742314,-0.0071401584658853995,-0.010059142089759917,-0.005986781480973494,0.013744037851625104,0.013992390705076744,0.017758602105821704,0.01195560197878908,0.015683843956102936,-0.005185379647814841,-0.0019374210453914301,agent70,-1
-0.9059436533772898,-0.0059207571423071925,-0.0044586154864628275,-0.015258145584022272,-0.010492442541360497,-0.004738472434314731,-0.007716856030454065,-0.006998005019118815,0.009775549588970017,0.011997706904627356,-0.006919891014829698,-0.011770596940439798,0.00992115670676473,-0.006964392062586897,-0.011148544212509225,0.009993433928925391,-0.008275074179774104,1,0.01596292394554006,-0.0048188408175425385,-0.01253721647935244,0.01920128098663589,-0.007916428060560544,0.015737795951199594,-0.0065953997016783995,-0.003001331298833108,-0.004321876713135795,0.009834899469492911,0.021943938055034615,0.011980520299451803,0.013303183796491511,0.015933674038026816,-0.01072936554090634,0.013999893698196784,-0.005035611446263691,0.017969987932958776,-0.004981482598817009,-0.010847626756842386,-0.007945573092021983,0.013081983623486134,0.015271560491585895,-0.013664100619128138,0.003914029364465561,0.01581316638926225,0.011479727532577224,0.011950144370661338,-0.005724502123395427,-0.013202192504445848,0.027647832272833336,0.021999876564156758,0.009863196999035234,-0.011618224914991645,0.017789431512501612,0.00774518028846545,-0.008141509028083646,0.01397340392414546,-0.0073877224204595094,0.021993706017971442,0.009912937824471132,-0.006277186043255487,0.019621192715594253,-0.008484791787555483,-0.010019602215367698,0.01399013828018724,-0.006888159352252662,-0.006455910252229333,0.011763417012592078,0.013114729078729409,-0.007140603116832482,0.013698513635774831,-0.001437285097479316,0.009947732391532179,0.009886282154210838,0.00778760140119743,0.01599350154492917,0.011820421438407183,-0.004739942206689151,-0.004830822096094579,-0.0032312231773515008,-0.007188117617084872,-0.002928614757163487,-0.0037493789937696935,0.009980483716896095,-0.00923625832550579,0.009896286035266771,-0.0071459048379410835,0.00398153417830876,-0.01252325016395114,0.00968954372663664,0.0156390197048063,-0.004444278948742314,-0.0071401584658853995,-0.010059142089759917,-0.005986781480973494,0.013744037851625104,0.013992390705076744,0.017758602105821704,0.01195560197878908,0.015683843956102936,-0.005185379647814841,-0.0019374210453914301,agent7,-1
-0.9069567681063685,-0.0059207571423071925,-0.0044586154864628275,-0.015258145584022272,-0.010492442541360497,-0.004738472434314731,-0.007716856030454065,-0.006998005019118815,0.009775549588970017,0.011997706904627356,-0.006919891014829698,-0.011770596940439798,0.00992115670676473,-0.006964392062586897,-0.011148544212509225,0.009993433928925391,-0.008275074179774104,1,0.01596292394554006,-0.0048188408175425385,-0.01253721647935244,0.01920128098663589,-0.007916428060560544,0.015737795951199594,-0.0065953997016783995,-0.003001331298833108,-0.004321876713135795,0.009834899469492911,0.021943938055034615,0.011980520299451803,0.013303183796491511,0.015933674038026816,-0.01072936554090634,0.013999893698196784,-0.005035611446263691,0.017969987932958776,-0.004981482598817009,-0.010847626756842386,-0.007945573092021983,0.013081983623486134,0.015271560491585895,-0.013664100619128138,0.003914029364465561,0.01581316638926225,0.011479727532577224,0.011950144370661338,-0.005724502123395427,-0.013202192504445848,0.027647832272833336,0.021999876564156758,0.009863196999035234,-0.011618224914991645,0.017789431512501612,0.00774518028846545,-0.008141509028083646,0.01397340392414546,-0.0073877224204595094,0.021993706017971442,0.009912937824471132,-0.006277186043255487,0.019621192715594253,-0.008484791787555483,-0.010019602215367698,0.01399013828018724,-0.006888159352252662,-0.006455910252229333,0.011763417012592078,0.015110305780559403,-0.007140603116832482,0.013698513635774831,-0.001437285097479316,0.009947732391532179,0.009886282154210838,0.00778760140119743,0.01599350154492917,0.011820421438407183,-0.004739942206689151,-0.004830822096094579,-0.0032312231773515008,-0.007188117617084872,-0.002928614757163487,-0.0037493789937696935,0.009980483716896095,-0.00923625832550579,0.009896286035266771,-0.0071459048379410835,0.00398153417830876,-0.01252325016395114,0.00968954372663664,0.0156390197048063,-0.004444278948742314,-0.0071401584658853995,-0.010059142089759917,-0.005986781480973494,0.013744037851625104,0.013992390705076744,0.017758602105821704,0.01195560197878908,0.015683843956102936,-0.005185379647814841,-0.0019374210453914301,agent66,-1
-0.9079666643924038,-0.0059207571423071925,-0.0044586154864628275,-0.015258145584022272,-0.010492442541360497,-0.004738472434314731,-0.007716856030454065,-0.006998005019118815,0.009775549588970017,0.011997706904627356,-0.006919891014829698,-0.011770596940439798,0.00992115670676473,-0.006964392062586897,-0.011148544212509225,0.009993433928925391,-0.008275074179774104,1,0.01596292394554006,-0.0048188408175425385,-0.01253721647935244,0.01920128098663589,-0.007916428060560544,0.015737795951199594,-0.0065953997016783995,-0.003001331298833108,-0.004321876713135795,0.009834899469492911,0.021943938055034615,0.011980520299451803,0.013303183796491511,0.015933674038026816,-0.01072936554090634,0.013999893698196784,-0.005035611446263691,0.017969987932958776,-0.004981482598817009,-0.010847626756842386,-0.007945573092021983,0.013081983623486134,0.015271560491585895,-0.013664100619128138,0.003914029364465561,0.01581316638926225,0.011479727532577224,0.011950144370661338,-0.005724502123395427,-0.013202192504445848,0.027647832272833336,0.021999876564156758,0.009863196999035234,-0.011618224914991645,0.017789431512501612,0.00774518028846545,-0.008141509028083646,0.01397340392414546,-0.0073877224204595094,0.021993706017971442,0.009912937824471132,-0.006277186043255487,0.019621192715594253,-0.008484791787555483,-0.010019602215367698,0.01399013828018724,-0.006888159352252662,-0.006455910252229333,0.011763417012592078,0.015110305780559403,-0.007140603116832482,0.013698513635774831,-0.001437285097479316,0.009947732391532179,0.009886282154210838,0.00778760140119743,0.01599350154492917,0.011820421438407183,-0.004739942206689151,-0.004830822096094579,-0.0032312231773515008,-0.007188117617084872,-0.002928614757163487,-0.0037493789937696935,0.009980483716896095,-0.00923625832550579,0.011891957513766165,-0.0071459048379410835,0.00398153417830876,-0.01252325016395114,0.00968954372663664,0.0156390197048063,-0.004444278948742314,-0.0071401584658853995,-0.010059142089759917,-0.005986781480973494,0.013744037851625104,0.013992390705076744,0.017758602105821704,0.01195560197878908,0.015683843956102936,-0.005185379647814841,-0.0019374210453914301,agent83,-1
-0.9089746099654958,-0.0059207571423071925,-0.0044586154864628275,-0.015258145584022272,-0.010492442541360497,-0.004738472434314731,-0.007716856030454065,-0.006998005019118815,0.009775549588970017,0.011997706904627356,-0.006919891014829698,-0.011770596940439798,0.00992115670676473,-0.006964392062586897,-0.011148544212509225,0.009993433928925391,-0.008275074179774104,1,0.01596292394554006,-0.0048188408175425385,-0.01253721647935244,0.01920128098663589,-0.007916428060560544,0.015737795951199594,-0.0065953997016783995,-0.003001331298833108,-0.004321876713135795,0.009834899469492911,0.021943938055034615,0.011980520299451803,0.013303183796491511,0.015933674038026816,-0.01072936554090634,0.013999893698196784,-0.005035611446263691,0.017969987932958776,-0.004981482598817009,-0.010847626756842386,-0.008125404695805645,0.013081983623486134,0.015271560491585895,-0.013664100619128138,0.003914029364465561,0.01581316638926225,0.011479727532577224,0.011950144370661338,-0.005724502123395427,-0.013202192504445848,0.027647832272833336,0.021999876564156758,0.009863196999035234,-0.011618224914991645,0.017789431512501612,0.00774518028846545,-0.008141509028083646,0.01397340392414546,-0.0073877224204595094,0.021993706017971442,0.009912937824471132,-0.006277186043255487,0.019621192715594253,-0.008484791787555483,-0.010019602215367698,0.01399013828018724,-0.006888159352252662,-0.006455910252229333,0.011763417012592078,0.015110305780559403,-0.007140603116832482,0.013698513635774831,-0.001437285097479316,0.009947732391532179,0.009886282154210838,0.00778760140119743,0.01599350154492917,0.011820421438407183,-0.004739942206689151,-0.004830822096094579,-0.0032312231773515008,-0.007188117617084872,-0.002928614757163487,-0.0037493789937696935,0.009980483716896095,-0.00923625832550579,0.011891957513766165,-0.0071459048379410835,0.00398153417830876,-0.01252325016395114,0.00968954372663664,0.0156390197048063,-0.004444278948742314,-0.0071401584658853995,-0.010059142089759917,-0.005986781480973494,0.013744037851625104,0.013992390705076744,0.017758602105821704,0.01195560197878908,0.015683843956102936,-0.005185379647814841,-0.0019374210453914301,agent37,1
-0.909977538580253,-0.0059207571423071925,-0.0044586154864628275,-0.015258145584022272,-0.010492442541360497,-0.004738472434314731,-0.007716856030454065,-0.006998005019118815,0.009775549588970017,0.011997706904627356,-0.006919891014829698,-0.011770596940439798,0.00992115670676473,-0.006964392062586897,-0.011148544212509225,0.009993433928925391,-0.008275074179774104,1,0.01596292394554006,-0.0048188408175425385,-0.01253721647935244,0.01920128098663589,-0.007916428060560544,0.015737795951199594,-0.0065953997016783995,-0.003001331298833108,-0.004321876713135795,0.009834899469492911,0.021943938055034615,0.011980520299451803,0.013303183796491511,0.015933674038026816,-0.01072936554090634,0.013999893698196784,-0.005035611446263691,0.017969987932958776,-0.004981482598817009,-0.010847626756842386,-0.008125404695805645,0.013081983623486134,0.015271560491585895,-0.013664100619128138,0.003914029364465561,0.01581316638926225,0.011479727532577224,0.011950144370661338,-0.005724502123395427,-0.013202192504445848,0.027647832272833336,0.021999876564156758,0.009863196999035234,-0.011618224914991645,0.017789431512501612,0.00774518028846545,-0.008141509028083646,0.01397340392414546,-0.0073877224204595094,0.021993706017971442,0.009912937824471132,-0.006277186043255487,0.019621192715594253,-0.008484791787555483,-0.010019602215367698,0.01399013828018724,-0.006888159352252662,-0.006455910252229333,0.011763417012592078,0.015110305780559403,-0.007140603116832482,0.013698513635774831,-0.001437285097479316,0.009947732391532179,0.009886282154210838,0.00778760140119743,0.01599350154492917,0.011820421438407183,-0.004739942206689151,-0.004830822096094579,-0.0032312231773515008,-0.007188117617084872,-0.0031065227264170285,-0.0037493789937696935,0.009980483716896095,-0.00923625832550579,0.011891957513766165,-0.0071459048379410835,0.00398153417830876,-0.01252325016395114,0.00968954372663664,0.0156390197048063,-0.004444278948742314,-0.0071401584658853995,-0.010059142089759917,-0.005986781480973494,0.013744037851625104,0.013992390705076744,0.017758602105821704,0.01195560197878908,0.015683843956102936,-0.005185379647814841,-0.0019374210453914301,agent79,1
-0.9109822770526873,-0.0059207571423071925,-0.0044586154864628275,-0.015258145584022272,-0.010492442541360497,-0.004914465335374191,-0.007716856030454065,-0.006998005019118815,0.009775549588970017,0.011997706904627356,-0.006919891014829698,-0.011770596940439798,0.00992115670676473,-0.006964392062586897,-0.011148544212509225,0.009993433928925391,-0.008275074179774104,1,0.01596292394554006,-0.0048188408175425385,-0.01253721647935244,0.01920128098663589,-0.007916428060560544,0.015737795951199594,-0.0065953997016783995,-0.003001331298833108,-0.004321876713135795,0.009834899469492911,0.021943938055034615,0.011980520299451803,0.013303183796491511,0.015933674038026816,-0.01072936554090634,0.013999893698196784,-0.005035611446263691,0.017969987932958776,-0.004981482598817009,-0.010847626756842386,-0.008125404695805645,0.013081983623486134,0.015271560491585895,-0.013664100619128138,0.003914029364465561,0.01581316638926225,0.011479727532577224,0.011950144370661338,-0.005724502123395427,-0.013202192504445848,0.027647832272833336,0.021999876564156758,0.009863196999035234,-0.011618224914991645,0.017789431512501612,0.00774518028846545,-0.008141509028083646,0.01397340392414546,-0.0073877224204595094,0.021993706017971442,0.009912937824471132,-0.006277186043255487,0.019621192715594253,-0.008484791787555483,-0.010019602215367698,0.01399013828018724,-0.006888159352252662,-0.006455910252229333,0.011763417012592078,0.015110305780559403,-0.007140603116832482,0.013698513635774831,-0.001437285097479316,0.009947732391532179,0.009886282154210838,0.00778760140119743,0.01599350154492917,0.011820421438407183,-0.004739942206689151,-0.004830822096094579,-0.0032312231773515008,-0.007188117617084872,-0.0031065227264170285,-0.0037493789937696935,0.009980483716896095,-0.00923625832550579,0.011891957513766165,-0.0071459048379410835,0.00398153417830876,-0.01252325016395114,0.00968954372663664,0.0156390197048063,-0.004444278948742314,-0.0071401584658853995,-0.010059142089759917,-0.005986781480973494,0.013744037851625104,0.013992390705076744,0.017758602105821704,0.01195560197878908,0.015683843956102936,-0.005185379647814841,-0.0019374210453914301,agent4,1
-0.9119959755663231,-0.0059207571423071925,-0.0044586154864628275,-0.015258145584022272,-0.010492442541360497,-0.004914465335374191,-0.007716856030454065,-0.006998005019118815,0.009775549588970017,0.011997706904627356,-0.006919891014829698,-0.011770596940439798,0.00992115670676473,-0.006964392062586897,-0.011148544212509225,0.009993433928925391,-0.008275074179774104,1,0.01596292394554006,-0.0048188408175425385,-0.01253721647935244,0.01920128098663589,-0.007916428060560544,0.015737795951199594,-0.0065953997016783995,-0.003001331298833108,-0.004321876713135795,0.009834899469492911,0.021943938055034615,0.011980520299451803,0.013303183796491511,0.015933674038026816,-0.01072936554090634,0.013999893698196784,-0.005035611446263691,0.017969987932958776,-0.004981482598817009,-0.010847626756842386,-0.008125404695805645,0.013081983623486134,0.015271560491585895,-0.013664100619128138,0.003914029364465561,0.01581316638926225,0.011479727532577224,0.011950144370661338,-0.005724502123395427,-0.013202192504445848,0.027647832272833336,0.021999876564156758,0.009863196999035234,-0.011618224914991645,0.017789431512501612,0.00774518028846545,-0.008141509028083646,0.01397340392414546,-0.0073877224204595094,0.021993706017971442,0.009912937824471132,-0.006277186043255487,0.019621192715594253,-0.008484791787555483,-0.010019602215367698,0.01399013828018724,-0.006888159352252662,-0.006455910252229333,0.011763417012592078,0.015110305780559403,-0.007140603116832482,0.01569455155827547,-0.001437285097479316,0.009947732391532179,0.009886282154210838,0.00778760140119743,0.01599350154492917,0.011820421438407183,-0.004739942206689151,-0.004830822096094579,-0.0032312231773515008,-0.007188117617084872,-0.0031065227264170285,-0.0037493789937696935,0.009980483716896095,-0.00923625832550579,0.011891957513766165,-0.0071459048379410835,0.00398153417830876,-0.01252325016395114,0.00968954372663664,0.0156390197048063,-0.004444278948742314,-0.0071401584658853995,-0.010059142089759917,-0.005986781480973494,0.013744037851625104,0.013992390705076744,0.017758602105821704,0.01195560197878908,0.015683843956102936,-0.005185379647814841,-0.0019374210453914301,agent68,-1
-0.9130085127828024,-0.0059207571423071925,-0.0044586154864628275,-0.015258145584022272,-0.010492442541360497,-0.004914465335374191,-0.007716856030454065,-0.006998005019118815,0.009775549588970017,0.011997706904627356,-0.006919891014829698,-0.011770596940439798,0.00992115670676473,-0.006964392062586897,-0.011148544212509225,0.009993433928925391,-0.008275074179774104,1,0.01596292394554006,-0.0048188408175425385,-0.012709352174061533,0.01920128098663589,-0.007916428060560544,0.015737795951199594,-0.0065953997016783995,-0.003001331298833108,-0.004321876713135795,0.009834899469492911,0.021943938055034615,0.011980520299451803,0.013303183796491511,0.015933674038026816,-0.01072936554090634,0.013999893698196784,-0.005035611446263691,0.017969987932958776,-0.004981482598817009,-0.010847626756842386,-0.008125404695805645,0.013081983623486134,0.015271560491585895,-0.013664100619128138,0.003914029364465561,0.01581316638926225,0.011479727532577224,0.011950144370661338,-0.005724502123395427,-0.013202192504445848,0.027647832272833336,0.021999876564156758,0.009863196999035234,-0.011618224914991645,0.017789431512501612,0.00774518028846545,-0.008141509028083646,0.01397340392414546,-0.0073877224204595094,0.021993706017971442,0.009912937824471132,-0.006277186043255487,0.019621192715594253,-0.008484791787555483,-0.010019602215367698,0.01399013828018724,-0.006888159352252662,-0.006455910252229333,0.011763417012592078,0.015110305780559403,-0.007140603116832482,0.01569455155827547,-0.001437285097479316,0.009947732391532179,0.009886282154210838,0.00778760140119743,0.01599350154492917,0.011820421438407183,-0.004739942206689151,-0.004830822096094579,-0.0032312231773515008,-0.007188117617084872,-0.0031065227264170285,-0.0037493789937696935,0.009980483716896095,-0.00923625832550579,0.011891957513766165,-0.0071459048379410835,0.00398153417830876,-0.01252325016395114,0.00968954372663664,0.0156390197048063,-0.004444278948742314,-0.0071401584658853995,-0.010059142089759917,-0.005986781480973494,0.013744037851625104,0.013992390705076744,0.017758602105821704,0.01195560197878908,0.015683843956102936,-0.005185379647814841,-0.0019374210453914301,agent19,1
-0.9140218159665988,-0.0059207571423071925,-0.0044586154864628275,-0.015258145584022272,-0.010492442541360497,-0.004914465335374191,-0.007716856030454065,-0.006998005019118815,0.009775549588970017,0.011997706904627356,-0.006919891014829698,-0.011770596940439798,0.00992115670676473,-0.006964392062586897,-0.011148544212509225,0.009993433928925391,-0.008275074179774104,1,0.01596292394554006,-0.0048188408175425385,-0.012709352174061533,0.01920128098663589,-0.007916428060560544,0.015737795951199594,-0.0065953997016783995,-0.003001331298833108,-0.004321876713135795,0.009834899469492911,0.021943938055034615,0.011980520299451803,0.015299400037067382,0.015933674038026816,-0.01072936554090634,0.013999893698196784,-0.005035611446263691,0.017969987932958776,-0.004981482598817009,-0.010847626756842386,-0.008125404695805645,0.013081983623486134,0.015271560491585895,-0.013664100619128138,0.003914029364465561,0.01581316638926225,0.011479727532577224,0.011950144370661338,-0.005724502123395427,-0.013202192504445848,0.027647832272833336,0.021999876564156758,0.009863196999035234,-0.011618224914991645,0.017789431512501612,0.00774518028846545,-0.008141509028083646,0.01397340392414546,-0.0073877224204595094,0.021993706017971442,0.009912937824471132,-0.006277186043255487,0.019621192715594253,-0.008484791787555483,-0.010019602215367698,0.01399013828018724,-0.006888159352252662,-0.006455910252229333,0.011763417012592078,0.015110305780559403,-0.007140603116832482,0.01569455155827547,-0.001437285097479316,0.009947732391532179,0.009886282154210838,0.00778760140119743,0.01599350154492917,0.011820421438407183,-0.004739942206689151,-0.004830822096094579,-0.0032312231773515008,-0.007188117617084872,-0.0031065227264170285,-0.0037493789937696935,0.009980483716896095,-0.00923625832550579,0.011891957513766165,-0.0071459048379410835,0.00398153417830876,-0.01252325016395114,0.00968954372663664,0.0156390197048063,-0.004444278948742314,-0.0071401584658853995,-0.010059142089759917,-0.005986781480973494,0.013744037851625104,0.013992390705076744,0.017758602105821704,0.01195560197878908,0.015683843956102936,-0.005185379647814841,-0.0019374210453914301,agent29,-1
-0.9150410172475855,-0.0059207571423071925,-0.0044586154864628275,-0.015258145584022272,-0.010492442541360497,-0.004914465335374191,-0.007716856030454065,-0.006998005019118815,0.009775549588970017,0.011997706904627356,-0.006919891014829698,-0.011770596940439798,0.00992115670676473,-0.006964392062586897,-0.011148544212509225,0.009993433928925391,-0.008275074179774104,1,0.01596292394554006,-0.0048188408175425385,-0.012709352174061533,0.021197584862571048,-0.007916428060560544,0.015737795951199594,-0.0065953997016783995,-0.003001331298833108,-0.004321876713135795,0.009834899469492911,0.021943938055034615,0.011980520299451803,0.015299400037067382,0.015933674038026816,-0.01072936554090634,0.013999893698196784,-0.005035611446263691,0.017969987932958776,-0.004981482598817009,-0.010847626756842386,-0.008125404695805645,0.013081983623486134,0.015271560491585895,-0.013664100619128138,0.003914029364465561,0.01581316638926225,0.011479727532577224,0.011950144370661338,-0.005724502123395427,-0.013202192504445848,0.027647832272833336,0.021999876564156758,0.009863196999035234,-0.011618224914991645,0.017789431512501612,0.00774518028846545,-0.008141509028083646,0.01397340392414546,-0.0073877224204595094,0.021993706017971442,0.009912937824471132,-0.006277186043255487,0.019621192715594253,-0.008484791787555483,-0.010019602215367698,0.01399013828018724,-0.006888159352252662,-0.006455910252229333,0.011763417012592078,0.015110305780559403,-0.007140603116832482,0.01569455155827547,-0.001437285097479316,0.009947732391532179,0.009886282154210838,0.00778760140119743,0.01599350154492917,0.011820421438407183,-0.004739942206689151,-0.004830822096094579,-0.0032312231773515008,-0.007188117617084872,-0.0031065227264170285,-0.0037493789937696935,0.009980483716896095,-0.00923625832550579,0.011891957513766165,-0.0071459048379410835,0.00398153417830876,-0.01252325016395114,0.00968954372663664,0.0156390197048063,-0.004444278948742314,-0.0071401584658853995,-0.010059142089759917,-0.005986781480973494,0.013744037851625104,0.013992390705076744,0.017758602105821704,0.01195560197878908,0.015683843956102936,-0.005185379647814841,-0.0019374210453914301,agent20,-1
-0.9160481631524234,-0.0059207571423071925,-0.0044586154864628275,-0.015258145584022272,-0.010492442541360497,-0.004914465335374191,-0.007716856030454065,-0.006998005019118815,0.009775549588970017,0.011997706904627356,-0.006919891014829698,-0.011770596940439798,0.00992115670676473,-0.006964392062586897,-0.011148544212509225,0.009993433928925391,-0.008275074179774104,1,0.01596292394554006,-0.0048188408175425385,-0.012709352174061533,0.021197584862571048,-0.007916428060560544,0.015737795951199594,-0.0065953997016783995,-0.003001331298833108,-0.004321876713135795,0.009834899469492911,0.021943938055034615,0.011980520299451803,0.015299400037067382,0.015933674038026816,-0.01072936554090634,0.013999893698196784,-0.005035611446263691,0.017969987932958776,-0.004981482598817009,-0.010847626756842386,-0.008125404695805645,0.013081983623486134,0.015271560491585895,-0.013664100619128138,0.003914029364465561,0.01581316638926225,0.011479727532577224,0.011950144370661338,-0.005724502123395427,-0.013202192504445848,0.027647832272833336,0.021999876564156758,0.009863196999035234,-0.011618224914991645,0.017789431512501612,0.00774518028846545,-0.008141509028083646,0.01397340392414546,-0.0073877224204595094,0.021993706017971442,0.009912937824471132,-0.006277186043255487,0.019621192715594253,-0.008484791787555483,-0.010019602215367698,0.01399013828018724,-0.006888159352252662,-0.006455910252229333,0.011763417012592078,0.015110305780559403,-0.007140603116832482,0.01569455155827547,-0.001437285097479316,0.009947732391532179,0.009886282154210838,0.00778760140119743,0.01599350154492917,0.011820421438407183,-0.004739942206689151,-0.004830822096094579,-0.0032312231773515008,-0.007188117617084872,-0.0031065227264170285,-0.0037493789937696935,0.009980483716896095,-0.00923625832550579,0.011891957513766165,-0.007622579559211511,0.00398153417830876,-0.01252325016395114,0.00968954372663664,0.0156390197048063,-0.004444278948742314,-0.0071401584658853995,-0.010059142089759917,-0.005986781480973494,0.013744037851625104,0.013992390705076744,0.017758602105821704,0.01195560197878908,0.015683843956102936,-0.005185379647814841,-0.0019374210453914301,agent84,0.8304246963827752
-0.9170638469963796,-0.0059207571423071925,-0.0044586154864628275,-0.015258145584022272,-0.010492442541360497,-0.004914465335374191,-0.007716856030454065,-0.006998005019118815,0.009775549588970017,0.011997706904627356,-0.006919891014829698,-0.011770596940439798,0.00992115670676473,-0.006964392062586897,-0.011148544212509225,0.009993433928925391,-0.008275074179774104,1,0.01596292394554006,-0.0048188408175425385,-0.012709352174061533,0.021197584862571048,-0.007916428060560544,0.015737795951199594,-0.0065953997016783995,-0.003001331298833108,-0.004321876713135795,0.009834899469492911,0.021943938055034615,0.011980520299451803,0.015299400037067382,0.015933674038026816,-0.01072936554090634,0.013999893698196784,-0.005035611446263691,0.017969987932958776,-0.004981482598817009,-0.010847626756842386,-0.008125404695805645,0.013081983623486134,0.015271560491585895,-0.013664100619128138,0.003914029364465561,0.01581316638926225,0.011479727532577224,0.011950144370661338,-0.005724502123395427,-0.013202192504445848,0.027647832272833336,0.021999876564156758,0.009863196999035234,-0.011618224914991645,0.017789431512501612,0.00774518028846545,-0.008141509028083646,0.01397340392414546,-0.0073877224204595094,0.021993706017971442,0.009912937824471132,-0.006277186043255487,0.019621192715594253,-0.008484791787555483,-0.010019602215367698,0.01399013828018724,-0.006888159352252662,-0.006455910252229333,0.011763417012592078,0.015110305780559403,-0.007140603116832482,0.01569455155827547,-0.001437285097479316,0.009947732391532179,0.009886282154210838,0.00778760140119743,0.01599350154492917,0.011820421438407183,-0.004739942206689151,-0.004830822096094579,-0.0032312231773515008,-0.007188117617084872,-0.0031065227264170285,-0.0037493789937696935,0.009980483716896095,-0.00923625832550579,0.011891957513766165,-0.007622579559211511,0.00398153417830876,-0.01252325016395114,0.00968954372663664,0.0156390197048063,-0.004444278948742314,-0.0071401584658853995,-0.010059142089759917,-0.005986781480973494,0.013744037851625104,0.013992390705076744,0.017758602105821704,0.01195560197878908,0.017680320000647894,-0.005185379647814841,-0.0019374210453914301,agent97,-1
-0.9180775910342311,-0.0059207571423071925,-0.0044586154864628275,-0.015258145584022272,-0.010492442541360497,-0.004914465335374191,-0.007716856030454065,-0.006998005019118815,0.009775549588970017,0.011997706904627356,-0.006919891014829698,-0.011770596940439798,0.00992115670676473,-0.006964392062586897,-0.011148544212509225,0.009993433928925391,-0.008275074179774104,1,0.01596292394554006,-0.0048188408175425385,-0.012709352174061533,0.021197584862571048,-0.007916428060560544,0.015737795951199594,-0.0065953997016783995,-0.003001331298833108,-0.004321876713135795,0.009834899469492911,0.021943938055034615,0.011980520299451803,0.015299400037067382,0.015933674038026816,-0.01072936554090634,0.013999893698196784,-0.005035611446263691,0.017969987932958776,-0.004981482598817009,-0.010847626756842386,-0.008125404695805645,0.013081983623486134,0.015271560491585895,-0.013664100619128138,0.003914029364465561,0.01581316638926225,0.011479727532577224,0.011950144370661338,-0.005724502123395427,-0.013202192504445848,0.027647832272833336,0.021999876564156758,0.009863196999035234,-0.011618224914991645,0.017789431512501612,0.00774518028846545,-0.008141509028083646,0.01397340392414546,-0.0073877224204595094,0.021993706017971442,0.009912937824471132,-0.006277186043255487,0.019621192715594253,-0.008484791787555483,-0.010019602215367698,0.01399013828018724,-0.006888159352252662,-0.006455910252229333,0.011763417012592078,0.015110305780559403,-0.007140603116832482,0.01569455155827547,-0.001437285097479316,0.009947732391532179,0.009886282154210838,0.00778760140119743,0.01599350154492917,0.011820421438407183,-0.004739942206689151,-0.004830822096094579,-0.0032312231773515008,-0.007188117617084872,-0.0031065227264170285,-0.0037493789937696935,0.009980483716896095,-0.00923625832550579,0.011891957513766165,-0.007622579559211511,0.00398153417830876,-0.01252325016395114,0.00968954372663664,0.0156390197048063,-0.004444278948742314,-0.0071401584658853995,-0.010059142089759917,-0.005986781480973494,0.015707616410697588,0.013992390705076744,0.017758602105821704,0.01195560197878908,0.017680320000647894,-0.005185379647814841,-0.0019374210453914301,agent93,-0.6471696420659416
-0.9190894114556696,-0.0059207571423071925,-0.0044586154864628275,-0.015258145584022272,-0.010492442541360497,-0.004914465335374191,-0.007716856030454065,-0.006998005019118815,0.009775549588970017,0.011997706904627356,-0.006919891014829698,-0.011770596940439798,0.00992115670676473,-0.006964392062586897,-0.011148544212509225,0.009993433928925391,-0.008275074179774104,1,0.01596292394554006,-0.0048188408175425385,-0.012709352174061533,0.021197584862571048,-0.007916428060560544,0.015737795951199594,-0.0065953997016783995,-0.003001331298833108,-0.004321876713135795,0.009834899469492911,0.021943938055034615,0.011980520299451803,0.015299400037067382,0.015933674038026816,-0.01072936554090634,0.013999893698196784,-0.005035611446263691,0.017969987932958776,-0.004981482598817009,-0.010847626756842386,-0.008125404695805645,0.013081983623486134,0.015271560491585895,-0.013664100619128138,0.003914029364465561,0.01581316638926225,0.011479727532577224,0.011950144370661338,-0.005724502123395427,-0.013202192504445848,0.027647832272833336,0.021999876564156758,0.009863196999035234,-0.011618224914991645,0.017789431512501612,0.00774518028846545,-0.008141509028083646,0.01397340392414546,-0.0073877224204595094,0.021993706017971442,0.009912937824471132,-0.006277186043255487,0.019621192715594253,-0.008484791787555483,-0.010019602215367698,0.01399013828018724,-0.006888159352252662,-0.006455910252229333,0.011763417012592078,0.015110305780559403,-0.007140603116832482,0.01569455155827547,-0.001437285097479316,0.009947732391532179,0.009886282154210838,0.00778760140119743,0.01599350154492917,0.013817065797861806,-0.004739942206689151,-0.004830822096094579,-0.0032312231773515008,-0.007188117617084872,-0.0031065227264170285,-0.0037493789937696935,0.009980483716896095,-0.00923625832550579,0.011891957513766165,-0.007622579559211511,0.00398153417830876,-0.01252325016395114,0.00968954372663664,0.0156390197048063,-0.004444278948742314,-0.0071401584658853995,-0.010059142089759917,-0.005986781480973494,0.015707616410697588,0.013992390705076744,0.017758602105821704,0.01195560197878908,0.017680320000647894,-0.005185379647814841,-0.0019374210453914301,agent74,-1
-0.9200926426788469,-0.0059207571423071925,-0.0044586154864628275,-0.015258145584022272,-0.010492442541360497,-0.004914465335374191,-0.007716856030454065,-0.006998005019118815,0.009775549588970017,0.011997706904627356,-0.006919891014829698,-0.011770596940439798,0.00992115670676473,-0.006964392062586897,-0.011148544212509225,0.009993433928925391,-0.008275074179774104,1,0.01596292394554006,-0.0048188408175425385,-0.012709352174061533,0.021197584862571048,-0.007916428060560544,0.015737795951199594,-0.0065953997016783995,-0.003001331298833108,-0.004321876713135795,0.009834899469492911,0.021943938055034615,0.011980520299451803,0.015299400037067382,0.015933674038026816,-0.01072936554090634,0.013999893698196784,-0.005035611446263691,0.017969987932958776,-0.004981482598817009,-0.010847626756842386,-0.008125404695805645,0.013081983623486134,0.015271560491585895,-0.013664100619128138,0.003914029364465561,0.01581316638926225,0.011479727532577224,0.011950144370661338,-0.005724502123395427,-0.013202192504445848,0.027647832272833336,0.021999876564156758,0.009863196999035234,-0.011618224914991645,0.017789431512501612,0.00774518028846545,-0.008141509028083646,0.01397340392414546,-0.0073877224204595094,0.021993706017971442,0.009912937824471132,-0.006277186043255487,0.019621192715594253,-0.008484791787555483,-0.010019602215367698,0.01399013828018724,-0.006888159352252662,-0.006455910252229333,0.011763417012592078,0.015110305780559403,-0.007140603116832482,0.01569455155827547,-0.001437285097479316,0.009947732391532179,0.009886282154210838,0.00778760140119743,0.01599350154492917,0.013817065797861806,-0.004739942206689151,-0.004830822096094579,-0.0033897710927708667,-0.007188117617084872,-0.0031065227264170285,-0.0037493789937696935,0.009980483716896095,-0.00923625832550579,0.011891957513766165,-0.007622579559211511,0.00398153417830876,-0.01252325016395114,0.00968954372663664,0.0156390197048063,-0.004444278948742314,-0.0071401584658853995,-0.010059142089759917,-0.005986781480973494,0.015707616410697588,0.013992390705076744,0.017758602105821704,0.01195560197878908,0.017680320000647894,-0.005185379647814841,-0.0019374210453914301,agent77,1
-0.9211066328171271,-0.0059207571423071925,-0.0044586154864628275,-0.015258145584022272,-0.010492442541360497,-0.004914465335374191,-0.007716856030454065,-0.006998005019118815,0.009775549588970017,0.011997706904627356,-0.006919891014829698,-0.011770596940439798,0.00992115670676473,-0.006964392062586897,-0.011148544212509225,0.009993433928925391,-0.008275074179774104,1,0.01596292394554006,-0.0048188408175425385,-0.012709352174061533,0.021197584862571048,-0.007916428060560544,0.015737795951199594,-0.0065953997016783995,-0.003001331298833108,-0.004321876713135795,0.009834899469492911,0.021943938055034615,0.011980520299451803,0.015299400037067382,0.015933674038026816,-0.01072936554090634,0.013999893698196784,-0.005035611446263691,0.017969987932958776,-0.004981482598817009,-0.010847626756842386,-0.008125404695805645,0.013081983623486134,0.015271560491585895,-0.013664100619128138,0.003914029364465561,0.01581316638926225,0.011479727532577224,0.011950144370661338,-0.005724502123395427,-0.013202192504445848,0.027647832272833336,0.021999876564156758,0.009863196999035234,-0.011618224914991645,0.017789431512501612,0.00774518028846545,-0.008141509028083646,0.01397340392414546,-0.0073877224204595094,0.021993706017971442,0.009912937824471132,-0.006277186043255487,0.019621192715594253,-0.008484791787555483,-0.010019602215367698,0.01598891958587973,-0.006888159352252662,-0.006455910252229333,0.011763417012592078,0.015110305780559403,-0.007140603116832482,0.01569455155827547,-0.001437285097479316,0.009947732391532179,0.009886282154210838,0.00778760140119743,0.01599350154492917,0.013817065797861806,-0.004739942206689151,-0.004830822096094579,-0.0033897710927708667,-0.007188117617084872,-0.0031065227264170285,-0.0037493789937696935,0.009980483716896095,-0.00923625832550579,0.011891957513766165,-0.007622579559211511,0.00398153417830876,-0.01252325016395114,0.00968954372663664,0.0156390197048063,-0.004444278948742314,-0.0071401584658853995,-0.010059142089759917,-0.005986781480973494,0.015707616410697588,0.013992390705076744,0.017758602105821704,0.01195560197878908,0.017680320000647894,-0.005185379647814841,-0.0019374210453914301,agent62,-0.8707227265859327
-0.9221132282168288,-0.0059207571423071925,-0.0044586154864628275,-0.015258145584022272,-0.010492442541360497,-0.004914465335374191,-0.007716856030454065,-0.006998005019118815,0.009775549588970017,0.011997706904627356,-0.006919891014829698,-0.011770596940439798,0.00992115670676473,-0.006964392062586897,-0.011148544212509225,0.009993433928925391,-0.008275074179774104,1,0.01596292394554006,-0.0048188408175425385,-0.012709352174061533,0.021197584862571048,-0.007916428060560544,0.015737795951199594,-0.00675007435435142,-0.003001331298833108,-0.004321876713135795,0.009834899469492911,0.021943938055034615,0.011980520299451803,0.015299400037067382,0.015933674038026816,-0.01072936554090634,0.013999893698196784,-0.005035611446263691,0.017969987932958776,-0.004981482598817009,-0.010847626756842386,-0.008125404695805645,0.013081983623486134,0.015271560491585895,-0.013664100619128138,0.003914029364465561,0.01581316638926225,0.011479727532577224,0.011950144370661338,-0.005724502123395427,-0.013202192504445848,0.027647832272833336,0.021999876564156758,0.009863196999035234,-0.011618224914991645,0.017789431512501612,0.00774518028846545,-0.008141509028083646,0.01397340392414546,-0.0073877224204595094,0.021993706017971442,0.009912937824471132,-0.006277186043255487,0.019621192715594253,-0.008484791787555483,-0.010019602215367698,0.01598891958587973,-0.006888159352252662,-0.006455910252229333,0.011763417012592078,0.015110305780559403,-0.007140603116832482,0.01569455155827547,-0.001437285097479316,0.009947732391532179,0.009886282154210838,0.00778760140119743,0.01599350154492917,0.013817065797861806,-0.004739942206689151,-0.004830822096094579,-0.0033897710927708667,-0.007188117617084872,-0.0031065227264170285,-0.0037493789937696935,0.009980483716896095,-0.00923625832550579,0.011891957513766165,-0.007622579559211511,0.00398153417830876,-0.01252325016395114,0.00968954372663664,0.0156390197048063,-0.004444278948742314,-0.0071401584658853995,-0.010059142089759917,-0.005986781480973494,0.015707616410697588,0.013992390705076744,0.017758602105821704,0.01195560197878908,0.017680320000647894,-0.005185379647814841,-0.0019374210453914301,agent23,1
-0.9231171422461933,-0.0059207571423071925,-0.0044586154864628275,-0.015258145584022272,-0.010492442541360497,-0.004914465335374191,-0.007716856030454065,-0.006998005019118815,0.009775549588970017,0.011997706904627356,-0.006919891014829698,-0.011770596940439798,0.00992115670676473,-0.006964392062586897,-0.011148544212509225,0.009993433928925391,-0.008275074179774104,1,0.01596292394554006,-0.0048188408175425385,-0.012709352174061533,0.021197584862571048,-0.007916428060560544,0.015737795951199594,-0.00675007435435142,-0.003001331298833108,-0.004321876713135795,0.009834899469492911,0.021943938055034615,0.011980520299451803,0.015299400037067382,0.015933674038026816,-0.01072936554090634,0.013999893698196784,-0.005035611446263691,0.017969987932958776,-0.004981482598817009,-0.010847626756842386,-0.008125404695805645,0.013081983623486134,0.015271560491585895,-0.013664100619128138,0.005910996189856159,0.01581316638926225,0.011479727532577224,0.011950144370661338,-0.005724502123395427,-0.013202192504445848,0.027647832272833336,0.021999876564156758,0.009863196999035234,-0.011618224914991645,0.017789431512501612,0.00774518028846545,-0.008141509028083646,0.01397340392414546,-0.0073877224204595094,0.021993706017971442,0.009912937824471132,-0.006277186043255487,0.019621192715594253,-0.008484791787555483,-0.010019602215367698,0.01598891958587973,-0.006888159352252662,-0.006455910252229333,0.011763417012592078,0.015110305780559403,-0.007140603116832482,0.01569455155827547,-0.001437285097479316,0.009947732391532179,0.009886282154210838,0.00778760140119743,0.01599350154492917,0.013817065797861806,-0.004739942206689151,-0.004830822096094579,-0.0033897710927708667,-0.007188117617084872,-0.0031065227264170285,-0.0037493789937696935,0.009980483716896095,-0.00923625832550579,0.011891957513766165,-0.007622579559211511,0.00398153417830876,-0.01252325016395114,0.00968954372663664,0.0156390197048063,-0.004444278948742314,-0.0071401584658853995,-0.010059142089759917,-0.005986781480973494,0.015707616410697588,0.013992390705076744,0.017758602105821704,0.01195560197878908,0.017680320000647894,-0.005185379647814841,-0.0019374210453914301,agent41,-1
-0.9241383398310559,-0.0059207571423071925,-0.0044586154864628275,-0.015258145584022272,-0.010492442541360497,-0.004914465335374191,-0.007716856030454065,-0.006998005019118815,0.009775549588970017,0.011997706904627356,-0.006919891014829698,-0.011770596940439798,0.00992115670676473,-0.006964392062586897,-0.011148544212509225,0.009993433928925391,-0.008275074179774104,1,0.01596292394554006,-0.0048188408175425385,-0.012709352174061533,0.023194629375662853,-0.007916428060560544,0.015737795951199594,-0.00675007435435142,-0.003001331298833108,-0.004321876713135795,0.009834899469492911,0.021943938055034615,0.011980520299451803,0.015299400037067382,0.015933674038026816,-0.01072936554090634,0.013999893698196784,-0.005035611446263691,0.017969987932958776,-0.004981482598817009,-0.010847626756842386,-0.008125404695805645,0.013081983623486134,0.015271560491585895,-0.013664100619128138,0.005910996189856159,0.01581316638926225,0.011479727532577224,0.011950144370661338,-0.005724502123395427,-0.013202192504445848,0.027647832272833336,0.021999876564156758,0.009863196999035234,-0.011618224914991645,0.017789431512501612,0.00774518028846545,-0.008141509028083646,0.01397340392414546,-0.0073877224204595094,0.021993706017971442,0.009912937824471132,-0.006277186043255487,0.019621192715594253,-0.008484791787555483,-0.010019602215367698,0.01598891958587973,-0.006888159352252662,-0.006455910252229333,0.011763417012592078,0.015110305780559403,-0.007140603116832482,0.01569455155827547,-0.001437285097479316,0.009947732391532179,0.009886282154210838,0.00778760140119743,0.01599350154492917,0.013817065797861806,-0.004739942206689151,-0.004830822096094579,-0.0033897710927708667,-0.007188117617084872,-0.0031065227264170285,-0.0037493789937696935,0.009980483716896095,-0.00923625832550579,0.011891957513766165,-0.007622579559211511,0.00398153417830876,-0.01252325016395114,0.00968954372663664,0.0156390197048063,-0.004444278948742314,-0.0071401584658853995,-0.010059142089759917,-0.005986781480973494,0.015707616410697588,0.013992390705076744,0.017758602105821704,0.01195560197878908,0.017680320000647894,-0.005185379647814841,-0.0019374210453914301,agent20,-1
-0.9251460566870863,-0.0059207571423071925,-0.0044586154864628275,-0.015258145584022272,-0.010492442541360497,-0.004914465335374191,-0.007865701855050158,-0.006998005019118815,0.009775549588970017,0.011997706904627356,-0.006919891014829698,-0.011770596940439798,0.00992115670676473,-0.006964392062586897,-0.011148544212509225,0.009993433928925391,-0.008275074179774104,1,0.01596292394554006,-0.0048188408175425385,-0.012709352174061533,0.023194629375662853,-0.007916428060560544,0.015737795951199594,-0.00675007435435142,-0.003001331298833108,-0.004321876713135795,0.009834899469492911,0.021943938055034615,0.011980520299451803,0.015299400037067382,0.015933674038026816,-0.01072936554090634,0.013999893698196784,-0.005035611446263691,0.017969987932958776,-0.004981482598817009,-0.010847626756842386,-0.008125404695805645,0.013081983623486134,0.015271560491585895,-0.013664100619128138,0.005910996189856159,0.01581316638926225,0.011479727532577224,0.011950144370661338,-0.005724502123395427,-0.013202192504445848,0.027647832272833336,0.021999876564156758,0.009863196999035234,-0.011618224914991645,0.017789431512501612,0.00774518028846545,-0.008141509028083646,0.01397340392414546,-0.0073877224204595094,0.021993706017971442,0.009912937824471132,-0.006277186043255487,0.019621192715594253,-0.008484791787555483,-0.010019602215367698,0.01598891958587973,-0.006888159352252662,-0.006455910252229333,0.011763417012592078,0.015110305780559403,-0.007140603116832482,0.01569455155827547,-0.001437285097479316,0.009947732391532179,0.009886282154210838,0.00778760140119743,0.01599350154492917,0.013817065797861806,-0.004739942206689151,-0.004830822096094579,-0.0033897710927708667,-0.007188117617084872,-0.0031065227264170285,-0.0037493789937696935,0.009980483716896095,-0.00923625832550579,0.011891957513766165,-0.007622579559211511,0.00398153417830876,-0.01252325016395114,0.00968954372663664,0.0156390197048063,-0.004444278948742314,-0.0071401584658853995,-0.010059142089759917,-0.005986781480973494,0.015707616410697588,0.013992390705076744,0.017758602105821704,0.01195560197878908,0.017680320000647894,-0.005185379647814841,-0.0019374210453914301,agent5,1
-0.9261503785637994,-0.0059207571423071925,-0.0044586154864628275,-0.015258145584022272,-0.010492442541360497,-0.004914465335374191,-0.007865701855050158,-0.006998005019118815,0.009775549588970017,0.011997706904627356,-0.006919891014829698,-0.011770596940439798,0.00992115670676473,-0.006964392062586897,-0.011148544212509225,0.009993433928925391,-0.008275074179774104,1,0.01596292394554006,-0.0048188408175425385,-0.012709352174061533,0.023194629375662853,-0.007916428060560544,0.015737795951199594,-0.00675007435435142,-0.003001331298833108,-0.004468783043346875,0.009834899469492911,0.021943938055034615,0.011980520299451803,0.015299400037067382,0.015933674038026816,-0.01072936554090634,0.013999893698196784,-0.005035611446263691,0.017969987932958776,-0.004981482598817009,-0.010847626756842386,-0.008125404695805645,0.013081983623486134,0.015271560491585895,-0.013664100619128138,0.005910996189856159,0.01581316638926225,0.011479727532577224,0.011950144370661338,-0.005724502123395427,-0.013202192504445848,0.027647832272833336,0.021999876564156758,0.009863196999035234,-0.011618224914991645,0.017789431512501612,0.00774518028846545,-0.008141509028083646,0.01397340392414546,-0.0073877224204595094,0.021993706017971442,0.009912937824471132,-0.006277186043255487,0.019621192715594253,-0.008484791787555483,-0.010019602215367698,0.01598891958587973,-0.006888159352252662,-0.006455910252229333,0.011763417012592078,0.015110305780559403,-0.007140603116832482,0.01569455155827547,-0.001437285097479316,0.009947732391532179,0.009886282154210838,0.00778760140119743,0.01599350154492917,0.013817065797861806,-0.004739942206689151,-0.004830822096094579,-0.0033897710927708667,-0.007188117617084872,-0.0031065227264170285,-0.0037493789937696935,0.009980483716896095,-0.00923625832550579,0.011891957513766165,-0.007622579559211511,0.00398153417830876,-0.01252325016395114,0.00968954372663664,0.0156390197048063,-0.004444278948742314,-0.0071401584658853995,-0.010059142089759917,-0.005986781480973494,0.015707616410697588,0.013992390705076744,0.017758602105821704,0.01195560197878908,0.017680320000647894,-0.005185379647814841,-0.0019374210453914301,agent25,1
-0.9271641956295973,-0.0059207571423071925,-0.0044586154864628275,-0.015258145584022272,-0.010492442541360497,-0.004914465335374191,-0.007865701855050158,-0.006998005019118815,0.009775549588970017,0.011997706904627356,-0.006919891014829698,-0.011770596940439798,0.00992115670676473,-0.006964392062586897,-0.011148544212509225,0.009993433928925391,-0.008275074179774104,1,0.01596292394554006,-0.0048188408175425385,-0.012709352174061533,0.023194629375662853,-0.007916428060560544,0.015737795951199594,-0.00675007435435142,-0.003001331298833108,-0.004468783043346875,0.009834899469492911,0.021943938055034615,0.011980520299451803,0.015299400037067382,0.015933674038026816,-0.01072936554090634,0.013999893698196784,-0.005035611446263691,0.017969987932958776,-0.004981482598817009,-0.010847626756842386,-0.008125404695805645,0.013081983623486134,0.015271560491585895,-0.013664100619128138,0.005910996189856159,0.01581316638926225,0.011479727532577224,0.011950144370661338,-0.005724502123395427,-0.013202192504445848,0.027647832272833336,0.021999876564156758,0.009863196999035234,-0.011618224914991645,0.017789431512501612,0.00774518028846545,-0.008141509028083646,0.01397340392414546,-0.0073877224204595094,0.021993706017971442,0.009912937824471132,-0.006277186043255487,0.019621192715594253,-0.008484791787555483,-0.010019602215367698,0.01598891958587973,-0.006888159352252662,-0.006455910252229333,0.011763417012592078,0.015110305780559403,-0.007140603116832482,0.01569455155827547,-0.001437285097479316,0.009947732391532179,0.009886282154210838,0.00778760140119743,0.01599350154492917,0.01581433891456867,-0.004739942206689151,-0.004830822096094579,-0.0033897710927708667,-0.007188117617084872,-0.0031065227264170285,-0.0037493789937696935,0.009980483716896095,-0.00923625832550579,0.011891957513766165,-0.007622579559211511,0.00398153417830876,-0.01252325016395114,0.00968954372663664,0.0156390197048063,-0.004444278948742314,-0.0071401584658853995,-0.010059142089759917,-0.005986781480973494,0.015707616410697588,0.013992390705076744,0.017758602105821704,0.01195560197878908,0.017680320000647894,-0.005185379647814841,-0.0019374210453914301,agent74,-1
-0.9281799334255485,-0.0059207571423071925,-0.0044586154864628275,-0.015258145584022272,-0.010492442541360497,-0.004914465335374191,-0.007865701855050158,-0.006998005019118815,0.009775549588970017,0.011997706904627356,-0.006919891014829698,-0.011770596940439798,0.00992115670676473,-0.006964392062586897,-0.011148544212509225,0.009993433928925391,-0.008275074179774104,1,0.01596292394554006,-0.0048188408175425385,-0.012709352174061533,0.023194629375662853,-0.007916428060560544,0.01770511315926673,-0.00675007435435142,-0.003001331298833108,-0.004468783043346875,0.009834899469492911,0.021943938055034615,0.011980520299451803,0.015299400037067382,0.015933674038026816,-0.01072936554090634,0.013999893698196784,-0.005035611446263691,0.017969987932958776,-0.004981482598817009,-0.010847626756842386,-0.008125404695805645,0.013081983623486134,0.015271560491585895,-0.013664100619128138,0.005910996189856159,0.01581316638926225,0.011479727532577224,0.011950144370661338,-0.005724502123395427,-0.013202192504445848,0.027647832272833336,0.021999876564156758,0.009863196999035234,-0.011618224914991645,0.017789431512501612,0.00774518028846545,-0.008141509028083646,0.01397340392414546,-0.0073877224204595094,0.021993706017971442,0.009912937824471132,-0.006277186043255487,0.019621192715594253,-0.008484791787555483,-0.010019602215367698,0.01598891958587973,-0.006888159352252662,-0.006455910252229333,0.011763417012592078,0.015110305780559403,-0.007140603116832482,0.01569455155827547,-0.001437285097479316,0.009947732391532179,0.009886282154210838,0.00778760140119743,0.01599350154492917,0.01581433891456867,-0.004739942206689151,-0.004830822096094579,-0.0033897710927708667,-0.007188117617084872,-0.0031065227264170285,-0.0037493789937696935,0.009980483716896095,-0.00923625832550579,0.011891957513766165,-0.007622579559211511,0.00398153417830876,-0.01252325016395114,0.00968954372663664,0.0156390197048063,-0.004444278948742314,-0.0071401584658853995,-0.010059142089759917,-0.005986781480973494,0.015707616410697588,0.013992390705076744,0.017758602105821704,0.01195560197878908,0.017680320000647894,-0.005185379647814841,-0.0019374210453914301,agent22,-0.6714972563008567
-0.9291957477644631,-0.0059207571423071925,-0.0044586154864628275,-0.015258145584022272,-0.010492442541360497,-0.004914465335374191,-0.007865701855050158,-0.006998005019118815,0.009775549588970017,0.011997706904627356,-0.006919891014829698,-0.011770596940439798,0.00992115670676473,-0.006964392062586897,-0.011148544212509225,0.009993433928925391,-0.008275074179774104,1,0.01596292394554006,-0.0048188408175425385,-0.012709352174061533,0.023194629375662853,-0.007916428060560544,0.01770511315926673,-0.00675007435435142,-0.003001331298833108,-0.004468783043346875,0.009834899469492911,0.021943938055034615,0.011980520299451803,0.015299400037067382,0.015933674038026816,-0.01072936554090634,0.013999893698196784,-0.005035611446263691,0.017969987932958776,-0.004981482598817009,-0.010847626756842386,-0.008125404695805645,0.013081983623486134,0.015271560491585895,-0.013664100619128138,0.005910996189856159,0.01581316638926225,0.011479727532577224,0.011950144370661338,-0.005724502123395427,-0.013202192504445848,0.027647832272833336,0.021999876564156758,0.009863196999035234,-0.011618224914991645,0.017789431512501612,0.00774518028846545,-0.008141509028083646,0.01397340392414546,-0.0073877224204595094,0.021993706017971442,0.009912937824471132,-0.006277186043255487,0.019621192715594253,-0.008484791787555483,-0.010019602215367698,0.01598891958587973,-0.006888159352252662,-0.006455910252229333,0.011763417012592078,0.015110305780559403,-0.007140603116832482,0.01569455155827547,-0.001437285097479316,0.009947732391532179,0.009886282154210838,0.00778760140119743,0.01599350154492917,0.01781175985358729,-0.004739942206689151,-0.004830822096094579,-0.0033897710927708667,-0.007188117617084872,-0.0031065227264170285,-0.0037493789937696935,0.009980483716896095,-0.00923625832550579,0.011891957513766165,-0.007622579559211511,0.00398153417830876,-0.01252325016395114,0.00968954372663664,0.0156390197048063,-0.004444278948742314,-0.0071401584658853995,-0.010059142089759917,-0.005986781480973494,0.015707616410697588,0.013992390705076744,0.017758602105821704,0.01195560197878908,0.017680320000647894,-0.005185379647814841,-0.0019374210453914301,agent74,-1
-0.93020659539122,-0.0059207571423071925,-0.0044586154864628275,-0.015258145584022272,-0.010492442541360497,-0.004914465335374191,-0.007865701855050158,-0.006998005019118815,0.009775549588970017,0.011997706904627356,-0.006919891014829698,-0.011770596940439798,0.00992115670676473,-0.006964392062586897,-0.011148544212509225,0.009993433928925391,-0.008275074179774104,1,0.01596292394554006,-0.0048188408175425385,-0.012709352174061533,0.023194629375662853,-0.007916428060560544,0.01770511315926673,-0.00675007435435142,-0.003001331298833108,-0.004468783043346875,0.009834899469492911,0.021943938055034615,0.011980520299451803,0.015299400037067382,0.015933674038026816,-0.01072936554090634,0.013999893698196784,-0.005035611446263691,0.017969987932958776,-0.004981482598817009,-0.011363070658206716,-0.008125404695805645,0.013081983623486134,0.015271560491585895,-0.013664100619128138,0.005910996189856159,0.01581316638926225,0.011479727532577224,0.011950144370661338,-0.005724502123395427,-0.013202192504445848,0.027647832272833336,0.021999876564156758,0.009863196999035234,-0.011618224914991645,0.017789431512501612,0.00774518028846545,-0.008141509028083646,0.01397340392414546,-0.0073877224204595094,0.021993706017971442,0.009912937824471132,-0.006277186043255487,0.019621192715594253,-0.008484791787555483,-0.010019602215367698,0.01598891958587973,-0.006888159352252662,-0.006455910252229333,0.011763417012592078,0.015110305780559403,-0.007140603116832482,0.01569455155827547,-0.001437285097479316,0.009947732391532179,0.009886282154210838,0.00778760140119743,0.01599350154492917,0.01781175985358729,-0.004739942206689151,-0.004830822096094579,-0.0033897710927708667,-0.007188117617084872,-0.0031065227264170285,-0.0037493789937696935,0.009980483716896095,-0.00923625832550579,0.011891957513766165,-0.007622579559211511,0.00398153417830876,-0.01252325016395114,0.00968954372663664,0.0156390197048063,-0.004444278948742314,-0.0071401584658853995,-0.010059142089759917,-0.005986781480973494,0.015707616410697588,0.013992390705076744,0.017758602105821704,0.01195560197878908,0.017680320000647894,-0.005185379647814841,-0.0019374210453914301,agent36,0.7939154492484695
-0.9312145118192805,-0.0059207571423071925,-0.0044586154864628275,-0.015258145584022272,-0.010492442541360497,-0.004914465335374191,-0.007865701855050158,-0.006998005019118815,0.009775549588970017,0.011997706904627356,-0.006919891014829698,-0.011770596940439798,0.00992115670676473,-0.006964392062586897,-0.011148544212509225,0.009993433928925391,-0.008275074179774104,1,0.01596292394554006,-0.0048188408175425385,-0.012709352174061533,0.023194629375662853,-0.008053579310114661,0.01770511315926673,-0.00675007435435142,-0.003001331298833108,-0.004468783043346875,0.009834899469492911,0.021943938055034615,0.011980520299451803,0.015299400037067382,0.015933674038026816,-0.01072936554090634,0.013999893698196784,-0.005035611446263691,0.017969987932958776,-0.004981482598817009,-0.011363070658206716,-0.008125404695805645,0.013081983623486134,0.015271560491585895,-0.013664100619128138,0.005910996189856159,0.01581316638926225,0.011479727532577224,0.011950144370661338,-0.005724502123395427,-0.013202192504445848,0.027647832272833336,0.021999876564156758,0.009863196999035234,-0.011618224914991645,0.017789431512501612,0.00774518028846545,-0.008141509028083646,0.01397340392414546,-0.0073877224204595094,0.021993706017971442,0.009912937824471132,-0.006277186043255487,0.019621192715594253,-0.008484791787555483,-0.010019602215367698,0.01598891958587973,-0.006888159352252662,-0.006455910252229333,0.011763417012592078,0.015110305780559403,-0.007140603116832482,0.01569455155827547,-0.001437285097479316,0.009947732391532179,0.009886282154210838,0.00778760140119743,0.01599350154492917,0.01781175985358729,-0.004739942206689151,-0.004830822096094579,-0.0033897710927708667,-0.007188117617084872,-0.0031065227264170285,-0.0037493789937696935,0.009980483716896095,-0.00923625832550579,0.011891957513766165,-0.007622579559211511,0.00398153417830876,-0.01252325016395114,0.00968954372663664,0.0156390197048063,-0.004444278948742314,-0.0071401584658853995,-0.010059142089759917,-0.005986781480973494,0.015707616410697588,0.013992390705076744,0.017758602105821704,0.01195560197878908,0.017680320000647894,-0.005185379647814841,-0.0019374210453914301,agent21,1
-0.932227593802904,-0.0059207571423071925,-0.0044586154864628275,-0.015258145584022272,-0.010492442541360497,-0.004914465335374191,-0.007865701855050158,-0.006998005019118815,0.009775549588970017,0.011997706904627356,-0.006919891014829698,-0.011770596940439798,0.00992115670676473,-0.006964392062586897,-0.011148544212509225,0.009993433928925391,-0.008275074179774104,1,0.01596292394554006,-0.0048188408175425385,-0.012709352174061533,0.023194629375662853,-0.008053579310114661,0.01770511315926673,-0.00675007435435142,-0.003001331298833108,-0.004468783043346875,0.009834899469492911,0.021943938055034615,0.011980520299451803,0.015299400037067382,0.015933674038026816,-0.01072936554090634,0.013999893698196784,-0.005035611446263691,0.017969987932958776,-0.004981482598817009,-0.011363070658206716,-0.008125404695805645,0.015079617901794004,0.015271560491585895,-0.013664100619128138,0.005910996189856159,0.01581316638926225,0.011479727532577224,0.011950144370661338,-0.005724502123395427,-0.013202192504445848,0.027647832272833336,0.021999876564156758,0.009863196999035234,-0.011618224914991645,0.017789431512501612,0.00774518028846545,-0.008141509028083646,0.01397340392414546,-0.0073877224204595094,0.021993706017971442,0.009912937824471132,-0.006277186043255487,0.019621192715594253,-0.008484791787555483,-0.010019602215367698,0.01598891958587973,-0.006888159352252662,-0.006455910252229333,0.011763417012592078,0.015110305780559403,-0.007140603116832482,0.01569455155827547,-0.001437285097479316,0.009947732391532179,0.009886282154210838,0.00778760140119743,0.01599350154492917,0.01781175985358729,-0.004739942206689151,-0.004830822096094579,-0.0033897710927708667,-0.007188117617084872,-0.0031065227264170285,-0.0037493789937696935,0.009980483716896095,-0.00923625832550579,0.011891957513766165,-0.007622579559211511,0.00398153417830876,-0.01252325016395114,0.00968954372663664,0.0156390197048063,-0.004444278948742314,-0.0071401584658853995,-0.010059142089759917,-0.005986781480973494,0.015707616410697588,0.013992390705076744,0.017758602105821704,0.01195560197878908,0.017680320000647894,-0.005185379647814841,-0.0019374210453914301,agent38,-1
-0.9332333183050274,-0.0059207571423071925,-0.0044586154864628275,-0.015258145584022272,-0.010492442541360497,-0.004914465335374191,-0.007865701855050158,-0.006998005019118815,0.009775549588970017,0.011997706904627356,-0.006919891014829698,-0.011770596940439798,0.00992115670676473,-0.006964392062586897,-0.011148544212509225,0.009993433928925391,-0.008275074179774104,1,0.01596292394554006,-0.0048188408175425385,-0.012709352174061533,0.023194629375662853,-0.008053579310114661,0.01770511315926673,-0.00675007435435142,-0.003001331298833108,-0.004468783043346875,0.009834899469492911,0.021943938055034615,0.011980520299451803,0.015299400037067382,0.015933674038026816,-0.01072936554090634,0.013999893698196784,-0.005035611446263691,0.017969987932958776,-0.004981482598817009,-0.011363070658206716,-0.008125404695805645,0.015079617901794004,0.015271560491585895,-0.013664100619128138,0.005910996189856159,0.01581316638926225,0.011479727532577224,0.011950144370661338,-0.005857750386268747,-0.013202192504445848,0.027647832272833336,0.021999876564156758,0.009863196999035234,-0.011618224914991645,0.017789431512501612,0.00774518028846545,-0.008141509028083646,0.01397340392414546,-0.0073877224204595094,0.021993706017971442,0.009912937824471132,-0.006277186043255487,0.019621192715594253,-0.008484791787555483,-0.010019602215367698,0.01598891958587973,-0.006888159352252662,-0.006455910252229333,0.011763417012592078,0.015110305780559403,-0.007140603116832482,0.01569455155827547,-0.001437285097479316,0.009947732391532179,0.009886282154210838,0.00778760140119743,0.01599350154492917,0.01781175985358729,-0.004739942206689151,-0.004830822096094579,-0.0033897710927708667,-0.007188117617084872,-0.0031065227264170285,-0.0037493789937696935,0.009980483716896095,-0.00923625832550579,0.011891957513766165,-0.007622579559211511,0.00398153417830876,-0.01252325016395114,0.00968954372663664,0.0156390197048063,-0.004444278948742314,-0.0071401584658853995,-0.010059142089759917,-0.005986781480973494,0.015707616410697588,0.013992390705076744,0.017758602105821704,0.01195560197878908,0.017680320000647894,-0.005185379647814841,-0.0019374210453914301,agent45,1
-0.9342377870880708,-0.0059207571423071925,-0.0044586154864628275,-0.015258145584022272,-0.010492442541360497,-0.004914465335374191,-0.007865701855050158,-0.006998005019118815,0.009775549588970017,0.011997706904627356,-0.006919891014829698,-0.011770596940439798,0.00992115670676473,-0.006964392062586897,-0.011148544212509225,0.009993433928925391,-0.008275074179774104,1,0.01596292394554006,-0.0048188408175425385,-0.012709352174061533,0.023194629375662853,-0.008053579310114661,0.01770511315926673,-0.00675007435435142,-0.003001331298833108,-0.004600087511844542,0.009834899469492911,0.021943938055034615,0.011980520299451803,0.015299400037067382,0.015933674038026816,-0.01072936554090634,0.013999893698196784,-0.005035611446263691,0.017969987932958776,-0.004981482598817009,-0.011363070658206716,-0.008125404695805645,0.015079617901794004,0.015271560491585895,-0.013664100619128138,0.005910996189856159,0.01581316638926225,0.011479727532577224,0.011950144370661338,-0.005857750386268747,-0.013202192504445848,0.027647832272833336,0.021999876564156758,0.009863196999035234,-0.011618224914991645,0.017789431512501612,0.00774518028846545,-0.008141509028083646,0.01397340392414546,-0.0073877224204595094,0.021993706017971442,0.009912937824471132,-0.006277186043255487,0.019621192715594253,-0.008484791787555483,-0.010019602215367698,0.01598891958587973,-0.006888159352252662,-0.006455910252229333,0.011763417012592078,0.015110305780559403,-0.007140603116832482,0.01569455155827547,-0.001437285097479316,0.009947732391532179,0.009886282154210838,0.00778760140119743,0.01599350154492917,0.01781175985358729,-0.004739942206689151,-0.004830822096094579,-0.0033897710927708667,-0.007188117617084872,-0.0031065227264170285,-0.0037493789937696935,0.009980483716896095,-0.00923625832550579,0.011891957513766165,-0.007622579559211511,0.00398153417830876,-0.01252325016395114,0.00968954372663664,0.0156390197048063,-0.004444278948742314,-0.0071401584658853995,-0.010059142089759917,-0.005986781480973494,0.015707616410697588,0.013992390705076744,0.017758602105821704,0.01195560197878908,0.017680320000647894,-0.005185379647814841,-0.0019374210453914301,agent25,1
-0.9352537207621089,-0.0059207571423071925,-0.0044586154864628275,-0.015258145584022272,-0.010492442541360497,-0.004914465335374191,-0.007865701855050158,-0.006998005019118815,0.009775549588970017,0.011997706904627356,-0.006919891014829698,-0.011770596940439798,0.00992115670676473,-0.006964392062586897,-0.011148544212509225,0.009993433928925391,-0.008275074179774104,1,0.01596292394554006,-0.0048188408175425385,-0.012709352174061533,0.023194629375662853,-0.008053579310114661,0.01770511315926673,-0.00675007435435142,-0.003001331298833108,-0.004600087511844542,0.009834899469492911,0.021943938055034615,0.011980520299451803,0.015299400037067382,0.01793151170370328,-0.01072936554090634,0.013999893698196784,-0.005035611446263691,0.017969987932958776,-0.004981482598817009,-0.011363070658206716,-0.008125404695805645,0.015079617901794004,0.015271560491585895,-0.013664100619128138,0.005910996189856159,0.01581316638926225,0.011479727532577224,0.011950144370661338,-0.005857750386268747,-0.013202192504445848,0.027647832272833336,0.021999876564156758,0.009863196999035234,-0.011618224914991645,0.017789431512501612,0.00774518028846545,-0.008141509028083646,0.01397340392414546,-0.0073877224204595094,0.021993706017971442,0.009912937824471132,-0.006277186043255487,0.019621192715594253,-0.008484791787555483,-0.010019602215367698,0.01598891958587973,-0.006888159352252662,-0.006455910252229333,0.011763417012592078,0.015110305780559403,-0.007140603116832482,0.01569455155827547,-0.001437285097479316,0.009947732391532179,0.009886282154210838,0.00778760140119743,0.01599350154492917,0.01781175985358729,-0.004739942206689151,-0.004830822096094579,-0.0033897710927708667,-0.007188117617084872,-0.0031065227264170285,-0.0037493789937696935,0.009980483716896095,-0.00923625832550579,0.011891957513766165,-0.007622579559211511,0.00398153417830876,-0.01252325016395114,0.00968954372663664,0.0156390197048063,-0.004444278948742314,-0.0071401584658853995,-0.010059142089759917,-0.005986781480973494,0.015707616410697588,0.013992390705076744,0.017758602105821704,0.01195560197878908,0.017680320000647894,-0.005185379647814841,-0.0019374210453914301,agent30,-1
-0.9362676941660331,-0.0059207571423071925,-0.0044586154864628275,-0.015258145584022272,-0.010492442541360497,-0.004914465335374191,-0.007865701855050158,-0.006998005019118815,0.009775549588970017,0.011997706904627356,-0.006919891014829698,-0.011770596940439798,0.00992115670676473,-0.006964392062586897,-0.011148544212509225,0.009993433928925391,-0.008275074179774104,1,0.01596292394554006,-0.0048188408175425385,-0.012709352174061533,0.023194629375662853,-0.008053579310114661,0.01770511315926673,-0.00675007435435142,-0.003001331298833108,-0.004600087511844542,0.009834899469492911,0.021943938055034615,0.011980520299451803,0.015299400037067382,0.01793151170370328,-0.01072936554090634,0.013999893698196784,-0.005035611446263691,0.017969987932958776,-0.004981482598817009,-0.011363070658206716,-0.008125404695805645,0.015079617901794004,0.015271560491585895,-0.013664100619128138,0.005910996189856159,0.01581316638926225,0.011479727532577224,0.011950144370661338,-0.005857750386268747,-0.013202192504445848,0.027647832272833336,0.021999876564156758,0.009863196999035234,-0.011618224914991645,0.017789431512501612,0.00774518028846545,-0.008141509028083646,0.015969613423842774,-0.0073877224204595094,0.021993706017971442,0.009912937824471132,-0.006277186043255487,0.019621192715594253,-0.008484791787555483,-0.010019602215367698,0.01598891958587973,-0.006888159352252662,-0.006455910252229333,0.011763417012592078,0.015110305780559403,-0.007140603116832482,0.01569455155827547,-0.001437285097479316,0.009947732391532179,0.009886282154210838,0.00778760140119743,0.01599350154492917,0.01781175985358729,-0.004739942206689151,-0.004830822096094579,-0.0033897710927708667,-0.007188117617084872,-0.0031065227264170285,-0.0037493789937696935,0.009980483716896095,-0.00923625832550579,0.011891957513766165,-0.007622579559211511,0.00398153417830876,-0.01252325016395114,0.00968954372663664,0.0156390197048063,-0.004444278948742314,-0.0071401584658853995,-0.010059142089759917,-0.005986781480973494,0.015707616410697588,0.013992390705076744,0.017758602105821704,0.01195560197878908,0.017680320000647894,-0.005185379647814841,-0.0019374210453914301,agent54,-0.8481847790815398
-0.9372722942535449,-0.0059207571423071925,-0.0044586154864628275,-0.015258145584022272,-0.010492442541360497,-0.004914465335374191,-0.007865701855050158,-0.006998005019118815,0.009775549588970017,0.011997706904627356,-0.006919891014829698,-0.011770596940439798,0.00992115670676473,-0.006964392062586897,-0.011148544212509225,0.009993433928925391,-0.008275074179774104,1,0.01596292394554006,-0.0048188408175425385,-0.012709352174061533,0.023194629375662853,-0.008053579310114661,0.01770511315926673,-0.00675007435435142,-0.003001331298833108,-0.004725521220109019,0.009834899469492911,0.021943938055034615,0.011980520299451803,0.015299400037067382,0.01793151170370328,-0.01072936554090634,0.013999893698196784,-0.005035611446263691,0.017969987932958776,-0.004981482598817009,-0.011363070658206716,-0.008125404695805645,0.015079617901794004,0.015271560491585895,-0.013664100619128138,0.005910996189856159,0.01581316638926225,0.011479727532577224,0.011950144370661338,-0.005857750386268747,-0.013202192504445848,0.027647832272833336,0.021999876564156758,0.009863196999035234,-0.011618224914991645,0.017789431512501612,0.00774518028846545,-0.008141509028083646,0.015969613423842774,-0.0073877224204595094,0.021993706017971442,0.009912937824471132,-0.006277186043255487,0.019621192715594253,-0.008484791787555483,-0.010019602215367698,0.01598891958587973,-0.006888159352252662,-0.006455910252229333,0.011763417012592078,0.015110305780559403,-0.007140603116832482,0.01569455155827547,-0.001437285097479316,0.009947732391532179,0.009886282154210838,0.00778760140119743,0.01599350154492917,0.01781175985358729,-0.004739942206689151,-0.004830822096094579,-0.0033897710927708667,-0.007188117617084872,-0.0031065227264170285,-0.0037493789937696935,0.009980483716896095,-0.00923625832550579,0.011891957513766165,-0.007622579559211511,0.00398153417830876,-0.01252325016395114,0.00968954372663664,0.0156390197048063,-0.004444278948742314,-0.0071401584658853995,-0.010059142089759917,-0.005986781480973494,0.015707616410697588,0.013992390705076744,0.017758602105821704,0.01195560197878908,0.017680320000647894,-0.005185379647814841,-0.0019374210453914301,agent25,1
-0.9382900528556507,-0.0059207571423071925,-0.0044586154864628275,-0.015258145584022272,-0.010492442541360497,-0.004914465335374191,-0.007865701855050158,-0.006998005019118815,0.009775549588970017,0.011997706904627356,-0.006919891014829698,-0.011770596940439798,0.00992115670676473,-0.006964392062586897,-0.011148544212509225,0.009993433928925391,-0.008275074179774104,1,0.01596292394554006,-0.0048188408175425385,-0.012709352174061533,0.023194629375662853,-0.008053579310114661,0.01770511315926673,-0.00675007435435142,-0.003001331298833108,-0.004725521220109019,0.009834899469492911,0.021943938055034615,0.011980520299451803,0.015299400037067382,0.01793151170370328,-0.01072936554090634,0.013999893698196784,-0.005035611446263691,0.017969987932958776,-0.004981482598817009,-0.011363070658206716,-0.008125404695805645,0.015079617901794004,0.015271560491585895,-0.013664100619128138,0.005910996189856159,0.01581316638926225,0.011479727532577224,0.011950144370661338,-0.005857750386268747,-0.013202192504445848,0.027647832272833336,0.021999876564156758,0.009863196999035234,-0.011618224914991645,0.017789431512501612,0.00774518028846545,-0.008141509028083646,0.015969613423842774,-0.0073877224204595094,0.021993706017971442,0.009912937824471132,-0.006277186043255487,0.019621192715594253,-0.008484791787555483,-0.010019602215367698,0.01598891958587973,-0.006888159352252662,-0.006455910252229333,0.011763417012592078,0.015110305780559403,-0.007140603116832482,0.01569455155827547,-0.001437285097479316,0.009947732391532179,0.009886282154210838,0.00778760140119743,0.01599350154492917,0.01781175985358729,-0.004739942206689151,-0.004830822096094579,-0.0033897710927708667,-0.007188117617084872,-0.0031065227264170285,-0.0037493789937696935,0.009980483716896095,-0.00923625832550579,0.011891957513766165,-0.007622579559211511,0.00398153417830876,-0.01252325016395114,0.00968954372663664,0.0156390197048063,-0.004444278948742314,-0.0071401584658853995,-0.010059142089759917,-0.005986781480973494,0.015707616410697588,0.013992390705076744,0.0197566347232876,0.01195560197878908,0.017680320000647894,-0.005185379647814841,-0.0019374210453914301,agent95,-1
-0.9392969727466656,-0.0059207571423071925,-0.0044586154864628275,-0.015258145584022272,-0.010492442541360497,-0.004914465335374191,-0.007865701855050158,-0.006998005019118815,0.009775549588970017,0.011997706904627356,-0.007041406850330117,-0.011770596940439798,0.00992115670676473,-0.006964392062586897,-0.011148544212509225,0.009993433928925391,-0.008275074179774104,1,0.01596292394554006,-0.0048188408175425385,-0.012709352174061533,0.023194629375662853,-0.008053579310114661,0.01770511315926673,-0.00675007435435142,-0.003001331298833108,-0.004725521220109019,0.009834899469492911,0.021943938055034615,0.011980520299451803,0.015299400037067382,0.01793151170370328,-0.01072936554090634,0.013999893698196784,-0.005035611446263691,0.017969987932958776,-0.004981482598817009,-0.011363070658206716,-0.008125404695805645,0.015079617901794004,0.015271560491585895,-0.013664100619128138,0.005910996189856159,0.01581316638926225,0.011479727532577224,0.011950144370661338,-0.005857750386268747,-0.013202192504445848,0.027647832272833336,0.021999876564156758,0.009863196999035234,-0.011618224914991645,0.017789431512501612,0.00774518028846545,-0.008141509028083646,0.015969613423842774,-0.0073877224204595094,0.021993706017971442,0.009912937824471132,-0.006277186043255487,0.019621192715594253,-0.008484791787555483,-0.010019602215367698,0.01598891958587973,-0.006888159352252662,-0.006455910252229333,0.011763417012592078,0.015110305780559403,-0.007140603116832482,0.01569455155827547,-0.001437285097479316,0.009947732391532179,0.009886282154210838,0.00778760140119743,0.01599350154492917,0.01781175985358729,-0.004739942206689151,-0.004830822096094579,-0.0033897710927708667,-0.007188117617084872,-0.0031065227264170285,-0.0037493789937696935,0.009980483716896095,-0.00923625832550579,0.011891957513766165,-0.007622579559211511,0.00398153417830876,-0.01252325016395114,0.00968954372663664,0.0156390197048063,-0.004444278948742314,-0.0071401584658853995,-0.010059142089759917,-0.005986781480973494,0.015707616410697588,0.013992390705076744,0.0197566347232876,0.01195560197878908,0.017680320000647894,-0.005185379647814841,-0.0019374210453914301,agent9,1
-0.9403066622903922,-0.0059207571423071925,-0.0044586154864628275,-0.015258145584022272,-0.010492442541360497,-0.004914465335374191,-0.007865701855050158,-0.006998005019118815,0.009775549588970017,0.011997706904627356,-0.007041406850330117,-0.011770596940439798,0.00992115670676473,-0.006964392062586897,-0.011148544212509225,0.009993433928925391,-0.008275074179774104,1,0.01596292394554006,-0.0048188408175425385,-0.012709352174061533,0.023194629375662853,-0.008053579310114661,0.01770511315926673,-0.00675007435435142,-0.003001331298833108,-0.004725521220109019,0.009834899469492911,0.021943938055034615,0.011980520299451803,0.015299400037067382,0.01793151170370328,-0.01072936554090634,0.013999893698196784,-0.005035611446263691,0.017969987932958776,-0.004981482598817009,-0.011363070658206716,-0.008125404695805645,0.015079617901794004,0.015271560491585895,-0.013664100619128138,0.005910996189856159,0.01581316638926225,0.011479727532577224,0.011950144370661338,-0.005857750386268747,-0.013202192504445848,0.027647832272833336,0.021999876564156758,0.009863196999035234,-0.011618224914991645,0.017789431512501612,0.00774518028846545,-0.008141509028083646,0.015969613423842774,-0.0073877224204595094,0.021993706017971442,0.009912937824471132,-0.006277186043255487,0.019621192715594253,-0.008484791787555483,-0.010019602215367698,0.01598891958587973,-0.006888159352252662,-0.006455910252229333,0.011763417012592078,0.015110305780559403,-0.007140603116832482,0.01569455155827547,-0.001437285097479316,0.009947732391532179,0.009886282154210838,0.00778760140119743,0.01599350154492917,0.01781175985358729,-0.004739942206689151,-0.004830822096094579,-0.0033897710927708667,-0.007188117617084872,-0.0031065227264170285,-0.0037493789937696935,0.009980483716896095,-0.00923625832550579,0.011891957513766165,-0.007622579559211511,0.00398153417830876,-0.01252325016395114,0.011628430396326304,0.0156390197048063,-0.004444278948742314,-0.0071401584658853995,-0.010059142089759917,-0.005986781480973494,0.015707616410697588,0.013992390705076744,0.0197566347232876,0.01195560197878908,0.017680320000647894,-0.005185379647814841,-0.0019374210453914301,agent87,-0.5896876756439227
-0.9413184257074048,-0.0059207571423071925,-0.0044586154864628275,-0.015258145584022272,-0.010492442541360497,-0.004914465335374191,-0.007865701855050158,-0.006998005019118815,0.009775549588970017,0.011997706904627356,-0.007041406850330117,-0.011770596940439798,0.00992115670676473,-0.006964392062586897,-0.011148544212509225,0.009993433928925391,-0.008275074179774104,1,0.01596292394554006,-0.0048188408175425385,-0.012709352174061533,0.023194629375662853,-0.008053579310114661,0.01770511315926673,-0.00675007435435142,-0.003001331298833108,-0.004725521220109019,0.009834899469492911,0.021943938055034615,0.011980520299451803,0.015299400037067382,0.01793151170370328,-0.01072936554090634,0.013999893698196784,-0.005035611446263691,0.017969987932958776,-0.004981482598817009,-0.011363070658206716,-0.008125404695805645,0.015079617901794004,0.015271560491585895,-0.013664100619128138,0.005910996189856159,0.01581316638926225,0.011479727532577224,0.011950144370661338,-0.005857750386268747,-0.013202192504445848,0.027647832272833336,0.021999876564156758,0.009863196999035234,-0.011618224914991645,0.017789431512501612,0.00774518028846545,-0.008141509028083646,0.015969613423842774,-0.0073877224204595094,0.021993706017971442,0.009912937824471132,-0.006277186043255487,0.019621192715594253,-0.008484791787555483,-0.010019602215367698,0.01598891958587973,-0.006888159352252662,-0.006455910252229333,0.013761635365308621,0.015110305780559403,-0.007140603116832482,0.01569455155827547,-0.001437285097479316,0.009947732391532179,0.009886282154210838,0.00778760140119743,0.01599350154492917,0.01781175985358729,-0.004739942206689151,-0.004830822096094579,-0.0033897710927708667,-0.007188117617084872,-0.0031065227264170285,-0.0037493789937696935,0.009980483716896095,-0.00923625832550579,0.011891957513766165,-0.007622579559211511,0.00398153417830876,-0.01252325016395114,0.011628430396326304,0.0156390197048063,-0.004444278948742314,-0.0071401584658853995,-0.010059142089759917,-0.005986781480973494,0.015707616410697588,0.013992390705076744,0.0197566347232876,0.01195560197878908,0.017680320000647894,-0.005185379647814841,-0.0019374210453914301,agent65,-1
-0.9423403696454598,-0.0059207571423071925,-0.0044586154864628275,-0.015258145584022272,-0.010492442541360497,-0.004914465335374191,-0.007865701855050158,-0.006998005019118815,0.009775549588970017,0.011997706904627356,-0.007041406850330117,-0.011770596940439798,0.00992115670676473,-0.006964392062586897,-0.011148544212509225,0.009993433928925391,-0.008275074179774104,1,0.01596292394554006,-0.0048188408175425385,-0.012709352174061533,0.023194629375662853,-0.008053579310114661,0.01770511315926673,-0.00675007435435142,-0.003001331298833108,-0.004725521220109019,0.009834899469492911,0.023938711250634046,0.011980520299451803,0.015299400037067382,0.01793151170370328,-0.01072936554090634,0.013999893698196784,-0.005035611446263691,0.017969987932958776,-0.004981482598817009,-0.011363070658206716,-0.008125404695805645,0.015079617901794004,0.015271560491585895,-0.013664100619128138,0.005910996189856159,0.01581316638926225,0.011479727532577224,0.011950144370661338,-0.005857750386268747,-0.013202192504445848,0.027647832272833336,0.021999876564156758,0.009863196999035234,-0.011618224914991645,0.017789431512501612,0.00774518028846545,-0.008141509028083646,0.015969613423842774,-0.0073877224204595094,0.021993706017971442,0.009912937824471132,-0.006277186043255487,0.019621192715594253,-0.008484791787555483,-0.010019602215367698,0.01598891958587973,-0.006888159352252662,-0.006455910252229333,0.013761635365308621,0.015110305780559403,-0.007140603116832482,0.01569455155827547,-0.001437285097479316,0.009947732391532179,0.009886282154210838,0.00778760140119743,0.01599350154492917,0.01781175985358729,-0.004739942206689151,-0.004830822096094579,-0.0033897710927708667,-0.007188117617084872,-0.0031065227264170285,-0.0037493789937696935,0.009980483716896095,-0.00923625832550579,0.011891957513766165,-0.007622579559211511,0.00398153417830876,-0.01252325016395114,0.011628430396326304,0.0156390197048063,-0.004444278948742314,-0.0071401584658853995,-0.010059142089759917,-0.005986781480973494,0.015707616410697588,0.013992390705076744,0.0197566347232876,0.01195560197878908,0.017680320000647894,-0.005185379647814841,-0.0019374210453914301,agent27,-0.839075534506406
-0.9433463564269408,-0.0059207571423071925,-0.0044586154864628275,-0.015258145584022272,-0.010492442541360497,-0.004914465335374191,-0.007865701855050158,-0.006998005019118815,0.009775549588970017,0.011997706904627356,-0.007041406850330117,-0.011770596940439798,0.00992115670676473,-0.006964392062586897,-0.011148544212509225,0.009993433928925391,-0.008275074179774104,1,0.01596292394554006,-0.0048188408175425385,-0.012709352174061533,0.023194629375662853,-0.008053579310114661,0.01770511315926673,-0.00675007435435142,-0.003001331298833108,-0.004725521220109019,0.009834899469492911,0.023938711250634046,0.011980520299451803,0.015299400037067382,0.01793151170370328,-0.01072936554090634,0.013999893698196784,-0.005035611446263691,0.017969987932958776,-0.004981482598817009,-0.011363070658206716,-0.008125404695805645,0.015079617901794004,0.015271560491585895,-0.013664100619128138,0.005910996189856159,0.01581316638926225,0.011479727532577224,0.011950144370661338,-0.005857750386268747,-0.013202192504445848,0.027647832272833336,0.021999876564156758,0.009863196999035234,-0.011618224914991645,0.017789431512501612,0.00774518028846545,-0.008141509028083646,0.015969613423842774,-0.0073877224204595094,0.021993706017971442,0.009912937824471132,-0.006277186043255487,0.019621192715594253,-0.008484791787555483,-0.010019602215367698,0.01598891958587973,-0.006888159352252662,-0.006455910252229333,0.013761635365308621,0.015110305780559403,-0.007140603116832482,0.01569455155827547,-0.001437285097479316,0.009947732391532179,0.009886282154210838,0.00778760140119743,0.01599350154492917,0.01781175985358729,-0.004739942206689151,-0.004830822096094579,-0.0033897710927708667,-0.007188117617084872,-0.0031065227264170285,-0.0037493789937696935,0.009980483716896095,-0.00923625832550579,0.011891957513766165,-0.007622579559211511,0.00398153417830876,-0.01252325016395114,0.011628430396326304,0.0156390197048063,-0.004444278948742314,-0.0071401584658853995,-0.010059142089759917,-0.006100438425196263,0.015707616410697588,0.013992390705076744,0.0197566347232876,0.01195560197878908,0.017680320000647894,-0.005185379647814841,-0.0019374210453914301,agent92,1
-0.9443477937120383,-0.0059207571423071925,-0.0044586154864628275,-0.015258145584022272,-0.010492442541360497,-0.004914465335374191,-0.007865701855050158,-0.006998005019118815,0.009775549588970017,0.011997706904627356,-0.007041406850330117,-0.011770596940439798,0.00992115670676473,-0.006964392062586897,-0.011148544212509225,0.009993433928925391,-0.008275074179774104,1,0.01596292394554006,-0.0048188408175425385,-0.012709352174061533,0.023194629375662853,-0.008053579310114661,0.01770511315926673,-0.00675007435435142,-0.003001331298833108,-0.004725521220109019,0.009834899469492911,0.023938711250634046,0.011980520299451803,0.015299400037067382,0.01793151170370328,-0.01072936554090634,0.013999893698196784,-0.005035611446263691,0.017969987932958776,-0.004981482598817009,-0.011363070658206716,-0.008125404695805645,0.015079617901794004,0.015271560491585895,-0.013664100619128138,0.005910996189856159,0.01581316638926225,0.011479727532577224,0.011950144370661338,-0.005857750386268747,-0.013202192504445848,0.027647832272833336,0.021999876564156758,0.009863196999035234,-0.011618224914991645,0.017789431512501612,0.00774518028846545,-0.008141509028083646,0.015969613423842774,-0.0073877224204595094,0.021993706017971442,0.009912937824471132,-0.006277186043255487,0.019621192715594253,-0.008484791787555483,-0.010019602215367698,0.01598891958587973,-0.006888159352252662,-0.006455910252229333,0.013761635365308621,0.015110305780559403,-0.007140603116832482,0.01569455155827547,-0.0015489875669603827,0.009947732391532179,0.009886282154210838,0.00778760140119743,0.01599350154492917,0.01781175985358729,-0.004739942206689151,-0.004830822096094579,-0.0033897710927708667,-0.007188117617084872,-0.0031065227264170285,-0.0037493789937696935,0.009980483716896095,-0.00923625832550579,0.011891957513766165,-0.007622579559211511,0.00398153417830876,-0.01252325016395114,0.011628430396326304,0.0156390197048063,-0.004444278948742314,-0.0071401584658853995,-0.010059142089759917,-0.006100438425196263,0.015707616410697588,0.013992390705076744,0.0197566347232876,0.01195560197878908,0.017680320000647894,-0.005185379647814841,-0.0019374210453914301,agent69,1
-0.9453630518576223,-0.0059207571423071925,-0.0044586154864628275,-0.015367901412565837,-0.010492442541360497,-0.004914465335374191,-0.007865701855050158,-0.006998005019118815,0.009775549588970017,0.011997706904627356,-0.007041406850330117,-0.011770596940439798,0.00992115670676473,-0.006964392062586897,-0.011148544212509225,0.009993433928925391,-0.008275074179774104,1,0.01596292394554006,-0.0048188408175425385,-0.012709352174061533,0.023194629375662853,-0.008053579310114661,0.01770511315926673,-0.00675007435435142,-0.003001331298833108,-0.004725521220109019,0.009834899469492911,0.023938711250634046,0.011980520299451803,0.015299400037067382,0.01793151170370328,-0.01072936554090634,0.013999893698196784,-0.005035611446263691,0.017969987932958776,-0.004981482598817009,-0.011363070658206716,-0.008125404695805645,0.015079617901794004,0.015271560491585895,-0.013664100619128138,0.005910996189856159,0.01581316638926225,0.011479727532577224,0.011950144370661338,-0.005857750386268747,-0.013202192504445848,0.027647832272833336,0.021999876564156758,0.009863196999035234,-0.011618224914991645,0.017789431512501612,0.00774518028846545,-0.008141509028083646,0.015969613423842774,-0.0073877224204595094,0.021993706017971442,0.009912937824471132,-0.006277186043255487,0.019621192715594253,-0.008484791787555483,-0.010019602215367698,0.01598891958587973,-0.006888159352252662,-0.006455910252229333,0.013761635365308621,0.015110305780559403,-0.007140603116832482,0.01569455155827547,-0.0015489875669603827,0.009947732391532179,0.009886282154210838,0.00778760140119743,0.01599350154492917,0.01781175985358729,-0.004739942206689151,-0.004830822096094579,-0.0033897710927708667,-0.007188117617084872,-0.0031065227264170285,-0.0037493789937696935,0.009980483716896095,-0.00923625832550579,0.011891957513766165,-0.007622579559211511,0.00398153417830876,-0.01252325016395114,0.011628430396326304,0.0156390197048063,-0.004444278948742314,-0.0071401584658853995,-0.010059142089759917,-0.006100438425196263,0.015707616410697588,0.013992390705076744,0.0197566347232876,0.01195560197878908,0.017680320000647894,-0.005185379647814841,-0.0019374210453914301,agent2,1
-0.9463790453591672,-0.0059207571423071925,-0.0044586154864628275,-0.015367901412565837,-0.010492442541360497,-0.004914465335374191,-0.007865701855050158,-0.006998005019118815,0.009775549588970017,0.011997706904627356,-0.007041406850330117,-0.011770596940439798,0.00992115670676473,-0.006964392062586897,-0.011148544212509225,0.009993433928925391,-0.008275074179774104,1,0.01596292394554006,-0.0048188408175425385,-0.012709352174061533,0.023194629375662853,-0.008053579310114661,0.01770511315926673,-0.00675007435435142,-0.003001331298833108,-0.004725521220109019,0.009834899469492911,0.023938711250634046,0.011980520299451803,0.015299400037067382,0.01793151170370328,-0.01072936554090634,0.013999893698196784,-0.005035611446263691,0.017969987932958776,-0.004981482598817009,-0.011363070658206716,-0.008125404695805645,0.015079617901794004,0.015271560491585895,-0.013664100619128138,0.005910996189856159,0.01581316638926225,0.011479727532577224,0.011950144370661338,-0.005857750386268747,-0.013202192504445848,0.027647832272833336,0.021999876564156758,0.009863196999035234,-0.011618224914991645,0.017789431512501612,0.00774518028846545,-0.008141509028083646,0.015969613423842774,-0.0073877224204595094,0.021993706017971442,0.009912937824471132,-0.006277186043255487,0.019621192715594253,-0.008484791787555483,-0.010019602215367698,0.01598891958587973,-0.006888159352252662,-0.006455910252229333,0.013761635365308621,0.015110305780559403,-0.007140603116832482,0.01569455155827547,-0.0015489875669603827,0.009947732391532179,0.009886282154210838,0.00778760140119743,0.017992660775006213,0.01781175985358729,-0.004739942206689151,-0.004830822096094579,-0.0033897710927708667,-0.007188117617084872,-0.0031065227264170285,-0.0037493789937696935,0.009980483716896095,-0.00923625832550579,0.011891957513766165,-0.007622579559211511,0.00398153417830876,-0.01252325016395114,0.011628430396326304,0.0156390197048063,-0.004444278948742314,-0.0071401584658853995,-0.010059142089759917,-0.006100438425196263,0.015707616410697588,0.013992390705076744,0.0197566347232876,0.01195560197878908,0.017680320000647894,-0.005185379647814841,-0.0019374210453914301,agent73,-0.9863696348159539
-0.9473840809706134,-0.0059207571423071925,-0.0044586154864628275,-0.015367901412565837,-0.010492442541360497,-0.004914465335374191,-0.007865701855050158,-0.006998005019118815,0.009775549588970017,0.011997706904627356,-0.007041406850330117,-0.011770596940439798,0.00992115670676473,-0.006964392062586897,-0.011148544212509225,0.009993433928925391,-0.008275074179774104,1,0.01596292394554006,-0.0048188408175425385,-0.012709352174061533,0.023194629375662853,-0.008053579310114661,0.01770511315926673,-0.00675007435435142,-0.003001331298833108,-0.004725521220109019,0.009834899469492911,0.023938711250634046,0.011980520299451803,0.015299400037067382,0.01793151170370328,-0.01072936554090634,0.013999893698196784,-0.00514141575215706,0.017969987932958776,-0.004981482598817009,-0.011363070658206716,-0.008125404695805645,0.015079617901794004,0.015271560491585895,-0.013664100619128138,0.005910996189856159,0.01581316638926225,0.011479727532577224,0.011950144370661338,-0.005857750386268747,-0.013202192504445848,0.027647832272833336,0.021999876564156758,0.009863196999035234,-0.011618224914991645,0.017789431512501612,0.00774518028846545,-0.008141509028083646,0.015969613423842774,-0.0073877224204595094,0.021993706017971442,0.009912937824471132,-0.006277186043255487,0.019621192715594253,-0.008484791787555483,-0.010019602215367698,0.01598891958587973,-0.006888159352252662,-0.006455910252229333,0.013761635365308621,0.015110305780559403,-0.007140603116832482,0.01569455155827547,-0.0015489875669603827,0.009947732391532179,0.009886282154210838,0.00778760140119743,0.017992660775006213,0.01781175985358729,-0.004739942206689151,-0.004830822096094579,-0.0033897710927708667,-0.007188117617084872,-0.0031065227264170285,-0.0037493789937696935,0.009980483716896095,-0.00923625832550579,0.011891957513766165,-0.007622579559211511,0.00398153417830876,-0.01252325016395114,0.011628430396326304,0.0156390197048063,-0.004444278948742314,-0.0071401584658853995,-0.010059142089759917,-0.006100438425196263,0.015707616410697588,0.013992390705076744,0.0197566347232876,0.01195560197878908,0.017680320000647894,-0.005185379647814841,-0.0019374210453914301,agent33,1
-0.9484020736313884,-0.0059207571423071925,-0.0044586154864628275,-0.015367901412565837,-0.010492442541360497,-0.004914465335374191,-0.007865701855050158,-0.006998005019118815,0.009775549588970017,0.011997706904627356,-0.007041406850330117,-0.011770596940439798,0.00992115670676473,-0.006964392062586897,-0.011148544212509225,0.009993433928925391,-0.008275074179774104,1,0.01596292394554006,-0.0048188408175425385,-0.012709352174061533,0.023194629375662853,-0.008053579310114661,0.01770511315926673,-0.00675007435435142,-0.003001331298833108,-0.004725521220109019,0.009834899469492911,0.023938711250634046,0.011980520299451803,0.015299400037067382,0.01793151170370328,-0.01072936554090634,0.013999893698196784,-0.00514141575215706,0.017969987932958776,-0.004981482598817009,-0.011363070658206716,-0.008125404695805645,0.015079617901794004,0.015271560491585895,-0.013664100619128138,0.005910996189856159,0.01581316638926225,0.011479727532577224,0.011950144370661338,-0.005857750386268747,-0.013202192504445848,0.027647832272833336,0.021999876564156758,0.009863196999035234,-0.011618224914991645,0.017789431512501612,0.00774518028846545,-0.008141509028083646,0.015969613423842774,-0.0073877224204595094,0.021993706017971442,0.009912937824471132,-0.006277186043255487,0.019621192715594253,-0.008484791787555483,-0.010019602215367698,0.01598891958587973,-0.006888159352252662,-0.006455910252229333,0.013761635365308621,0.015110305780559403,-0.007140603116832482,0.01569455155827547,-0.0015489875669603827,0.009947732391532179,0.009886282154210838,0.00778760140119743,0.019991861165943536,0.01781175985358729,-0.004739942206689151,-0.004830822096094579,-0.0033897710927708667,-0.007188117617084872,-0.0031065227264170285,-0.0037493789937696935,0.009980483716896095,-0.00923625832550579,0.011891957513766165,-0.007622579559211511,0.00398153417830876,-0.01252325016395114,0.011628430396326304,0.0156390197048063,-0.004444278948742314,-0.0071401584658853995,-0.010059142089759917,-0.006100438425196263,0.015707616410697588,0.013992390705076744,0.0197566347232876,0.01195560197878908,0.017680320000647894,-0.005185379647814841,-0.0019374210453914301,agent73,-0.9873743063432385
-0.9494297214636612,-0.0059207571423071925,-0.0044586154864628275,-0.015367901412565837,-0.010492442541360497,-0.004914465335374191,-0.007865701855050158,-0.006998005019118815,0.009775549588970017,0.011997706904627356,-0.007041406850330117,-0.011770596940439798,0.00992115670676473,-0.006964392062586897,-0.011148544212509225,0.009993433928925391,-0.008275074179774104,1,0.01596292394554006,-0.0048188408175425385,-0.012709352174061533,0.023194629375662853,-0.008053579310114661,0.01770511315926673,-0.00675007435435142,-0.003001331298833108,-0.004725521220109019,0.009834899469492911,0.023938711250634046,0.011980520299451803,0.015299400037067382,0.01793151170370328,-0.01072936554090634,0.013999893698196784,-0.00514141575215706,0.017969987932958776,-0.004981482598817009,-0.011363070658206716,-0.008125404695805645,0.015079617901794004,0.015271560491585895,-0.013664100619128138,0.005910996189856159,0.01581316638926225,0.011479727532577224,0.011950144370661338,-0.005857750386268747,-0.013202192504445848,0.029622015746084838,0.021999876564156758,0.009863196999035234,-0.011618224914991645,0.017789431512501612,0.00774518028846545,-0.008141509028083646,0.015969613423842774,-0.0073877224204595094,0.021993706017971442,0.009912937824471132,-0.006277186043255487,0.019621192715594253,-0.008484791787555483,-0.010019602215367698,0.01598891958587973,-0.006888159352252662,-0.006455910252229333,0.013761635365308621,0.015110305780559403,-0.007140603116832482,0.01569455155827547,-0.0015489875669603827,0.009947732391532179,0.009886282154210838,0.00778760140119743,0.019991861165943536,0.01781175985358729,-0.004739942206689151,-0.004830822096094579,-0.0033897710927708667,-0.007188117617084872,-0.0031065227264170285,-0.0037493789937696935,0.009980483716896095,-0.00923625832550579,0.011891957513766165,-0.007622579559211511,0.00398153417830876,-0.01252325016395114,0.011628430396326304,0.0156390197048063,-0.004444278948742314,-0.0071401584658853995,-0.010059142089759917,-0.006100438425196263,0.015707616410697588,0.013992390705076744,0.0197566347232876,0.01195560197878908,0.017680320000647894,-0.005185379647814841,-0.0019374210453914301,agent47,-0.72117299649336
-0.9504374666439497,-0.0059207571423071925,-0.0044586154864628275,-0.015367901412565837,-0.010492442541360497,-0.004914465335374191,-0.007865701855050158,-0.006998005019118815,0.009775549588970017,0.011997706904627356,-0.007041406850330117,-0.011770596940439798,0.00992115670676473,-0.006964392062586897,-0.011148544212509225,0.009993433928925391,-0.008275074179774104,1,0.01596292394554006,-0.0048188408175425385,-0.012709352174061533,0.023194629375662853,-0.008053579310114661,0.01770511315926673,-0.00675007435435142,-0.003001331298833108,-0.004725521220109019,0.009834899469492911,0.023938711250634046,0.011980520299451803,0.015299400037067382,0.01793151170370328,-0.01072936554090634,0.013999893698196784,-0.00514141575215706,0.017969987932958776,-0.004981482598817009,-0.011363070658206716,-0.008125404695805645,0.015079617901794004,0.015271560491585895,-0.013664100619128138,0.005910996189856159,0.01581316638926225,0.011479727532577224,0.011950144370661338,-0.005857750386268747,-0.013202192504445848,0.029622015746084838,0.021999876564156758,0.009863196999035234,-0.011618224914991645,0.017789431512501612,0.00968239652883578,-0.008141509028083646,0.015969613423842774,-0.0073877224204595094,0.021993706017971442,0.009912937824471132,-0.006277186043255487,0.019621192715594253,-0.008484791787555483,-0.010019602215367698,0.01598891958587973,-0.006888159352252662,-0.006455910252229333,0.013761635365308621,0.015110305780559403,-0.007140603116832482,0.01569455155827547,-0.0015489875669603827,0.009947732391532179,0.009886282154210838,0.00778760140119743,0.019991861165943536,0.01781175985358729,-0.004739942206689151,-0.004830822096094579,-0.0033897710927708667,-0.007188117617084872,-0.0031065227264170285,-0.0037493789937696935,0.009980483716896095,-0.00923625832550579,0.011891957513766165,-0.007622579559211511,0.00398153417830876,-0.01252325016395114,0.011628430396326304,0.0156390197048063,-0.004444278948742314,-0.0071401584658853995,-0.010059142089759917,-0.006100438425196263,0.015707616410697588,0.013992390705076744,0.0197566347232876,0.01195560197878908,0.017680320000647894,-0.005185379647814841,-0.0019374210453914301,agent52,-0.5950746463492478
-0.9514453323458048,-0.0059207571423071925,-0.0044586154864628275,-0.015367901412565837,-0.010492442541360497,-0.004914465335374191,-0.007963598699405924,-0.006998005019118815,0.009775549588970017,0.011997706904627356,-0.007041406850330117,-0.011770596940439798,0.00992115670676473,-0.006964392062586897,-0.011148544212509225,0.009993433928925391,-0.008275074179774104,1,0.01596292394554006,-0.0048188408175425385,-0.012709352174061533,0.023194629375662853,-0.008053579310114661,0.01770511315926673,-0.00675007435435142,-0.003001331298833108,-0.004725521220109019,0.009834899469492911,0.023938711250634046,0.011980520299451803,0.015299400037067382,0.01793151170370328,-0.01072936554090634,0.013999893698196784,-0.00514141575215706,0.017969987932958776,-0.004981482598817009,-0.011363070658206716,-0.008125404695805645,0.015079617901794004,0.015271560491585895,-0.013664100619128138,0.005910996189856159,0.01581316638926225,0.011479727532577224,0.011950144370661338,-0.005857750386268747,-0.013202192504445848,0.029622015746084838,0.021999876564156758,0.009863196999035234,-0.011618224914991645,0.017789431512501612,0.00968239652883578,-0.008141509028083646,0.015969613423842774,-0.0073877224204595094,0.021993706017971442,0.009912937824471132,-0.006277186043255487,0.019621192715594253,-0.008484791787555483,-0.010019602215367698,0.01598891958587973,-0.006888159352252662,-0.006455910252229333,0.013761635365308621,0.015110305780559403,-0.007140603116832482,0.01569455155827547,-0.0015489875669603827,0.009947732391532179,0.009886282154210838,0.00778760140119743,0.019991861165943536,0.01781175985358729,-0.004739942206689151,-0.004830822096094579,-0.0033897710927708667,-0.007188117617084872,-0.0031065227264170285,-0.0037493789937696935,0.009980483716896095,-0.00923625832550579,0.011891957513766165,-0.007622579559211511,0.00398153417830876,-0.01252325016395114,0.011628430396326304,0.0156390197048063,-0.004444278948742314,-0.0071401584658853995,-0.010059142089759917,-0.006100438425196263,0.015707616410697588,0.013992390705076744,0.0197566347232876,0.01195560197878908,0.017680320000647894,-0.005185379647814841,-0.0019374210453914301,agent5,1
-0.9524633023337377,-0.0059207571423071925,-0.0044586154864628275,-0.015367901412565837,-0.010492442541360497,-0.004914465335374191,-0.007963598699405924,-0.006998005019118815,0.009775549588970017,0.011997706904627356,-0.007041406850330117,-0.011770596940439798,0.00992115670676473,-0.006964392062586897,-0.011148544212509225,0.009993433928925391,-0.008275074179774104,1,0.01596292394554006,-0.0048188408175425385,-0.012709352174061533,0.023194629375662853,-0.008053579310114661,0.01770511315926673,-0.00675007435435142,-0.003001331298833108,-0.004725521220109019,0.009834899469492911,0.023938711250634046,0.011980520299451803,0.015299400037067382,0.01793151170370328,-0.01072936554090634,0.013999893698196784,-0.00514141575215706,0.01996880915508327,-0.004981482598817009,-0.011363070658206716,-0.008125404695805645,0.015079617901794004,0.015271560491585895,-0.013664100619128138,0.005910996189856159,0.01581316638926225,0.011479727532577224,0.011950144370661338,-0.005857750386268747,-0.013202192504445848,0.029622015746084838,0.021999876564156758,0.009863196999035234,-0.011618224914991645,0.017789431512501612,0.00968239652883578,-0.008141509028083646,0.015969613423842774,-0.0073877224204595094,0.021993706017971442,0.009912937824471132,-0.006277186043255487,0.019621192715594253,-0.008484791787555483,-0.010019602215367698,0.01598891958587973,-0.006888159352252662,-0.006455910252229333,0.013761635365308621,0.015110305780559403,-0.007140603116832482,0.01569455155827547,-0.0015489875669603827,0.009947732391532179,0.009886282154210838,0.00778760140119743,0.019991861165943536,0.01781175985358729,-0.004739942206689151,-0.004830822096094579,-0.0033897710927708667,-0.007188117617084872,-0.0031065227264170285,-0.0037493789937696935,0.009980483716896095,-0.00923625832550579,0.011891957513766165,-0.007622579559211511,0.00398153417830876,-0.01252325016395114,0.011628430396326304,0.0156390197048063,-0.004444278948742314,-0.0071401584658853995,-0.010059142089759917,-0.006100438425196263,0.015707616410697588,0.013992390705076744,0.0197566347232876,0.01195560197878908,0.017680320000647894,-0.005185379647814841,-0.0019374210453914301,agent34,-1
-0.9534829235264533,-0.0059207571423071925,-0.0044586154864628275,-0.015367901412565837,-0.010492442541360497,-0.004914465335374191,-0.007963598699405924,-0.006998005019118815,0.009775549588970017,0.011997706904627356,-0.007041406850330117,-0.011770596940439798,0.00992115670676473,-0.006964392062586897,-0.011148544212509225,0.009993433928925391,-0.008275074179774104,1,0.01596292394554006,-0.0048188408175425385,-0.012709352174061533,0.023194629375662853,-0.008053579310114661,0.01770511315926673,-0.00675007435435142,-0.003001331298833108,-0.004725521220109019,0.009834899469492911,0.023938711250634046,0.011980520299451803,0.015299400037067382,0.01793151170370328,-0.01072936554090634,0.013999893698196784,-0.00514141575215706,0.01996880915508327,-0.004981482598817009,-0.011363070658206716,-0.008125404695805645,0.015079617901794004,0.015271560491585895,-0.013664100619128138,0.005910996189856159,0.01581316638926225,0.011479727532577224,0.011950144370661338,-0.005857750386268747,-0.013202192504445848,0.029622015746084838,0.021999876564156758,0.009863196999035234,-0.011618224914991645,0.017789431512501612,0.00968239652883578,-0.008141509028083646,0.015969613423842774,-0.0073877224204595094,0.021993706017971442,0.009912937824471132,-0.006277186043255487,0.021583395028367054,-0.008484791787555483,-0.010019602215367698,0.01598891958587973,-0.006888159352252662,-0.006455910252229333,0.013761635365308621,0.015110305780559403,-0.007140603116832482,0.01569455155827547,-0.0015489875669603827,0.009947732391532179,0.009886282154210838,0.00778760140119743,0.019991861165943536,0.01781175985358729,-0.004739942206689151,-0.004830822096094579,-0.0033897710927708667,-0.007188117617084872,-0.0031065227264170285,-0.0037493789937696935,0.009980483716896095,-0.00923625832550579,0.011891957513766165,-0.007622579559211511,0.00398153417830876,-0.01252325016395114,0.011628430396326304,0.0156390197048063,-0.004444278948742314,-0.0071401584658853995,-0.010059142089759917,-0.006100438425196263,0.015707616410697588,0.013992390705076744,0.0197566347232876,0.01195560197878908,0.017680320000647894,-0.005185379647814841,-0.0019374210453914301,agent59,-0.677517172238403
-0.954494815483967,-0.0059207571423071925,-0.0044586154864628275,-0.015367901412565837,-0.010492442541360497,-0.004914465335374191,-0.007963598699405924,-0.006998005019118815,0.009775549588970017,0.011997706904627356,-0.007041406850330117,-0.011770596940439798,0.00992115670676473,-0.006964392062586897,-0.011148544212509225,0.009993433928925391,-0.008275074179774104,1,0.01596292394554006,-0.0048188408175425385,-0.012709352174061533,0.023194629375662853,-0.008053579310114661,0.01770511315926673,-0.00675007435435142,-0.003001331298833108,-0.004725521220109019,0.009834899469492911,0.023938711250634046,0.011980520299451803,0.015299400037067382,0.01793151170370328,-0.01072936554090634,0.013999893698196784,-0.00514141575215706,0.01996880915508327,-0.004981482598817009,-0.011363070658206716,-0.008125404695805645,0.015079617901794004,0.015271560491585895,-0.013664100619128138,0.005910996189856159,0.01581316638926225,0.011479727532577224,0.011950144370661338,-0.005857750386268747,-0.013202192504445848,0.029622015746084838,0.021999876564156758,0.009863196999035234,-0.011618224914991645,0.017789431512501612,0.00968239652883578,-0.008141509028083646,0.015969613423842774,-0.0073877224204595094,0.021993706017971442,0.009912937824471132,-0.006277186043255487,0.021583395028367054,-0.008484791787555483,-0.010019602215367698,0.01598891958587973,-0.006888159352252662,-0.006455910252229333,0.013761635365308621,0.015110305780559403,-0.007140603116832482,0.01569455155827547,-0.0015489875669603827,0.009947732391532179,0.009886282154210838,0.00778760140119743,0.019991861165943536,0.01781175985358729,-0.004739942206689151,-0.004830822096094579,-0.0033897710927708667,-0.007188117617084872,-0.0031065227264170285,-0.0037493789937696935,0.009980483716896095,-0.00923625832550579,0.013890875594564343,-0.007622579559211511,0.00398153417830876,-0.01252325016395114,0.011628430396326304,0.0156390197048063,-0.004444278948742314,-0.0071401584658853995,-0.010059142089759917,-0.006100438425196263,0.015707616410697588,0.013992390705076744,0.0197566347232876,0.01195560197878908,0.017680320000647894,-0.005185379647814841,-0.0019374210453914301,agent83,-1
-0.9555010926700103,-0.0059207571423071925,-0.0044586154864628275,-0.015367901412565837,-0.010492442541360497,-0.004914465335374191,-0.007963598699405924,-0.006998005019118815,0.009775549588970017,0.011997706904627356,-0.007041406850330117,-0.011770596940439798,0.00992115670676473,-0.006964392062586897,-0.011148544212509225,0.009993433928925391,-0.008275074179774104,1,0.01596292394554006,-0.0048188408175425385,-0.012709352174061533,0.023194629375662853,-0.008053579310114661,0.01770511315926673,-0.00675007435435142,-0.003001331298833108,-0.004725521220109019,0.009834899469492911,0.023938711250634046,0.011980520299451803,0.015299400037067382,0.01793151170370328,-0.01072936554090634,0.013999893698196784,-0.00514141575215706,0.01996880915508327,-0.004981482598817009,-0.011363070658206716,-0.008125404695805645,0.015079617901794004,0.015271560491585895,-0.013664100619128138,0.005910996189856159,0.01581316638926225,0.011479727532577224,0.011950144370661338,-0.005857750386268747,-0.013202192504445848,0.029622015746084838,0.021999876564156758,0.009863196999035234,-0.011618224914991645,0.017789431512501612,0.00968239652883578,-0.008141509028083646,0.015969613423842774,-0.0073877224204595094,0.021993706017971442,0.009912937824471132,-0.006367161051378634,0.021583395028367054,-0.008484791787555483,-0.010019602215367698,0.01598891958587973,-0.006888159352252662,-0.006455910252229333,0.013761635365308621,0.015110305780559403,-0.007140603116832482,0.01569455155827547,-0.0015489875669603827,0.009947732391532179,0.009886282154210838,0.00778760140119743,0.019991861165943536,0.01781175985358729,-0.004739942206689151,-0.004830822096094579,-0.0033897710927708667,-0.007188117617084872,-0.0031065227264170285,-0.0037493789937696935,0.009980483716896095,-0.00923625832550579,0.013890875594564343,-0.007622579559211511,0.00398153417830876,-0.01252325016395114,0.011628430396326304,0.0156390197048063,-0.004444278948742314,-0.0071401584658853995,-0.010059142089759917,-0.006100438425196263,0.015707616410697588,0.013992390705076744,0.0197566347232876,0.01195560197878908,0.017680320000647894,-0.005185379647814841,-0.0019374210453914301,agent58,1
-0.9565060741526091,-0.0059207571423071925,-0.0044586154864628275,-0.015367901412565837,-0.010492442541360497,-0.004914465335374191,-0.007963598699405924,-0.006998005019118815,0.009775549588970017,0.011997706904627356,-0.007041406850330117,-0.011770596940439798,0.00992115670676473,-0.006964392062586897,-0.011148544212509225,0.009993433928925391,-0.008275074179774104,1,0.01596292394554006,-0.0048188408175425385,-0.012709352174061533,0.023194629375662853,-0.008053579310114661,0.01770511315926673,-0.00675007435435142,-0.003001331298833108,-0.004725521220109019,0.009834899469492911,0.023938711250634046,0.011980520299451803,0.015299400037067382,0.01793151170370328,-0.01072936554090634,0.013999893698196784,-0.00514141575215706,0.01996880915508327,-0.0050694903371002065,-0.011363070658206716,-0.008125404695805645,0.015079617901794004,0.015271560491585895,-0.013664100619128138,0.005910996189856159,0.01581316638926225,0.011479727532577224,0.011950144370661338,-0.005857750386268747,-0.013202192504445848,0.029622015746084838,0.021999876564156758,0.009863196999035234,-0.011618224914991645,0.017789431512501612,0.00968239652883578,-0.008141509028083646,0.015969613423842774,-0.0073877224204595094,0.021993706017971442,0.009912937824471132,-0.006367161051378634,0.021583395028367054,-0.008484791787555483,-0.010019602215367698,0.01598891958587973,-0.006888159352252662,-0.006455910252229333,0.013761635365308621,0.015110305780559403,-0.007140603116832482,0.01569455155827547,-0.0015489875669603827,0.009947732391532179,0.009886282154210838,0.00778760140119743,0.019991861165943536,0.01781175985358729,-0.004739942206689151,-0.004830822096094579,-0.0033897710927708667,-0.007188117617084872,-0.0031065227264170285,-0.0037493789937696935,0.009980483716896095,-0.00923625832550579,0.013890875594564343,-0.007622579559211511,0.00398153417830876,-0.01252325016395114,0.011628430396326304,0.0156390197048063,-0.004444278948742314,-0.0071401584658853995,-0.010059142089759917,-0.006100438425196263,0.015707616410697588,0.013992390705076744,0.0197566347232876,0.01195560197878908,0.017680320000647894,-0.005185379647814841,-0.0019374210453914301,agent35,1
-0.9575100556867875,-0.0059207571423071925,-0.0044586154864628275,-0.015367901412565837,-0.010492442541360497,-0.004914465335374191,-0.007963598699405924,-0.006998005019118815,0.009775549588970017,0.011997706904627356,-0.007041406850330117,-0.011770596940439798,0.00992115670676473,-0.006964392062586897,-0.011148544212509225,0.009993433928925391,-0.008275074179774104,1,0.01596292394554006,-0.0048188408175425385,-0.012709352174061533,0.023194629375662853,-0.008053579310114661,0.01770511315926673,-0.00675007435435142,-0.003001331298833108,-0.004725521220109019,0.009834899469492911,0.023938711250634046,0.011980520299451803,0.015299400037067382,0.01793151170370328,-0.01072936554090634,0.013999893698196784,-0.00514141575215706,0.01996880915508327,-0.0050694903371002065,-0.011363070658206716,-0.008125404695805645,0.015079617901794004,0.015271560491585895,-0.013664100619128138,0.005910996189856159,0.01581316638926225,0.011479727532577224,0.011950144370661338,-0.005857750386268747,-0.013202192504445848,0.029622015746084838,0.021999876564156758,0.009863196999035234,-0.011618224914991645,0.017789431512501612,0.00968239652883578,-0.008141509028083646,0.015969613423842774,-0.0073877224204595094,0.021993706017971442,0.009912937824471132,-0.006367161051378634,0.021583395028367054,-0.008484791787555483,-0.010019602215367698,0.01598891958587973,-0.006888159352252662,-0.006455910252229333,0.013761635365308621,0.015110305780559403,-0.007140603116832482,0.01569455155827547,-0.0015489875669603827,0.009947732391532179,0.009886282154210838,0.00778760140119743,0.019991861165943536,0.01781175985358729,-0.004739942206689151,-0.004830822096094579,-0.0033897710927708667,-0.007188117617084872,-0.0031065227264170285,-0.0037493789937696935,0.009980483716896095,-0.00923625832550579,0.013890875594564343,-0.007622579559211511,0.005972521748132736,-0.01252325016395114,0.011628430396326304,0.0156390197048063,-0.004444278948742314,-0.0071401584658853995,-0.010059142089759917,-0.006100438425196263,0.015707616410697588,0.013992390705076744,0.0197566347232876,0.01195560197878908,0.017680320000647894,-0.005185379647814841,-0.0019374210453914301,agent85,-0.822249378408787
-0.9585138050657812,-0.0059207571423071925,-0.0044586154864628275,-0.015367901412565837,-0.010492442541360497,-0.004914465335374191,-0.007963598699405924,-0.006998005019118815,0.009775549588970017,0.011997706904627356,-0.007041406850330117,-0.011770596940439798,0.00992115670676473,-0.006964392062586897,-0.011148544212509225,0.009993433928925391,-0.008275074179774104,1,0.01596292394554006,-0.0048188408175425385,-0.012709352174061533,0.023194629375662853,-0.008053579310114661,0.01770511315926673,-0.00675007435435142,-0.003001331298833108,-0.004725521220109019,0.009834899469492911,0.023938711250634046,0.011980520299451803,0.015299400037067382,0.01793151170370328,-0.01072936554090634,0.013999893698196784,-0.00514141575215706,0.01996880915508327,-0.0050694903371002065,-0.011363070658206716,-0.008125404695805645,0.015079617901794004,0.015271560491585895,-0.013664100619128138,0.005910996189856159,0.01581316638926225,0.011479727532577224,0.011950144370661338,-0.005857750386268747,-0.013202192504445848,0.029622015746084838,0.021999876564156758,0.009863196999035234,-0.011618224914991645,0.017789431512501612,0.00968239652883578,-0.008141509028083646,0.015969613423842774,-0.0073877224204595094,0.021993706017971442,0.009912937824471132,-0.006367161051378634,0.021583395028367054,-0.008484791787555483,-0.010019602215367698,0.01598891958587973,-0.006888159352252662,-0.006455910252229333,0.013761635365308621,0.015110305780559403,-0.007140603116832482,0.01569455155827547,-0.0015489875669603827,0.009947732391532179,0.009886282154210838,0.00778760140119743,0.019991861165943536,0.01781175985358729,-0.004739942206689151,-0.004830822096094579,-0.0033897710927708667,-0.007188117617084872,-0.0031065227264170285,-0.003833456184712249,0.009980483716896095,-0.00923625832550579,0.013890875594564343,-0.007622579559211511,0.005972521748132736,-0.01252325016395114,0.011628430396326304,0.0156390197048063,-0.004444278948742314,-0.0071401584658853995,-0.010059142089759917,-0.006100438425196263,0.015707616410697588,0.013992390705076744,0.0197566347232876,0.01195560197878908,0.017680320000647894,-0.005185379647814841,-0.0019374210453914301,agent80,1
-0.9595295126821919,-0.0059207571423071925,-0.0044586154864628275,-0.015367901412565837,-0.010492442541360497,-0.004914465335374191,-0.007963598699405924,-0.006998005019118815,0.009775549588970017,0.011997706904627356,-0.007041406850330117,-0.011770596940439798,0.00992115670676473,-0.006964392062586897,-0.011148544212509225,0.009993433928925391,-0.008275074179774104,1,0.01596292394554006,-0.0048188408175425385,-0.012709352174061533,0.023194629375662853,-0.008053579310114661,0.01770511315926673,-0.00675007435435142,-0.003001331298833108,-0.004725521220109019,0.009834899469492911,0.023938711250634046,0.011980520299451803,0.015299400037067382,0.01793151170370328,-0.01072936554090634,0.013999893698196784,-0.00514141575215706,0.01996880915508327,-0.0050694903371002065,-0.011363070658206716,-0.008125404695805645,0.015079617901794004,0.015271560491585895,-0.013664100619128138,0.005910996189856159,0.01581316638926225,0.011479727532577224,0.011950144370661338,-0.005857750386268747,-0.013202192504445848,0.029622015746084838,0.021999876564156758,0.009863196999035234,-0.011618224914991645,0.017789431512501612,0.00968239652883578,-0.008141509028083646,0.015969613423842774,-0.0073877224204595094,0.021993706017971442,0.009912937824471132,-0.006367161051378634,0.021583395028367054,-0.008484791787555483,-0.010019602215367698,0.01598891958587973,-0.006888159352252662,-0.006455910252229333,0.013761635365308621,0.015110305780559403,-0.007140603116832482,0.01569455155827547,-0.0015489875669603827,0.009947732391532179,0.009886282154210838,0.00778760140119743,0.019991861165943536,0.01781175985358729,-0.004739942206689151,-0.004830822096094579,-0.0033897710927708667,-0.007188117617084872,-0.0031065227264170285,-0.003833456184712249,0.009980483716896095,-0.00923625832550579,0.013890875594564343,-0.007622579559211511,0.005972521748132736,-0.01252325016395114,0.011628430396326304,0.0156390197048063,-0.004444278948742314,-0.0071401584658853995,-0.010059142089759917,-0.006100438425196263,0.017670929736025628,0.013992390705076744,0.0197566347232876,0.01195560197878908,0.017680320000647894,-0.005185379647814841,-0.0019374210453914301,agent93,-0.6876386505315897
-0.960534238203412,-0.0059207571423071925,-0.0044586154864628275,-0.015367901412565837,-0.010492442541360497,-0.004914465335374191,-0.007963598699405924,-0.006998005019118815,0.009775549588970017,0.011997706904627356,-0.007041406850330117,-0.011770596940439798,0.00992115670676473,-0.006964392062586897,-0.011148544212509225,0.009993433928925391,-0.008275074179774104,1,0.01596292394554006,-0.0048188408175425385,-0.012709352174061533,0.023194629375662853,-0.008053579310114661,0.01770511315926673,-0.00675007435435142,-0.003001331298833108,-0.004805643264572765,0.009834899469492911,0.023938711250634046,0.011980520299451803,0.015299400037067382,0.01793151170370328,-0.01072936554090634,0.013999893698196784,-0.00514141575215706,0.01996880915508327,-0.0050694903371002065,-0.011363070658206716,-0.008125404695805645,0.015079617901794004,0.015271560491585895,-0.013664100619128138,0.005910996189856159,0.01581316638926225,0.011479727532577224,0.011950144370661338,-0.005857750386268747,-0.013202192504445848,0.029622015746084838,0.021999876564156758,0.009863196999035234,-0.011618224914991645,0.017789431512501612,0.00968239652883578,-0.008141509028083646,0.015969613423842774,-0.0073877224204595094,0.021993706017971442,0.009912937824471132,-0.006367161051378634,0.021583395028367054,-0.008484791787555483,-0.010019602215367698,0.01598891958587973,-0.006888159352252662,-0.006455910252229333,0.013761635365308621,0.015110305780559403,-0.007140603116832482,0.01569455155827547,-0.0015489875669603827,0.009947732391532179,0.009886282154210838,0.00778760140119743,0.019991861165943536,0.01781175985358729,-0.004739942206689151,-0.004830822096094579,-0.0033897710927708667,-0.007188117617084872,-0.0031065227264170285,-0.003833456184712249,0.009980483716896095,-0.00923625832550579,0.013890875594564343,-0.007622579559211511,0.005972521748132736,-0.01252325016395114,0.011628430396326304,0.0156390197048063,-0.004444278948742314,-0.0071401584658853995,-0.010059142089759917,-0.006100438425196263,0.017670929736025628,0.013992390705076744,0.0197566347232876,0.01195560197878908,0.017680320000647894,-0.005185379647814841,-0.0019374210453914301,agent25,1
-0.9615458666338084,-0.0059207571423071925,-0.0044586154864628275,-0.015367901412565837,-0.010492442541360497,-0.004914465335374191,-0.007963598699405924,-0.006998005019118815,0.009775549588970017,0.011997706904627356,-0.007041406850330117,-0.011770596940439798,0.00992115670676473,-0.006964392062586897,-0.011148544212509225,0.009993433928925391,-0.008275074179774104,1,0.01596292394554006,-0.0048188408175425385,-0.012709352174061533,0.023194629375662853,-0.008053579310114661,0.01770511315926673,-0.00675007435435142,-0.003001331298833108,-0.004805643264572765,0.009834899469492911,0.023938711250634046,0.011980520299451803,0.015299400037067382,0.01793151170370328,-0.01072936554090634,0.013999893698196784,-0.00514141575215706,0.01996880915508327,-0.0050694903371002065,-0.011363070658206716,-0.008125404695805645,0.015079617901794004,0.015271560491585895,-0.013664100619128138,0.005910996189856159,0.01581316638926225,0.011479727532577224,0.011950144370661338,-0.005857750386268747,-0.013202192504445848,0.029622015746084838,0.021999876564156758,0.009863196999035234,-0.011618224914991645,0.017789431512501612,0.00968239652883578,-0.008141509028083646,0.015969613423842774,-0.0073877224204595094,0.021993706017971442,0.009912937824471132,-0.006367161051378634,0.021583395028367054,-0.008484791787555483,-0.010019602215367698,0.01598891958587973,-0.006888159352252662,-0.006455910252229333,0.013761635365308621,0.015110305780559403,-0.007140603116832482,0.01569455155827547,-0.0015489875669603827,0.009947732391532179,0.009886282154210838,0.00778760140119743,0.019991861165943536,0.01781175985358729,-0.004739942206689151,-0.004830822096094579,-0.0033897710927708667,-0.007188117617084872,-0.0031065227264170285,-0.003833456184712249,0.009980483716896095,-0.00923625832550579,0.013890875594564343,-0.007622579559211511,0.005972521748132736,-0.01252325016395114,0.013566972019194408,0.0156390197048063,-0.004444278948742314,-0.0071401584658853995,-0.010059142089759917,-0.006100438425196263,0.017670929736025628,0.013992390705076744,0.0197566347232876,0.01195560197878908,0.017680320000647894,-0.005185379647814841,-0.0019374210453914301,agent87,-0.6099393804775884
-0.9625543514255959,-0.0059207571423071925,-0.0044586154864628275,-0.015367901412565837,-0.010492442541360497,-0.004914465335374191,-0.007963598699405924,-0.006998005019118815,0.009775549588970017,0.011997706904627356,-0.007041406850330117,-0.011770596940439798,0.00992115670676473,-0.006964392062586897,-0.011148544212509225,0.009993433928925391,-0.008275074179774104,1,0.01596292394554006,-0.0048188408175425385,-0.012709352174061533,0.023194629375662853,-0.008053579310114661,0.01770511315926673,-0.00675007435435142,-0.003001331298833108,-0.004805643264572765,0.009834899469492911,0.023938711250634046,0.011980520299451803,0.015299400037067382,0.01793151170370328,-0.01072936554090634,0.013999893698196784,-0.00514141575215706,0.01996880915508327,-0.0050694903371002065,-0.011363070658206716,-0.008125404695805645,0.015079617901794004,0.015271560491585895,-0.013664100619128138,0.005910996189856159,0.01581316638926225,0.011479727532577224,0.011950144370661338,-0.005857750386268747,-0.013202192504445848,0.029622015746084838,0.021999876564156758,0.009863196999035234,-0.011618224914991645,0.017789431512501612,0.00968239652883578,-0.008141509028083646,0.015969613423842774,-0.0073877224204595094,0.021993706017971442,0.009912937824471132,-0.006367161051378634,0.021583395028367054,-0.008560960694101394,-0.010019602215367698,0.01598891958587973,-0.006888159352252662,-0.006455910252229333,0.013761635365308621,0.015110305780559403,-0.007140603116832482,0.01569455155827547,-0.0015489875669603827,0.009947732391532179,0.009886282154210838,0.00778760140119743,0.019991861165943536,0.01781175985358729,-0.004739942206689151,-0.004830822096094579,-0.0033897710927708667,-0.007188117617084872,-0.0031065227264170285,-0.003833456184712249,0.009980483716896095,-0.00923625832550579,0.013890875594564343,-0.007622579559211511,0.005972521748132736,-0.01252325016395114,0.013566972019194408,0.0156390197048063,-0.004444278948742314,-0.0071401584658853995,-0.010059142089759917,-0.006100438425196263,0.017670929736025628,0.013992390705076744,0.0197566347232876,0.01195560197878908,0.017680320000647894,-0.005185379647814841,-0.0019374210453914301,agent60,1
-0.9635641863250654,-0.0059207571423071925,-0.0044586154864628275,-0.015367901412565837,-0.010492442541360497,-0.004914465335374191,-0.007963598699405924,-0.006998005019118815,0.009775549588970017,0.011997706904627356,-0.007041406850330117,-0.011770596940439798,0.00992115670676473,-0.006964392062586897,-0.011148544212509225,0.009993433928925391,-0.008275074179774104,1,0.01596292394554006,-0.0048188408175425385,-0.012709352174061533,0.023194629375662853,-0.008053579310114661,0.01770511315926673,-0.00675007435435142,-0.003001331298833108,-0.004805643264572765,0.011802146305272357,0.023938711250634046,0.011980520299451803,0.015299400037067382,0.01793151170370328,-0.01072936554090634,0.013999893698196784,-0.00514141575215706,0.01996880915508327,-0.0050694903371002065,-0.011363070658206716,-0.008125404695805645,0.015079617901794004,0.015271560491585895,-0.013664100619128138,0.005910996189856159,0.01581316638926225,0.011479727532577224,0.011950144370661338,-0.005857750386268747,-0.013202192504445848,0.029622015746084838,0.021999876564156758,0.009863196999035234,-0.011618224914991645,0.017789431512501612,0.00968239652883578,-0.008141509028083646,0.015969613423842774,-0.0073877224204595094,0.021993706017971442,0.009912937824471132,-0.006367161051378634,0.021583395028367054,-0.008560960694101394,-0.010019602215367698,0.01598891958587973,-0.006888159352252662,-0.006455910252229333,0.013761635365308621,0.015110305780559403,-0.007140603116832482,0.01569455155827547,-0.0015489875669603827,0.009947732391532179,0.009886282154210838,0.00778760140119743,0.019991861165943536,0.01781175985358729,-0.004739942206689151,-0.004830822096094579,-0.0033897710927708667,-0.007188117617084872,-0.0031065227264170285,-0.003833456184712249,0.009980483716896095,-0.00923625832550579,0.013890875594564343,-0.007622579559211511,0.005972521748132736,-0.01252325016395114,0.013566972019194408,0.0156390197048063,-0.004444278948742314,-0.0071401584658853995,-0.010059142089759917,-0.006100438425196263,0.017670929736025628,0.013992390705076744,0.0197566347232876,0.01195560197878908,0.017680320000647894,-0.005185379647814841,-0.0019374210453914301,agent26,-0.7066123102500436
-0.9645700973212552,-0.0059207571423071925,-0.0044586154864628275,-0.015367901412565837,-0.010492442541360497,-0.004914465335374191,-0.007963598699405924,-0.006998005019118815,0.009775549588970017,0.011997706904627356,-0.007041406850330117,-0.011770596940439798,0.00992115670676473,-0.006964392062586897,-0.011148544212509225,0.009993433928925391,-0.008275074179774104,1,0.01596292394554006,-0.0048188408175425385,-0.012709352174061533,0.023194629375662853,-0.008053579310114661,0.01770511315926673,-0.00675007435435142,-0.003001331298833108,-0.004805643264572765,0.011802146305272357,0.023938711250634046,0.011980520299451803,0.015299400037067382,0.01793151170370328,-0.01072936554090634,0.013999893698196784,-0.00514141575215706,0.01996880915508327,-0.0050694903371002065,-0.011363070658206716,-0.008125404695805645,0.015079617901794004,0.015271560491585895,-0.013664100619128138,0.007910332405597083,0.01581316638926225,0.011479727532577224,0.011950144370661338,-0.005857750386268747,-0.013202192504445848,0.029622015746084838,0.021999876564156758,0.009863196999035234,-0.011618224914991645,0.017789431512501612,0.00968239652883578,-0.008141509028083646,0.015969613423842774,-0.0073877224204595094,0.021993706017971442,0.009912937824471132,-0.006367161051378634,0.021583395028367054,-0.008560960694101394,-0.010019602215367698,0.01598891958587973,-0.006888159352252662,-0.006455910252229333,0.013761635365308621,0.015110305780559403,-0.007140603116832482,0.01569455155827547,-0.0015489875669603827,0.009947732391532179,0.009886282154210838,0.00778760140119743,0.019991861165943536,0.01781175985358729,-0.004739942206689151,-0.004830822096094579,-0.0033897710927708667,-0.007188117617084872,-0.0031065227264170285,-0.003833456184712249,0.009980483716896095,-0.00923625832550579,0.013890875594564343,-0.007622579559211511,0.005972521748132736,-0.01252325016395114,0.013566972019194408,0.0156390197048063,-0.004444278948742314,-0.0071401584658853995,-0.010059142089759917,-0.006100438425196263,0.017670929736025628,0.013992390705076744,0.0197566347232876,0.01195560197878908,0.017680320000647894,-0.005185379647814841,-0.0019374210453914301,agent41,-1
-0.9655781509005653,-0.0059207571423071925,-0.0044586154864628275,-0.015367901412565837,-0.010492442541360497,-0.004914465335374191,-0.007963598699405924,-0.006998005019118815,0.009775549588970017,0.011997706904627356,-0.007041406850330117,-0.011770596940439798,0.00992115670676473,-0.006964392062586897,-0.011148544212509225,0.009993433928925391,-0.008275074179774104,1,0.01596292394554006,-0.0048188408175425385,-0.012709352174061533,0.023194629375662853,-0.008123811476470238,0.01770511315926673,-0.00675007435435142,-0.003001331298833108,-0.004805643264572765,0.011802146305272357,0.023938711250634046,0.011980520299451803,0.015299400037067382,0.01793151170370328,-0.01072936554090634,0.013999893698196784,-0.00514141575215706,0.01996880915508327,-0.0050694903371002065,-0.011363070658206716,-0.008125404695805645,0.015079617901794004,0.015271560491585895,-0.013664100619128138,0.007910332405597083,0.01581316638926225,0.011479727532577224,0.011950144370661338,-0.005857750386268747,-0.013202192504445848,0.029622015746084838,0.021999876564156758,0.009863196999035234,-0.011618224914991645,0.017789431512501612,0.00968239652883578,-0.008141509028083646,0.015969613423842774,-0.0073877224204595094,0.021993706017971442,0.009912937824471132,-0.006367161051378634,0.021583395028367054,-0.008560960694101394,-0.010019602215367698,0.01598891958587973,-0.006888159352252662,-0.006455910252229333,0.013761635365308621,0.015110305780559403,-0.007140603116832482,0.01569455155827547,-0.0015489875669603827,0.009947732391532179,0.009886282154210838,0.00778760140119743,0.019991861165943536,0.01781175985358729,-0.004739942206689151,-0.004830822096094579,-0.0033897710927708667,-0.007188117617084872,-0.0031065227264170285,-0.003833456184712249,0.009980483716896095,-0.00923625832550579,0.013890875594564343,-0.007622579559211511,0.005972521748132736,-0.01252325016395114,0.013566972019194408,0.0156390197048063,-0.004444278948742314,-0.0071401584658853995,-0.010059142089759917,-0.006100438425196263,0.017670929736025628,0.013992390705076744,0.0197566347232876,0.01195560197878908,0.017680320000647894,-0.005185379647814841,-0.0019374210453914301,agent21,1
-0.9665880371827196,-0.0059207571423071925,-0.0044586154864628275,-0.015367901412565837,-0.010492442541360497,-0.004914465335374191,-0.007963598699405924,-0.006998005019118815,0.009775549588970017,0.011997706904627356,-0.007041406850330117,-0.011770596940439798,0.00992115670676473,-0.006964392062586897,-0.011148544212509225,0.009993433928925391,-0.008275074179774104,1,0.01596292394554006,-0.0048188408175425385,-0.012709352174061533,0.023194629375662853,-0.008123811476470238,0.01770511315926673,-0.00675007435435142,-0.003001331298833108,-0.004805643264572765,0.011802146305272357,0.023938711250634046,0.011980520299451803,0.015299400037067382,0.01793151170370328,-0.01072936554090634,0.013999893698196784,-0.00514141575215706,0.01996880915508327,-0.0050694903371002065,-0.011363070658206716,-0.008125404695805645,0.015079617901794004,0.015271560491585895,-0.013664100619128138,0.007910332405597083,0.01581316638926225,0.011479727532577224,0.011950144370661338,-0.005857750386268747,-0.013202192504445848,0.029622015746084838,0.021999876564156758,0.009863196999035234,-0.011618224914991645,0.017789431512501612,0.00968239652883578,-0.008141509028083646,0.015969613423842774,-0.0073877224204595094,0.021993706017971442,0.009912937824471132,-0.006367161051378634,0.021583395028367054,-0.008560960694101394,-0.010019602215367698,0.01598891958587973,-0.006888159352252662,-0.006455910252229333,0.013761635365308621,0.015110305780559403,-0.007140603116832482,0.01569455155827547,-0.0015489875669603827,0.009947732391532179,0.011885689722363126,0.00778760140119743,0.019991861165943536,0.01781175985358729,-0.004739942206689151,-0.004830822096094579,-0.0033897710927708667,-0.007188117617084872,-0.0031065227264170285,-0.003833456184712249,0.009980483716896095,-0.00923625832550579,0.013890875594564343,-0.007622579559211511,0.005972521748132736,-0.01252325016395114,0.013566972019194408,0.0156390197048063,-0.004444278948742314,-0.0071401584658853995,-0.010059142089759917,-0.006100438425196263,0.017670929736025628,0.013992390705076744,0.0197566347232876,0.01195560197878908,0.017680320000647894,-0.005185379647814841,-0.0019374210453914301,agent71,-1
-0.9675928680048157,-0.0059207571423071925,-0.0044586154864628275,-0.015367901412565837,-0.010492442541360497,-0.004914465335374191,-0.007963598699405924,-0.006998005019118815,0.009775549588970017,0.011997706904627356,-0.007041406850330117,-0.011770596940439798,0.00992115670676473,-0.006964392062586897,-0.011148544212509225,0.009993433928925391,-0.008275074179774104,1,0.01596292394554006,-0.0048188408175425385,-0.012709352174061533,0.023194629375662853,-0.008123811476470238,0.01770511315926673,-0.00675007435435142,-0.003001331298833108,-0.004805643264572765,0.011802146305272357,0.023938711250634046,0.011980520299451803,0.015299400037067382,0.01793151170370328,-0.01072936554090634,0.013999893698196784,-0.00514141575215706,0.01996880915508327,-0.0050694903371002065,-0.011363070658206716,-0.008125404695805645,0.015079617901794004,0.015271560491585895,-0.013664100619128138,0.007910332405597083,0.01581316638926225,0.011479727532577224,0.011950144370661338,-0.005857750386268747,-0.013202192504445848,0.029622015746084838,0.021999876564156758,0.009863196999035234,-0.011618224914991645,0.017789431512501612,0.00968239652883578,-0.008141509028083646,0.015969613423842774,-0.0073877224204595094,0.021993706017971442,0.009912937824471132,-0.006367161051378634,0.021583395028367054,-0.008560960694101394,-0.010019602215367698,0.01598891958587973,-0.006888159352252662,-0.006455910252229333,0.013761635365308621,0.015110305780559403,-0.007140603116832482,0.01569455155827547,-0.0015489875669603827,0.009947732391532179,0.011885689722363126,0.00778760140119743,0.019991861165943536,0.01781175985358729,-0.004739942206689151,-0.004897087842099488,-0.0033897710927708667,-0.007188117617084872,-0.0031065227264170285,-0.003833456184712249,0.009980483716896095,-0.00923625832550579,0.013890875594564343,-0.007622579559211511,0.005972521748132736,-0.01252325016395114,0.013566972019194408,0.0156390197048063,-0.004444278948742314,-0.0071401584658853995,-0.010059142089759917,-0.006100438425196263,0.017670929736025628,0.013992390705076744,0.0197566347232876,0.01195560197878908,0.017680320000647894,-0.005185379647814841,-0.0019374210453914301,agent76,1
-0.9686028614387446,-0.0059207571423071925,-0.0044586154864628275,-0.015367901412565837,-0.010492442541360497,-0.004914465335374191,-0.007963598699405924,-0.006998005019118815,0.009775549588970017,0.011997706904627356,-0.007041406850330117,-0.011770596940439798,0.00992115670676473,-0.006964392062586897,-0.011148544212509225,0.011992257066135643,-0.008275074179774104,1,0.01596292394554006,-0.0048188408175425385,-0.012709352174061533,0.023194629375662853,-0.008123811476470238,0.01770511315926673,-0.00675007435435142,-0.003001331298833108,-0.004805643264572765,0.011802146305272357,0.023938711250634046,0.011980520299451803,0.015299400037067382,0.01793151170370328,-0.01072936554090634,0.013999893698196784,-0.00514141575215706,0.01996880915508327,-0.0050694903371002065,-0.011363070658206716,-0.008125404695805645,0.015079617901794004,0.015271560491585895,-0.013664100619128138,0.007910332405597083,0.01581316638926225,0.011479727532577224,0.011950144370661338,-0.005857750386268747,-0.013202192504445848,0.029622015746084838,0.021999876564156758,0.009863196999035234,-0.011618224914991645,0.017789431512501612,0.00968239652883578,-0.008141509028083646,0.015969613423842774,-0.0073877224204595094,0.021993706017971442,0.009912937824471132,-0.006367161051378634,0.021583395028367054,-0.008560960694101394,-0.010019602215367698,0.01598891958587973,-0.006888159352252662,-0.006455910252229333,0.013761635365308621,0.015110305780559403,-0.007140603116832482,0.01569455155827547,-0.0015489875669603827,0.009947732391532179,0.011885689722363126,0.00778760140119743,0.019991861165943536,0.01781175985358729,-0.004739942206689151,-0.004897087842099488,-0.0033897710927708667,-0.007188117617084872,-0.0031065227264170285,-0.003833456184712249,0.009980483716896095,-0.00923625832550579,0.013890875594564343,-0.007622579559211511,0.005972521748132736,-0.01252325016395114,0.013566972019194408,0.0156390197048063,-0.004444278948742314,-0.0071401584658853995,-0.010059142089759917,-0.006100438425196263,0.017670929736025628,0.013992390705076744,0.0197566347232876,0.01195560197878908,0.017680320000647894,-0.005185379647814841,-0.0019374210453914301,agent14,-0.9190776582299837
-0.9696142245094028,-0.0059207571423071925,-0.0044586154864628275,-0.015367901412565837,-0.010492442541360497,-0.004914465335374191,-0.007963598699405924,-0.006998005019118815,0.009775549588970017,0.011997706904627356,-0.007041406850330117,-0.011770596940439798,0.00992115670676473,-0.006964392062586897,-0.011148544212509225,0.011992257066135643,-0.008275074179774104,1,0.01596292394554006,-0.0048188408175425385,-0.012709352174061533,0.023194629375662853,-0.008123811476470238,0.01770511315926673,-0.00675007435435142,-0.003001331298833108,-0.004805643264572765,0.011802146305272357,0.023938711250634046,0.011980520299451803,0.015299400037067382,0.01793151170370328,-0.01072936554090634,0.013999893698196784,-0.00514141575215706,0.01996880915508327,-0.0050694903371002065,-0.011741361202732132,-0.008125404695805645,0.015079617901794004,0.015271560491585895,-0.013664100619128138,0.007910332405597083,0.01581316638926225,0.011479727532577224,0.011950144370661338,-0.005857750386268747,-0.013202192504445848,0.029622015746084838,0.021999876564156758,0.009863196999035234,-0.011618224914991645,0.017789431512501612,0.00968239652883578,-0.008141509028083646,0.015969613423842774,-0.0073877224204595094,0.021993706017971442,0.009912937824471132,-0.006367161051378634,0.021583395028367054,-0.008560960694101394,-0.010019602215367698,0.01598891958587973,-0.006888159352252662,-0.006455910252229333,0.013761635365308621,0.015110305780559403,-0.007140603116832482,0.01569455155827547,-0.0015489875669603827,0.009947732391532179,0.011885689722363126,0.00778760140119743,0.019991861165943536,0.01781175985358729,-0.004739942206689151,-0.004897087842099488,-0.0033897710927708667,-0.007188117617084872,-0.0031065227264170285,-0.003833456184712249,0.009980483716896095,-0.00923625832550579,0.013890875594564343,-0.007622579559211511,0.005972521748132736,-0.01252325016395114,0.013566972019194408,0.0156390197048063,-0.004444278948742314,-0.0071401584658853995,-0.010059142089759917,-0.006100438425196263,0.017670929736025628,0.013992390705076744,0.0197566347232876,0.01195560197878908,0.017680320000647894,-0.005185379647814841,-0.0019374210453914301,agent36,0.8323465856444232
-0.9706374191387784,-0.0059207571423071925,-0.0044586154864628275,-0.015367901412565837,-0.010492442541360497,-0.004914465335374191,-0.007963598699405924,-0.006998005019118815,0.009775549588970017,0.011997706904627356,-0.007041406850330117,-0.011770596940439798,0.00992115670676473,-0.006964392062586897,-0.011148544212509225,0.011992257066135643,-0.008275074179774104,1,0.01596292394554006,-0.0048188408175425385,-0.012709352174061533,0.02519416772798677,-0.008123811476470238,0.01770511315926673,-0.00675007435435142,-0.003001331298833108,-0.004805643264572765,0.011802146305272357,0.023938711250634046,0.011980520299451803,0.015299400037067382,0.01793151170370328,-0.01072936554090634,0.013999893698196784,-0.00514141575215706,0.01996880915508327,-0.0050694903371002065,-0.011741361202732132,-0.008125404695805645,0.015079617901794004,0.015271560491585895,-0.013664100619128138,0.007910332405597083,0.01581316638926225,0.011479727532577224,0.011950144370661338,-0.005857750386268747,-0.013202192504445848,0.029622015746084838,0.021999876564156758,0.009863196999035234,-0.011618224914991645,0.017789431512501612,0.00968239652883578,-0.008141509028083646,0.015969613423842774,-0.0073877224204595094,0.021993706017971442,0.009912937824471132,-0.006367161051378634,0.021583395028367054,-0.008560960694101394,-0.010019602215367698,0.01598891958587973,-0.006888159352252662,-0.006455910252229333,0.013761635365308621,0.015110305780559403,-0.007140603116832482,0.01569455155827547,-0.0015489875669603827,0.009947732391532179,0.011885689722363126,0.00778760140119743,0.019991861165943536,0.01781175985358729,-0.004739942206689151,-0.004897087842099488,-0.0033897710927708667,-0.007188117617084872,-0.0031065227264170285,-0.003833456184712249,0.009980483716896095,-0.00923625832550579,0.013890875594564343,-0.007622579559211511,0.005972521748132736,-0.01252325016395114,0.013566972019194408,0.0156390197048063,-0.004444278948742314,-0.0071401584658853995,-0.010059142089759917,-0.006100438425196263,0.017670929736025628,0.013992390705076744,0.0197566347232876,0.01195560197878908,0.017680320000647894,-0.005185379647814841,-0.0019374210453914301,agent20,-1
-0.9716473996224954,-0.0059207571423071925,-0.0044586154864628275,-0.015367901412565837,-0.010492442541360497,-0.004914465335374191,-0.007963598699405924,-0.006998005019118815,0.009775549588970017,0.011997706904627356,-0.007041406850330117,-0.011770596940439798,0.00992115670676473,-0.006964392062586897,-0.011148544212509225,0.011992257066135643,-0.008275074179774104,1,0.01596292394554006,-0.0048188408175425385,-0.012709352174061533,0.02519416772798677,-0.008123811476470238,0.01770511315926673,-0.00675007435435142,-0.003001331298833108,-0.004805643264572765,0.011802146305272357,0.023938711250634046,0.011980520299451803,0.015299400037067382,0.01793151170370328,-0.01072936554090634,0.013999893698196784,-0.00514141575215706,0.01996880915508327,-0.0050694903371002065,-0.011741361202732132,-0.008125404695805645,0.015079617901794004,0.015271560491585895,-0.013664100619128138,0.007910332405597083,0.01581316638926225,0.011479727532577224,0.011950144370661338,-0.005857750386268747,-0.013202192504445848,0.029622015746084838,0.021999876564156758,0.009863196999035234,-0.011618224914991645,0.017789431512501612,0.00968239652883578,-0.008141509028083646,0.015969613423842774,-0.0073877224204595094,0.021993706017971442,0.009912937824471132,-0.006367161051378634,0.021583395028367054,-0.008560960694101394,-0.010019602215367698,0.01598891958587973,-0.006888159352252662,-0.006455910252229333,0.013761635365308621,0.015110305780559403,-0.007140603116832482,0.01569455155827547,-0.0015489875669603827,0.009947732391532179,0.011885689722363126,0.00778760140119743,0.019991861165943536,0.01781175985358729,-0.004739942206689151,-0.004897087842099488,-0.0033897710927708667,-0.007188117617084872,-0.0031065227264170285,-0.003833456184712249,0.011976959605386011,-0.00923625832550579,0.013890875594564343,-0.007622579559211511,0.005972521748132736,-0.01252325016395114,0.013566972019194408,0.0156390197048063,-0.004444278948742314,-0.0071401584658853995,-0.010059142089759917,-0.006100438425196263,0.017670929736025628,0.013992390705076744,0.0197566347232876,0.01195560197878908,0.017680320000647894,-0.005185379647814841,-0.0019374210453914301,agent81,-0.8866837234478332
-0.9726624792403972,-0.0059207571423071925,-0.0044586154864628275,-0.015367901412565837,-0.010492442541360497,-0.004914465335374191,-0.007963598699405924,-0.006998005019118815,0.009775549588970017,0.011997706904627356,-0.007041406850330117,-0.011770596940439798,0.00992115670676473,-0.006964392062586897,-0.011148544212509225,0.011992257066135643,-0.008275074179774104,1,0.01596292394554006,-0.0048188408175425385,-0.012709352174061533,0.02519416772798677,-0.008123811476470238,0.01770511315926673,-0.00675007435435142,-0.003001331298833108,-0.004805643264572765,0.011802146305272357,0.023938711250634046,0.011980520299451803,0.015299400037067382,0.01793151170370328,-0.01072936554090634,0.013999893698196784,-0.00514141575215706,0.01996880915508327,-0.0050694903371002065,-0.011741361202732132,-0.008125404695805645,0.01707921596681992,0.015271560491585895,-0.013664100619128138,0.007910332405597083,0.01581316638926225,0.011479727532577224,0.011950144370661338,-0.005857750386268747,-0.013202192504445848,0.029622015746084838,0.021999876564156758,0.009863196999035234,-0.011618224914991645,0.017789431512501612,0.00968239652883578,-0.008141509028083646,0.015969613423842774,-0.0073877224204595094,0.021993706017971442,0.009912937824471132,-0.006367161051378634,0.021583395028367054,-0.008560960694101394,-0.010019602215367698,0.01598891958587973,-0.006888159352252662,-0.006455910252229333,0.013761635365308621,0.015110305780559403,-0.007140603116832482,0.01569455155827547,-0.0015489875669603827,0.009947732391532179,0.011885689722363126,0.00778760140119743,0.019991861165943536,0.01781175985358729,-0.004739942206689151,-0.004897087842099488,-0.0033897710927708667,-0.007188117617084872,-0.0031065227264170285,-0.003833456184712249,0.011976959605386011,-0.00923625832550579,0.013890875594564343,-0.007622579559211511,0.005972521748132736,-0.01252325016395114,0.013566972019194408,0.0156390197048063,-0.004444278948742314,-0.0071401584658853995,-0.010059142089759917,-0.006100438425196263,0.017670929736025628,0.013992390705076744,0.0197566347232876,0.01195560197878908,0.017680320000647894,-0.005185379647814841,-0.0019374210453914301,agent38,-1
-0.9736742813867024,-0.0059207571423071925,-0.0044586154864628275,-0.015367901412565837,-0.010492442541360497,-0.004914465335374191,-0.007963598699405924,-0.006998005019118815,0.009775549588970017,0.011997706904627356,-0.007041406850330117,-0.011770596940439798,0.00992115670676473,-0.006964392062586897,-0.011148544212509225,0.011992257066135643,-0.008275074179774104,1,0.01596292394554006,-0.0048188408175425385,-0.012709352174061533,0.02519416772798677,-0.008123811476470238,0.01770511315926673,-0.00675007435435142,-0.003001331298833108,-0.004805643264572765,0.013769134967860515,0.023938711250634046,0.011980520299451803,0.015299400037067382,0.01793151170370328,-0.01072936554090634,0.013999893698196784,-0.00514141575215706,0.01996880915508327,-0.0050694903371002065,-0.011741361202732132,-0.008125404695805645,0.01707921596681992,0.015271560491585895,-0.013664100619128138,0.007910332405597083,0.01581316638926225,0.011479727532577224,0.011950144370661338,-0.005857750386268747,-0.013202192504445848,0.029622015746084838,0.021999876564156758,0.009863196999035234,-0.011618224914991645,0.017789431512501612,0.00968239652883578,-0.008141509028083646,0.015969613423842774,-0.0073877224204595094,0.021993706017971442,0.009912937824471132,-0.006367161051378634,0.021583395028367054,-0.008560960694101394,-0.010019602215367698,0.01598891958587973,-0.006888159352252662,-0.006455910252229333,0.013761635365308621,0.015110305780559403,-0.007140603116832482,0.01569455155827547,-0.0015489875669603827,0.009947732391532179,0.011885689722363126,0.00778760140119743,0.019991861165943536,0.01781175985358729,-0.004739942206689151,-0.004897087842099488,-0.0033897710927708667,-0.007188117617084872,-0.0031065227264170285,-0.003833456184712249,0.011976959605386011,-0.00923625832550579,0.013890875594564343,-0.007622579559211511,0.005972521748132736,-0.01252325016395114,0.013566972019194408,0.0156390197048063,-0.004444278948742314,-0.0071401584658853995,-0.010059142089759917,-0.006100438425196263,0.017670929736025628,0.013992390705076744,0.0197566347232876,0.01195560197878908,0.017680320000647894,-0.005185379647814841,-0.0019374210453914301,agent26,-0.7157137006410699
-0.9746900945530916,-0.0059207571423071925,-0.0044586154864628275,-0.015367901412565837,-0.010492442541360497,-0.004914465335374191,-0.007963598699405924,-0.006998005019118815,0.009775549588970017,0.011997706904627356,-0.007041406850330117,-0.011770596940439798,0.00992115670676473,-0.006964392062586897,-0.011148544212509225,0.011992257066135643,-0.008275074179774104,1,0.01596292394554006,-0.0048188408175425385,-0.012709352174061533,0.02519416772798677,-0.008123811476470238,0.01770511315926673,-0.00675007435435142,-0.003001331298833108,-0.004805643264572765,0.013769134967860515,0.023938711250634046,0.011980520299451803,0.015299400037067382,0.01793151170370328,-0.01072936554090634,0.013999893698196784,-0.00514141575215706,0.01996880915508327,-0.0050694903371002065,-0.011741361202732132,-0.008125404695805645,0.01707921596681992,0.015271560491585895,-0.013664100619128138,0.007910332405597083,0.017812819867531998,0.011479727532577224,0.011950144370661338,-0.005857750386268747,-0.013202192504445848,0.029622015746084838,0.021999876564156758,0.009863196999035234,-0.011618224914991645,0.017789431512501612,0.00968239652883578,-0.008141509028083646,0.015969613423842774,-0.0073877224204595094,0.021993706017971442,0.009912937824471132,-0.006367161051378634,0.021583395028367054,-0.008560960694101394,-0.010019602215367698,0.01598891958587973,-0.006888159352252662,-0.006455910252229333,0.013761635365308621,0.015110305780559403,-0.007140603116832482,0.01569455155827547,-0.0015489875669603827,0.009947732391532179,0.011885689722363126,0.00778760140119743,0.019991861165943536,0.01781175985358729,-0.004739942206689151,-0.004897087842099488,-0.0033897710927708667,-0.007188117617084872,-0.0031065227264170285,-0.003833456184712249,0.011976959605386011,-0.00923625832550579,0.013890875594564343,-0.007622579559211511,0.005972521748132736,-0.01252325016395114,0.013566972019194408,0.0156390197048063,-0.004444278948742314,-0.0071401584658853995,-0.010059142089759917,-0.006100438425196263,0.017670929736025628,0.013992390705076744,0.0197566347232876,0.01195560197878908,0.017680320000647894,-0.005185379647814841,-0.0019374210453914301,agent42,-1
-0.97571167794812,-0.0059207571423071925,-0.0044586154864628275,-0.015367901412565837,-0.010492442541360497,-0.004914465335374191,-0.007963598699405924,-0.006998005019118815,0.009775549588970017,0.011997706904627356,-0.007041406850330117,-0.011770596940439798,0.00992115670676473,-0.006964392062586897,-0.011148544212509225,0.011992257066135643,-0.008275074179774104,1,0.01596292394554006,-0.0048188408175425385,-0.012709352174061533,0.02519416772798677,-0.008123811476470238,0.01770511315926673,-0.00675007435435142,-0.003001331298833108,-0.004805643264572765,0.013769134967860515,0.023938711250634046,0.011980520299451803,0.015299400037067382,0.01793151170370328,-0.01072936554090634,0.013999893698196784,-0.00514141575215706,0.01996880915508327,-0.0050694903371002065,-0.011741361202732132,-0.008125404695805645,0.01707921596681992,0.015271560491585895,-0.013664100619128138,0.007910332405597083,0.017812819867531998,0.011479727532577224,0.011950144370661338,-0.005857750386268747,-0.013202192504445848,0.029622015746084838,0.021999876564156758,0.009863196999035234,-0.011618224914991645,0.017789431512501612,0.00968239652883578,-0.008141509028083646,0.015969613423842774,-0.0073877224204595094,0.021993706017971442,0.009912937824471132,-0.006367161051378634,0.023545320632877786,-0.008560960694101394,-0.010019602215367698,0.01598891958587973,-0.006888159352252662,-0.006455910252229333,0.013761635365308621,0.015110305780559403,-0.007140603116832482,0.01569455155827547,-0.0015489875669603827,0.009947732391532179,0.011885689722363126,0.00778760140119743,0.019991861165943536,0.01781175985358729,-0.004739942206689151,-0.004897087842099488,-0.0033897710927708667,-0.007188117617084872,-0.0031065227264170285,-0.003833456184712249,0.011976959605386011,-0.00923625832550579,0.013890875594564343,-0.007622579559211511,0.005972521748132736,-0.01252325016395114,0.013566972019194408,0.0156390197048063,-0.004444278948742314,-0.0071401584658853995,-0.010059142089759917,-0.006100438425196263,0.017670929736025628,0.013992390705076744,0.0197566347232876,0.01195560197878908,0.017680320000647894,-0.005185379647814841,-0.0019374210453914301,agent59,-0.6987393906610152
-0.9767214534977089,-0.0059207571423071925,-0.0044586154864628275,-0.015367901412565837,-0.010492442541360497,-0.004914465335374191,-0.007963598699405924,-0.006998005019118815,0.011775254627675969,0.011997706904627356,-0.007041406850330117,-0.011770596940439798,0.00992115670676473,-0.006964392062586897,-0.011148544212509225,0.011992257066135643,-0.008275074179774104,1,0.01596292394554006,-0.0048188408175425385,-0.012709352174061533,0.02519416772798677,-0.008123811476470238,0.01770511315926673,-0.00675007435435142,-0.003001331298833108,-0.004805643264572765,0.013769134967860515,0.023938711250634046,0.011980520299451803,0.015299400037067382,0.01793151170370328,-0.01072936554090634,0.013999893698196784,-0.00514141575215706,0.01996880915508327,-0.0050694903371002065,-0.011741361202732132,-0.008125404695805645,0.01707921596681992,0.015271560491585895,-0.013664100619128138,0.007910332405597083,0.017812819867531998,0.011479727532577224,0.011950144370661338,-0.005857750386268747,-0.013202192504445848,0.029622015746084838,0.021999876564156758,0.009863196999035234,-0.011618224914991645,0.017789431512501612,0.00968239652883578,-0.008141509028083646,0.015969613423842774,-0.0073877224204595094,0.021993706017971442,0.009912937824471132,-0.006367161051378634,0.023545320632877786,-0.008560960694101394,-0.010019602215367698,0.01598891958587973,-0.006888159352252662,-0.006455910252229333,0.013761635365308621,0.015110305780559403,-0.007140603116832482,0.01569455155827547,-0.0015489875669603827,0.009947732391532179,0.011885689722363126,0.00778760140119743,0.019991861165943536,0.01781175985358729,-0.004739942206689151,-0.004897087842099488,-0.0033897710927708667,-0.007188117617084872,-0.0031065227264170285,-0.003833456184712249,0.011976959605386011,-0.00923625832550579,0.013890875594564343,-0.007622579559211511,0.005972521748132736,-0.01252325016395114,0.013566972019194408,0.0156390197048063,-0.004444278948742314,-0.0071401584658853995,-0.010059142089759917,-0.006100438425196263,0.017670929736025628,0.013992390705076744,0.0197566347232876,0.01195560197878908,0.017680320000647894,-0.005185379647814841,-0.0019374210453914301,agent7,-1
-0.9777295773091854,-0.0059207571423071925,-0.0044586154864628275,-0.015367901412565837,-0.010492442541360497,-0.004914465335374191,-0.007963598699405924,-0.006998005019118815,0.011775254627675969,0.011997706904627356,-0.007041406850330117,-0.011770596940439798,0.00992115670676473,-0.006964392062586897,-0.011148544212509225,0.011992257066135643,-0.008275074179774104,1,0.01596292394554006,-0.0048188408175425385,-0.012709352174061533,0.02519416772798677,-0.008170097624111191,0.01770511315926673,-0.00675007435435142,-0.003001331298833108,-0.004805643264572765,0.013769134967860515,0.023938711250634046,0.011980520299451803,0.015299400037067382,0.01793151170370328,-0.01072936554090634,0.013999893698196784,-0.00514141575215706,0.01996880915508327,-0.0050694903371002065,-0.011741361202732132,-0.008125404695805645,0.01707921596681992,0.015271560491585895,-0.013664100619128138,0.007910332405597083,0.017812819867531998,0.011479727532577224,0.011950144370661338,-0.005857750386268747,-0.013202192504445848,0.029622015746084838,0.021999876564156758,0.009863196999035234,-0.011618224914991645,0.017789431512501612,0.00968239652883578,-0.008141509028083646,0.015969613423842774,-0.0073877224204595094,0.021993706017971442,0.009912937824471132,-0.006367161051378634,0.023545320632877786,-0.008560960694101394,-0.010019602215367698,0.01598891958587973,-0.006888159352252662,-0.006455910252229333,0.013761635365308621,0.015110305780559403,-0.007140603116832482,0.01569455155827547,-0.0015489875669603827,0.009947732391532179,0.011885689722363126,0.00778760140119743,0.019991861165943536,0.01781175985358729,-0.004739942206689151,-0.004897087842099488,-0.0033897710927708667,-0.007188117617084872,-0.0031065227264170285,-0.003833456184712249,0.011976959605386011,-0.00923625832550579,0.013890875594564343,-0.007622579559211511,0.005972521748132736,-0.01252325016395114,0.013566972019194408,0.0156390197048063,-0.004444278948742314,-0.0071401584658853995,-0.010059142089759917,-0.006100438425196263,0.017670929736025628,0.013992390705076744,0.0197566347232876,0.01195560197878908,0.017680320000647894,-0.005185379647814841,-0.0019374210453914301,agent21,1
-0.9787452163288902,-0.0059207571423071925,-0.0044586154864628275,-0.015367901412565837,-0.010492442541360497,-0.004914465335374191,-0.007963598699405924,-0.006998005019118815,0.011775254627675969,0.011997706904627356,-0.007041406850330117,-0.011770596940439798,0.00992115670676473,-0.006964392062586897,-0.011148544212509225,0.011992257066135643,-0.008275074179774104,1,0.01596292394554006,-0.0048188408175425385,-0.012709352174061533,0.02519416772798677,-0.008170097624111191,0.01770511315926673,-0.00675007435435142,-0.003001331298833108,-0.004805643264572765,0.013769134967860515,0.023938711250634046,0.011980520299451803,0.015299400037067382,0.01793151170370328,-0.01072936554090634,0.013999893698196784,-0.00514141575215706,0.01996880915508327,-0.0050694903371002065,-0.011741361202732132,-0.008125404695805645,0.01707921596681992,0.015271560491585895,-0.013664100619128138,0.007910332405597083,0.017812819867531998,0.011479727532577224,0.011950144370661338,-0.005857750386268747,-0.013202192504445848,0.029622015746084838,0.021999876564156758,0.009863196999035234,-0.011618224914991645,0.017789431512501612,0.00968239652883578,-0.008141509028083646,0.015969613423842774,-0.0073877224204595094,0.021993706017971442,0.009912937824471132,-0.006367161051378634,0.023545320632877786,-0.008560960694101394,-0.010019602215367698,0.01598891958587973,-0.006888159352252662,-0.006455910252229333,0.013761635365308621,0.015110305780559403,-0.007140603116832482,0.01569455155827547,-0.0015489875669603827,0.009947732391532179,0.011885689722363126,0.00778760140119743,0.019991861165943536,0.01781175985358729,-0.004739942206689151,-0.004897087842099488,-0.0033897710927708667,-0.007188117617084872,-0.0031065227264170285,-0.003833456184712249,0.011976959605386011,-0.00923625832550579,0.013890875594564343,-0.007622579559211511,0.005972521748132736,-0.01252325016395114,0.013566972019194408,0.01763877171894289,-0.004444278948742314,-0.0071401584658853995,-0.010059142089759917,-0.006100438425196263,0.017670929736025628,0.013992390705076744,0.0197566347232876,0.01195560197878908,0.017680320000647894,-0.005185379647814841,-0.0019374210453914301,agent88,-1
-0.9797603266346708,-0.0059207571423071925,-0.0044586154864628275,-0.015367901412565837,-0.010492442541360497,-0.004914465335374191,-0.007963598699405924,-0.006998005019118815,0.011775254627675969,0.011997706904627356,-0.007041406850330117,-0.011770596940439798,0.00992115670676473,-0.006964392062586897,-0.011148544212509225,0.011992257066135643,-0.008275074179774104,1,0.01596292394554006,-0.0048188408175425385,-0.012709352174061533,0.02519416772798677,-0.008170097624111191,0.01770511315926673,-0.00675007435435142,-0.003001331298833108,-0.004805643264572765,0.013769134967860515,0.023938711250634046,0.011980520299451803,0.015299400037067382,0.01793151170370328,-0.01072936554090634,0.013999893698196784,-0.00514141575215706,0.01996880915508327,-0.0050694903371002065,-0.011741361202732132,-0.008125404695805645,0.01707921596681992,0.015271560491585895,-0.013664100619128138,0.007910332405597083,0.017812819867531998,0.011479727532577224,0.011950144370661338,-0.005857750386268747,-0.013202192504445848,0.029622015746084838,0.021999876564156758,0.009863196999035234,-0.011618224914991645,0.017789431512501612,0.00968239652883578,-0.008141509028083646,0.015969613423842774,-0.0073877224204595094,0.021993706017971442,0.009912937824471132,-0.006367161051378634,0.023545320632877786,-0.008560960694101394,-0.010019602215367698,0.01598891958587973,-0.006888159352252662,-0.006455910252229333,0.013761635365308621,0.01711007989764495,-0.007140603116832482,0.01569455155827547,-0.0015489875669603827,0.009947732391532179,0.011885689722363126,0.00778760140119743,0.019991861165943536,0.01781175985358729,-0.004739942206689151,-0.004897087842099488,-0.0033897710927708667,-0.007188117617084872,-0.0031065227264170285,-0.003833456184712249,0.011976959605386011,-0.00923625832550579,0.013890875594564343,-0.007622579559211511,0.005972521748132736,-0.01252325016395114,0.013566972019194408,0.01763877171894289,-0.004444278948742314,-0.0071401584658853995,-0.010059142089759917,-0.006100438425196263,0.017670929736025628,0.013992390705076744,0.0197566347232876,0.01195560197878908,0.017680320000647894,-0.005185379647814841,-0.0019374210453914301,agent66,-1
-0.9807702395724953,-0.0059207571423071925,-0.0044586154864628275,-0.015367901412565837,-0.010492442541360497,-0.004914465335374191,-0.007963598699405924,-0.006998005019118815,0.011775254627675969,0.011997706904627356,-0.007041406850330117,-0.011770596940439798,0.00992115670676473,-0.006964392062586897,-0.011148544212509225,0.011992257066135643,-0.008275074179774104,1,0.01596292394554006,-0.0048188408175425385,-0.012709352174061533,0.02519416772798677,-0.008170097624111191,0.01770511315926673,-0.00675007435435142,-0.003001331298833108,-0.004805643264572765,0.013769134967860515,0.023938711250634046,0.011980520299451803,0.015299400037067382,0.01793151170370328,-0.01072936554090634,0.013999893698196784,-0.00514141575215706,0.01996880915508327,-0.0050694903371002065,-0.011741361202732132,-0.008125404695805645,0.01707921596681992,0.015271560491585895,-0.013664100619128138,0.007910332405597083,0.017812819867531998,0.011479727532577224,0.011950144370661338,-0.005857750386268747,-0.013202192504445848,0.029622015746084838,0.021999876564156758,0.009863196999035234,-0.011618224914991645,0.017789431512501612,0.00968239652883578,-0.008141509028083646,0.015969613423842774,-0.0073877224204595094,0.021993706017971442,0.011912733002282166,-0.006367161051378634,0.023545320632877786,-0.008560960694101394,-0.010019602215367698,0.01598891958587973,-0.006888159352252662,-0.006455910252229333,0.013761635365308621,0.01711007989764495,-0.007140603116832482,0.01569455155827547,-0.0015489875669603827,0.009947732391532179,0.011885689722363126,0.00778760140119743,0.019991861165943536,0.01781175985358729,-0.004739942206689151,-0.004897087842099488,-0.0033897710927708667,-0.007188117617084872,-0.0031065227264170285,-0.003833456184712249,0.011976959605386011,-0.00923625832550579,0.013890875594564343,-0.007622579559211511,0.005972521748132736,-0.01252325016395114,0.013566972019194408,0.01763877171894289,-0.004444278948742314,-0.0071401584658853995,-0.010059142089759917,-0.006100438425196263,0.017670929736025628,0.013992390705076744,0.0197566347232876,0.01195560197878908,0.017680320000647894,-0.005185379647814841,-0.0019374210453914301,agent57,-1
-0.9817769896468497,-0.0059207571423071925,-0.0044586154864628275,-0.015367901412565837,-0.010492442541360497,-0.004914465335374191,-0.007963598699405924,-0.006998005019118815,0.011775254627675969,0.011997706904627356,-0.007041406850330117,-0.011770596940439798,0.00992115670676473,-0.006964392062586897,-0.011148544212509225,0.011992257066135643,-0.008275074179774104,1,0.01596292394554006,-0.0048188408175425385,-0.012709352174061533,0.02519416772798677,-0.008170097624111191,0.01770511315926673,-0.00678834898336338,-0.003001331298833108,-0.004805643264572765,0.013769134967860515,0.023938711250634046,0.011980520299451803,0.015299400037067382,0.01793151170370328,-0.01072936554090634,0.013999893698196784,-0.00514141575215706,0.01996880915508327,-0.0050694903371002065,-0.011741361202732132,-0.008125404695805645,0.01707921596681992,0.015271560491585895,-0.013664100619128138,0.007910332405597083,0.017812819867531998,0.011479727532577224,0.011950144370661338,-0.005857750386268747,-0.013202192504445848,0.029622015746084838,0.021999876564156758,0.009863196999035234,-0.011618224914991645,0.017789431512501612,0.00968239652883578,-0.008141509028083646,0.015969613423842774,-0.0073877224204595094,0.021993706017971442,0.011912733002282166,-0.006367161051378634,0.023545320632877786,-0.008560960694101394,-0.010019602215367698,0.01598891958587973,-0.006888159352252662,-0.006455910252229333,0.013761635365308621,0.01711007989764495,-0.007140603116832482,0.01569455155827547,-0.0015489875669603827,0.009947732391532179,0.011885689722363126,0.00778760140119743,0.019991861165943536,0.01781175985358729,-0.004739942206689151,-0.004897087842099488,-0.0033897710927708667,-0.007188117617084872,-0.0031065227264170285,-0.003833456184712249,0.011976959605386011,-0.00923625832550579,0.013890875594564343,-0.007622579559211511,0.005972521748132736,-0.01252325016395114,0.013566972019194408,0.01763877171894289,-0.004444278948742314,-0.0071401584658853995,-0.010059142089759917,-0.006100438425196263,0.017670929736025628,0.013992390705076744,0.0197566347232876,0.01195560197878908,0.017680320000647894,-0.005185379647814841,-0.0019374210453914301,agent23,1
-0.9827814482623362,-0.0059207571423071925,-0.004494895468115962,-0.015367901412565837,-0.010492442541360497,-0.004914465335374191,-0.007963598699405924,-0.006998005019118815,0.011775254627675969,0.011997706904627356,-0.007041406850330117,-0.011770596940439798,0.00992115670676473,-0.006964392062586897,-0.011148544212509225,0.011992257066135643,-0.008275074179774104,1,0.01596292394554006,-0.0048188408175425385,-0.012709352174061533,0.02519416772798677,-0.008170097624111191,0.01770511315926673,-0.00678834898336338,-0.003001331298833108,-0.004805643264572765,0.013769134967860515,0.023938711250634046,0.011980520299451803,0.015299400037067382,0.01793151170370328,-0.01072936554090634,0.013999893698196784,-0.00514141575215706,0.01996880915508327,-0.0050694903371002065,-0.011741361202732132,-0.008125404695805645,0.01707921596681992,0.015271560491585895,-0.013664100619128138,0.007910332405597083,0.017812819867531998,0.011479727532577224,0.011950144370661338,-0.005857750386268747,-0.013202192504445848,0.029622015746084838,0.021999876564156758,0.009863196999035234,-0.011618224914991645,0.017789431512501612,0.00968239652883578,-0.008141509028083646,0.015969613423842774,-0.0073877224204595094,0.021993706017971442,0.011912733002282166,-0.006367161051378634,0.023545320632877786,-0.008560960694101394,-0.010019602215367698,0.01598891958587973,-0.006888159352252662,-0.006455910252229333,0.013761635365308621,0.01711007989764495,-0.007140603116832482,0.01569455155827547,-0.0015489875669603827,0.009947732391532179,0.011885689722363126,0.00778760140119743,0.019991861165943536,0.01781175985358729,-0.004739942206689151,-0.004897087842099488,-0.0033897710927708667,-0.007188117617084872,-0.0031065227264170285,-0.003833456184712249,0.011976959605386011,-0.00923625832550579,0.013890875594564343,-0.007622579559211511,0.005972521748132736,-0.01252325016395114,0.013566972019194408,0.01763877171894289,-0.004444278948742314,-0.0071401584658853995,-0.010059142089759917,-0.006100438425196263,0.017670929736025628,0.013992390705076744,0.0197566347232876,0.01195560197878908,0.017680320000647894,-0.005185379647814841,-0.0019374210453914301,agent1,1
-0.9837875487007613,-0.0059207571423071925,-0.004494895468115962,-0.015367901412565837,-0.010492442541360497,-0.004914465335374191,-0.007963598699405924,-0.006998005019118815,0.011775254627675969,0.011997706904627356,-0.007041406850330117,-0.011770596940439798,0.00992115670676473,-0.006964392062586897,-0.011148544212509225,0.011992257066135643,-0.008275074179774104,1,0.01596292394554006,-0.0048188408175425385,-0.012709352174061533,0.02519416772798677,-0.008170097624111191,0.01770511315926673,-0.00678834898336338,-0.003001331298833108,-0.004805643264572765,0.013769134967860515,0.023938711250634046,0.011980520299451803,0.015299400037067382,0.01793151170370328,-0.01072936554090634,0.013999893698196784,-0.00514141575215706,0.01996880915508327,-0.0050694903371002065,-0.011741361202732132,-0.008125404695805645,0.01707921596681992,0.015271560491585895,-0.013664100619128138,0.007910332405597083,0.017812819867531998,0.011479727532577224,0.011950144370661338,-0.005857750386268747,-0.013202192504445848,0.029622015746084838,0.021999876564156758,0.009863196999035234,-0.011618224914991645,0.017789431512501612,0.00968239652883578,-0.008141509028083646,0.015969613423842774,-0.0073877224204595094,0.021993706017971442,0.011912733002282166,-0.006367161051378634,0.023545320632877786,-0.008560960694101394,-0.010019602215367698,0.01598891958587973,-0.006888159352252662,-0.006455910252229333,0.013761635365308621,0.01711007989764495,-0.007140603116832482,0.01569455155827547,-0.0015489875669603827,0.009947732391532179,0.011885689722363126,0.00778760140119743,0.019991861165943536,0.01781175985358729,-0.004739942206689151,-0.004897087842099488,-0.0033897710927708667,-0.007188117617084872,-0.0031065227264170285,-0.003833456184712249,0.011976959605386011,-0.00923625832550579,0.013890875594564343,-0.007622579559211511,0.005972521748132736,-0.01252325016395114,0.013566972019194408,0.01763877171894289,-0.004444278948742314,-0.0071401584658853995,-0.010059142089759917,-0.006134727289409619,0.017670929736025628,0.013992390705076744,0.0197566347232876,0.01195560197878908,0.017680320000647894,-0.005185379647814841,-0.0019374210453914301,agent92,1
-0.9848046279167282,-0.0059207571423071925,-0.004494895468115962,-0.015367901412565837,-0.010492442541360497,-0.004914465335374191,-0.007963598699405924,-0.006998005019118815,0.011775254627675969,0.011997706904627356,-0.007041406850330117,-0.011770596940439798,0.00992115670676473,-0.006964392062586897,-0.011148544212509225,0.011992257066135643,-0.008275074179774104,1,0.01596292394554006,-0.0048188408175425385,-0.012709352174061533,0.02519416772798677,-0.008170097624111191,0.01770511315926673,-0.00678834898336338,-0.003001331298833108,-0.004805643264572765,0.013769134967860515,0.023938711250634046,0.011980520299451803,0.015299400037067382,0.01793151170370328,-0.01072936554090634,0.013999893698196784,-0.00514141575215706,0.01996880915508327,-0.0050694903371002065,-0.011741361202732132,-0.008125404695805645,0.019079084545031356,0.015271560491585895,-0.013664100619128138,0.007910332405597083,0.017812819867531998,0.011479727532577224,0.011950144370661338,-0.005857750386268747,-0.013202192504445848,0.029622015746084838,0.021999876564156758,0.009863196999035234,-0.011618224914991645,0.017789431512501612,0.00968239652883578,-0.008141509028083646,0.015969613423842774,-0.0073877224204595094,0.021993706017971442,0.011912733002282166,-0.006367161051378634,0.023545320632877786,-0.008560960694101394,-0.010019602215367698,0.01598891958587973,-0.006888159352252662,-0.006455910252229333,0.013761635365308621,0.01711007989764495,-0.007140603116832482,0.01569455155827547,-0.0015489875669603827,0.009947732391532179,0.011885689722363126,0.00778760140119743,0.019991861165943536,0.01781175985358729,-0.004739942206689151,-0.004897087842099488,-0.0033897710927708667,-0.007188117617084872,-0.0031065227264170285,-0.003833456184712249,0.011976959605386011,-0.00923625832550579,0.013890875594564343,-0.007622579559211511,0.005972521748132736,-0.01252325016395114,0.013566972019194408,0.01763877171894289,-0.004444278948742314,-0.0071401584658853995,-0.010059142089759917,-0.006134727289409619,0.017670929736025628,0.013992390705076744,0.0197566347232876,0.01195560197878908,0.017680320000647894,-0.005185379647814841,-0.0019374210453914301,agent38,-1
-0.9858163985136686,-0.0059207571423071925,-0.004494895468115962,-0.015367901412565837,-0.010492442541360497,-0.004914465335374191,-0.007963598699405924,-0.006998005019118815,0.011775254627675969,0.011997706904627356,-0.007041406850330117,-0.011800872234939967,0.00992115670676473,-0.006964392062586897,-0.011148544212509225,0.011992257066135643,-0.008275074179774104,1,0.01596292394554006,-0.0048188408175425385,-0.012709352174061533,0.02519416772798677,-0.008170097624111191,0.01770511315926673,-0.00678834898336338,-0.003001331298833108,-0.004805643264572765,0.013769134967860515,0.023938711250634046,0.011980520299451803,0.015299400037067382,0.01793151170370328,-0.01072936554090634,0.013999893698196784,-0.00514141575215706,0.01996880915508327,-0.0050694903371002065,-0.011741361202732132,-0.008125404695805645,0.019079084545031356,0.015271560491585895,-0.013664100619128138,0.007910332405597083,0.017812819867531998,0.011479727532577224,0.011950144370661338,-0.005857750386268747,-0.013202192504445848,0.029622015746084838,0.021999876564156758,0.009863196999035234,-0.011618224914991645,0.017789431512501612,0.00968239652883578,-0.008141509028083646,0.015969613423842774,-0.0073877224204595094,0.021993706017971442,0.011912733002282166,-0.006367161051378634,0.023545320632877786,-0.008560960694101394,-0.010019602215367698,0.01598891958587973,-0.006888159352252662,-0.006455910252229333,0.013761635365308621,0.01711007989764495,-0.007140603116832482,0.01569455155827547,-0.0015489875669603827,0.009947732391532179,0.011885689722363126,0.00778760140119743,0.019991861165943536,0.01781175985358729,-0.004739942206689151,-0.004897087842099488,-0.0033897710927708667,-0.007188117617084872,-0.0031065227264170285,-0.003833456184712249,0.011976959605386011,-0.00923625832550579,0.013890875594564343,-0.007622579559211511,0.005972521748132736,-0.01252325016395114,0.013566972019194408,0.01763877171894289,-0.004444278948742314,-0.0071401584658853995,-0.010059142089759917,-0.006134727289409619,0.017670929736025628,0.013992390705076744,0.0197566347232876,0.01195560197878908,0.017680320000647894,-0.005185379647814841,-0.0019374210453914301,agent10,1
-0.9868296007061731,-0.0059207571423071925,-0.004494895468115962,-0.015367901412565837,-0.010492442541360497,-0.004914465335374191,-0.007963598699405924,-0.006998005019118815,0.011775254627675969,0.011997706904627356,-0.007041406850330117,-0.011800872234939967,0.00992115670676473,-0.006964392062586897,-0.011148544212509225,0.011992257066135643,-0.008275074179774104,1,0.01596292394554006,-0.0048188408175425385,-0.012709352174061533,0.02519416772798677,-0.008170097624111191,0.01770511315926673,-0.00678834898336338,-0.003001331298833108,-0.004805643264572765,0.013769134967860515,0.023938711250634046,0.011980520299451803,0.015299400037067382,0.01793151170370328,-0.01072936554090634,0.013999893698196784,-0.00514141575215706,0.01996880915508327,-0.0050694903371002065,-0.011741361202732132,-0.008125404695805645,0.019079084545031356,0.015271560491585895,-0.013664100619128138,0.007910332405597083,0.017812819867531998,0.011479727532577224,0.011950144370661338,-0.005857750386268747,-0.01323045912014295,0.029622015746084838,0.021999876564156758,0.009863196999035234,-0.011618224914991645,0.017789431512501612,0.00968239652883578,-0.008141509028083646,0.015969613423842774,-0.0073877224204595094,0.021993706017971442,0.011912733002282166,-0.006367161051378634,0.023545320632877786,-0.008560960694101394,-0.010019602215367698,0.01598891958587973,-0.006888159352252662,-0.006455910252229333,0.013761635365308621,0.01711007989764495,-0.007140603116832482,0.01569455155827547,-0.0015489875669603827,0.009947732391532179,0.011885689722363126,0.00778760140119743,0.019991861165943536,0.01781175985358729,-0.004739942206689151,-0.004897087842099488,-0.0033897710927708667,-0.007188117617084872,-0.0031065227264170285,-0.003833456184712249,0.011976959605386011,-0.00923625832550579,0.013890875594564343,-0.007622579559211511,0.005972521748132736,-0.01252325016395114,0.013566972019194408,0.01763877171894289,-0.004444278948742314,-0.0071401584658853995,-0.010059142089759917,-0.006134727289409619,0.017670929736025628,0.013992390705076744,0.0197566347232876,0.01195560197878908,0.017680320000647894,-0.005185379647814841,-0.0019374210453914301,agent46,1
-0.9878592227219192,-0.0059207571423071925,-0.004494895468115962,-0.015367901412565837,-0.010492442541360497,-0.004914465335374191,-0.007963598699405924,-0.006998005019118815,0.011775254627675969,0.011997706904627356,-0.007041406850330117,-0.011800872234939967,0.00992115670676473,-0.006964392062586897,-0.011148544212509225,0.011992257066135643,-0.008275074179774104,1,0.01596292394554006,-0.0048188408175425385,-0.012709352174061533,0.02519416772798677,-0.008170097624111191,0.01770511315926673,-0.00678834898336338,-0.003001331298833108,-0.004805643264572765,0.013769134967860515,0.023938711250634046,0.011980520299451803,0.015299400037067382,0.01793151170370328,-0.01072936554090634,0.013999893698196784,-0.00514141575215706,0.01996880915508327,-0.0050694903371002065,-0.011741361202732132,-0.008125404695805645,0.019079084545031356,0.015271560491585895,-0.013664100619128138,0.007910332405597083,0.017812819867531998,0.011479727532577224,0.011950144370661338,-0.005857750386268747,-0.01323045912014295,0.03159597120777154,0.021999876564156758,0.009863196999035234,-0.011618224914991645,0.017789431512501612,0.00968239652883578,-0.008141509028083646,0.015969613423842774,-0.0073877224204595094,0.021993706017971442,0.011912733002282166,-0.006367161051378634,0.023545320632877786,-0.008560960694101394,-0.010019602215367698,0.01598891958587973,-0.006888159352252662,-0.006455910252229333,0.013761635365308621,0.01711007989764495,-0.007140603116832482,0.01569455155827547,-0.0015489875669603827,0.009947732391532179,0.011885689722363126,0.00778760140119743,0.019991861165943536,0.01781175985358729,-0.004739942206689151,-0.004897087842099488,-0.0033897710927708667,-0.007188117617084872,-0.0031065227264170285,-0.003833456184712249,0.011976959605386011,-0.00923625832550579,0.013890875594564343,-0.007622579559211511,0.005972521748132736,-0.01252325016395114,0.013566972019194408,0.01763877171894289,-0.004444278948742314,-0.0071401584658853995,-0.010059142089759917,-0.006134727289409619,0.017670929736025628,0.013992390705076744,0.0197566347232876,0.01195560197878908,0.017680320000647894,-0.005185379647814841,-0.0019374210453914301,agent47,-0.7585992858341102
-0.9888664108395363,-0.0059207571423071925,-0.004494895468115962,-0.015367901412565837,-0.010492442541360497,-0.004914465335374191,-0.007963598699405924,-0.006998005019118815,0.011775254627675969,0.011997706904627356,-0.007041406850330117,-0.011800872234939967,0.00992115670676473,-0.006964392062586897,-0.011148544212509225,0.011992257066135643,-0.008275074179774104,1,0.01596292394554006,-0.0048188408175425385,-0.012709352174061533,0.02519416772798677,-0.008170097624111191,0.01770511315926673,-0.00678834898336338,-0.003001331298833108,-0.004805643264572765,0.013769134967860515,0.023938711250634046,0.011980520299451803,0.015299400037067382,0.01793151170370328,-0.01072936554090634,0.013999893698196784,-0.00514141575215706,0.01996880915508327,-0.0050694903371002065,-0.011741361202732132,-0.008125404695805645,0.019079084545031356,0.015271560491585895,-0.013664100619128138,0.007910332405597083,0.017812819867531998,0.011479727532577224,0.011950144370661338,-0.005857750386268747,-0.01323045912014295,0.03159597120777154,0.021999876564156758,0.009863196999035234,-0.011618224914991645,0.017789431512501612,0.00968239652883578,-0.008141509028083646,0.015969613423842774,-0.0073877224204595094,0.021993706017971442,0.011912733002282166,-0.006367161051378634,0.023545320632877786,-0.008560960694101394,-0.010019602215367698,0.01598891958587973,-0.006888159352252662,-0.006455910252229333,0.013761635365308621,0.01711007989764495,-0.007140603116832482,0.01569455155827547,-0.0015489875669603827,0.009947732391532179,0.011885689722363126,0.00778760140119743,0.019991861165943536,0.01781175985358729,-0.004739942206689151,-0.004897087842099488,-0.0033897710927708667,-0.007212325472404576,-0.0031065227264170285,-0.003833456184712249,0.011976959605386011,-0.00923625832550579,0.013890875594564343,-0.007622579559211511,0.005972521748132736,-0.01252325016395114,0.013566972019194408,0.01763877171894289,-0.004444278948742314,-0.0071401584658853995,-0.010059142089759917,-0.006134727289409619,0.017670929736025628,0.013992390705076744,0.0197566347232876,0.01195560197878908,0.017680320000647894,-0.005185379647814841,-0.0019374210453914301,agent78,1
-0.9898715962191841,-0.0059207571423071925,-0.004494895468115962,-0.015367901412565837,-0.010492442541360497,-0.004914465335374191,-0.007963598699405924,-0.006998005019118815,0.011775254627675969,0.011997706904627356,-0.007041406850330117,-0.011800872234939967,0.00992115670676473,-0.006964392062586897,-0.011148544212509225,0.011992257066135643,-0.008275074179774104,1,0.01596292394554006,-0.0048188408175425385,-0.012709352174061533,0.02519416772798677,-0.008170097624111191,0.01770511315926673,-0.00678834898336338,-0.003001331298833108,-0.004805643264572765,0.013769134967860515,0.023938711250634046,0.011980520299451803,0.015299400037067382,0.01793151170370328,-0.01072936554090634,0.013999893698196784,-0.00514141575215706,0.01996880915508327,-0.0050694903371002065,-0.011741361202732132,-0.008125404695805645,0.019079084545031356,0.015271560491585895,-0.013664100619128138,0.007910332405597083,0.017812819867531998,0.011479727532577224,0.011950144370661338,-0.005857750386268747,-0.01323045912014295,0.03159597120777154,0.021999876564156758,0.009863196999035234,-0.011618224914991645,0.017789431512501612,0.00968239652883578,-0.008141509028083646,0.015969613423842774,-0.0073877224204595094,0.021993706017971442,0.011912733002282166,-0.006367161051378634,0.023545320632877786,-0.008560960694101394,-0.010019602215367698,0.01598891958587973,-0.006888159352252662,-0.006455910252229333,0.013761635365308621,0.01711007989764495,-0.007140603116832482,0.01569455155827547,-0.0015489875669603827,0.009947732391532179,0.011885689722363126,0.00778760140119743,0.019991861165943536,0.01781175985358729,-0.004739942206689151,-0.004897087842099488,-0.0033897710927708667,-0.007212325472404576,-0.0031065227264170285,-0.003833456184712249,0.011976959605386011,-0.00923625832550579,0.013890875594564343,-0.007622579559211511,0.005972521748132736,-0.01252325016395114,0.013566972019194408,0.01763877171894289,-0.004444278948742314,-0.0071401584658853995,-0.010059142089759917,-0.006134727289409619,0.017670929736025628,0.013992390705076744,0.0197566347232876,0.01195560197878908,0.017680320000647894,-0.005207584847731971,-0.0019374210453914301,agent98,1
-0.9908872907707423,-0.0059207571423071925,-0.004494895468115962,-0.015367901412565837,-0.010492442541360497,-0.004914465335374191,-0.007963598699405924,-0.006998005019118815,0.011775254627675969,0.011997706904627356,-0.007041406850330117,-0.011800872234939967,0.00992115670676473,-0.006964392062586897,-0.011148544212509225,0.011992257066135643,-0.008275074179774104,1,0.01596292394554006,-0.0048188408175425385,-0.012709352174061533,0.02519416772798677,-0.008170097624111191,0.01770511315926673,-0.00678834898336338,-0.003001331298833108,-0.004805643264572765,0.013769134967860515,0.023938711250634046,0.011980520299451803,0.015299400037067382,0.01793151170370328,-0.01072936554090634,0.013999893698196784,-0.00514141575215706,0.01996880915508327,-0.0050694903371002065,-0.011741361202732132,-0.008125404695805645,0.019079084545031356,0.015271560491585895,-0.013664100619128138,0.007910332405597083,0.017812819867531998,0.011479727532577224,0.011950144370661338,-0.005857750386268747,-0.01323045912014295,0.03159597120777154,0.021999876564156758,0.009863196999035234,-0.011618224914991645,0.017789431512501612,0.00968239652883578,-0.008141509028083646,0.015969613423842774,-0.0073877224204595094,0.021993706017971442,0.011912733002282166,-0.006367161051378634,0.023545320632877786,-0.008560960694101394,-0.010019602215367698,0.01598891958587973,-0.006888159352252662,-0.006455910252229333,0.013761635365308621,0.01711007989764495,-0.007140603116832482,0.017694500265993895,-0.0015489875669603827,0.009947732391532179,0.011885689722363126,0.00778760140119743,0.019991861165943536,0.01781175985358729,-0.004739942206689151,-0.004897087842099488,-0.0033897710927708667,-0.007212325472404576,-0.0031065227264170285,-0.003833456184712249,0.011976959605386011,-0.00923625832550579,0.013890875594564343,-0.007622579559211511,0.005972521748132736,-0.01252325016395114,0.013566972019194408,0.01763877171894289,-0.004444278948742314,-0.0071401584658853995,-0.010059142089759917,-0.006134727289409619,0.017670929736025628,0.013992390705076744,0.0197566347232876,0.01195560197878908,0.017680320000647894,-0.005207584847731971,-0.0019374210453914301,agent68,-1
-0.9918992830278085,-0.0059207571423071925,-0.004494895468115962,-0.015367901412565837,-0.010492442541360497,-0.004914465335374191,-0.007963598699405924,-0.006998005019118815,0.011775254627675969,0.011997706904627356,-0.007041406850330117,-0.011800872234939967,0.00992115670676473,-0.006964392062586897,-0.011148544212509225,0.013991030909000248,-0.008275074179774104,1,0.01596292394554006,-0.0048188408175425385,-0.012709352174061533,0.02519416772798677,-0.008170097624111191,0.01770511315926673,-0.00678834898336338,-0.003001331298833108,-0.004805643264572765,0.013769134967860515,0.023938711250634046,0.011980520299451803,0.015299400037067382,0.01793151170370328,-0.01072936554090634,0.013999893698196784,-0.00514141575215706,0.01996880915508327,-0.0050694903371002065,-0.011741361202732132,-0.008125404695805645,0.019079084545031356,0.015271560491585895,-0.013664100619128138,0.007910332405597083,0.017812819867531998,0.011479727532577224,0.011950144370661338,-0.005857750386268747,-0.01323045912014295,0.03159597120777154,0.021999876564156758,0.009863196999035234,-0.011618224914991645,0.017789431512501612,0.00968239652883578,-0.008141509028083646,0.015969613423842774,-0.0073877224204595094,0.021993706017971442,0.011912733002282166,-0.006367161051378634,0.023545320632877786,-0.008560960694101394,-0.010019602215367698,0.01598891958587973,-0.006888159352252662,-0.006455910252229333,0.013761635365308621,0.01711007989764495,-0.007140603116832482,0.017694500265993895,-0.0015489875669603827,0.009947732391532179,0.011885689722363126,0.00778760140119743,0.019991861165943536,0.01781175985358729,-0.004739942206689151,-0.004897087842099488,-0.0033897710927708667,-0.007212325472404576,-0.0031065227264170285,-0.003833456184712249,0.011976959605386011,-0.00923625832550579,0.013890875594564343,-0.007622579559211511,0.005972521748132736,-0.01252325016395114,0.013566972019194408,0.01763877171894289,-0.004444278948742314,-0.0071401584658853995,-0.010059142089759917,-0.006134727289409619,0.017670929736025628,0.013992390705076744,0.0197566347232876,0.01195560197878908,0.017680320000647894,-0.005207584847731971,-0.0019374210453914301,agent14,-0.9413664439404594
-0.9929130446631738,-0.0059207571423071925,-0.004494895468115962,-0.015367901412565837,-0.010492442541360497,-0.004914465335374191,-0.007963598699405924,-0.006998005019118815,0.011775254627675969,0.011997706904627356,-0.007041406850330117,-0.011800872234939967,0.00992115670676473,-0.006964392062586897,-0.011148544212509225,0.013991030909000248,-0.008275074179774104,1,0.01596292394554006,-0.0048188408175425385,-0.012709352174061533,0.02519416772798677,-0.008170097624111191,0.01770511315926673,-0.00678834898336338,-0.003001331298833108,-0.004805643264572765,0.013769134967860515,0.023938711250634046,0.011980520299451803,0.015299400037067382,0.01793151170370328,-0.01072936554090634,0.013999893698196784,-0.00514141575215706,0.01996880915508327,-0.0050694903371002065,-0.011741361202732132,-0.008125404695805645,0.019079084545031356,0.015271560491585895,-0.013664100619128138,0.007910332405597083,0.017812819867531998,0.011479727532577224,0.011950144370661338,-0.005857750386268747,-0.01323045912014295,0.03159597120777154,0.021999876564156758,0.009863196999035234,-0.011618224914991645,0.017789431512501612,0.00968239652883578,-0.008141509028083646,0.015969613423842774,-0.0073877224204595094,0.021993706017971442,0.011912733002282166,-0.006367161051378634,0.023545320632877786,-0.008560960694101394,-0.010019602215367698,0.01598891958587973,-0.006888159352252662,-0.006455910252229333,0.01576160255450089,0.01711007989764495,-0.007140603116832482,0.017694500265993895,-0.0015489875669603827,0.009947732391532179,0.011885689722363126,0.00778760140119743,0.019991861165943536,0.01781175985358729,-0.004739942206689151,-0.004897087842099488,-0.0033897710927708667,-0.007212325472404576,-0.0031065227264170285,-0.003833456184712249,0.011976959605386011,-0.00923625832550579,0.013890875594564343,-0.007622579559211511,0.005972521748132736,-0.01252325016395114,0.013566972019194408,0.01763877171894289,-0.004444278948742314,-0.0071401584658853995,-0.010059142089759917,-0.006134727289409619,0.017670929736025628,0.013992390705076744,0.0197566347232876,0.01195560197878908,0.017680320000647894,-0.005207584847731971,-0.0019374210453914301,agent65,-1
-0.9939307155929098,-0.0059207571423071925,-0.004494895468115962,-0.015367901412565837,-0.010492442541360497,-0.004914465335374191,-0.007963598699405924,-0.006998005019118815,0.011775254627675969,0.011997706904627356,-0.007041406850330117,-0.011800872234939967,0.00992115670676473,-0.006964392062586897,-0.011148544212509225,0.013991030909000248,-0.008275074179774104,1,0.01596292394554006,-0.0048188408175425385,-0.012709352174061533,0.02519416772798677,-0.008170097624111191,0.01770511315926673,-0.00678834898336338,-0.003001331298833108,-0.004805643264572765,0.013769134967860515,0.023938711250634046,0.011980520299451803,0.015299400037067382,0.01793151170370328,-0.01072936554090634,0.013999893698196784,-0.00514141575215706,0.01996880915508327,-0.0050694903371002065,-0.011741361202732132,-0.008125404695805645,0.019079084545031356,0.015271560491585895,-0.013664100619128138,0.007910332405597083,0.017812819867531998,0.011479727532577224,0.011950144370661338,-0.005857750386268747,-0.01323045912014295,0.03159597120777154,0.021999876564156758,0.009863196999035234,-0.011618224914991645,0.017789431512501612,0.00968239652883578,-0.008141509028083646,0.015969613423842774,-0.0073877224204595094,0.021993706017971442,0.011912733002282166,-0.006367161051378634,0.023545320632877786,-0.008560960694101394,-0.010019602215367698,0.01598891958587973,-0.006888159352252662,-0.006455910252229333,0.01576160255450089,0.01711007989764495,-0.007140603116832482,0.017694500265993895,-0.0015489875669603827,0.009947732391532179,0.011885689722363126,0.00778760140119743,0.019991861165943536,0.01781175985358729,-0.004739942206689151,-0.004897087842099488,-0.0033897710927708667,-0.007212325472404576,-0.0031065227264170285,-0.003833456184712249,0.011976959605386011,-0.00923625832550579,0.013890875594564343,-0.007622579559211511,0.005972521748132736,-0.01252325016395114,0.013566972019194408,0.01763877171894289,-0.004444278948742314,-0.0071401584658853995,-0.010059142089759917,-0.006134727289409619,0.019633974542750766,0.013992390705076744,0.0197566347232876,0.01195560197878908,0.017680320000647894,-0.005207584847731971,-0.0019374210453914301,agent93,-0.7210483971826323
-0.9949381033153303,-0.0059207571423071925,-0.004494895468115962,-0.015367901412565837,-0.010492442541360497,-0.004914465335374191,-0.007963598699405924,-0.006998005019118815,0.011775254627675969,0.011997706904627356,-0.007041406850330117,-0.011800872234939967,0.00992115670676473,-0.006964392062586897,-0.011148544212509225,0.013991030909000248,-0.008275074179774104,1,0.01596292394554006,-0.0048188408175425385,-0.012709352174061533,0.02519416772798677,-0.008170097624111191,0.01770511315926673,-0.00678834898336338,-0.003001331298833108,-0.004805643264572765,0.013769134967860515,0.023938711250634046,0.011980520299451803,0.015299400037067382,0.01793151170370328,-0.01072936554090634,0.013999893698196784,-0.00514141575215706,0.01996880915508327,-0.0050694903371002065,-0.011741361202732132,-0.008125404695805645,0.019079084545031356,0.015271560491585895,-0.013664100619128138,0.007910332405597083,0.017812819867531998,0.011479727532577224,0.011950144370661338,-0.005857750386268747,-0.01323045912014295,0.03159597120777154,0.021999876564156758,0.009863196999035234,-0.011618224914991645,0.017789431512501612,0.00968239652883578,-0.008141509028083646,0.015969613423842774,-0.007399842571167083,0.021993706017971442,0.011912733002282166,-0.006367161051378634,0.023545320632877786,-0.008560960694101394,-0.010019602215367698,0.01598891958587973,-0.006888159352252662,-0.006455910252229333,0.01576160255450089,0.01711007989764495,-0.007140603116832482,0.017694500265993895,-0.0015489875669603827,0.009947732391532179,0.011885689722363126,0.00778760140119743,0.019991861165943536,0.01781175985358729,-0.004739942206689151,-0.004897087842099488,-0.0033897710927708667,-0.007212325472404576,-0.0031065227264170285,-0.003833456184712249,0.011976959605386011,-0.00923625832550579,0.013890875594564343,-0.007622579559211511,0.005972521748132736,-0.01252325016395114,0.013566972019194408,0.01763877171894289,-0.004444278948742314,-0.0071401584658853995,-0.010059142089759917,-0.006134727289409619,0.019633974542750766,0.013992390705076744,0.0197566347232876,0.01195560197878908,0.017680320000647894,-0.005207584847731971,-0.0019374210453914301,agent55,1
-0.9959557420870492,-0.0059207571423071925,-0.004494895468115962,-0.015367901412565837,-0.010492442541360497,-0.004914465335374191,-0.007963598699405924,-0.006998005019118815,0.011775254627675969,0.011997706904627356,-0.007041406850330117,-0.011800872234939967,0.00992115670676473,-0.006964392062586897,-0.011148544212509225,0.013991030909000248,-0.008275074179774104,1,0.01596292394554006,-0.0048188408175425385,-0.012709352174061533,0.02519416772798677,-0.008170097624111191,0.01770511315926673,-0.00678834898336338,-0.003001331298833108,-0.004805643264572765,0.013769134967860515,0.023938711250634046,0.011980520299451803,0.015299400037067382,0.01793151170370328,-0.01072936554090634,0.013999893698196784,-0.00514141575215706,0.01996880915508327,-0.0050694903371002065,-0.011741361202732132,-0.008125404695805645,0.019079084545031356,0.015271560491585895,-0.013664100619128138,0.007910332405597083,0.017812819867531998,0.011479727532577224,0.011950144370661338,-0.005857750386268747,-0.01323045912014295,0.03159597120777154,0.021999876564156758,0.009863196999035234,-0.011618224914991645,0.017789431512501612,0.00968239652883578,-0.008141509028083646,0.015969613423842774,-0.007399842571167083,0.021993706017971442,0.011912733002282166,-0.006367161051378634,0.023545320632877786,-0.008560960694101394,-0.010019602215367698,0.01598891958587973,-0.006888159352252662,-0.006455910252229333,0.01576160255450089,0.01711007989764495,-0.007140603116832482,0.017694500265993895,-0.0015489875669603827,0.009947732391532179,0.011885689722363126,0.00778760140119743,0.019991861165943536,0.01781175985358729,-0.004739942206689151,-0.004897087842099488,-0.0033897710927708667,-0.007212325472404576,-0.0031065227264170285,-0.003833456184712249,0.011976959605386011,-0.00923625832550579,0.013890875594564343,-0.007622579559211511,0.005972521748132736,-0.01252325016395114,0.013566972019194408,0.019638758907543866,-0.004444278948742314,-0.0071401584658853995,-0.010059142089759917,-0.006134727289409619,0.019633974542750766,0.013992390705076744,0.0197566347232876,0.01195560197878908,0.017680320000647894,-0.005207584847731971,-0.0019374210453914301,agent88,-1
-0.9969604820292559,-0.0059207571423071925,-0.004494895468115962,-0.015367901412565837,-0.010492442541360497,-0.004914465335374191,-0.007963598699405924,-0.006998005019118815,0.011775254627675969,0.011997706904627356,-0.007041406850330117,-0.011800872234939967,0.00992115670676473,-0.006964392062586897,-0.011148544212509225,0.013991030909000248,-0.008275074179774104,1,0.01596292394554006,-0.0048188408175425385,-0.012709352174061533,0.02519416772798677,-0.008170097624111191,0.01770511315926673,-0.00678834898336338,-0.003001331298833108,-0.004805643264572765,0.013769134967860515,0.023938711250634046,0.011980520299451803,0.015299400037067382,0.01793151170370328,-0.01072936554090634,0.013999893698196784,-0.00514141575215706,0.01996880915508327,-0.0050694903371002065,-0.011741361202732132,-0.008125404695805645,0.019079084545031356,0.015271560491585895,-0.013664100619128138,0.007910332405597083,0.017812819867531998,0.011479727532577224,0.011950144370661338,-0.005857750386268747,-0.01323045912014295,0.03159597120777154,0.021999876564156758,0.009863196999035234,-0.011618224914991645,0.017789431512501612,0.00968239652883578,-0.008141509028083646,0.015969613423842774,-0.007399842571167083,0.021993706017971442,0.011912733002282166,-0.006367161051378634,0.023545320632877786,-0.008560960694101394,-0.010019602215367698,0.01598891958587973,-0.006888159352252662,-0.006455910252229333,0.01576160255450089,0.01711007989764495,-0.007140603116832482,0.017694500265993895,-0.0015489875669603827,0.009947732391532179,0.011885689722363126,0.00778760140119743,0.019991861165943536,0.01781175985358729,-0.004748022544504019,-0.004897087842099488,-0.0033897710927708667,-0.007212325472404576,-0.0031065227264170285,-0.003833456184712249,0.011976959605386011,-0.00923625832550579,0.013890875594564343,-0.007622579559211511,0.005972521748132736,-0.01252325016395114,0.013566972019194408,0.019638758907543866,-0.004444278948742314,-0.0071401584658853995,-0.010059142089759917,-0.006134727289409619,0.019633974542750766,0.013992390705076744,0.0197566347232876,0.01195560197878908,0.017680320000647894,-0.005207584847731971,-0.0019374210453914301,agent75,1
-0.9979653008700734,-0.0059207571423071925,-0.004494895468115962,-0.015367901412565837,-0.010492442541360497,-0.004914465335374191,-0.007963598699405924,-0.006998005019118815,0.011775254627675969,0.011997706904627356,-0.007041406850330117,-0.011800872234939967,0.00992115670676473,-0.006964392062586897,-0.011148544212509225,0.013991030909000248,-0.008275074179774104,1,0.01596292394554006,-0.00482491523414928,-0.012709352174061533,0.02519416772798677,-0.008170097624111191,0.01770511315926673,-0.00678834898336338,-0.003001331298833108,-0.004805643264572765,0.013769134967860515,0.023938711250634046,0.011980520299451803,0.015299400037067382,0.01793151170370328,-0.01072936554090634,0.013999893698196784,-0.00514141575215706,0.01996880915508327,-0.0050694903371002065,-0.011741361202732132,-0.008125404695805645,0.019079084545031356,0.015271560491585895,-0.013664100619128138,0.007910332405597083,0.017812819867531998,0.011479727532577224,0.011950144370661338,-0.005857750386268747,-0.01323045912014295,0.03159597120777154,0.021999876564156758,0.009863196999035234,-0.011618224914991645,0.017789431512501612,0.00968239652883578,-0.008141509028083646,0.015969613423842774,-0.007399842571167083,0.021993706017971442,0.011912733002282166,-0.006367161051378634,0.023545320632877786,-0.008560960694101394,-0.010019602215367698,0.01598891958587973,-0.006888159352252662,-0.006455910252229333,0.01576160255450089,0.01711007989764495,-0.007140603116832482,0.017694500265993895,-0.0015489875669603827,0.009947732391532179,0.011885689722363126,0.00778760140119743,0.019991861165943536,0.01781175985358729,-0.004748022544504019,-0.004897087842099488,-0.0033897710927708667,-0.007212325472404576,-0.0031065227264170285,-0.003833456184712249,0.011976959605386011,-0.00923625832550579,0.013890875594564343,-0.007622579559211511,0.005972521748132736,-0.01252325016395114,0.013566972019194408,0.019638758907543866,-0.004444278948742314,-0.0071401584658853995,-0.010059142089759917,-0.006134727289409619,0.019633974542750766,0.013992390705076744,0.0197566347232876,0.01195560197878908,0.017680320000647894,-0.005207584847731971,-0.0019374210453914301,agent18,1
-0.9989873007466376,-0.0059207571423071925,-0.004494895468115962,-0.015367901412565837,-0.010492442541360497,-0.004914465335374191,-0.007963598699405924,-0.006998005019118815,0.011775254627675969,0.011997706904627356,-0.007041406850330117,-0.011800872234939967,0.00992115670676473,-0.006964392062586897,-0.011148544212509225,0.013991030909000248,-0.008275074179774104,1,0.01596292394554006,-0.00482491523414928,-0.012709352174061533,0.02519416772798677,-0.008170097624111191,0.01770511315926673,-0.00678834898336338,-0.003001331298833108,-0.004805643264572765,0.013769134967860515,0.023938711250634046,0.011980520299451803,0.015299400037067382,0.01793151170370328,-0.01072936554090634,0.013999893698196784,-0.00514141575215706,0.01996880915508327,-0.0050694903371002065,-0.011741361202732132,-0.008125404695805645,0.019079084545031356,0.015271560491585895,-0.013664100619128138,0.007910332405597083,0.017812819867531998,0.011479727532577224,0.011950144370661338,-0.005857750386268747,-0.01323045912014295,0.03159597120777154,0.023999856831880884,0.009863196999035234,-0.011618224914991645,0.017789431512501612,0.00968239652883578,-0.008141509028083646,0.015969613423842774,-0.007399842571167083,0.021993706017971442,0.011912733002282166,-0.006367161051378634,0.023545320632877786,-0.008560960694101394,-0.010019602215367698,0.01598891958587973,-0.006888159352252662,-0.006455910252229333,0.01576160255450089,0.01711007989764495,-0.007140603116832482,0.017694500265993895,-0.0015489875669603827,0.009947732391532179,0.011885689722363126,0.00778760140119743,0.019991861165943536,0.01781175985358729,-0.004748022544504019,-0.004897087842099488,-0.0033897710927708667,-0.007212325472404576,-0.0031065227264170285,-0.003833456184712249,0.011976959605386011,-0.00923625832550579,0.013890875594564343,-0.007622579559211511,0.005972521748132736,-0.01252325016395114,0.013566972019194408,0.019638758907543866,-0.004444278948742314,-0.0071401584658853995,-0.010059142089759917,-0.006134727289409619,0.019633974542750766,0.013992390705076744,0.0197566347232876,0.01195560197878908,0.017680320000647894,-0.005207584847731971,-0.0019374210453914301,agent48,-0.9916832190692658
-1,-0.0059207571423071925,-0.004494895468115962,-0.015367901412565837,-0.010492442541360497,-0.004914465335374191,-0.007963598699405924,-0.006998005019118815,0.011775254627675969,0.011997706904627356,-0.007041406850330117,-0.011800872234939967,0.00992115670676473,-0.006964392062586897,-0.011148544212509225,0.013991030909000248,-0.008275074179774104,1,0.01596292394554006,-0.00482491523414928,-0.012709352174061533,0.02519416772798677,-0.008170097624111191,0.01770511315926673,-0.00678834898336338,-0.003001331298833108,-0.004805643264572765,0.013769134967860515,0.023938711250634046,0.011980520299451803,0.015299400037067382,0.01793151170370328,-0.01072936554090634,0.013999893698196784,-0.00514141575215706,0.01996880915508327,-0.0050694903371002065,-0.011741361202732132,-0.008125404695805645,0.019079084545031356,0.015271560491585895,-0.013664100619128138,0.007910332405597083,0.017812819867531998,0.011479727532577224,0.011950144370661338,-0.005857750386268747,-0.01323045912014295,0.03159597120777154,0.023999856831880884,0.009863196999035234,-0.011618224914991645,0.019766318295761674,0.00968239652883578,-0.008141509028083646,0.015969613423842774,-0.007399842571167083,0.021993706017971442,0.011912733002282166,-0.006367161051378634,0.023545320632877786,-0.008560960694101394,-0.010019602215367698,0.01598891958587973,-0.006888159352252662,-0.006455910252229333,0.01576160255450089,0.01711007989764495,-0.007140603116832482,0.017694500265993895,-0.0015489875669603827,0.009947732391532179,0.011885689722363126,0.00778760140119743,0.019991861165943536,0.01781175985358729,-0.004748022544504019,-0.004897087842099488,-0.0033897710927708667,-0.007212325472404576,-0.0031065227264170285,-0.003833456184712249,0.011976959605386011,-0.00923625832550579,0.013890875594564343,-0.007622579559211511,0.005972521748132736,-0.01252325016395114,0.013566972019194408,0.019638758907543866,-0.004444278948742314,-0.0071401584658853995,-0.010059142089759917,-0.006134727289409619,0.019633974542750766,0.013992390705076744,0.0197566347232876,0.01195560197878908,0.017680320000647894,-0.005207584847731971,-0.0019374210453914301,agent51,-0.7839839670983514
-1,-0.0059207571423071925,-0.004494895468115962,-0.015367901412565837,-0.010492442541360497,-0.004914465335374191,-0.007963598699405924,-0.006998005019118815,0.011775254627675969,0.011997706904627356,-0.007041406850330117,-0.011800872234939967,0.00992115670676473,-0.006964392062586897,-0.011148544212509225,0.013991030909000248,-0.008275074179774104,1,0.01596292394554006,-0.00482491523414928,-0.012709352174061533,0.02519416772798677,-0.008170097624111191,0.01770511315926673,-0.00678834898336338,-0.003001331298833108,-0.004805643264572765,0.013769134967860515,0.023938711250634046,0.011980520299451803,0.015299400037067382,0.01793151170370328,-0.01072936554090634,0.013999893698196784,-0.00514141575215706,0.01996880915508327,-0.0050694903371002065,-0.011741361202732132,-0.008125404695805645,0.019079084545031356,0.015271560491585895,-0.013664100619128138,0.009910332405597083,0.017812819867531998,0.011479727532577224,0.011950144370661338,-0.005857750386268747,-0.01323045912014295,0.03159597120777154,0.023999856831880884,0.009863196999035234,-0.011618224914991645,0.019766318295761674,0.00968239652883578,-0.008141509028083646,0.015969613423842774,-0.007399842571167083,0.021993706017971442,0.011912733002282166,-0.006367161051378634,0.023545320632877786,-0.008560960694101394,-0.010019602215367698,0.01598891958587973,-0.006888159352252662,-0.006455910252229333,0.01576160255450089,0.01711007989764495,-0.007140603116832482,0.017694500265993895,-0.0015489875669603827,0.009947732391532179,0.011885689722363126,0.00778760140119743,0.019991861165943536,0.01781175985358729,-0.004748022544504019,-0.004897087842099488,-0.0033897710927708667,-0.007212325472404576,-0.0031065227264170285,-0.003833456184712249,0.011976959605386011,-0.00923625832550579,0.013890875594564343,-0.007622579559211511,0.005972521748132736,-0.01252325016395114,0.013566972019194408,0.019638758907543866,-0.004444278948742314,-0.0071401584658853995,-0.010059142089759917,-0.006134727289409619,0.019633974542750766,0.013992390705076744,0.0197566347232876,0.01195560197878908,0.017680320000647894,-0.005207584847731971,-0.0019374210453914301,agent41,-1
-1,-0.0059207571423071925,-0.004494895468115962,-0.015367901412565837,-0.010492442541360497,-0.004914465335374191,-0.007963598699405924,-0.006998005019118815,0.011775254627675969,0.011997706904627356,-0.007041406850330117,-0.011800872234939967,0.00992115670676473,-0.006964392062586897,-0.011148544212509225,0.013991030909000248,-0.008275074179774104,1,0.01596292394554006,-0.00482491523414928,-0.012709352174061533,0.02519416772798677,-0.008170097624111191,0.01770511315926673,-0.00678834898336338,-0.003001331298833108,-0.004805643264572765,0.013769134967860515,0.023938711250634046,0.011980520299451803,0.015299400037067382,0.01793151170370328,-0.01072936554090634,0.013999893698196784,-0.00514141575215706,0.01996880915508327,-0.0050694903371002065,-0.011741361202732132,-0.008125404695805645,0.019079084545031356,0.015271560491585895,-0.013664100619128138,0.009910332405597083,0.017812819867531998,0.013479727532577224,0.011950144370661338,-0.005857750386268747,-0.01323045912014295,0.03159597120777154,0.023999856831880884,0.009863196999035234,-0.011618224914991645,0.019766318295761674,0.00968239652883578,-0.008141509028083646,0.015969613423842774,-0.007399842571167083,0.021993706017971442,0.011912733002282166,-0.006367161051378634,0.023545320632877786,-0.008560960694101394,-0.010019602215367698,0.01598891958587973,-0.006888159352252662,-0.006455910252229333,0.01576160255450089,0.01711007989764495,-0.007140603116832482,0.017694500265993895,-0.0015489875669603827,0.009947732391532179,0.011885689722363126,0.00778760140119743,0.019991861165943536,0.01781175985358729,-0.004748022544504019,-0.004897087842099488,-0.0033897710927708667,-0.007212325472404576,-0.0031065227264170285,-0.003833456184712249,0.011976959605386011,-0.00923625832550579,0.013890875594564343,-0.007622579559211511,0.005972521748132736,-0.01252325016395114,0.013566972019194408,0.019638758907543866,-0.004444278948742314,-0.0071401584658853995,-0.010059142089759917,-0.006134727289409619,0.019633974542750766,0.013992390705076744,0.0197566347232876,0.01195560197878908,0.017680320000647894,-0.005207584847731971,-0.0019374210453914301,agent43,-1
-1,-0.0059207571423071925,-0.004494895468115962,-0.015367901412565837,-0.010492442541360497,-0.004914465335374191,-0.007963598699405924,-0.006998005019118815,0.011775254627675969,0.013997706904627356,-0.007041406850330117,-0.011800872234939967,0.00992115670676473,-0.006964392062586897,-0.011148544212509225,0.013991030909000248,-0.008275074179774104,1,0.01596292394554006,-0.00482491523414928,-0.012709352174061533,0.02519416772798677,-0.008170097624111191,0.01770511315926673,-0.00678834898336338,-0.003001331298833108,-0.004805643264572765,0.013769134967860515,0.023938711250634046,0.011980520299451803,0.015299400037067382,0.01793151170370328,-0.01072936554090634,0.013999893698196784,-0.00514141575215706,0.01996880915508327,-0.0050694903371002065,-0.011741361202732132,-0.008125404695805645,0.019079084545031356,0.015271560491585895,-0.013664100619128138,0.009910332405597083,0.017812819867531998,0.013479727532577224,0.011950144370661338,-0.005857750386268747,-0.01323045912014295,0.03159597120777154,0.023999856831880884,0.009863196999035234,-0.011618224914991645,0.019766318295761674,0.00968239652883578,-0.008141509028083646,0.015969613423842774,-0.007399842571167083,0.021993706017971442,0.011912733002282166,-0.006367161051378634,0.023545320632877786,-0.008560960694101394,-0.010019602215367698,0.01598891958587973,-0.006888159352252662,-0.006455910252229333,0.01576160255450089,0.01711007989764495,-0.007140603116832482,0.017694500265993895,-0.0015489875669603827,0.009947732391532179,0.011885689722363126,0.00778760140119743,0.019991861165943536,0.01781175985358729,-0.004748022544504019,-0.004897087842099488,-0.0033897710927708667,-0.007212325472404576,-0.0031065227264170285,-0.003833456184712249,0.011976959605386011,-0.00923625832550579,0.013890875594564343,-0.007622579559211511,0.005972521748132736,-0.01252325016395114,0.013566972019194408,0.019638758907543866,-0.004444278948742314,-0.0071401584658853995,-0.010059142089759917,-0.006134727289409619,0.019633974542750766,0.013992390705076744,0.0197566347232876,0.01195560197878908,0.017680320000647894,-0.005207584847731971,-0.0019374210453914301,agent8,-1
-1,-0.0059207571423071925,-0.004494895468115962,-0.015367901412565837,-0.010492442541360497,-0.004914465335374191,-0.007963598699405924,-0.006998005019118815,0.011775254627675969,0.013997706904627356,-0.007041406850330117,-0.011800872234939967,0.00992115670676473,-0.006964392062586897,-0.011148544212509225,0.013991030909000248,-0.008275074179774104,1,0.01596292394554006,-0.00482491523414928,-0.012709352174061533,0.02519416772798677,-0.008170097624111191,0.01770511315926673,-0.00678834898336338,-0.003001331298833108,-0.004805643264572765,0.013769134967860515,0.023938711250634046,0.011980520299451803,0.015299400037067382,0.01793151170370328,-0.01072936554090634,0.013999893698196784,-0.00514141575215706,0.01996880915508327,-0.0050694903371002065,-0.011741361202732132,-0.008125404695805645,0.019079084545031356,0.015271560491585895,-0.013664100619128138,0.009910332405597083,0.019812819867532,0.013479727532577224,0.011950144370661338,-0.005857750386268747,-0.01323045912014295,0.03159597120777154,0.023999856831880884,0.009863196999035234,-0.011618224914991645,0.019766318295761674,0.00968239652883578,-0.008141509028083646,0.015969613423842774,-0.007399842571167083,0.021993706017971442,0.011912733002282166,-0.006367161051378634,0.023545320632877786,-0.008560960694101394,-0.010019602215367698,0.01598891958587973,-0.006888159352252662,-0.006455910252229333,0.01576160255450089,0.01711007989764495,-0.007140603116832482,0.017694500265993895,-0.0015489875669603827,0.009947732391532179,0.011885689722363126,0.00778760140119743,0.019991861165943536,0.01781175985358729,-0.004748022544504019,-0.004897087842099488,-0.0033897710927708667,-0.007212325472404576,-0.0031065227264170285,-0.003833456184712249,0.011976959605386011,-0.00923625832550579,0.013890875594564343,-0.007622579559211511,0.005972521748132736,-0.01252325016395114,0.013566972019194408,0.019638758907543866,-0.004444278948742314,-0.0071401584658853995,-0.010059142089759917,-0.006134727289409619,0.019633974542750766,0.013992390705076744,0.0197566347232876,0.01195560197878908,0.017680320000647894,-0.005207584847731971,-0.0019374210453914301,agent42,-1
-1,-0.0059207571423071925,-0.004494895468115962,-0.015367901412565837,-0.010492442541360497,-0.004914465335374191,-0.007963598699405924,-0.006998005019118815,0.011775254627675969,0.013997706904627356,-0.007041406850330117,-0.011800872234939967,0.00992115670676473,-0.006964392062586897,-0.011148544212509225,0.013991030909000248,-0.008275074179774104,1,0.01596292394554006,-0.00482491523414928,-0.012709352174061533,0.02519416772798677,-0.008170097624111191,0.01770511315926673,-0.00678834898336338,-0.003001331298833108,-0.004805643264572765,0.013769134967860515,0.023938711250634046,0.011980520299451803,0.015299400037067382,0.01793151170370328,-0.01072936554090634,0.013999893698196784,-0.00514141575215706,0.01996880915508327,-0.0050694903371002065,-0.011741361202732132,-0.008125404695805645,0.019079084545031356,0.015271560491585895,-0.013664100619128138,0.009910332405597083,0.019812819867532,0.013479727532577224,0.011950144370661338,-0.005857750386268747,-0.01323045912014295,0.03159597120777154,0.023999856831880884,0.009863196999035234,-0.011618224914991645,0.019766318295761674,0.00968239652883578,-0.008141509028083646,0.015969613423842774,-0.007399842571167083,0.023993236613374432,0.011912733002282166,-0.006367161051378634,0.023545320632877786,-0.008560960694101394,-0.010019602215367698,0.01598891958587973,-0.006888159352252662,-0.006455910252229333,0.01576160255450089,0.01711007989764495,-0.007140603116832482,0.017694500265993895,-0.0015489875669603827,0.009947732391532179,0.011885689722363126,0.00778760140119743,0.019991861165943536,0.01781175985358729,-0.004748022544504019,-0.004897087842099488,-0.0033897710927708667,-0.007212325472404576,-0.0031065227264170285,-0.003833456184712249,0.011976959605386011,-0.00923625832550579,0.013890875594564343,-0.007622579559211511,0.005972521748132736,-0.01252325016395114,0.013566972019194408,0.019638758907543866,-0.004444278948742314,-0.0071401584658853995,-0.010059142089759917,-0.006134727289409619,0.019633974542750766,0.013992390705076744,0.0197566347232876,0.01195560197878908,0.017680320000647894,-0.005207584847731971,-0.0019374210453914301,agent56,-0.9693600066250361
-1,-0.0059207571423071925,-0.004494895468115962,-0.015367901412565837,-0.010492442541360497,-0.004914465335374191,-0.007963598699405924,-0.006998005019118815,0.011775254627675969,0.013997706904627356,-0.007041406850330117,-0.011800872234939967,0.00992115670676473,-0.006964392062586897,-0.011148544212509225,0.013991030909000248,-0.008275074179774104,1,0.01596292394554006,-0.00482491523414928,-0.012709352174061533,0.02519416772798677,-0.008170097624111191,0.01770511315926673,-0.00678834898336338,-0.003001331298833108,-0.004805643264572765,0.013769134967860515,0.023938711250634046,0.011980520299451803,0.015299400037067382,0.01793151170370328,-0.01072936554090634,0.013999893698196784,-0.00514141575215706,0.01996880915508327,-0.0050694903371002065,-0.011741361202732132,-0.008125404695805645,0.019079084545031356,0.015271560491585895,-0.013664100619128138,0.009910332405597083,0.019812819867532,0.013479727532577224,0.011950144370661338,-0.005857750386268747,-0.01323045912014295,0.03159597120777154,0.023999856831880884,0.009863196999035234,-0.011618224914991645,0.019766318295761674,0.00968239652883578,-0.008141509028083646,0.015969613423842774,-0.007399842571167083,0.023993236613374432,0.011912733002282166,-0.006367161051378634,0.023545320632877786,-0.008560960694101394,-0.010019602215367698,0.01598891958587973,-0.006888159352252662,-0.006455910252229333,0.01576160255450089,0.01711007989764495,-0.007140603116832482,0.017694500265993895,-0.0015489875669603827,0.009947732391532179,0.011885689722363126,0.00778760140119743,0.019991861165943536,0.01781175985358729,-0.004748022544504019,-0.004897087842099488,-0.0033897710927708667,-0.007212325472404576,-0.0031065227264170285,-0.003833456184712249,0.011976959605386011,-0.00923625832550579,0.013890875594564343,-0.007622579559211511,0.005972521748132736,-0.01252325016395114,0.013566972019194408,0.019638758907543866,-0.004444278948742314,-0.0071401584658853995,-0.010059142089759917,-0.006134727289409619,0.019633974542750766,0.013992390705076744,0.0197566347232876,0.01195560197878908,0.017680320000647894,-0.005207584847731971,-0.0019374210453914301,agent67,1
-1,-0.0059207571423071925,-0.004494895468115962,-0.015367901412565837,-0.010492442541360497,-0.004914465335374191,-0.007963598699405924,-0.006998005019118815,0.011775254627675969,0.013997706904627356,-0.007041406850330117,-0.011800872234939967,0.00992115670676473,-0.006964392062586897,-0.011148544212509225,0.013991030909000248,-0.008275074179774104,1,0.01596292394554006,-0.00482491523414928,-0.012709352174061533,0.02519416772798677,-0.008170097624111191,0.01770511315926673,-0.00678834898336338,-0.003001331298833108,-0.004805643264572765,0.013769134967860515,0.023938711250634046,0.011980520299451803,0.015299400037067382,0.01793151170370328,-0.01072936554090634,0.013999893698196784,-0.00514141575215706,0.01996880915508327,-0.0050694903371002065,-0.011741361202732132,-0.008125404695805645,0.019079084545031356,0.015271560491585895,-0.013664100619128138,0.009910332405597083,0.019812819867532,0.013479727532577224,0.011950144370661338,-0.005857750386268747,-0.01323045912014295,0.03159597120777154,0.023999856831880884,0.009863196999035234,-0.011618224914991645,0.019766318295761674,0.00968239652883578,-0.008141509028083646,0.015969613423842774,-0.007399842571167083,0.023993236613374432,0.011912733002282166,-0.006367161051378634,0.023545320632877786,-0.008560960694101394,-0.010019602215367698,0.01598891958587973,-0.006888159352252662,-0.006455910252229333,0.01576160255450089,0.01711007989764495,-0.007140603116832482,0.017694500265993895,-0.0015489875669603827,0.009947732391532179,0.011885689722363126,0.00778760140119743,0.019991861165943536,0.01781175985358729,-0.004748022544504019,-0.004897087842099488,-0.0033897710927708667,-0.007212325472404576,-0.0031065227264170285,-0.003833456184712249,0.011976959605386011,-0.00923625832550579,0.013890875594564343,-0.007622579559211511,0.005972521748132736,-0.01252325016395114,0.013566972019194408,0.019638758907543866,-0.004444278948742314,-0.0071401584658853995,-0.010059142089759917,-0.006134727289409619,0.019633974542750766,0.013992390705076744,0.0197566347232876,0.01195560197878908,0.017680320000647894,-0.005207584847731971,-0.0019374210453914301,agent2,1
-1,-0.0059207571423071925,-0.004494895468115962,-0.015367901412565837,-0.010492442541360497,-0.004914465335374191,-0.007963598699405924,-0.006998005019118815,0.011775254627675969,0.013997706904627356,-0.007041406850330117,-0.011800872234939967,0.00992115670676473,-0.006964392062586897,-0.011148544212509225,0.013991030909000248,-0.008275074179774104,1,0.01596292394554006,-0.00482491523414928,-0.012709352174061533,0.02519416772798677,-0.008170097624111191,0.01770511315926673,-0.00678834898336338,-0.003001331298833108,-0.004805643264572765,0.013769134967860515,0.023938711250634046,0.011980520299451803,0.015299400037067382,0.01793151170370328,-0.01072936554090634,0.013999893698196784,-0.00514141575215706,0.01996880915508327,-0.0050694903371002065,-0.011741361202732132,-0.008125404695805645,0.019079084545031356,0.015271560491585895,-0.013664100619128138,0.009910332405597083,0.019812819867532,0.013479727532577224,0.011950144370661338,-0.005857750386268747,-0.01323045912014295,0.03159597120777154,0.023999856831880884,0.009863196999035234,-0.011618224914991645,0.019766318295761674,0.00968239652883578,-0.008141509028083646,0.015969613423842774,-0.007399842571167083,0.023993236613374432,0.011912733002282166,-0.006367161051378634,0.023545320632877786,-0.008560960694101394,-0.010019602215367698,0.01598891958587973,-0.006888159352252662,-0.006455910252229333,0.01576160255450089,0.01711007989764495,-0.007140603116832482,0.017694500265993895,-0.0015489875669603827,0.009947732391532179,0.013885689722363126,0.00778760140119743,0.019991861165943536,0.01781175985358729,-0.004748022544504019,-0.004897087842099488,-0.0033897710927708667,-0.007212325472404576,-0.0031065227264170285,-0.003833456184712249,0.011976959605386011,-0.00923625832550579,0.013890875594564343,-0.007622579559211511,0.005972521748132736,-0.01252325016395114,0.013566972019194408,0.019638758907543866,-0.004444278948742314,-0.0071401584658853995,-0.010059142089759917,-0.006134727289409619,0.019633974542750766,0.013992390705076744,0.0197566347232876,0.01195560197878908,0.017680320000647894,-0.005207584847731971,-0.0019374210453914301,agent71,-1
-1,-0.0059207571423071925,-0.004494895468115962,-0.015367901412565837,-0.010492442541360497,-0.004914465335374191,-0.007963598699405924,-0.006998005019118815,0.011775254627675969,0.013997706904627356,-0.007041406850330117,-0.011800872234939967,0.00992115670676473,-0.006964392062586897,-0.011148544212509225,0.013991030909000248,-0.008275074179774104,1,0.01596292394554006,-0.00482491523414928,-0.012709352174061533,0.02519416772798677,-0.008170097624111191,0.01770511315926673,-0.00678834898336338,-0.003001331298833108,-0.004805643264572765,0.013769134967860515,0.023938711250634046,0.011980520299451803,0.015299400037067382,0.01793151170370328,-0.01072936554090634,0.013999893698196784,-0.00514141575215706,0.01996880915508327,-0.0050694903371002065,-0.011741361202732132,-0.008125404695805645,0.019079084545031356,0.015271560491585895,-0.013664100619128138,0.009910332405597083,0.019812819867532,0.013479727532577224,0.011950144370661338,-0.005857750386268747,-0.01323045912014295,0.03159597120777154,0.023999856831880884,0.009863196999035234,-0.011618224914991645,0.019766318295761674,0.00968239652883578,-0.008141509028083646,0.015969613423842774,-0.007399842571167083,0.023993236613374432,0.011912733002282166,-0.006367161051378634,0.023545320632877786,-0.008560960694101394,-0.010019602215367698,0.01598891958587973,-0.006888159352252662,-0.006455910252229333,0.01576160255450089,0.01711007989764495,-0.007140603116832482,0.017694500265993895,-0.0015489875669603827,0.009947732391532179,0.013885689722363126,0.00778760140119743,0.019991861165943536,0.01781175985358729,-0.004748022544504019,-0.004897087842099488,-0.0033897710927708667,-0.007212325472404576,-0.0031065227264170285,-0.003833456184712249,0.011976959605386011,-0.00923625832550579,0.013890875594564343,-0.007622579559211511,0.005972521748132736,-0.01252325016395114,0.013566972019194408,0.019638758907543866,-0.004444278948742314,-0.0071401584658853995,-0.010059142089759917,-0.006134727289409619,0.019633974542750766,0.013992390705076744,0.0197566347232876,0.01195560197878908,0.017680320000647894,-0.005207584847731971,-0.0019374210453914301,agent98,1
-1,-0.0059207571423071925,-0.004494895468115962,-0.015367901412565837,-0.010492442541360497,-0.004914465335374191,-0.007963598699405924,-0.006998005019118815,0.011775254627675969,0.013997706904627356,-0.007041406850330117,-0.011800872234939967,0.00992115670676473,-0.006964392062586897,-0.011148544212509225,0.013991030909000248,-0.008275074179774104,1,0.01596292394554006,-0.00482491523414928,-0.012709352174061533,0.02519416772798677,-0.008170097624111191,0.01770511315926673,-0.00678834898336338,-0.003001331298833108,-0.004805643264572765,0.013769134967860515,0.023938711250634046,0.011980520299451803,0.015299400037067382,0.01793151170370328,-0.01072936554090634,0.013999893698196784,-0.00514141575215706,0.01996880915508327,-0.0050694903371002065,-0.011741361202732132,-0.008125404695805645,0.019079084545031356,0.015271560491585895,-0.013664100619128138,0.009910332405597083,0.019812819867532,0.013479727532577224,0.011950144370661338,-0.005857750386268747,-0.01323045912014295,0.03159597120777154,0.023999856831880884,0.009863196999035234,-0.011618224914991645,0.019766318295761674,0.00968239652883578,-0.008141509028083646,0.015969613423842774,-0.007399842571167083,0.023993236613374432,0.011912733002282166,-0.006367161051378634,0.023545320632877786,-0.008560960694101394,-0.010019602215367698,0.01598891958587973,-0.006888159352252662,-0.006455910252229333,0.01576160255450089,0.01711007989764495,-0.007140603116832482,0.017694500265993895,-0.0015489875669603827,0.009947732391532179,0.013885689722363126,0.00778760140119743,0.019991861165943536,0.01781175985358729,-0.004748022544504019,-0.004897087842099488,-0.0033897710927708667,-0.007212325472404576,-0.0031065227264170285,-0.003833456184712249,0.01397408410108595,-0.00923625832550579,0.013890875594564343,-0.007622579559211511,0.005972521748132736,-0.01252325016395114,0.013566972019194408,0.019638758907543866,-0.004444278948742314,-0.0071401584658853995,-0.010059142089759917,-0.006134727289409619,0.019633974542750766,0.013992390705076744,0.0197566347232876,0.01195560197878908,0.017680320000647894,-0.005207584847731971,-0.0019374210453914301,agent81,-0.9241645953388529
-1,-0.0059207571423071925,-0.004494895468115962,-0.015367901412565837,-0.010492442541360497,-0.004914465335374191,-0.007963598699405924,-0.006998005019118815,0.011775254627675969,0.013997706904627356,-0.007041406850330117,-0.011800872234939967,0.00992115670676473,-0.006964392062586897,-0.011148544212509225,0.013991030909000248,-0.008275074179774104,1,0.01596292394554006,-0.00482491523414928,-0.012709352174061533,0.02519416772798677,-0.008170097624111191,0.01770511315926673,-0.00678834898336338,-0.003001331298833108,-0.004805643264572765,0.013769134967860515,0.023938711250634046,0.011980520299451803,0.015299400037067382,0.01793151170370328,-0.01072936554090634,0.013999893698196784,-0.00514141575215706,0.01996880915508327,-0.0050694903371002065,-0.011741361202732132,-0.008125404695805645,0.019079084545031356,0.015271560491585895,-0.013664100619128138,0.009910332405597083,0.019812819867532,0.013479727532577224,0.011950144370661338,-0.005857750386268747,-0.01323045912014295,0.03159597120777154,0.023999856831880884,0.009863196999035234,-0.011618224914991645,0.019766318295761674,0.011622823098428645,-0.008141509028083646,0.015969613423842774,-0.007399842571167083,0.023993236613374432,0.011912733002282166,-0.006367161051378634,0.023545320632877786,-0.008560960694101394,-0.010019602215367698,0.01598891958587973,-0.006888159352252662,-0.006455910252229333,0.01576160255450089,0.01711007989764495,-0.007140603116832482,0.017694500265993895,-0.0015489875669603827,0.009947732391532179,0.013885689722363126,0.00778760140119743,0.019991861165943536,0.01781175985358729,-0.004748022544504019,-0.004897087842099488,-0.0033897710927708667,-0.007212325472404576,-0.0031065227264170285,-0.003833456184712249,0.01397408410108595,-0.00923625832550579,0.013890875594564343,-0.007622579559211511,0.005972521748132736,-0.01252325016395114,0.013566972019194408,0.019638758907543866,-0.004444278948742314,-0.0071401584658853995,-0.010059142089759917,-0.006134727289409619,0.019633974542750766,0.013992390705076744,0.0197566347232876,0.01195560197878908,0.017680320000647894,-0.005207584847731971,-0.0019374210453914301,agent52,-0.6548234353055352
-1,-0.0059207571423071925,-0.004494895468115962,-0.015367901412565837,-0.010492442541360497,-0.004914465335374191,-0.007963598699405924,-0.006998005019118815,0.011775254627675969,0.013997706904627356,-0.007041406850330117,-0.011800872234939967,0.00992115670676473,-0.006964392062586897,-0.011148544212509225,0.013991030909000248,-0.008275074179774104,1,0.01596292394554006,-0.00482491523414928,-0.012709352174061533,0.02519416772798677,-0.008170097624111191,0.01770511315926673,-0.00678834898336338,-0.003001331298833108,-0.004805643264572765,0.013769134967860515,0.023938711250634046,0.011980520299451803,0.015299400037067382,0.01793151170370328,-0.01072936554090634,0.013999893698196784,-0.00514141575215706,0.01996880915508327,-0.0050694903371002065,-0.011741361202732132,-0.008125404695805645,0.019079084545031356,0.015271560491585895,-0.013664100619128138,0.009910332405597083,0.019812819867532,0.013479727532577224,0.011950144370661338,-0.005857750386268747,-0.01323045912014295,0.03159597120777154,0.023999856831880884,0.009863196999035234,-0.011618224914991645,0.019766318295761674,0.011622823098428645,-0.008141509028083646,0.015969613423842774,-0.007399842571167083,0.023993236613374432,0.011912733002282166,-0.006367161051378634,0.023545320632877786,-0.008560960694101394,-0.010019602215367698,0.01598891958587973,-0.006888159352252662,-0.006455910252229333,0.01576160255450089,0.01711007989764495,-0.007140603116832482,0.017694500265993895,-0.0015489875669603827,0.009947732391532179,0.013885689722363126,0.00778760140119743,0.019991861165943536,0.01781175985358729,-0.004748022544504019,-0.004897087842099488,-0.0033897710927708667,-0.007212325472404576,-0.0031065227264170285,-0.003833456184712249,0.01397408410108595,-0.00923625832550579,0.01589087559456434,-0.007622579559211511,0.005972521748132736,-0.01252325016395114,0.013566972019194408,0.019638758907543866,-0.004444278948742314,-0.0071401584658853995,-0.010059142089759917,-0.006134727289409619,0.019633974542750766,0.013992390705076744,0.0197566347232876,0.01195560197878908,0.017680320000647894,-0.005207584847731971,-0.0019374210453914301,agent83,-1
-1,-0.0059207571423071925,-0.004494895468115962,-0.015367901412565837,-0.010492442541360497,-0.004914465335374191,-0.007963598699405924,-0.006998005019118815,0.011775254627675969,0.013997706904627356,-0.007041406850330117,-0.011800872234939967,0.00992115670676473,-0.006964392062586897,-0.011148544212509225,0.013991030909000248,-0.008275074179774104,1,0.01596292394554006,-0.00482491523414928,-0.012709352174061533,0.02519416772798677,-0.008170097624111191,0.01770511315926673,-0.00678834898336338,-0.003001331298833108,-0.004805643264572765,0.013769134967860515,0.023938711250634046,0.011980520299451803,0.015299400037067382,0.01793151170370328,-0.01072936554090634,0.013999893698196784,-0.00514141575215706,0.01996880915508327,-0.0050694903371002065,-0.011741361202732132,-0.008125404695805645,0.019079084545031356,0.015271560491585895,-0.013664100619128138,0.009910332405597083,0.019812819867532,0.013479727532577224,0.011950144370661338,-0.005857750386268747,-0.01323045912014295,0.03159597120777154,0.023999856831880884,0.009863196999035234,-0.011618224914991645,0.019766318295761674,0.011622823098428645,-0.008141509028083646,0.015969613423842774,-0.007399842571167083,0.023993236613374432,0.011912733002282166,-0.006367161051378634,0.023545320632877786,-0.008560960694101394,-0.010019602215367698,0.01598891958587973,-0.006888159352252662,-0.006455910252229333,0.01576160255450089,0.01711007989764495,-0.007140603116832482,0.017694500265993895,-0.0015489875669603827,0.009947732391532179,0.013885689722363126,0.00778760140119743,0.019991861165943536,0.01781175985358729,-0.004748022544504019,-0.004897087842099488,-0.0033897710927708667,-0.007212325472404576,-0.0031065227264170285,-0.003833456184712249,0.01397408410108595,-0.00923625832550579,0.01589087559456434,-0.007622579559211511,0.005972521748132736,-0.01252325016395114,0.013566972019194408,0.019638758907543866,-0.004444278948742314,-0.0071401584658853995,-0.010059142089759917,-0.006134727289409619,0.019633974542750766,0.013992390705076744,0.0197566347232876,0.01195560197878908,0.017680320000647894,-0.005207584847731971,-0.0019374210453914301,agent6,1
-1,-0.0059207571423071925,-0.004494895468115962,-0.015367901412565837,-0.010492442541360497,-0.004914465335374191,-0.007963598699405924,-0.006998005019118815,0.011775254627675969,0.013997706904627356,-0.007041406850330117,-0.011800872234939967,0.00992115670676473,-0.006964392062586897,-0.011148544212509225,0.013991030909000248,-0.008275074179774104,1,0.01596292394554006,-0.00482491523414928,-0.012709352174061533,0.02519416772798677,-0.008170097624111191,0.01770511315926673,-0.00678834898336338,-0.003001331298833108,-0.004805643264572765,0.013769134967860515,0.023938711250634046,0.011980520299451803,0.015299400037067382,0.01793151170370328,-0.01072936554090634,0.013999893698196784,-0.00514141575215706,0.01996880915508327,-0.0050694903371002065,-0.011741361202732132,-0.008125404695805645,0.019079084545031356,0.015271560491585895,-0.013664100619128138,0.009910332405597083,0.019812819867532,0.013479727532577224,0.011950144370661338,-0.005857750386268747,-0.01323045912014295,0.03159597120777154,0.023999856831880884,0.009863196999035234,-0.011618224914991645,0.019766318295761674,0.011622823098428645,-0.008141509028083646,0.015969613423842774,-0.007399842571167083,0.023993236613374432,0.011912733002282166,-0.006367161051378634,0.023545320632877786,-0.008560960694101394,-0.010019602215367698,0.01598891958587973,-0.006888159352252662,-0.006455910252229333,0.01576160255450089,0.01711007989764495,-0.007140603116832482,0.017694500265993895,-0.0015489875669603827,0.009947732391532179,0.013885689722363126,0.00778760140119743,0.019991861165943536,0.01781175985358729,-0.004748022544504019,-0.004897087842099488,-0.0033897710927708667,-0.007212325472404576,-0.0031065227264170285,-0.003833456184712249,0.01397408410108595,-0.00923625832550579,0.01589087559456434,-0.007622579559211511,0.005972521748132736,-0.01252325016395114,0.013566972019194408,0.019638758907543866,-0.004444278948742314,-0.0071401584658853995,-0.010059142089759917,-0.006134727289409619,0.019633974542750766,0.013992390705076744,0.0197566347232876,0.01195560197878908,0.017680320000647894,-0.005207584847731971,-0.0019374210453914301,agent35,1
-1,-0.0059207571423071925,-0.004494895468115962,-0.015367901412565837,-0.010492442541360497,-0.004914465335374191,-0.007963598699405924,-0.006998005019118815,0.011775254627675969,0.013997706904627356,-0.007041406850330117,-0.011800872234939967,0.00992115670676473,-0.006964392062586897,-0.011148544212509225,0.013991030909000248,-0.008275074179774104,1,0.01596292394554006,-0.00482491523414928,-0.012709352174061533,0.02519416772798677,-0.008170097624111191,0.01770511315926673,-0.00678834898336338,-0.003001331298833108,-0.004805643264572765,0.013769134967860515,0.023938711250634046,0.011980520299451803,0.015299400037067382,0.01793151170370328,-0.01072936554090634,0.013999893698196784,-0.00514141575215706,0.01996880915508327,-0.0050694903371002065,-0.011741361202732132,-0.008125404695805645,0.019079084545031356,0.015271560491585895,-0.013664100619128138,0.009910332405597083,0.019812819867532,0.013479727532577224,0.011950144370661338,-0.005857750386268747,-0.01323045912014295,0.03159597120777154,0.023999856831880884,0.009863196999035234,-0.011618224914991645,0.019766318295761674,0.011622823098428645,-0.008141509028083646,0.015969613423842774,-0.007399842571167083,0.025993004406869673,0.011912733002282166,-0.006367161051378634,0.023545320632877786,-0.008560960694101394,-0.010019602215367698,0.01598891958587973,-0.006888159352252662,-0.006455910252229333,0.01576160255450089,0.01711007989764495,-0.007140603116832482,0.017694500265993895,-0.0015489875669603827,0.009947732391532179,0.013885689722363126,0.00778760140119743,0.019991861165943536,0.01781175985358729,-0.004748022544504019,-0.004897087842099488,-0.0033897710927708667,-0.007212325472404576,-0.0031065227264170285,-0.003833456184712249,0.01397408410108595,-0.00923625832550579,0.01589087559456434,-0.007622579559211511,0.005972521748132736,-0.01252325016395114,0.013566972019194408,0.019638758907543866,-0.004444278948742314,-0.0071401584658853995,-0.010059142089759917,-0.006134727289409619,0.019633974542750766,0.013992390705076744,0.0197566347232876,0.01195560197878908,0.017680320000647894,-0.005207584847731971,-0.0019374210453914301,agent56,-0.9784497561610048
-1,-0.0059207571423071925,-0.004494895468115962,-0.015367901412565837,-0.010492442541360497,-0.004914465335374191,-0.007963598699405924,-0.006998005019118815,0.011775254627675969,0.013997706904627356,-0.007041406850330117,-0.011800872234939967,0.00992115670676473,-0.006964392062586897,-0.011148544212509225,0.013991030909000248,-0.008275074179774104,1,0.01596292394554006,-0.00482491523414928,-0.012709352174061533,0.02519416772798677,-0.008170097624111191,0.01770511315926673,-0.00678834898336338,-0.003001331298833108,-0.004805643264572765,0.013769134967860515,0.023938711250634046,0.011980520299451803,0.015299400037067382,0.01793151170370328,-0.01072936554090634,0.013999893698196784,-0.00514141575215706,0.01996880915508327,-0.0050694903371002065,-0.011741361202732132,-0.008125404695805645,0.019079084545031356,0.015271560491585895,-0.013664100619128138,0.009910332405597083,0.019812819867532,0.013479727532577224,0.011950144370661338,-0.005857750386268747,-0.01323045912014295,0.03159597120777154,0.023999856831880884,0.009863196999035234,-0.011618224914991645,0.019766318295761674,0.011622823098428645,-0.008141509028083646,0.015969613423842774,-0.007399842571167083,0.025993004406869673,0.011912733002282166,-0.006367161051378634,0.023545320632877786,-0.008560960694101394,-0.010019602215367698,0.01598891958587973,-0.006888159352252662,-0.006455910252229333,0.01776160255450089,0.01711007989764495,-0.007140603116832482,0.017694500265993895,-0.0015489875669603827,0.009947732391532179,0.013885689722363126,0.00778760140119743,0.019991861165943536,0.01781175985358729,-0.004748022544504019,-0.004897087842099488,-0.0033897710927708667,-0.007212325472404576,-0.0031065227264170285,-0.003833456184712249,0.01397408410108595,-0.00923625832550579,0.01589087559456434,-0.007622579559211511,0.005972521748132736,-0.01252325016395114,0.013566972019194408,0.019638758907543866,-0.004444278948742314,-0.0071401584658853995,-0.010059142089759917,-0.006134727289409619,0.019633974542750766,0.013992390705076744,0.0197566347232876,0.01195560197878908,0.017680320000647894,-0.005207584847731971,-0.0019374210453914301,agent65,-1
-1,-0.0059207571423071925,-0.004494895468115962,-0.015367901412565837,-0.010492442541360497,-0.004914465335374191,-0.007963598699405924,-0.006998005019118815,0.011775254627675969,0.013997706904627356,-0.007041406850330117,-0.011800872234939967,0.00992115670676473,-0.006964392062586897,-0.011148544212509225,0.013991030909000248,-0.008275074179774104,1,0.01596292394554006,-0.00482491523414928,-0.012709352174061533,0.02519416772798677,-0.008170097624111191,0.01770511315926673,-0.00678834898336338,-0.003001331298833108,-0.004805643264572765,0.013769134967860515,0.023938711250634046,0.011980520299451803,0.015299400037067382,0.01793151170370328,-0.01072936554090634,0.013999893698196784,-0.00514141575215706,0.01996880915508327,-0.0050694903371002065,-0.011741361202732132,-0.008125404695805645,0.019079084545031356,0.015271560491585895,-0.013664100619128138,0.009910332405597083,0.019812819867532,0.013479727532577224,0.011950144370661338,-0.005857750386268747,-0.01323045912014295,0.03159597120777154,0.023999856831880884,0.009863196999035234,-0.011618224914991645,0.019766318295761674,0.011622823098428645,-0.008141509028083646,0.015969613423842774,-0.007399842571167083,0.025993004406869673,0.011912733002282166,-0.006367161051378634,0.023545320632877786,-0.008560960694101394,-0.010019602215367698,0.01598891958587973,-0.006888159352252662,-0.006455910252229333,0.01776160255450089,0.01711007989764495,-0.007140603116832482,0.017694500265993895,-0.0015489875669603827,0.009947732391532179,0.013885689722363126,0.00778760140119743,0.019991861165943536,0.01781175985358729,-0.004748022544504019,-0.004897087842099488,-0.0033897710927708667,-0.007212325472404576,-0.0031065227264170285,-0.003833456184712249,0.01397408410108595,-0.00923625832550579,0.01589087559456434,-0.007622579559211511,0.005972521748132736,-0.01252325016395114,0.013566972019194408,0.019638758907543866,-0.004444278948742314,-0.0071401584658853995,-0.010059142089759917,-0.006134727289409619,0.019633974542750766,0.013992390705076744,0.0197566347232876,0.01395560197878908,0.017680320000647894,-0.005207584847731971,-0.0019374210453914301,agent96,-1
-1,-0.0059207571423071925,-0.004494895468115962,-0.015367901412565837,-0.010492442541360497,-0.004914465335374191,-0.007963598699405924,-0.006998005019118815,0.011775254627675969,0.013997706904627356,-0.007041406850330117,-0.011800872234939967,0.00992115670676473,-0.006964392062586897,-0.011148544212509225,0.013991030909000248,-0.008275074179774104,1,0.01596292394554006,-0.00482491523414928,-0.012709352174061533,0.027194167727986773,-0.008170097624111191,0.01770511315926673,-0.00678834898336338,-0.003001331298833108,-0.004805643264572765,0.013769134967860515,0.023938711250634046,0.011980520299451803,0.015299400037067382,0.01793151170370328,-0.01072936554090634,0.013999893698196784,-0.00514141575215706,0.01996880915508327,-0.0050694903371002065,-0.011741361202732132,-0.008125404695805645,0.019079084545031356,0.015271560491585895,-0.013664100619128138,0.009910332405597083,0.019812819867532,0.013479727532577224,0.011950144370661338,-0.005857750386268747,-0.01323045912014295,0.03159597120777154,0.023999856831880884,0.009863196999035234,-0.011618224914991645,0.019766318295761674,0.011622823098428645,-0.008141509028083646,0.015969613423842774,-0.007399842571167083,0.025993004406869673,0.011912733002282166,-0.006367161051378634,0.023545320632877786,-0.008560960694101394,-0.010019602215367698,0.01598891958587973,-0.006888159352252662,-0.006455910252229333,0.01776160255450089,0.01711007989764495,-0.007140603116832482,0.017694500265993895,-0.0015489875669603827,0.009947732391532179,0.013885689722363126,0.00778760140119743,0.019991861165943536,0.01781175985358729,-0.004748022544504019,-0.004897087842099488,-0.0033897710927708667,-0.007212325472404576,-0.0031065227264170285,-0.003833456184712249,0.01397408410108595,-0.00923625832550579,0.01589087559456434,-0.007622579559211511,0.005972521748132736,-0.01252325016395114,0.013566972019194408,0.019638758907543866,-0.004444278948742314,-0.0071401584658853995,-0.010059142089759917,-0.006134727289409619,0.019633974542750766,0.013992390705076744,0.0197566347232876,0.01395560197878908,0.017680320000647894,-0.005207584847731971,-0.0019374210453914301,agent20,-1
-1,-0.0059207571423071925,-0.004494895468115962,-0.015367901412565837,-0.010492442541360497,-0.004914465335374191,-0.007963598699405924,-0.006998005019118815,0.011775254627675969,0.013997706904627356,-0.007041406850330117,-0.011800872234939967,0.00992115670676473,-0.006964392062586897,-0.011148544212509225,0.013991030909000248,-0.008275074179774104,1,0.01596292394554006,-0.00482491523414928,-0.012709352174061533,0.027194167727986773,-0.008170097624111191,0.01770511315926673,-0.00678834898336338,-0.003001331298833108,-0.004805643264572765,0.013769134967860515,0.023938711250634046,0.011980520299451803,0.015299400037067382,0.01793151170370328,-0.01072936554090634,0.013999893698196784,-0.00514141575215706,0.01996880915508327,-0.0050694903371002065,-0.011741361202732132,-0.008125404695805645,0.019079084545031356,0.015271560491585895,-0.013664100619128138,0.009910332405597083,0.019812819867532,0.013479727532577224,0.011950144370661338,-0.005857750386268747,-0.01323045912014295,0.03159597120777154,0.023999856831880884,0.011840835524750402,-0.011618224914991645,0.019766318295761674,0.011622823098428645,-0.008141509028083646,0.015969613423842774,-0.007399842571167083,0.025993004406869673,0.011912733002282166,-0.006367161051378634,0.023545320632877786,-0.008560960694101394,-0.010019602215367698,0.01598891958587973,-0.006888159352252662,-0.006455910252229333,0.01776160255450089,0.01711007989764495,-0.007140603116832482,0.017694500265993895,-0.0015489875669603827,0.009947732391532179,0.013885689722363126,0.00778760140119743,0.019991861165943536,0.01781175985358729,-0.004748022544504019,-0.004897087842099488,-0.0033897710927708667,-0.007212325472404576,-0.0031065227264170285,-0.003833456184712249,0.01397408410108595,-0.00923625832550579,0.01589087559456434,-0.007622579559211511,0.005972521748132736,-0.01252325016395114,0.013566972019194408,0.019638758907543866,-0.004444278948742314,-0.0071401584658853995,-0.010059142089759917,-0.006134727289409619,0.019633974542750766,0.013992390705076744,0.0197566347232876,0.01395560197878908,0.017680320000647894,-0.005207584847731971,-0.0019374210453914301,agent49,-0.7885219903402165
-1,-0.0059207571423071925,-0.004494895468115962,-0.015367901412565837,-0.010492442541360497,-0.004914465335374191,-0.007963598699405924,-0.006998005019118815,0.011775254627675969,0.013997706904627356,-0.007041406850330117,-0.011800872234939967,0.00992115670676473,-0.006964392062586897,-0.011148544212509225,0.013991030909000248,-0.008275074179774104,1,0.01596292394554006,-0.00482491523414928,-0.012709352174061533,0.027194167727986773,-0.008170097624111191,0.01770511315926673,-0.00678834898336338,-0.003001331298833108,-0.004805643264572765,0.013769134967860515,0.023938711250634046,0.011980520299451803,0.015299400037067382,0.01793151170370328,-0.01072936554090634,0.013999893698196784,-0.00514141575215706,0.01996880915508327,-0.0050694903371002065,-0.011741361202732132,-0.008125404695805645,0.019079084545031356,0.015271560491585895,-0.013664100619128138,0.009910332405597083,0.019812819867532,0.013479727532577224,0.013950144370661338,-0.005857750386268747,-0.01323045912014295,0.03159597120777154,0.023999856831880884,0.011840835524750402,-0.011618224914991645,0.019766318295761674,0.011622823098428645,-0.008141509028083646,0.015969613423842774,-0.007399842571167083,0.025993004406869673,0.011912733002282166,-0.006367161051378634,0.023545320632877786,-0.008560960694101394,-0.010019602215367698,0.01598891958587973,-0.006888159352252662,-0.006455910252229333,0.01776160255450089,0.01711007989764495,-0.007140603116832482,0.017694500265993895,-0.0015489875669603827,0.009947732391532179,0.013885689722363126,0.00778760140119743,0.019991861165943536,0.01781175985358729,-0.004748022544504019,-0.004897087842099488,-0.0033897710927708667,-0.007212325472404576,-0.0031065227264170285,-0.003833456184712249,0.01397408410108595,-0.00923625832550579,0.01589087559456434,-0.007622579559211511,0.005972521748132736,-0.01252325016395114,0.013566972019194408,0.019638758907543866,-0.004444278948742314,-0.0071401584658853995,-0.010059142089759917,-0.006134727289409619,0.019633974542750766,0.013992390705076744,0.0197566347232876,0.01395560197878908,0.017680320000647894,-0.005207584847731971,-0.0019374210453914301,agent44,-1
-1,-0.0059207571423071925,-0.004494895468115962,-0.015367901412565837,-0.010492442541360497,-0.004914465335374191,-0.007963598699405924,-0.006998005019118815,0.011775254627675969,0.015997706904627356,-0.007041406850330117,-0.011800872234939967,0.00992115670676473,-0.006964392062586897,-0.011148544212509225,0.013991030909000248,-0.008275074179774104,1,0.01596292394554006,-0.00482491523414928,-0.012709352174061533,0.027194167727986773,-0.008170097624111191,0.01770511315926673,-0.00678834898336338,-0.003001331298833108,-0.004805643264572765,0.013769134967860515,0.023938711250634046,0.011980520299451803,0.015299400037067382,0.01793151170370328,-0.01072936554090634,0.013999893698196784,-0.00514141575215706,0.01996880915508327,-0.0050694903371002065,-0.011741361202732132,-0.008125404695805645,0.019079084545031356,0.015271560491585895,-0.013664100619128138,0.009910332405597083,0.019812819867532,0.013479727532577224,0.013950144370661338,-0.005857750386268747,-0.01323045912014295,0.03159597120777154,0.023999856831880884,0.011840835524750402,-0.011618224914991645,0.019766318295761674,0.011622823098428645,-0.008141509028083646,0.015969613423842774,-0.007399842571167083,0.025993004406869673,0.011912733002282166,-0.006367161051378634,0.023545320632877786,-0.008560960694101394,-0.010019602215367698,0.01598891958587973,-0.006888159352252662,-0.006455910252229333,0.01776160255450089,0.01711007989764495,-0.007140603116832482,0.017694500265993895,-0.0015489875669603827,0.009947732391532179,0.013885689722363126,0.00778760140119743,0.019991861165943536,0.01781175985358729,-0.004748022544504019,-0.004897087842099488,-0.0033897710927708667,-0.007212325472404576,-0.0031065227264170285,-0.003833456184712249,0.01397408410108595,-0.00923625832550579,0.01589087559456434,-0.007622579559211511,0.005972521748132736,-0.01252325016395114,0.013566972019194408,0.019638758907543866,-0.004444278948742314,-0.0071401584658853995,-0.010059142089759917,-0.006134727289409619,0.019633974542750766,0.013992390705076744,0.0197566347232876,0.01395560197878908,0.017680320000647894,-0.005207584847731971,-0.0019374210453914301,agent8,-1
-1,-0.0059207571423071925,-0.004494895468115962,-0.015367901412565837,-0.010492442541360497,-0.004914465335374191,-0.007963598699405924,-0.006998005019118815,0.011775254627675969,0.015997706904627356,-0.007041406850330117,-0.011800872234939967,0.00992115670676473,-0.006964392062586897,-0.011148544212509225,0.013991030909000248,-0.008275074179774104,1,0.01596292394554006,-0.00482491523414928,-0.012709352174061533,0.027194167727986773,-0.008170097624111191,0.01770511315926673,-0.00678834898336338,-0.003001331298833108,-0.004805643264572765,0.013769134967860515,0.023938711250634046,0.011980520299451803,0.015299400037067382,0.01793151170370328,-0.01072936554090634,0.013999893698196784,-0.00514141575215706,0.01996880915508327,-0.0050694903371002065,-0.011741361202732132,-0.008125404695805645,0.019079084545031356,0.015271560491585895,-0.013664100619128138,0.009910332405597083,0.019812819867532,0.013479727532577224,0.015950144370661338,-0.005857750386268747,-0.01323045912014295,0.03159597120777154,0.023999856831880884,0.011840835524750402,-0.011618224914991645,0.019766318295761674,0.011622823098428645,-0.008141509028083646,0.015969613423842774,-0.007399842571167083,0.025993004406869673,0.011912733002282166,-0.006367161051378634,0.023545320632877786,-0.008560960694101394,-0.010019602215367698,0.01598891958587973,-0.006888159352252662,-0.006455910252229333,0.01776160255450089,0.01711007989764495,-0.007140603116832482,0.017694500265993895,-0.0015489875669603827,0.009947732391532179,0.013885689722363126,0.00778760140119743,0.019991861165943536,0.01781175985358729,-0.004748022544504019,-0.004897087842099488,-0.0033897710927708667,-0.007212325472404576,-0.0031065227264170285,-0.003833456184712249,0.01397408410108595,-0.00923625832550579,0.01589087559456434,-0.007622579559211511,0.005972521748132736,-0.01252325016395114,0.013566972019194408,0.019638758907543866,-0.004444278948742314,-0.0071401584658853995,-0.010059142089759917,-0.006134727289409619,0.019633974542750766,0.013992390705076744,0.0197566347232876,0.01395560197878908,0.017680320000647894,-0.005207584847731971,-0.0019374210453914301,agent44,-1
-1,-0.0059207571423071925,-0.004494895468115962,-0.015367901412565837,-0.010492442541360497,-0.004914465335374191,-0.007963598699405924,-0.006998005019118815,0.011775254627675969,0.015997706904627356,-0.007041406850330117,-0.011800872234939967,0.00992115670676473,-0.006964392062586897,-0.011148544212509225,0.013991030909000248,-0.008275074179774104,1,0.01596292394554006,-0.00482491523414928,-0.012709352174061533,0.027194167727986773,-0.008170097624111191,0.01770511315926673,-0.00678834898336338,-0.003001331298833108,-0.004805643264572765,0.013769134967860515,0.023938711250634046,0.011980520299451803,0.015299400037067382,0.01793151170370328,-0.01072936554090634,0.013999893698196784,-0.00514141575215706,0.01996880915508327,-0.0050694903371002065,-0.011741361202732132,-0.008125404695805645,0.019079084545031356,0.015271560491585895,-0.013664100619128138,0.009910332405597083,0.019812819867532,0.015479727532577224,0.015950144370661338,-0.005857750386268747,-0.01323045912014295,0.03159597120777154,0.023999856831880884,0.011840835524750402,-0.011618224914991645,0.019766318295761674,0.011622823098428645,-0.008141509028083646,0.015969613423842774,-0.007399842571167083,0.025993004406869673,0.011912733002282166,-0.006367161051378634,0.023545320632877786,-0.008560960694101394,-0.010019602215367698,0.01598891958587973,-0.006888159352252662,-0.006455910252229333,0.01776160255450089,0.01711007989764495,-0.007140603116832482,0.017694500265993895,-0.0015489875669603827,0.009947732391532179,0.013885689722363126,0.00778760140119743,0.019991861165943536,0.01781175985358729,-0.004748022544504019,-0.004897087842099488,-0.0033897710927708667,-0.007212325472404576,-0.0031065227264170285,-0.003833456184712249,0.01397408410108595,-0.00923625832550579,0.01589087559456434,-0.007622579559211511,0.005972521748132736,-0.01252325016395114,0.013566972019194408,0.019638758907543866,-0.004444278948742314,-0.0071401584658853995,-0.010059142089759917,-0.006134727289409619,0.019633974542750766,0.013992390705076744,0.0197566347232876,0.01395560197878908,0.017680320000647894,-0.005207584847731971,-0.0019374210453914301,agent43,-1
-1,-0.0059207571423071925,-0.004494895468115962,-0.015367901412565837,-0.010492442541360497,-0.004914465335374191,-0.007963598699405924,-0.006998005019118815,0.011775254627675969,0.015997706904627356,-0.007041406850330117,-0.011800872234939967,0.00992115670676473,-0.006964392062586897,-0.011148544212509225,0.013991030909000248,-0.008275074179774104,1,0.01596292394554006,-0.00482491523414928,-0.012709352174061533,0.027194167727986773,-0.008170097624111191,0.01770511315926673,-0.00678834898336338,-0.003001331298833108,-0.004805643264572765,0.013769134967860515,0.023938711250634046,0.013979047894023447,0.015299400037067382,0.01793151170370328,-0.01072936554090634,0.013999893698196784,-0.00514141575215706,0.01996880915508327,-0.0050694903371002065,-0.011741361202732132,-0.008125404695805645,0.019079084545031356,0.015271560491585895,-0.013664100619128138,0.009910332405597083,0.019812819867532,0.015479727532577224,0.015950144370661338,-0.005857750386268747,-0.01323045912014295,0.03159597120777154,0.023999856831880884,0.011840835524750402,-0.011618224914991645,0.019766318295761674,0.011622823098428645,-0.008141509028083646,0.015969613423842774,-0.007399842571167083,0.025993004406869673,0.011912733002282166,-0.006367161051378634,0.023545320632877786,-0.008560960694101394,-0.010019602215367698,0.01598891958587973,-0.006888159352252662,-0.006455910252229333,0.01776160255450089,0.01711007989764495,-0.007140603116832482,0.017694500265993895,-0.0015489875669603827,0.009947732391532179,0.013885689722363126,0.00778760140119743,0.019991861165943536,0.01781175985358729,-0.004748022544504019,-0.004897087842099488,-0.0033897710927708667,-0.007212325472404576,-0.0031065227264170285,-0.003833456184712249,0.01397408410108595,-0.00923625832550579,0.01589087559456434,-0.007622579559211511,0.005972521748132736,-0.01252325016395114,0.013566972019194408,0.019638758907543866,-0.004444278948742314,-0.0071401584658853995,-0.010059142089759917,-0.006134727289409619,0.019633974542750766,0.013992390705076744,0.0197566347232876,0.01395560197878908,0.017680320000647894,-0.005207584847731971,-0.0019374210453914301,agent28,-0.9457338885056775
-1,-0.0059207571423071925,-0.004494895468115962,-0.015367901412565837,-0.010492442541360497,-0.004914465335374191,-0.007963598699405924,-0.006998005019118815,0.011775254627675969,0.015997706904627356,-0.007041406850330117,-0.011800872234939967,0.00992115670676473,-0.006964392062586897,-0.011148544212509225,0.013991030909000248,-0.008275074179774104,1,0.01596292394554006,-0.00482491523414928,-0.012709352174061533,0.027194167727986773,-0.008170097624111191,0.01770511315926673,-0.00678834898336338,-0.003001331298833108,-0.004805643264572765,0.013769134967860515,0.023938711250634046,0.013979047894023447,0.015299400037067382,0.01793151170370328,-0.01072936554090634,0.013999893698196784,-0.00514141575215706,0.01996880915508327,-0.0050694903371002065,-0.011741361202732132,-0.008125404695805645,0.019079084545031356,0.015271560491585895,-0.013664100619128138,0.009910332405597083,0.019812819867532,0.015479727532577224,0.015950144370661338,-0.005857750386268747,-0.01323045912014295,0.03159597120777154,0.023999856831880884,0.011840835524750402,-0.011618224914991645,0.019766318295761674,0.011622823098428645,-0.008141509028083646,0.015969613423842774,-0.007399842571167083,0.025993004406869673,0.011912733002282166,-0.006367161051378634,0.023545320632877786,-0.008560960694101394,-0.010019602215367698,0.01598891958587973,-0.006888159352252662,-0.006455910252229333,0.01776160255450089,0.01711007989764495,-0.007140603116832482,0.017694500265993895,-0.0015489875669603827,0.009947732391532179,0.013885689722363126,0.00778760140119743,0.019991861165943536,0.01781175985358729,-0.004748022544504019,-0.004897087842099488,-0.0033897710927708667,-0.007212325472404576,-0.0031065227264170285,-0.003833456184712249,0.01397408410108595,-0.00923625832550579,0.01589087559456434,-0.007622579559211511,0.005972521748132736,-0.01252325016395114,0.013566972019194408,0.019638758907543866,-0.004444278948742314,-0.0071401584658853995,-0.010059142089759917,-0.006134727289409619,0.019633974542750766,0.013992390705076744,0.0197566347232876,0.01395560197878908,0.017680320000647894,-0.005207584847731971,-0.0019374210453914301,agent80,1
-1,-0.0059207571423071925,-0.004494895468115962,-0.015367901412565837,-0.010492442541360497,-0.004914465335374191,-0.007963598699405924,-0.006998005019118815,0.011775254627675969,0.015997706904627356,-0.007041406850330117,-0.011800872234939967,0.00992115670676473,-0.006964392062586897,-0.011148544212509225,0.013991030909000248,-0.008275074179774104,1,0.01596292394554006,-0.00482491523414928,-0.012709352174061533,0.027194167727986773,-0.008170097624111191,0.01770511315926673,-0.00678834898336338,-0.003001331298833108,-0.004805643264572765,0.013769134967860515,0.023938711250634046,0.013979047894023447,0.015299400037067382,0.01793151170370328,-0.01072936554090634,0.013999893698196784,-0.00514141575215706,0.01996880915508327,-0.0050694903371002065,-0.011741361202732132,-0.008125404695805645,0.019079084545031356,0.015271560491585895,-0.013664100619128138,0.009910332405597083,0.019812819867532,0.015479727532577224,0.015950144370661338,-0.005857750386268747,-0.01323045912014295,0.03159597120777154,0.023999856831880884,0.011840835524750402,-0.011618224914991645,0.019766318295761674,0.011622823098428645,-0.008141509028083646,0.015969613423842774,-0.007399842571167083,0.025993004406869673,0.011912733002282166,-0.006367161051378634,0.023545320632877786,-0.008560960694101394,-0.010019602215367698,0.01598891958587973,-0.006888159352252662,-0.006455910252229333,0.01776160255450089,0.01711007989764495,-0.007140603116832482,0.017694500265993895,-0.0015489875669603827,0.009947732391532179,0.013885689722363126,0.00778760140119743,0.019991861165943536,0.01781175985358729,-0.004748022544504019,-0.004897087842099488,-0.0033897710927708667,-0.007212325472404576,-0.0031065227264170285,-0.003833456184712249,0.01397408410108595,-0.00923625832550579,0.01589087559456434,-0.007622579559211511,0.005972521748132736,-0.01252325016395114,0.013566972019194408,0.019638758907543866,-0.004444278948742314,-0.0071401584658853995,-0.010059142089759917,-0.006134727289409619,0.019633974542750766,0.013992390705076744,0.0197566347232876,0.01395560197878908,0.017680320000647894,-0.005207584847731971,-0.0019374210453914301,agent63,1
-1,-0.0059207571423071925,-0.004494895468115962,-0.015367901412565837,-0.010492442541360497,-0.004914465335374191,-0.007963598699405924,-0.006998005019118815,0.011775254627675969,0.015997706904627356,-0.007041406850330117,-0.011800872234939967,0.00992115670676473,-0.006964392062586897,-0.011148544212509225,0.013991030909000248,-0.008275074179774104,1,0.01596292394554006,-0.00482491523414928,-0.012709352174061533,0.027194167727986773,-0.008170097624111191,0.01770511315926673,-0.00678834898336338,-0.003001331298833108,-0.004805643264572765,0.013769134967860515,0.023938711250634046,0.013979047894023447,0.015299400037067382,0.01793151170370328,-0.01072936554090634,0.015999893698196786,-0.00514141575215706,0.01996880915508327,-0.0050694903371002065,-0.011741361202732132,-0.008125404695805645,0.019079084545031356,0.015271560491585895,-0.013664100619128138,0.009910332405597083,0.019812819867532,0.015479727532577224,0.015950144370661338,-0.005857750386268747,-0.01323045912014295,0.03159597120777154,0.023999856831880884,0.011840835524750402,-0.011618224914991645,0.019766318295761674,0.011622823098428645,-0.008141509028083646,0.015969613423842774,-0.007399842571167083,0.025993004406869673,0.011912733002282166,-0.006367161051378634,0.023545320632877786,-0.008560960694101394,-0.010019602215367698,0.01598891958587973,-0.006888159352252662,-0.006455910252229333,0.01776160255450089,0.01711007989764495,-0.007140603116832482,0.017694500265993895,-0.0015489875669603827,0.009947732391532179,0.013885689722363126,0.00778760140119743,0.019991861165943536,0.01781175985358729,-0.004748022544504019,-0.004897087842099488,-0.0033897710927708667,-0.007212325472404576,-0.0031065227264170285,-0.003833456184712249,0.01397408410108595,-0.00923625832550579,0.01589087559456434,-0.007622579559211511,0.005972521748132736,-0.01252325016395114,0.013566972019194408,0.019638758907543866,-0.004444278948742314,-0.0071401584658853995,-0.010059142089759917,-0.006134727289409619,0.019633974542750766,0.013992390705076744,0.0197566347232876,0.01395560197878908,0.017680320000647894,-0.005207584847731971,-0.0019374210453914301,agent32,-1
-1,-0.0059207571423071925,-0.004494895468115962,-0.015367901412565837,-0.010492442541360497,-0.004914465335374191,-0.007963598699405924,-0.006998005019118815,0.011775254627675969,0.015997706904627356,-0.007041406850330117,-0.011800872234939967,0.00992115670676473,-0.006964392062586897,-0.011148544212509225,0.013991030909000248,-0.008275074179774104,1,0.01596292394554006,-0.00482491523414928,-0.012709352174061533,0.027194167727986773,-0.008170097624111191,0.01770511315926673,-0.00678834898336338,-0.003001331298833108,-0.004805643264572765,0.013769134967860515,0.023938711250634046,0.013979047894023447,0.015299400037067382,0.01793151170370328,-0.01072936554090634,0.015999893698196786,-0.00514141575215706,0.01996880915508327,-0.0050694903371002065,-0.011741361202732132,-0.008125404695805645,0.019079084545031356,0.015271560491585895,-0.013664100619128138,0.009910332405597083,0.019812819867532,0.017479727532577226,0.015950144370661338,-0.005857750386268747,-0.01323045912014295,0.03159597120777154,0.023999856831880884,0.011840835524750402,-0.011618224914991645,0.019766318295761674,0.011622823098428645,-0.008141509028083646,0.015969613423842774,-0.007399842571167083,0.025993004406869673,0.011912733002282166,-0.006367161051378634,0.023545320632877786,-0.008560960694101394,-0.010019602215367698,0.01598891958587973,-0.006888159352252662,-0.006455910252229333,0.01776160255450089,0.01711007989764495,-0.007140603116832482,0.017694500265993895,-0.0015489875669603827,0.009947732391532179,0.013885689722363126,0.00778760140119743,0.019991861165943536,0.01781175985358729,-0.004748022544504019,-0.004897087842099488,-0.0033897710927708667,-0.007212325472404576,-0.0031065227264170285,-0.003833456184712249,0.01397408410108595,-0.00923625832550579,0.01589087559456434,-0.007622579559211511,0.005972521748132736,-0.01252325016395114,0.013566972019194408,0.019638758907543866,-0.004444278948742314,-0.0071401584658853995,-0.010059142089759917,-0.006134727289409619,0.019633974542750766,0.013992390705076744,0.0197566347232876,0.01395560197878908,0.017680320000647894,-0.005207584847731971,-0.0019374210453914301,agent43,-1
-1,-0.0059207571423071925,-0.004494895468115962,-0.015367901412565837,-0.010492442541360497,-0.004914465335374191,-0.007963598699405924,-0.006998005019118815,0.011775254627675969,0.015997706904627356,-0.007041406850330117,-0.011800872234939967,0.00992115670676473,-0.006964392062586897,-0.011148544212509225,0.013991030909000248,-0.008275074179774104,1,0.01596292394554006,-0.00482491523414928,-0.012709352174061533,0.027194167727986773,-0.008170097624111191,0.01770511315926673,-0.00678834898336338,-0.003001331298833108,-0.004805643264572765,0.013769134967860515,0.023938711250634046,0.013979047894023447,0.015299400037067382,0.01793151170370328,-0.01072936554090634,0.015999893698196786,-0.00514141575215706,0.01996880915508327,-0.0050694903371002065,-0.011741361202732132,-0.008125404695805645,0.019079084545031356,0.015271560491585895,-0.013664100619128138,0.009910332405597083,0.019812819867532,0.017479727532577226,0.015950144370661338,-0.005857750386268747,-0.01323045912014295,0.03159597120777154,0.023999856831880884,0.011840835524750402,-0.011618224914991645,0.019766318295761674,0.011622823098428645,-0.008141509028083646,0.015969613423842774,-0.007399842571167083,0.025993004406869673,0.011912733002282166,-0.006367161051378634,0.023545320632877786,-0.008560960694101394,-0.010019602215367698,0.01598891958587973,-0.006888159352252662,-0.006455910252229333,0.01776160255450089,0.01711007989764495,-0.007140603116832482,0.017694500265993895,-0.0015489875669603827,0.009947732391532179,0.013885689722363126,0.00778760140119743,0.019991861165943536,0.01781175985358729,-0.004748022544504019,-0.004897087842099488,-0.0033897710927708667,-0.007212325472404576,-0.0031065227264170285,-0.003833456184712249,0.01397408410108595,-0.00923625832550579,0.01589087559456434,-0.007622579559211511,0.005972521748132736,-0.01252325016395114,0.013566972019194408,0.019638758907543866,-0.004444278948742314,-0.0071401584658853995,-0.010059142089759917,-0.006134727289409619,0.019633974542750766,0.013992390705076744,0.0197566347232876,0.01395560197878908,0.017680320000647894,-0.005207584847731971,-0.0019374210453914301,agent50,1
-1,-0.0059207571423071925,-0.004494895468115962,-0.015367901412565837,-0.010492442541360497,-0.004914465335374191,-0.007963598699405924,-0.006998005019118815,0.011775254627675969,0.015997706904627356,-0.007041406850330117,-0.011800872234939967,0.00992115670676473,-0.006964392062586897,-0.011148544212509225,0.013991030909000248,-0.008275074179774104,1,0.01596292394554006,-0.00482491523414928,-0.012709352174061533,0.027194167727986773,-0.008170097624111191,0.01770511315926673,-0.00678834898336338,-0.003001331298833108,-0.004805643264572765,0.013769134967860515,0.023938711250634046,0.013979047894023447,0.015299400037067382,0.01793151170370328,-0.01072936554090634,0.015999893698196786,-0.00514141575215706,0.01996880915508327,-0.0050694903371002065,-0.011741361202732132,-0.008125404695805645,0.019079084545031356,0.015271560491585895,-0.013664100619128138,0.009910332405597083,0.019812819867532,0.017479727532577226,0.015950144370661338,-0.005857750386268747,-0.01323045912014295,0.03159597120777154,0.023999856831880884,0.011840835524750402,-0.011618224914991645,0.019766318295761674,0.011622823098428645,-0.008141509028083646,0.015969613423842774,-0.007399842571167083,0.025993004406869673,0.011912733002282166,-0.006367161051378634,0.023545320632877786,-0.008560960694101394,-0.010019602215367698,0.01598891958587973,-0.006888159352252662,-0.006455910252229333,0.01776160255450089,0.01711007989764495,-0.007140603116832482,0.017694500265993895,-0.0015489875669603827,0.009947732391532179,0.013885689722363126,0.00778760140119743,0.019991861165943536,0.01781175985358729,-0.004748022544504019,-0.004897087842099488,-0.0033897710927708667,-0.007212325472404576,-0.0031065227264170285,-0.003833456184712249,0.01397408410108595,-0.00923625832550579,0.01589087559456434,-0.007622579559211511,0.005972521748132736,-0.01252325016395114,0.013566972019194408,0.019638758907543866,-0.004444278948742314,-0.0071401584658853995,-0.010059142089759917,-0.006134727289409619,0.019633974542750766,0.013992390705076744,0.0197566347232876,0.01395560197878908,0.017680320000647894,-0.005207584847731971,-0.0019374210453914301,agent58,1
-1,-0.0059207571423071925,-0.004494895468115962,-0.015367901412565837,-0.010492442541360497,-0.004914465335374191,-0.007963598699405924,-0.006998005019118815,0.011775254627675969,0.015997706904627356,-0.007041406850330117,-0.011800872234939967,0.00992115670676473,-0.006964392062586897,-0.011148544212509225,0.013991030909000248,-0.008275074179774104,1,0.01596292394554006,-0.00482491523414928,-0.012709352174061533,0.027194167727986773,-0.008170097624111191,0.01770511315926673,-0.00678834898336338,-0.003001331298833108,-0.004805643264572765,0.013769134967860515,0.023938711250634046,0.013979047894023447,0.015299400037067382,0.01793151170370328,-0.01072936554090634,0.015999893698196786,-0.00514141575215706,0.01996880915508327,-0.0050694903371002065,-0.011741361202732132,-0.008125404695805645,0.019079084545031356,0.015271560491585895,-0.013664100619128138,0.009910332405597083,0.019812819867532,0.017479727532577226,0.015950144370661338,-0.005857750386268747,-0.01323045912014295,0.03159597120777154,0.023999856831880884,0.011840835524750402,-0.011618224914991645,0.019766318295761674,0.011622823098428645,-0.008141509028083646,0.015969613423842774,-0.007399842571167083,0.025993004406869673,0.011912733002282166,-0.006367161051378634,0.023545320632877786,-0.008560960694101394,-0.010019602215367698,0.01598891958587973,-0.006888159352252662,-0.006455910252229333,0.01776160255450089,0.01711007989764495,-0.007140603116832482,0.017694500265993895,-0.0015489875669603827,0.009947732391532179,0.013885689722363126,0.00778760140119743,0.019991861165943536,0.01781175985358729,-0.004748022544504019,-0.004897087842099488,-0.0033897710927708667,-0.007212325472404576,-0.0031065227264170285,-0.003833456184712249,0.01397408410108595,-0.00923625832550579,0.01589087559456434,-0.007622579559211511,0.005972521748132736,-0.01252325016395114,0.013566972019194408,0.019638758907543866,-0.004444278948742314,-0.0071401584658853995,-0.010059142089759917,-0.006134727289409619,0.019633974542750766,0.013992390705076744,0.0197566347232876,0.01395560197878908,0.017680320000647894,-0.005207584847731971,-0.0019374210453914301,agent67,1
-1,-0.0059207571423071925,-0.004494895468115962,-0.015367901412565837,-0.010492442541360497,-0.004914465335374191,-0.007963598699405924,-0.006998005019118815,0.011775254627675969,0.015997706904627356,-0.007041406850330117,-0.011800872234939967,0.00992115670676473,-0.006964392062586897,-0.011148544212509225,0.013991030909000248,-0.008275074179774104,1,0.01596292394554006,-0.00482491523414928,-0.012709352174061533,0.027194167727986773,-0.008170097624111191,0.01770511315926673,-0.00678834898336338,-0.003001331298833108,-0.004805643264572765,0.013769134967860515,0.023938711250634046,0.013979047894023447,0.015299400037067382,0.01793151170370328,-0.01072936554090634,0.015999893698196786,-0.00514141575215706,0.01996880915508327,-0.0050694903371002065,-0.011741361202732132,-0.008125404695805645,0.019079084545031356,0.015271560491585895,-0.013664100619128138,0.009910332405597083,0.019812819867532,0.017479727532577226,0.015950144370661338,-0.005857750386268747,-0.01323045912014295,0.03159597120777154,0.023999856831880884,0.011840835524750402,-0.011618224914991645,0.019766318295761674,0.011622823098428645,-0.008141509028083646,0.015969613423842774,-0.007399842571167083,0.025993004406869673,0.011912733002282166,-0.006367161051378634,0.023545320632877786,-0.008560960694101394,-0.010019602215367698,0.01598891958587973,-0.006888159352252662,-0.006455910252229333,0.01776160255450089,0.01711007989764495,-0.007140603116832482,0.017694500265993895,-0.0015489875669603827,0.009947732391532179,0.013885689722363126,0.00778760140119743,0.019991861165943536,0.01781175985358729,-0.004748022544504019,-0.004897087842099488,-0.0033897710927708667,-0.007212325472404576,-0.0031065227264170285,-0.003833456184712249,0.01397408410108595,-0.00923625832550579,0.01589087559456434,-0.007622579559211511,0.005972521748132736,-0.01252325016395114,0.013566972019194408,0.019638758907543866,-0.004444278948742314,-0.0071401584658853995,-0.010059142089759917,-0.006134727289409619,0.019633974542750766,0.013992390705076744,0.0197566347232876,0.01395560197878908,0.017680320000647894,-0.005207584847731971,-0.0019374210453914301,agent4,1
-1,-0.0059207571423071925,-0.004494895468115962,-0.015367901412565837,-0.010492442541360497,-0.004914465335374191,-0.007963598699405924,-0.006998005019118815,0.011775254627675969,0.015997706904627356,-0.007041406850330117,-0.011800872234939967,0.00992115670676473,-0.006964392062586897,-0.011148544212509225,0.013991030909000248,-0.008275074179774104,1,0.01596292394554006,-0.00482491523414928,-0.012709352174061533,0.027194167727986773,-0.008170097624111191,0.01770511315926673,-0.00678834898336338,-0.003001331298833108,-0.004805643264572765,0.013769134967860515,0.023938711250634046,0.013979047894023447,0.015299400037067382,0.01793151170370328,-0.01072936554090634,0.015999893698196786,-0.00514141575215706,0.01996880915508327,-0.0050694903371002065,-0.011741361202732132,-0.008125404695805645,0.019079084545031356,0.015271560491585895,-0.013664100619128138,0.009910332405597083,0.019812819867532,0.017479727532577226,0.015950144370661338,-0.005857750386268747,-0.01323045912014295,0.03159597120777154,0.023999856831880884,0.011840835524750402,-0.011618224914991645,0.019766318295761674,0.011622823098428645,-0.008141509028083646,0.015969613423842774,-0.007399842571167083,0.025993004406869673,0.011912733002282166,-0.006367161051378634,0.023545320632877786,-0.008560960694101394,-0.010019602215367698,0.01598891958587973,-0.006888159352252662,-0.006455910252229333,0.01776160255450089,0.01711007989764495,-0.007140603116832482,0.017694500265993895,-0.0015489875669603827,0.009947732391532179,0.013885689722363126,0.00778760140119743,0.019991861165943536,0.01781175985358729,-0.004748022544504019,-0.004897087842099488,-0.0033897710927708667,-0.007212325472404576,-0.0031065227264170285,-0.003833456184712249,0.01397408410108595,-0.00923625832550579,0.01589087559456434,-0.007622579559211511,0.005972521748132736,-0.01252325016395114,0.013566972019194408,0.019638758907543866,-0.004444278948742314,-0.0071401584658853995,-0.010059142089759917,-0.006134727289409619,0.019633974542750766,0.013992390705076744,0.0197566347232876,0.01395560197878908,0.017680320000647894,-0.005207584847731971,-0.0019374210453914301,agent19,1
-1,-0.0059207571423071925,-0.004494895468115962,-0.015367901412565837,-0.010492442541360497,-0.004914465335374191,-0.007963598699405924,-0.006998005019118815,0.011775254627675969,0.015997706904627356,-0.007041406850330117,-0.011800872234939967,0.00992115670676473,-0.006964392062586897,-0.011148544212509225,0.013991030909000248,-0.008275074179774104,1,0.01596292394554006,-0.00482491523414928,-0.012709352174061533,0.027194167727986773,-0.008170097624111191,0.01770511315926673,-0.00678834898336338,-0.003001331298833108,-0.004805643264572765,0.013769134967860515,0.023938711250634046,0.013979047894023447,0.015299400037067382,0.01793151170370328,-0.01072936554090634,0.015999893698196786,-0.00514141575215706,0.01996880915508327,-0.0050694903371002065,-0.011741361202732132,-0.008125404695805645,0.019079084545031356,0.015271560491585895,-0.013664100619128138,0.009910332405597083,0.019812819867532,0.017479727532577226,0.015950144370661338,-0.005857750386268747,-0.01323045912014295,0.03159597120777154,0.023999856831880884,0.011840835524750402,-0.011618224914991645,0.019766318295761674,0.011622823098428645,-0.008141509028083646,0.015969613423842774,-0.007399842571167083,0.025993004406869673,0.011912733002282166,-0.006367161051378634,0.023545320632877786,-0.008560960694101394,-0.010019602215367698,0.01598891958587973,-0.006888159352252662,-0.006455910252229333,0.01776160255450089,0.01711007989764495,-0.007140603116832482,0.017694500265993895,-0.0015489875669603827,0.009947732391532179,0.013885689722363126,0.00778760140119743,0.019991861165943536,0.01781175985358729,-0.004748022544504019,-0.004897087842099488,-0.0033897710927708667,-0.007212325472404576,-0.0031065227264170285,-0.003833456184712249,0.01397408410108595,-0.00923625832550579,0.01589087559456434,-0.007622579559211511,0.005972521748132736,-0.01252325016395114,0.013566972019194408,0.019638758907543866,-0.004444278948742314,-0.0071401584658853995,-0.01014966987620326,-0.006134727289409619,0.019633974542750766,0.013992390705076744,0.0197566347232876,0.01395560197878908,0.017680320000647894,-0.005207584847731971,-0.0019374210453914301,agent91,0.9542119708755532
-1,-0.0059207571423071925,-0.004494895468115962,-0.015367901412565837,-0.010492442541360497,-0.004914465335374191,-0.007963598699405924,-0.006998005019118815,0.011775254627675969,0.015997706904627356,-0.007041406850330117,-0.011800872234939967,0.00992115670676473,-0.006964392062586897,-0.011148544212509225,0.013991030909000248,-0.008275074179774104,1,0.01596292394554006,-0.00482491523414928,-0.012709352174061533,0.027194167727986773,-0.008170097624111191,0.01770511315926673,-0.00678834898336338,-0.003001331298833108,-0.004805643264572765,0.013769134967860515,0.023938711250634046,0.013979047894023447,0.015299400037067382,0.01793151170370328,-0.01072936554090634,0.015999893698196786,-0.00514141575215706,0.01996880915508327,-0.0050694903371002065,-0.011741361202732132,-0.008125404695805645,0.019079084545031356,0.015271560491585895,-0.013664100619128138,0.009910332405597083,0.019812819867532,0.017479727532577226,0.015950144370661338,-0.005857750386268747,-0.01323045912014295,0.03159597120777154,0.023999856831880884,0.011840835524750402,-0.011618224914991645,0.019766318295761674,0.011622823098428645,-0.008141509028083646,0.015969613423842774,-0.007399842571167083,0.025993004406869673,0.011912733002282166,-0.006367161051378634,0.023545320632877786,-0.008560960694101394,-0.010019602215367698,0.01598891958587973,-0.006888159352252662,-0.006455910252229333,0.01776160255450089,0.01711007989764495,-0.007140603116832482,0.017694500265993895,-0.0015489875669603827,0.009947732391532179,0.013885689722363126,0.00778760140119743,0.019991861165943536,0.01781175985358729,-0.004748022544504019,-0.004897087842099488,-0.0033897710927708667,-0.007212325472404576,-0.0031065227264170285,-0.003833456184712249,0.01397408410108595,-0.00923625832550579,0.01589087559456434,-0.007622579559211511,0.005972521748132736,-0.01252325016395114,0.015516686767533764,0.019638758907543866,-0.004444278948742314,-0.0071401584658853995,-0.01014966987620326,-0.006134727289409619,0.019633974542750766,0.013992390705076744,0.0197566347232876,0.01395560197878908,0.017680320000647894,-0.005207584847731971,-0.0019374210453914301,agent87,-0.6828714719214144
-1,-0.0059207571423071925,-0.004494895468115962,-0.015367901412565837,-0.010492442541360497,-0.004914465335374191,-0.007963598699405924,-0.006998005019118815,0.011775254627675969,0.015997706904627356,-0.007041406850330117,-0.011800872234939967,0.00992115670676473,-0.006964392062586897,-0.011148544212509225,0.013991030909000248,-0.008275074179774104,1,0.01596292394554006,-0.00482491523414928,-0.012709352174061533,0.027194167727986773,-0.008170097624111191,0.01770511315926673,-0.00678834898336338,-0.003001331298833108,-0.004805643264572765,0.013769134967860515,0.023938711250634046,0.013979047894023447,0.015299400037067382,0.01793151170370328,-0.01072936554090634,0.015999893698196786,-0.00514141575215706,0.01996880915508327,-0.0050694903371002065,-0.011741361202732132,-0.008125404695805645,0.019079084545031356,0.015271560491585895,-0.013664100619128138,0.009910332405597083,0.019812819867532,0.017479727532577226,0.015950144370661338,-0.005857750386268747,-0.01323045912014295,0.03159597120777154,0.023999856831880884,0.011840835524750402,-0.011618224914991645,0.019766318295761674,0.011622823098428645,-0.008141509028083646,0.015969613423842774,-0.007399842571167083,0.025993004406869673,0.011912733002282166,-0.006367161051378634,0.023545320632877786,-0.008560960694101394,-0.010019602215367698,0.01598891958587973,-0.006888159352252662,-0.006455910252229333,0.01776160255450089,0.01711007989764495,-0.007140603116832482,0.017694500265993895,-0.0015489875669603827,0.009947732391532179,0.013885689722363126,0.00778760140119743,0.019991861165943536,0.01781175985358729,-0.004748022544504019,-0.004897087842099488,-0.0033897710927708667,-0.007212325472404576,-0.0031065227264170285,-0.003833456184712249,0.01397408410108595,-0.00923625832550579,0.01589087559456434,-0.007622579559211511,0.005972521748132736,-0.01252325016395114,0.015516686767533764,0.019638758907543866,-0.004444278948742314,-0.0071401584658853995,-0.01014966987620326,-0.006134727289409619,0.019633974542750766,0.015992330607442425,0.0197566347232876,0.01395560197878908,0.017680320000647894,-0.005207584847731971,-0.0019374210453914301,agent94,-0.9890366397195887
-1,-0.0059207571423071925,-0.004494895468115962,-0.015367901412565837,-0.010492442541360497,-0.004914465335374191,-0.007963598699405924,-0.006998005019118815,0.011775254627675969,0.015997706904627356,-0.007041406850330117,-0.011800872234939967,0.00992115670676473,-0.006964392062586897,-0.011148544212509225,0.013991030909000248,-0.008275074179774104,1,0.01596292394554006,-0.00482491523414928,-0.012709352174061533,0.027194167727986773,-0.008170097624111191,0.01770511315926673,-0.00678834898336338,-0.003001331298833108,-0.004805643264572765,0.013769134967860515,0.023938711250634046,0.013979047894023447,0.015299400037067382,0.01793151170370328,-0.01072936554090634,0.015999893698196786,-0.00514141575215706,0.01996880915508327,-0.0050694903371002065,-0.011741361202732132,-0.008125404695805645,0.019079084545031356,0.015271560491585895,-0.013664100619128138,0.009910332405597083,0.019812819867532,0.017479727532577226,0.015950144370661338,-0.005857750386268747,-0.01323045912014295,0.03159597120777154,0.023999856831880884,0.011840835524750402,-0.011618224914991645,0.019766318295761674,0.011622823098428645,-0.008141509028083646,0.015969613423842774,-0.007399842571167083,0.025993004406869673,0.011912733002282166,-0.006367161051378634,0.023545320632877786,-0.008560960694101394,-0.010019602215367698,0.01598891958587973,-0.006888159352252662,-0.006455910252229333,0.01776160255450089,0.01711007989764495,-0.007140603116832482,0.017694500265993895,-0.0015489875669603827,0.009947732391532179,0.013885689722363126,0.00778760140119743,0.019991861165943536,0.01781175985358729,-0.004748022544504019,-0.004897087842099488,-0.0033897710927708667,-0.007212325472404576,-0.0031065227264170285,-0.003833456184712249,0.01397408410108595,-0.00923625832550579,0.01589087559456434,-0.007622579559211511,0.005972521748132736,-0.01252325016395114,0.015516686767533764,0.019638758907543866,-0.004444278948742314,-0.0071401584658853995,-0.01014966987620326,-0.006134727289409619,0.019633974542750766,0.015992330607442425,0.0197566347232876,0.01395560197878908,0.017680320000647894,-0.005207584847731971,-0.0019374210453914301,agent21,1
-1,-0.0059207571423071925,-0.004494895468115962,-0.015367901412565837,-0.010492442541360497,-0.004914465335374191,-0.007963598699405924,-0.006998005019118815,0.011775254627675969,0.015997706904627356,-0.007041406850330117,-0.011800872234939967,0.00992115670676473,-0.006964392062586897,-0.011148544212509225,0.013991030909000248,-0.008275074179774104,1,0.01596292394554006,-0.00482491523414928,-0.012709352174061533,0.027194167727986773,-0.008170097624111191,0.01770511315926673,-0.00678834898336338,-0.003001331298833108,-0.004805643264572765,0.013769134967860515,0.023938711250634046,0.013979047894023447,0.015299400037067382,0.01793151170370328,-0.01072936554090634,0.015999893698196786,-0.00514141575215706,0.01996880915508327,-0.0050694903371002065,-0.011741361202732132,-0.008125404695805645,0.019079084545031356,0.015271560491585895,-0.013664100619128138,0.009910332405597083,0.019812819867532,0.017479727532577226,0.015950144370661338,-0.005857750386268747,-0.01323045912014295,0.03159597120777154,0.023999856831880884,0.011840835524750402,-0.011618224914991645,0.019766318295761674,0.011622823098428645,-0.008141509028083646,0.015969613423842774,-0.007399842571167083,0.025993004406869673,0.011912733002282166,-0.006367161051378634,0.023545320632877786,-0.008560960694101394,-0.010019602215367698,0.01598891958587973,-0.006888159352252662,-0.006455910252229333,0.01776160255450089,0.01711007989764495,-0.007140603116832482,0.017694500265993895,-0.0015489875669603827,0.009947732391532179,0.013885689722363126,0.00778760140119743,0.019991861165943536,0.01781175985358729,-0.004748022544504019,-0.004897087842099488,-0.0033897710927708667,-0.007212325472404576,-0.0031065227264170285,-0.003833456184712249,0.01397408410108595,-0.00923625832550579,0.01589087559456434,-0.007622579559211511,0.005972521748132736,-0.01252325016395114,0.015516686767533764,0.019638758907543866,-0.004444278948742314,-0.0071401584658853995,-0.01014966987620326,-0.006134727289409619,0.019633974542750766,0.015992330607442425,0.0197566347232876,0.01395560197878908,0.017680320000647894,-0.005207584847731971,-0.0019374210453914301,agent67,1
-1,-0.0059207571423071925,-0.004494895468115962,-0.015367901412565837,-0.010492442541360497,-0.004914465335374191,-0.007963598699405924,-0.006998005019118815,0.011775254627675969,0.015997706904627356,-0.007041406850330117,-0.011800872234939967,0.00992115670676473,-0.006964392062586897,-0.011148544212509225,0.013991030909000248,-0.008275074179774104,1,0.01596292394554006,-0.00482491523414928,-0.012709352174061533,0.027194167727986773,-0.008170097624111191,0.01770511315926673,-0.00678834898336338,-0.003001331298833108,-0.004805643264572765,0.013769134967860515,0.023938711250634046,0.013979047894023447,0.015299400037067382,0.01793151170370328,-0.01072936554090634,0.015999893698196786,-0.00514141575215706,0.01996880915508327,-0.0050694903371002065,-0.011741361202732132,-0.008125404695805645,0.019079084545031356,0.015271560491585895,-0.013664100619128138,0.009910332405597083,0.019812819867532,0.017479727532577226,0.015950144370661338,-0.005857750386268747,-0.01323045912014295,0.03159597120777154,0.023999856831880884,0.011840835524750402,-0.011618224914991645,0.019766318295761674,0.011622823098428645,-0.008141509028083646,0.015969613423842774,-0.007399842571167083,0.025993004406869673,0.011912733002282166,-0.006367161051378634,0.023545320632877786,-0.008560960694101394,-0.010019602215367698,0.01598891958587973,-0.006888159352252662,-0.006455910252229333,0.01776160255450089,0.01711007989764495,-0.007140603116832482,0.017694500265993895,-0.0015489875669603827,0.009947732391532179,0.013885689722363126,0.00778760140119743,0.019991861165943536,0.01781175985358729,-0.004748022544504019,-0.004897087842099488,-0.0033897710927708667,-0.007212325472404576,-0.0031065227264170285,-0.003833456184712249,0.01397408410108595,-0.00923625832550579,0.01589087559456434,-0.007622579559211511,0.005972521748132736,-0.01252325016395114,0.015516686767533764,0.019638758907543866,-0.004444278948742314,-0.0071401584658853995,-0.01014966987620326,-0.006134727289409619,0.019633974542750766,0.015992330607442425,0.0197566347232876,0.01395560197878908,0.017680320000647894,-0.005207584847731971,-0.0019374210453914301,agent24,1
-1,-0.0059207571423071925,-0.004494895468115962,-0.015367901412565837,-0.010492442541360497,-0.004914465335374191,-0.007963598699405924,-0.006998005019118815,0.011775254627675969,0.015997706904627356,-0.007041406850330117,-0.011800872234939967,0.00992115670676473,-0.006964392062586897,-0.011148544212509225,0.013991030909000248,-0.008275074179774104,1,0.01596292394554006,-0.00482491523414928,-0.012709352174061533,0.027194167727986773,-0.008170097624111191,0.01770511315926673,-0.00678834898336338,-0.003001331298833108,-0.004805643264572765,0.013769134967860515,0.023938711250634046,0.013979047894023447,0.015299400037067382,0.01793151170370328,-0.01072936554090634,0.015999893698196786,-0.00514141575215706,0.01996880915508327,-0.0050694903371002065,-0.011741361202732132,-0.008125404695805645,0.019079084545031356,0.015271560491585895,-0.013664100619128138,0.009910332405597083,0.019812819867532,0.017479727532577226,0.015950144370661338,-0.005857750386268747,-0.01323045912014295,0.03159597120777154,0.023999856831880884,0.011840835524750402,-0.011618224914991645,0.019766318295761674,0.011622823098428645,-0.008141509028083646,0.015969613423842774,-0.007399842571167083,0.025993004406869673,0.011912733002282166,-0.006367161051378634,0.023545320632877786,-0.008560960694101394,-0.010019602215367698,0.01598891958587973,-0.006888159352252662,-0.006455910252229333,0.01776160255450089,0.01711007989764495,-0.007140603116832482,0.017694500265993895,-0.0015489875669603827,0.009947732391532179,0.013885689722363126,0.00778760140119743,0.019991861165943536,0.01781175985358729,-0.004748022544504019,-0.004897087842099488,-0.0033897710927708667,-0.007212325472404576,-0.0031065227264170285,-0.003833456184712249,0.01397408410108595,-0.00923625832550579,0.01589087559456434,-0.007622579559211511,0.005972521748132736,-0.01252325016395114,0.015516686767533764,0.019638758907543866,-0.004444278948742314,-0.0071401584658853995,-0.01014966987620326,-0.006134727289409619,0.019633974542750766,0.015992330607442425,0.0197566347232876,0.01395560197878908,0.017680320000647894,-0.005207584847731971,-0.0019374210453914301,agent86,1
-1,-0.0059207571423071925,-0.004494895468115962,-0.015367901412565837,-0.010492442541360497,-0.004914465335374191,-0.007963598699405924,-0.006998005019118815,0.011775254627675969,0.015997706904627356,-0.007041406850330117,-0.011800872234939967,0.00992115670676473,-0.006964392062586897,-0.011148544212509225,0.013991030909000248,-0.008275074179774104,1,0.01596292394554006,-0.00482491523414928,-0.012709352174061533,0.027194167727986773,-0.008170097624111191,0.01770511315926673,-0.00678834898336338,-0.003001331298833108,-0.004805643264572765,0.013769134967860515,0.023938711250634046,0.013979047894023447,0.015299400037067382,0.01793151170370328,-0.01072936554090634,0.015999893698196786,-0.00514141575215706,0.01996880915508327,-0.0050694903371002065,-0.011741361202732132,-0.008125404695805645,0.019079084545031356,0.015271560491585895,-0.013664100619128138,0.009910332405597083,0.019812819867532,0.017479727532577226,0.015950144370661338,-0.005857750386268747,-0.01323045912014295,0.03159597120777154,0.023999856831880884,0.011840835524750402,-0.011618224914991645,0.019766318295761674,0.011622823098428645,-0.008141509028083646,0.015969613423842774,-0.007399842571167083,0.025993004406869673,0.011912733002282166,-0.006367161051378634,0.023545320632877786,-0.008560960694101394,-0.010019602215367698,0.01598891958587973,-0.006888159352252662,-0.006455910252229333,0.01776160255450089,0.01711007989764495,-0.007140603116832482,0.017694500265993895,-0.0015489875669603827,0.009947732391532179,0.013885689722363126,0.00778760140119743,0.019991861165943536,0.01781175985358729,-0.004748022544504019,-0.004897087842099488,-0.0033897710927708667,-0.007212325472404576,-0.0031065227264170285,-0.003833456184712249,0.01397408410108595,-0.00923625832550579,0.01589087559456434,-0.007622579559211511,0.005972521748132736,-0.01252325016395114,0.015516686767533764,0.019638758907543866,-0.004444278948742314,-0.0071401584658853995,-0.01014966987620326,-0.006134727289409619,0.019633974542750766,0.015992330607442425,0.0197566347232876,0.01395560197878908,0.017680320000647894,-0.005207584847731971,-0.0019374210453914301,agent76,1
-1,-0.0059207571423071925,-0.004494895468115962,-0.015367901412565837,-0.010492442541360497,-0.004914465335374191,-0.007963598699405924,-0.006998005019118815,0.011775254627675969,0.015997706904627356,-0.007041406850330117,-0.011800872234939967,0.00992115670676473,-0.006964392062586897,-0.011148544212509225,0.013991030909000248,-0.008275074179774104,1,0.01596292394554006,-0.00482491523414928,-0.012709352174061533,0.027194167727986773,-0.008170097624111191,0.01770511315926673,-0.00678834898336338,-0.003001331298833108,-0.004805643264572765,0.013769134967860515,0.023938711250634046,0.013979047894023447,0.015299400037067382,0.01793151170370328,-0.01072936554090634,0.015999893698196786,-0.00514141575215706,0.01996880915508327,-0.0050694903371002065,-0.011741361202732132,-0.008125404695805645,0.019079084545031356,0.015271560491585895,-0.013664100619128138,0.009910332405597083,0.019812819867532,0.017479727532577226,0.015950144370661338,-0.005857750386268747,-0.01323045912014295,0.03159597120777154,0.023999856831880884,0.011840835524750402,-0.011618224914991645,0.019766318295761674,0.011622823098428645,-0.008141509028083646,0.015969613423842774,-0.007399842571167083,0.025993004406869673,0.011912733002282166,-0.006367161051378634,0.023545320632877786,-0.008560960694101394,-0.010019602215367698,0.01598891958587973,-0.006888159352252662,-0.006455910252229333,0.01776160255450089,0.01711007989764495,-0.007140603116832482,0.017694500265993895,-0.0015489875669603827,0.009947732391532179,0.013885689722363126,0.009747990983634061,0.019991861165943536,0.01781175985358729,-0.004748022544504019,-0.004897087842099488,-0.0033897710927708667,-0.007212325472404576,-0.0031065227264170285,-0.003833456184712249,0.01397408410108595,-0.00923625832550579,0.01589087559456434,-0.007622579559211511,0.005972521748132736,-0.01252325016395114,0.015516686767533764,0.019638758907543866,-0.004444278948742314,-0.0071401584658853995,-0.01014966987620326,-0.006134727289409619,0.019633974542750766,0.015992330607442425,0.0197566347232876,0.01395560197878908,0.017680320000647894,-0.005207584847731971,-0.0019374210453914301,agent72,-0.7185380396452544
-1,-0.0059207571423071925,-0.004494895468115962,-0.015367901412565837,-0.010492442541360497,-0.004914465335374191,-0.007963598699405924,-0.006998005019118815,0.011775254627675969,0.015997706904627356,-0.007041406850330117,-0.011800872234939967,0.00992115670676473,-0.006964392062586897,-0.011148544212509225,0.013991030909000248,-0.008275074179774104,1,0.01596292394554006,-0.00482491523414928,-0.012709352174061533,0.027194167727986773,-0.008170097624111191,0.01770511315926673,-0.00678834898336338,-0.003001331298833108,-0.004805643264572765,0.013769134967860515,0.023938711250634046,0.013979047894023447,0.015299400037067382,0.01793151170370328,-0.01072936554090634,0.015999893698196786,-0.00514141575215706,0.01996880915508327,-0.0050694903371002065,-0.011741361202732132,-0.008125404695805645,0.019079084545031356,0.015271560491585895,-0.013664100619128138,0.009910332405597083,0.019812819867532,0.017479727532577226,0.015950144370661338,-0.005857750386268747,-0.01323045912014295,0.03159597120777154,0.023999856831880884,0.011840835524750402,-0.011618224914991645,0.019766318295761674,0.011622823098428645,-0.008141509028083646,0.015969613423842774,-0.007399842571167083,0.025993004406869673,0.011912733002282166,-0.006367161051378634,0.023545320632877786,-0.008560960694101394,-0.010019602215367698,0.01598891958587973,-0.006888159352252662,-0.006455910252229333,0.01776160255450089,0.01711007989764495,-0.007140603116832482,0.017694500265993895,-0.0015489875669603827,0.009947732391532179,0.013885689722363126,0.009747990983634061,0.021991861165943538,0.01781175985358729,-0.004748022544504019,-0.004897087842099488,-0.0033897710927708667,-0.007212325472404576,-0.0031065227264170285,-0.003833456184712249,0.01397408410108595,-0.00923625832550579,0.01589087559456434,-0.007622579559211511,0.005972521748132736,-0.01252325016395114,0.015516686767533764,0.019638758907543866,-0.004444278948742314,-0.0071401584658853995,-0.01014966987620326,-0.006134727289409619,0.019633974542750766,0.015992330607442425,0.0197566347232876,0.01395560197878908,0.017680320000647894,-0.005207584847731971,-0.0019374210453914301,agent73,-1
-1,-0.0059207571423071925,-0.004494895468115962,-0.015367901412565837,-0.010492442541360497,-0.004914465335374191,-0.007963598699405924,-0.006998005019118815,0.011775254627675969,0.015997706904627356,-0.007041406850330117,-0.011800872234939967,0.00992115670676473,-0.006964392062586897,-0.011148544212509225,0.013991030909000248,-0.008275074179774104,1,0.01596292394554006,-0.00482491523414928,-0.012709352174061533,0.027194167727986773,-0.008170097624111191,0.01770511315926673,-0.00678834898336338,-0.003001331298833108,-0.004805643264572765,0.013769134967860515,0.023938711250634046,0.013979047894023447,0.015299400037067382,0.01793151170370328,-0.01072936554090634,0.017999893698196788,-0.00514141575215706,0.01996880915508327,-0.0050694903371002065,-0.011741361202732132,-0.008125404695805645,0.019079084545031356,0.015271560491585895,-0.013664100619128138,0.009910332405597083,0.019812819867532,0.017479727532577226,0.015950144370661338,-0.005857750386268747,-0.01323045912014295,0.03159597120777154,0.023999856831880884,0.011840835524750402,-0.011618224914991645,0.019766318295761674,0.011622823098428645,-0.008141509028083646,0.015969613423842774,-0.007399842571167083,0.025993004406869673,0.011912733002282166,-0.006367161051378634,0.023545320632877786,-0.008560960694101394,-0.010019602215367698,0.01598891958587973,-0.006888159352252662,-0.006455910252229333,0.01776160255450089,0.01711007989764495,-0.007140603116832482,0.017694500265993895,-0.0015489875669603827,0.009947732391532179,0.013885689722363126,0.009747990983634061,0.021991861165943538,0.01781175985358729,-0.004748022544504019,-0.004897087842099488,-0.0033897710927708667,-0.007212325472404576,-0.0031065227264170285,-0.003833456184712249,0.01397408410108595,-0.00923625832550579,0.01589087559456434,-0.007622579559211511,0.005972521748132736,-0.01252325016395114,0.015516686767533764,0.019638758907543866,-0.004444278948742314,-0.0071401584658853995,-0.01014966987620326,-0.006134727289409619,0.019633974542750766,0.015992330607442425,0.0197566347232876,0.01395560197878908,0.017680320000647894,-0.005207584847731971,-0.0019374210453914301,agent32,-1
-1,-0.0059207571423071925,-0.004494895468115962,-0.015367901412565837,-0.010492442541360497,-0.004914465335374191,-0.007963598699405924,-0.006998005019118815,0.011775254627675969,0.015997706904627356,-0.007041406850330117,-0.011800872234939967,0.00992115670676473,-0.006964392062586897,-0.011148544212509225,0.013991030909000248,-0.008275074179774104,1,0.01596292394554006,-0.00482491523414928,-0.012709352174061533,0.027194167727986773,-0.008170097624111191,0.01770511315926673,-0.00678834898336338,-0.003001331298833108,-0.004805643264572765,0.013769134967860515,0.023938711250634046,0.013979047894023447,0.015299400037067382,0.01793151170370328,-0.01072936554090634,0.017999893698196788,-0.00514141575215706,0.01996880915508327,-0.0050694903371002065,-0.011741361202732132,-0.008125404695805645,0.019079084545031356,0.015271560491585895,-0.013664100619128138,0.009910332405597083,0.019812819867532,0.017479727532577226,0.015950144370661338,-0.005857750386268747,-0.01323045912014295,0.03159597120777154,0.023999856831880884,0.011840835524750402,-0.011618224914991645,0.019766318295761674,0.011622823098428645,-0.008141509028083646,0.015969613423842774,-0.007399842571167083,0.025993004406869673,0.011912733002282166,-0.006367161051378634,0.023545320632877786,-0.008560960694101394,-0.010019602215367698,0.01598891958587973,-0.006888159352252662,-0.006455910252229333,0.01776160255450089,0.01711007989764495,-0.007140603116832482,0.017694500265993895,-0.0015489875669603827,0.009947732391532179,0.013885689722363126,0.009747990983634061,0.021991861165943538,0.01781175985358729,-0.004748022544504019,-0.004897087842099488,-0.0033897710927708667,-0.007212325472404576,-0.0031065227264170285,-0.003833456184712249,0.01397408410108595,-0.00923625832550579,0.01589087559456434,-0.007622579559211511,0.005972521748132736,-0.01252325016395114,0.015516686767533764,0.019638758907543866,-0.004444278948742314,-0.0071401584658853995,-0.01014966987620326,-0.006134727289409619,0.019633974542750766,0.015992330607442425,0.0197566347232876,0.01395560197878908,0.017680320000647894,-0.005207584847731971,-0.0019374210453914301,agent45,1
-1,-0.0059207571423071925,-0.004494895468115962,-0.015367901412565837,-0.010492442541360497,-0.004914465335374191,-0.007963598699405924,-0.006998005019118815,0.011775254627675969,0.015997706904627356,-0.007041406850330117,-0.011800872234939967,0.00992115670676473,-0.006964392062586897,-0.011148544212509225,0.013991030909000248,-0.008275074179774104,1,0.01596292394554006,-0.00482491523414928,-0.012709352174061533,0.027194167727986773,-0.008170097624111191,0.01770511315926673,-0.00678834898336338,-0.003001331298833108,-0.004805643264572765,0.013769134967860515,0.023938711250634046,0.013979047894023447,0.015299400037067382,0.01793151170370328,-0.01072936554090634,0.017999893698196788,-0.00514141575215706,0.01996880915508327,-0.0050694903371002065,-0.011741361202732132,-0.008125404695805645,0.019079084545031356,0.015271560491585895,-0.013664100619128138,0.009910332405597083,0.019812819867532,0.017479727532577226,0.015950144370661338,-0.005857750386268747,-0.01323045912014295,0.03159597120777154,0.023999856831880884,0.011840835524750402,-0.011618224914991645,0.019766318295761674,0.011622823098428645,-0.008141509028083646,0.015969613423842774,-0.007399842571167083,0.025993004406869673,0.011912733002282166,-0.006367161051378634,0.023545320632877786,-0.008560960694101394,-0.010019602215367698,0.01598891958587973,-0.006888159352252662,-0.006455910252229333,0.01776160255450089,0.01711007989764495,-0.007140603116832482,0.017694500265993895,-0.0015489875669603827,0.009947732391532179,0.013885689722363126,0.009747990983634061,0.021991861165943538,0.01781175985358729,-0.004748022544504019,-0.004897087842099488,-0.0033897710927708667,-0.007212325472404576,-0.0031065227264170285,-0.003833456184712249,0.01397408410108595,-0.00923625832550579,0.01589087559456434,-0.007622579559211511,0.005972521748132736,-0.01252325016395114,0.015516686767533764,0.019638758907543866,-0.004444278948742314,-0.0071401584658853995,-0.01014966987620326,-0.006134727289409619,0.019633974542750766,0.015992330607442425,0.0197566347232876,0.01395560197878908,0.017680320000647894,-0.005207584847731971,-0.0019374210453914301,agent63,1
-1,-0.0059207571423071925,-0.004494895468115962,-0.015367901412565837,-0.010492442541360497,-0.004914465335374191,-0.007963598699405924,-0.006998005019118815,0.011775254627675969,0.015997706904627356,-0.007041406850330117,-0.011800872234939967,0.00992115670676473,-0.006964392062586897,-0.011148544212509225,0.013991030909000248,-0.008275074179774104,1,0.01596292394554006,-0.00482491523414928,-0.012709352174061533,0.027194167727986773,-0.008170097624111191,0.01770511315926673,-0.00678834898336338,-0.003001331298833108,-0.004805643264572765,0.013769134967860515,0.023938711250634046,0.013979047894023447,0.015299400037067382,0.01793151170370328,-0.01072936554090634,0.017999893698196788,-0.00514141575215706,0.01996880915508327,-0.0050694903371002065,-0.011741361202732132,-0.008125404695805645,0.019079084545031356,0.015271560491585895,-0.013664100619128138,0.009910332405597083,0.019812819867532,0.017479727532577226,0.015950144370661338,-0.005857750386268747,-0.01323045912014295,0.03159597120777154,0.023999856831880884,0.011840835524750402,-0.011618224914991645,0.019766318295761674,0.011622823098428645,-0.008141509028083646,0.015969613423842774,-0.007399842571167083,0.025993004406869673,0.011912733002282166,-0.006367161051378634,0.023545320632877786,-0.008560960694101394,-0.010019602215367698,0.01598891958587973,-0.006888159352252662,-0.006455910252229333,0.01776160255450089,0.01711007989764495,-0.007140603116832482,0.017694500265993895,-0.0015489875669603827,0.009947732391532179,0.013885689722363126,0.009747990983634061,0.021991861165943538,0.01781175985358729,-0.004748022544504019,-0.004897087842099488,-0.0033897710927708667,-0.007212325472404576,-0.0031065227264170285,-0.003833456184712249,0.01397408410108595,-0.00923625832550579,0.01589087559456434,-0.007622579559211511,0.005972521748132736,-0.01252325016395114,0.015516686767533764,0.019638758907543866,-0.004444278948742314,-0.0071401584658853995,-0.01014966987620326,-0.006134727289409619,0.019633974542750766,0.015992330607442425,0.0197566347232876,0.01395560197878908,0.017680320000647894,-0.005207584847731971,-0.0019374210453914301,agent10,1
-1,-0.0059207571423071925,-0.004494895468115962,-0.015367901412565837,-0.010492442541360497,-0.004914465335374191,-0.007963598699405924,-0.006998005019118815,0.011775254627675969,0.015997706904627356,-0.007041406850330117,-0.011800872234939967,0.00992115670676473,-0.006964392062586897,-0.011148544212509225,0.013991030909000248,-0.008275074179774104,1,0.01596292394554006,-0.00482491523414928,-0.012709352174061533,0.027194167727986773,-0.008170097624111191,0.01770511315926673,-0.00678834898336338,-0.003001331298833108,-0.004805643264572765,0.013769134967860515,0.023938711250634046,0.013979047894023447,0.017299400037067383,0.01793151170370328,-0.01072936554090634,0.017999893698196788,-0.00514141575215706,0.01996880915508327,-0.0050694903371002065,-0.011741361202732132,-0.008125404695805645,0.019079084545031356,0.015271560491585895,-0.013664100619128138,0.009910332405597083,0.019812819867532,0.017479727532577226,0.015950144370661338,-0.005857750386268747,-0.01323045912014295,0.03159597120777154,0.023999856831880884,0.011840835524750402,-0.011618224914991645,0.019766318295761674,0.011622823098428645,-0.008141509028083646,0.015969613423842774,-0.007399842571167083,0.025993004406869673,0.011912733002282166,-0.006367161051378634,0.023545320632877786,-0.008560960694101394,-0.010019602215367698,0.01598891958587973,-0.006888159352252662,-0.006455910252229333,0.01776160255450089,0.01711007989764495,-0.007140603116832482,0.017694500265993895,-0.0015489875669603827,0.009947732391532179,0.013885689722363126,0.009747990983634061,0.021991861165943538,0.01781175985358729,-0.004748022544504019,-0.004897087842099488,-0.0033897710927708667,-0.007212325472404576,-0.0031065227264170285,-0.003833456184712249,0.01397408410108595,-0.00923625832550579,0.01589087559456434,-0.007622579559211511,0.005972521748132736,-0.01252325016395114,0.015516686767533764,0.019638758907543866,-0.004444278948742314,-0.0071401584658853995,-0.01014966987620326,-0.006134727289409619,0.019633974542750766,0.015992330607442425,0.0197566347232876,0.01395560197878908,0.017680320000647894,-0.005207584847731971,-0.0019374210453914301,agent29,-1
-1,-0.0059207571423071925,-0.004494895468115962,-0.015367901412565837,-0.010492442541360497,-0.004914465335374191,-0.007963598699405924,-0.006998005019118815,0.011775254627675969,0.015997706904627356,-0.007041406850330117,-0.011800872234939967,0.00992115670676473,-0.006964392062586897,-0.011148544212509225,0.013991030909000248,-0.008275074179774104,1,0.01596292394554006,-0.00482491523414928,-0.012709352174061533,0.027194167727986773,-0.008170097624111191,0.01770511315926673,-0.00678834898336338,-0.003001331298833108,-0.004805643264572765,0.013769134967860515,0.023938711250634046,0.013979047894023447,0.017299400037067383,0.01793151170370328,-0.01072936554090634,0.017999893698196788,-0.00514141575215706,0.01996880915508327,-0.0050694903371002065,-0.011741361202732132,-0.008125404695805645,0.019079084545031356,0.015271560491585895,-0.013664100619128138,0.009910332405597083,0.019812819867532,0.017479727532577226,0.015950144370661338,-0.005857750386268747,-0.01323045912014295,0.03159597120777154,0.023999856831880884,0.011840835524750402,-0.011618224914991645,0.019766318295761674,0.011622823098428645,-0.008141509028083646,0.015969613423842774,-0.007399842571167083,0.025993004406869673,0.011912733002282166,-0.006367161051378634,0.023545320632877786,-0.008560960694101394,-0.010019602215367698,0.01598891958587973,-0.006888159352252662,-0.006455910252229333,0.01776160255450089,0.01711007989764495,-0.007140603116832482,0.017694500265993895,-0.0015489875669603827,0.009947732391532179,0.013885689722363126,0.009747990983634061,0.021991861165943538,0.01781175985358729,-0.004748022544504019,-0.004897087842099488,-0.0033897710927708667,-0.007212325472404576,-0.0031065227264170285,-0.003833456184712249,0.01397408410108595,-0.00923625832550579,0.01589087559456434,-0.007622579559211511,0.005972521748132736,-0.01252325016395114,0.015516686767533764,0.019638758907543866,-0.004444278948742314,-0.0071401584658853995,-0.01014966987620326,-0.006134727289409619,0.019633974542750766,0.015992330607442425,0.0197566347232876,0.01395560197878908,0.017680320000647894,-0.005207584847731971,-0.0019374210453914301,agent86,1
-1,-0.0059207571423071925,-0.004494895468115962,-0.015367901412565837,-0.010492442541360497,-0.004914465335374191,-0.007963598699405924,-0.006998005019118815,0.011775254627675969,0.015997706904627356,-0.007041406850330117,-0.011800872234939967,0.00992115670676473,-0.006964392062586897,-0.011148544212509225,0.013991030909000248,-0.008275074179774104,1,0.01596292394554006,-0.00482491523414928,-0.012709352174061533,0.027194167727986773,-0.008170097624111191,0.01770511315926673,-0.00678834898336338,-0.003001331298833108,-0.004805643264572765,0.013769134967860515,0.023938711250634046,0.013979047894023447,0.017299400037067383,0.01793151170370328,-0.01072936554090634,0.01999989369819679,-0.00514141575215706,0.01996880915508327,-0.0050694903371002065,-0.011741361202732132,-0.008125404695805645,0.019079084545031356,0.015271560491585895,-0.013664100619128138,0.009910332405597083,0.019812819867532,0.017479727532577226,0.015950144370661338,-0.005857750386268747,-0.01323045912014295,0.03159597120777154,0.023999856831880884,0.011840835524750402,-0.011618224914991645,0.019766318295761674,0.011622823098428645,-0.008141509028083646,0.015969613423842774,-0.007399842571167083,0.025993004406869673,0.011912733002282166,-0.006367161051378634,0.023545320632877786,-0.008560960694101394,-0.010019602215367698,0.01598891958587973,-0.006888159352252662,-0.006455910252229333,0.01776160255450089,0.01711007989764495,-0.007140603116832482,0.017694500265993895,-0.0015489875669603827,0.009947732391532179,0.013885689722363126,0.009747990983634061,0.021991861165943538,0.01781175985358729,-0.004748022544504019,-0.004897087842099488,-0.0033897710927708667,-0.007212325472404576,-0.0031065227264170285,-0.003833456184712249,0.01397408410108595,-0.00923625832550579,0.01589087559456434,-0.007622579559211511,0.005972521748132736,-0.01252325016395114,0.015516686767533764,0.019638758907543866,-0.004444278948742314,-0.0071401584658853995,-0.01014966987620326,-0.006134727289409619,0.019633974542750766,0.015992330607442425,0.0197566347232876,0.01395560197878908,0.017680320000647894,-0.005207584847731971,-0.0019374210453914301,agent32,-1
-1,-0.0059207571423071925,-0.004494895468115962,-0.015367901412565837,-0.010492442541360497,-0.004914465335374191,-0.007963598699405924,-0.006998005019118815,0.011775254627675969,0.015997706904627356,-0.007041406850330117,-0.011800872234939967,0.00992115670676473,-0.006964392062586897,-0.011148544212509225,0.013991030909000248,-0.008275074179774104,1,0.01596292394554006,-0.00482491523414928,-0.012709352174061533,0.027194167727986773,-0.008170097624111191,0.01770511315926673,-0.00678834898336338,-0.003001331298833108,-0.004805643264572765,0.013769134967860515,0.023938711250634046,0.013979047894023447,0.017299400037067383,0.01793151170370328,-0.01072936554090634,0.01999989369819679,-0.00514141575215706,0.01996880915508327,-0.0050694903371002065,-0.011741361202732132,-0.008125404695805645,0.019079084545031356,0.015271560491585895,-0.013664100619128138,0.009910332405597083,0.019812819867532,0.017479727532577226,0.015950144370661338,-0.005857750386268747,-0.01323045912014295,0.03159597120777154,0.025999856831880885,0.011840835524750402,-0.011618224914991645,0.019766318295761674,0.011622823098428645,-0.008141509028083646,0.015969613423842774,-0.007399842571167083,0.025993004406869673,0.011912733002282166,-0.006367161051378634,0.023545320632877786,-0.008560960694101394,-0.010019602215367698,0.01598891958587973,-0.006888159352252662,-0.006455910252229333,0.01776160255450089,0.01711007989764495,-0.007140603116832482,0.017694500265993895,-0.0015489875669603827,0.009947732391532179,0.013885689722363126,0.009747990983634061,0.021991861165943538,0.01781175985358729,-0.004748022544504019,-0.004897087842099488,-0.0033897710927708667,-0.007212325472404576,-0.0031065227264170285,-0.003833456184712249,0.01397408410108595,-0.00923625832550579,0.01589087559456434,-0.007622579559211511,0.005972521748132736,-0.01252325016395114,0.015516686767533764,0.019638758907543866,-0.004444278948742314,-0.0071401584658853995,-0.01014966987620326,-0.006134727289409619,0.019633974542750766,0.015992330607442425,0.0197566347232876,0.01395560197878908,0.017680320000647894,-0.005207584847731971,-0.0019374210453914301,agent48,-1
-1,-0.0059207571423071925,-0.004494895468115962,-0.015367901412565837,-0.010492442541360497,-0.004914465335374191,-0.007963598699405924,-0.006998005019118815,0.011775254627675969,0.015997706904627356,-0.007041406850330117,-0.011800872234939967,0.00992115670676473,-0.006964392062586897,-0.011148544212509225,0.013991030909000248,-0.008275074179774104,1,0.01596292394554006,-0.00482491523414928,-0.012709352174061533,0.027194167727986773,-0.008170097624111191,0.01770511315926673,-0.00678834898336338,-0.003001331298833108,-0.004805643264572765,0.013769134967860515,0.023938711250634046,0.013979047894023447,0.017299400037067383,0.01793151170370328,-0.01072936554090634,0.01999989369819679,-0.00514141575215706,0.01996880915508327,-0.0050694903371002065,-0.011741361202732132,-0.008125404695805645,0.019079084545031356,0.015271560491585895,-0.013664100619128138,0.009910332405597083,0.019812819867532,0.017479727532577226,0.015950144370661338,-0.005857750386268747,-0.01323045912014295,0.03159597120777154,0.025999856831880885,0.011840835524750402,-0.011618224914991645,0.019766318295761674,0.011622823098428645,-0.008141509028083646,0.015969613423842774,-0.007399842571167083,0.025993004406869673,0.011912733002282166,-0.006367161051378634,0.023545320632877786,-0.008560960694101394,-0.010019602215367698,0.01598891958587973,-0.006888159352252662,-0.006455910252229333,0.01776160255450089,0.01711007989764495,-0.007140603116832482,0.017694500265993895,-0.0015489875669603827,0.009947732391532179,0.013885689722363126,0.009747990983634061,0.021991861165943538,0.01781175985358729,-0.004748022544504019,-0.004897087842099488,-0.0033897710927708667,-0.007212325472404576,-0.0031065227264170285,-0.003833456184712249,0.01397408410108595,-0.00923625832550579,0.01589087559456434,-0.007622579559211511,0.005972521748132736,-0.01252325016395114,0.015516686767533764,0.019638758907543866,-0.004444278948742314,-0.0071401584658853995,-0.01014966987620326,-0.006134727289409619,0.019633974542750766,0.015992330607442425,0.0197566347232876,0.01395560197878908,0.017680320000647894,-0.005207584847731971,-0.0019374210453914301,agent80,1
-1,-0.0059207571423071925,-0.004494895468115962,-0.015367901412565837,-0.010492442541360497,-0.004914465335374191,-0.007963598699405924,-0.006998005019118815,0.011775254627675969,0.015997706904627356,-0.007041406850330117,-0.011800872234939967,0.00992115670676473,-0.006964392062586897,-0.011148544212509225,0.013991030909000248,-0.008275074179774104,1,0.01596292394554006,-0.00482491523414928,-0.012709352174061533,0.027194167727986773,-0.008170097624111191,0.01770511315926673,-0.00678834898336338,-0.003001331298833108,-0.004805643264572765,0.013769134967860515,0.023938711250634046,0.013979047894023447,0.017299400037067383,0.01793151170370328,-0.01072936554090634,0.01999989369819679,-0.00514141575215706,0.01996880915508327,-0.0050694903371002065,-0.011741361202732132,-0.008125404695805645,0.019079084545031356,0.015271560491585895,-0.013664100619128138,0.009910332405597083,0.019812819867532,0.017479727532577226,0.015950144370661338,-0.005857750386268747,-0.01323045912014295,0.03159597120777154,0.025999856831880885,0.011840835524750402,-0.011618224914991645,0.019766318295761674,0.011622823098428645,-0.008141509028083646,0.015969613423842774,-0.007399842571167083,0.025993004406869673,0.011912733002282166,-0.006367161051378634,0.023545320632877786,-0.008560960694101394,-0.010019602215367698,0.01598891958587973,-0.006888159352252662,-0.006455910252229333,0.01776160255450089,0.01711007989764495,-0.007140603116832482,0.017694500265993895,-0.0015489875669603827,0.009947732391532179,0.013885689722363126,0.009747990983634061,0.021991861165943538,0.01781175985358729,-0.004748022544504019,-0.004897087842099488,-0.0033897710927708667,-0.007212325472404576,-0.0031065227264170285,-0.003833456184712249,0.01397408410108595,-0.00923625832550579,0.01589087559456434,-0.007622579559211511,0.005972521748132736,-0.01252325016395114,0.015516686767533764,0.019638758907543866,-0.004444278948742314,-0.0071401584658853995,-0.01014966987620326,-0.006134727289409619,0.019633974542750766,0.015992330607442425,0.0197566347232876,0.01395560197878908,0.017680320000647894,-0.005207584847731971,-0.0019374210453914301,agent1,1
-1,-0.0059207571423071925,-0.004494895468115962,-0.015367901412565837,-0.010492442541360497,-0.004914465335374191,-0.007963598699405924,-0.006998005019118815,0.011775254627675969,0.015997706904627356,-0.007041406850330117,-0.011800872234939967,0.00992115670676473,-0.006964392062586897,-0.011148544212509225,0.013991030909000248,-0.008275074179774104,1,0.01596292394554006,-0.00482491523414928,-0.012709352174061533,0.027194167727986773,-0.008170097624111191,0.01770511315926673,-0.00678834898336338,-0.003001331298833108,-0.004805643264572765,0.013769134967860515,0.023938711250634046,0.013979047894023447,0.017299400037067383,0.01793151170370328,-0.01072936554090634,0.01999989369819679,-0.00514141575215706,0.01996880915508327,-0.0050694903371002065,-0.011741361202732132,-0.008125404695805645,0.019079084545031356,0.015271560491585895,-0.013664100619128138,0.009910332405597083,0.019812819867532,0.017479727532577226,0.015950144370661338,-0.005857750386268747,-0.01323045912014295,0.03159597120777154,0.025999856831880885,0.011840835524750402,-0.011618224914991645,0.019766318295761674,0.011622823098428645,-0.008141509028083646,0.015969613423842774,-0.007399842571167083,0.025993004406869673,0.011912733002282166,-0.006367161051378634,0.023545320632877786,-0.008560960694101394,-0.010019602215367698,0.01598891958587973,-0.006888159352252662,-0.006455910252229333,0.01776160255450089,0.01711007989764495,-0.007140603116832482,0.017694500265993895,-0.0015489875669603827,0.009947732391532179,0.013885689722363126,0.009747990983634061,0.021991861165943538,0.01781175985358729,-0.004748022544504019,-0.004897087842099488,-0.0033897710927708667,-0.007212325472404576,-0.0031065227264170285,-0.003833456184712249,0.01397408410108595,-0.00923625832550579,0.01589087559456434,-0.007622579559211511,0.005972521748132736,-0.01252325016395114,0.015516686767533764,0.019638758907543866,-0.004444278948742314,-0.0071401584658853995,-0.01014966987620326,-0.006134727289409619,0.019633974542750766,0.015992330607442425,0.0197566347232876,0.01395560197878908,0.019680320000647893,-0.005207584847731971,-0.0019374210453914301,agent97,-1
-1,-0.0059207571423071925,-0.004494895468115962,-0.015367901412565837,-0.010492442541360497,-0.004914465335374191,-0.007963598699405924,-0.006998005019118815,0.011775254627675969,0.015997706904627356,-0.007041406850330117,-0.011800872234939967,0.00992115670676473,-0.006964392062586897,-0.011148544212509225,0.013991030909000248,-0.008275074179774104,1,0.01596292394554006,-0.00482491523414928,-0.012709352174061533,0.027194167727986773,-0.008170097624111191,0.01770511315926673,-0.00678834898336338,-0.003001331298833108,-0.004805643264572765,0.013769134967860515,0.023938711250634046,0.013979047894023447,0.017299400037067383,0.01793151170370328,-0.01072936554090634,0.01999989369819679,-0.00514141575215706,0.01996880915508327,-0.0050694903371002065,-0.011741361202732132,-0.008125404695805645,0.019079084545031356,0.015271560491585895,-0.013664100619128138,0.009910332405597083,0.019812819867532,0.017479727532577226,0.015950144370661338,-0.005857750386268747,-0.01323045912014295,0.03159597120777154,0.025999856831880885,0.011840835524750402,-0.011618224914991645,0.019766318295761674,0.011622823098428645,-0.008141509028083646,0.015969613423842774,-0.007399842571167083,0.025993004406869673,0.011912733002282166,-0.006367161051378634,0.023545320632877786,-0.008560960694101394,-0.010019602215367698,0.01598891958587973,-0.006888159352252662,-0.006455910252229333,0.01776160255450089,0.01711007989764495,-0.007140603116832482,0.017694500265993895,-0.0015489875669603827,0.009947732391532179,0.013885689722363126,0.009747990983634061,0.02399186116594354,0.01781175985358729,-0.004748022544504019,-0.004897087842099488,-0.0033897710927708667,-0.007212325472404576,-0.0031065227264170285,-0.003833456184712249,0.01397408410108595,-0.00923625832550579,0.01589087559456434,-0.007622579559211511,0.005972521748132736,-0.01252325016395114,0.015516686767533764,0.019638758907543866,-0.004444278948742314,-0.0071401584658853995,-0.01014966987620326,-0.006134727289409619,0.019633974542750766,0.015992330607442425,0.0197566347232876,0.01395560197878908,0.019680320000647893,-0.005207584847731971,-0.0019374210453914301,agent73,-1
-1,-0.0059207571423071925,-0.004494895468115962,-0.015367901412565837,-0.010492442541360497,-0.004914465335374191,-0.007963598699405924,-0.006998005019118815,0.011775254627675969,0.015997706904627356,-0.007041406850330117,-0.011800872234939967,0.00992115670676473,-0.006964392062586897,-0.011148544212509225,0.013991030909000248,-0.008275074179774104,1,0.01596292394554006,-0.00482491523414928,-0.012709352174061533,0.027194167727986773,-0.008170097624111191,0.01770511315926673,-0.00678834898336338,-0.003001331298833108,-0.004805643264572765,0.013769134967860515,0.023938711250634046,0.013979047894023447,0.017299400037067383,0.01793151170370328,-0.01072936554090634,0.01999989369819679,-0.00514141575215706,0.01996880915508327,-0.0050694903371002065,-0.011741361202732132,-0.008125404695805645,0.019079084545031356,0.015271560491585895,-0.013664100619128138,0.009910332405597083,0.019812819867532,0.017479727532577226,0.015950144370661338,-0.005857750386268747,-0.01323045912014295,0.03159597120777154,0.025999856831880885,0.011840835524750402,-0.011618224914991645,0.019766318295761674,0.011622823098428645,-0.008141509028083646,0.015969613423842774,-0.007399842571167083,0.025993004406869673,0.011912733002282166,-0.006367161051378634,0.023545320632877786,-0.008560960694101394,-0.010019602215367698,0.01598891958587973,-0.006888159352252662,-0.006455910252229333,0.01776160255450089,0.01711007989764495,-0.007140603116832482,0.017694500265993895,-0.0015489875669603827,0.009947732391532179,0.013885689722363126,0.009747990983634061,0.02399186116594354,0.01781175985358729,-0.004748022544504019,-0.004897087842099488,-0.0033897710927708667,-0.007212325472404576,-0.0031065227264170285,-0.003833456184712249,0.01397408410108595,-0.00923625832550579,0.01589087559456434,-0.007622579559211511,0.005972521748132736,-0.01252325016395114,0.015516686767533764,0.019638758907543866,-0.004444278948742314,-0.0071401584658853995,-0.01014966987620326,-0.006134727289409619,0.019633974542750766,0.015992330607442425,0.0197566347232876,0.01395560197878908,0.019680320000647893,-0.005207584847731971,-0.0019374210453914301,agent60,1
-1,-0.0059207571423071925,-0.004494895468115962,-0.015367901412565837,-0.010492442541360497,-0.004914465335374191,-0.007963598699405924,-0.006998005019118815,0.011775254627675969,0.015997706904627356,-0.007041406850330117,-0.011800872234939967,0.00992115670676473,-0.006964392062586897,-0.011148544212509225,0.013991030909000248,-0.008275074179774104,1,0.01596292394554006,-0.00482491523414928,-0.012709352174061533,0.027194167727986773,-0.008170097624111191,0.01770511315926673,-0.00678834898336338,-0.003001331298833108,-0.004805643264572765,0.013769134967860515,0.023938711250634046,0.013979047894023447,0.017299400037067383,0.01793151170370328,-0.01072936554090634,0.01999989369819679,-0.00514141575215706,0.01996880915508327,-0.0050694903371002065,-0.011741361202732132,-0.008125404695805645,0.021079084545031358,0.015271560491585895,-0.013664100619128138,0.009910332405597083,0.019812819867532,0.017479727532577226,0.015950144370661338,-0.005857750386268747,-0.01323045912014295,0.03159597120777154,0.025999856831880885,0.011840835524750402,-0.011618224914991645,0.019766318295761674,0.011622823098428645,-0.008141509028083646,0.015969613423842774,-0.007399842571167083,0.025993004406869673,0.011912733002282166,-0.006367161051378634,0.023545320632877786,-0.008560960694101394,-0.010019602215367698,0.01598891958587973,-0.006888159352252662,-0.006455910252229333,0.01776160255450089,0.01711007989764495,-0.007140603116832482,0.017694500265993895,-0.0015489875669603827,0.009947732391532179,0.013885689722363126,0.009747990983634061,0.02399186116594354,0.01781175985358729,-0.004748022544504019,-0.004897087842099488,-0.0033897710927708667,-0.007212325472404576,-0.0031065227264170285,-0.003833456184712249,0.01397408410108595,-0.00923625832550579,0.01589087559456434,-0.007622579559211511,0.005972521748132736,-0.01252325016395114,0.015516686767533764,0.019638758907543866,-0.004444278948742314,-0.0071401584658853995,-0.01014966987620326,-0.006134727289409619,0.019633974542750766,0.015992330607442425,0.0197566347232876,0.01395560197878908,0.019680320000647893,-0.005207584847731971,-0.0019374210453914301,agent38,-1
-1,-0.0059207571423071925,-0.004494895468115962,-0.015367901412565837,-0.010492442541360497,-0.004914465335374191,-0.007963598699405924,-0.006998005019118815,0.011775254627675969,0.015997706904627356,-0.007041406850330117,-0.011800872234939967,0.00992115670676473,-0.006964392062586897,-0.011148544212509225,0.013991030909000248,-0.008275074179774104,1,0.01596292394554006,-0.00482491523414928,-0.012709352174061533,0.027194167727986773,-0.008170097624111191,0.01770511315926673,-0.00678834898336338,-0.003001331298833108,-0.004805643264572765,0.013769134967860515,0.023938711250634046,0.013979047894023447,0.017299400037067383,0.01793151170370328,-0.01072936554090634,0.01999989369819679,-0.00514141575215706,0.01996880915508327,-0.0050694903371002065,-0.011741361202732132,-0.008125404695805645,0.021079084545031358,0.015271560491585895,-0.013664100619128138,0.009910332405597083,0.019812819867532,0.017479727532577226,0.015950144370661338,-0.005857750386268747,-0.01323045912014295,0.03159597120777154,0.025999856831880885,0.011840835524750402,-0.011618224914991645,0.019766318295761674,0.011622823098428645,-0.008141509028083646,0.015969613423842774,-0.007399842571167083,0.025993004406869673,0.011912733002282166,-0.006367161051378634,0.023545320632877786,-0.008560960694101394,-0.010019602215367698,0.01598891958587973,-0.006888159352252662,-0.006455910252229333,0.01776160255450089,0.01711007989764495,-0.007140603116832482,0.017694500265993895,-0.0015489875669603827,0.009947732391532179,0.013885689722363126,0.009747990983634061,0.02399186116594354,0.01981175985358729,-0.004748022544504019,-0.004897087842099488,-0.0033897710927708667,-0.007212325472404576,-0.0031065227264170285,-0.003833456184712249,0.01397408410108595,-0.00923625832550579,0.01589087559456434,-0.007622579559211511,0.005972521748132736,-0.01252325016395114,0.015516686767533764,0.019638758907543866,-0.004444278948742314,-0.0071401584658853995,-0.01014966987620326,-0.006134727289409619,0.019633974542750766,0.015992330607442425,0.0197566347232876,0.01395560197878908,0.019680320000647893,-0.005207584847731971,-0.0019374210453914301,agent74,-1
-1,-0.0059207571423071925,-0.004494895468115962,-0.015367901412565837,-0.010492442541360497,-0.004914465335374191,-0.007963598699405924,-0.006998005019118815,0.011775254627675969,0.015997706904627356,-0.007041406850330117,-0.011800872234939967,0.00992115670676473,-0.006964392062586897,-0.011148544212509225,0.013991030909000248,-0.008275074179774104,1,0.01596292394554006,-0.00482491523414928,-0.012709352174061533,0.027194167727986773,-0.008170097624111191,0.01770511315926673,-0.00678834898336338,-0.003001331298833108,-0.004805643264572765,0.013769134967860515,0.023938711250634046,0.013979047894023447,0.017299400037067383,0.01793151170370328,-0.01072936554090634,0.01999989369819679,-0.00514141575215706,0.01996880915508327,-0.0050694903371002065,-0.011741361202732132,-0.008125404695805645,0.021079084545031358,0.015271560491585895,-0.013664100619128138,0.009910332405597083,0.019812819867532,0.017479727532577226,0.015950144370661338,-0.005857750386268747,-0.01323045912014295,0.03159597120777154,0.025999856831880885,0.011840835524750402,-0.011618224914991645,0.019766318295761674,0.011622823098428645,-0.008141509028083646,0.015969613423842774,-0.007399842571167083,0.025993004406869673,0.011912733002282166,-0.006367161051378634,0.023545320632877786,-0.008560960694101394,-0.010019602215367698,0.01598891958587973,-0.006888159352252662,-0.006455910252229333,0.01776160255450089,0.01711007989764495,-0.007140603116832482,0.017694500265993895,-0.0015489875669603827,0.009947732391532179,0.013885689722363126,0.009747990983634061,0.02399186116594354,0.01981175985358729,-0.004748022544504019,-0.004897087842099488,-0.0033897710927708667,-0.007212325472404576,-0.0031065227264170285,-0.003833456184712249,0.01397408410108595,-0.00923625832550579,0.01589087559456434,-0.007676060980233298,0.005972521748132736,-0.01252325016395114,0.015516686767533764,0.019638758907543866,-0.004444278948742314,-0.0071401584658853995,-0.01014966987620326,-0.006134727289409619,0.019633974542750766,0.015992330607442425,0.0197566347232876,0.01395560197878908,0.019680320000647893,-0.005207584847731971,-0.0019374210453914301,agent84,0.9730780922093341
-1,-0.0059207571423071925,-0.004494895468115962,-0.015367901412565837,-0.010492442541360497,-0.004914465335374191,-0.007963598699405924,-0.006998005019118815,0.011775254627675969,0.015997706904627356,-0.007041406850330117,-0.011800872234939967,0.00992115670676473,-0.006964392062586897,-0.011148544212509225,0.013991030909000248,-0.008275074179774104,1,0.01596292394554006,-0.00482491523414928,-0.012709352174061533,0.027194167727986773,-0.008170097624111191,0.01770511315926673,-0.00678834898336338,-0.003001331298833108,-0.004805643264572765,0.013769134967860515,0.023938711250634046,0.013979047894023447,0.017299400037067383,0.01793151170370328,-0.01072936554090634,0.01999989369819679,-0.00514141575215706,0.01996880915508327,-0.0050694903371002065,-0.011741361202732132,-0.008125404695805645,0.021079084545031358,0.015271560491585895,-0.013664100619128138,0.009910332405597083,0.019812819867532,0.017479727532577226,0.015950144370661338,-0.005857750386268747,-0.01323045912014295,0.03159597120777154,0.025999856831880885,0.011840835524750402,-0.011618224914991645,0.019766318295761674,0.011622823098428645,-0.008141509028083646,0.015969613423842774,-0.007399842571167083,0.025993004406869673,0.011912733002282166,-0.006367161051378634,0.023545320632877786,-0.008560960694101394,-0.010019602215367698,0.01598891958587973,-0.006888159352252662,-0.006455910252229333,0.01776160255450089,0.01711007989764495,-0.007140603116832482,0.017694500265993895,-0.0015489875669603827,0.009947732391532179,0.013885689722363126,0.009747990983634061,0.02399186116594354,0.01981175985358729,-0.004748022544504019,-0.004897087842099488,-0.0033897710927708667,-0.007212325472404576,-0.0031065227264170285,-0.003833456184712249,0.01397408410108595,-0.00923625832550579,0.01589087559456434,-0.007676060980233298,0.005972521748132736,-0.01252325016395114,0.015516686767533764,0.019638758907543866,-0.004444278948742314,-0.0071401584658853995,-0.01014966987620326,-0.006134727289409619,0.021611267897102233,0.015992330607442425,0.0197566347232876,0.01395560197878908,0.019680320000647893,-0.005207584847731971,-0.0019374210453914301,agent93,-0.7868960551818317
-1,-0.0059207571423071925,-0.004494895468115962,-0.015367901412565837,-0.010492442541360497,-0.004914465335374191,-0.007963598699405924,-0.006998005019118815,0.011775254627675969,0.015997706904627356,-0.007041406850330117,-0.011800872234939967,0.00992115670676473,-0.006964392062586897,-0.011148544212509225,0.013991030909000248,-0.008275074179774104,1,0.01596292394554006,-0.00482491523414928,-0.012709352174061533,0.027194167727986773,-0.008170097624111191,0.01770511315926673,-0.00678834898336338,-0.003001331298833108,-0.004805643264572765,0.013769134967860515,0.023938711250634046,0.013979047894023447,0.017299400037067383,0.01793151170370328,-0.01072936554090634,0.01999989369819679,-0.00514141575215706,0.01996880915508327,-0.0050694903371002065,-0.011741361202732132,-0.008125404695805645,0.021079084545031358,0.015271560491585895,-0.013664100619128138,0.009910332405597083,0.019812819867532,0.017479727532577226,0.015950144370661338,-0.005857750386268747,-0.01323045912014295,0.03159597120777154,0.025999856831880885,0.01382639341254922,-0.011618224914991645,0.019766318295761674,0.011622823098428645,-0.008141509028083646,0.015969613423842774,-0.007399842571167083,0.025993004406869673,0.011912733002282166,-0.006367161051378634,0.023545320632877786,-0.008560960694101394,-0.010019602215367698,0.01598891958587973,-0.006888159352252662,-0.006455910252229333,0.01776160255450089,0.01711007989764495,-0.007140603116832482,0.017694500265993895,-0.0015489875669603827,0.009947732391532179,0.013885689722363126,0.009747990983634061,0.02399186116594354,0.01981175985358729,-0.004748022544504019,-0.004897087842099488,-0.0033897710927708667,-0.007212325472404576,-0.0031065227264170285,-0.003833456184712249,0.01397408410108595,-0.00923625832550579,0.01589087559456434,-0.007676060980233298,0.005972521748132736,-0.01252325016395114,0.015516686767533764,0.019638758907543866,-0.004444278948742314,-0.0071401584658853995,-0.01014966987620326,-0.006134727289409619,0.021611267897102233,0.015992330607442425,0.0197566347232876,0.01395560197878908,0.019680320000647893,-0.005207584847731971,-0.0019374210453914301,agent49,-0.8300464051502138
-1,-0.0059207571423071925,-0.004494895468115962,-0.015367901412565837,-0.010492442541360497,-0.004914465335374191,-0.007963598699405924,-0.006998005019118815,0.011775254627675969,0.015997706904627356,-0.007041406850330117,-0.011800872234939967,0.00992115670676473,-0.006964392062586897,-0.011148544212509225,0.013991030909000248,-0.008275074179774104,1,0.01596292394554006,-0.00482491523414928,-0.012709352174061533,0.027194167727986773,-0.008170097624111191,0.01770511315926673,-0.00678834898336338,-0.003001331298833108,-0.004805643264572765,0.013769134967860515,0.023938711250634046,0.013979047894023447,0.017299400037067383,0.01793151170370328,-0.01072936554090634,0.01999989369819679,-0.00514141575215706,0.01996880915508327,-0.0050694903371002065,-0.011741361202732132,-0.008125404695805645,0.021079084545031358,0.015271560491585895,-0.013664100619128138,0.009910332405597083,0.019812819867532,0.017479727532577226,0.015950144370661338,-0.005857750386268747,-0.01323045912014295,0.03159597120777154,0.025999856831880885,0.01382639341254922,-0.011618224914991645,0.019766318295761674,0.011622823098428645,-0.008141509028083646,0.015969613423842774,-0.007399842571167083,0.025993004406869673,0.011912733002282166,-0.006367161051378634,0.023545320632877786,-0.008560960694101394,-0.010019602215367698,0.01598891958587973,-0.006888159352252662,-0.006455910252229333,0.01776160255450089,0.01711007989764495,-0.007140603116832482,0.017694500265993895,-0.0015489875669603827,0.009947732391532179,0.013885689722363126,0.009747990983634061,0.02399186116594354,0.01981175985358729,-0.004748022544504019,-0.004897087842099488,-0.0033897710927708667,-0.007212325472404576,-0.0031065227264170285,-0.003833456184712249,0.01397408410108595,-0.00923625832550579,0.01589087559456434,-0.007676060980233298,0.005972521748132736,-0.01252325016395114,0.015516686767533764,0.019638758907543866,-0.004444278948742314,-0.0071401584658853995,-0.01014966987620326,-0.006134727289409619,0.021611267897102233,0.015992330607442425,0.0197566347232876,0.01395560197878908,0.019680320000647893,-0.005207584847731971,-0.0019374210453914301,agent58,1
-1,-0.0059207571423071925,-0.004494895468115962,-0.015367901412565837,-0.010492442541360497,-0.004914465335374191,-0.007963598699405924,-0.006998005019118815,0.011775254627675969,0.015997706904627356,-0.007041406850330117,-0.011800872234939967,0.00992115670676473,-0.006964392062586897,-0.011148544212509225,0.013991030909000248,-0.008275074179774104,1,0.01596292394554006,-0.00482491523414928,-0.012709352174061533,0.027194167727986773,-0.008170097624111191,0.01770511315926673,-0.00678834898336338,-0.003001331298833108,-0.004805643264572765,0.013769134967860515,0.023938711250634046,0.013979047894023447,0.017299400037067383,0.01793151170370328,-0.01072936554090634,0.01999989369819679,-0.00514141575215706,0.01996880915508327,-0.0050694903371002065,-0.011741361202732132,-0.008125404695805645,0.021079084545031358,0.015271560491585895,-0.013664100619128138,0.009910332405597083,0.019812819867532,0.017479727532577226,0.015950144370661338,-0.005857750386268747,-0.01323045912014295,0.03159597120777154,0.025999856831880885,0.01382639341254922,-0.011618224914991645,0.019766318295761674,0.011622823098428645,-0.008141509028083646,0.015969613423842774,-0.007399842571167083,0.025993004406869673,0.011912733002282166,-0.006367161051378634,0.023545320632877786,-0.008560960694101394,-0.010019602215367698,0.01598891958587973,-0.006888159352252662,-0.006455910252229333,0.01776160255450089,0.01711007989764495,-0.007140603116832482,0.017694500265993895,-0.0015489875669603827,0.009947732391532179,0.013885689722363126,0.009747990983634061,0.02399186116594354,0.01981175985358729,-0.004748022544504019,-0.004897087842099488,-0.0033897710927708667,-0.007212325472404576,-0.0031065227264170285,-0.003833456184712249,0.01397408410108595,-0.00923625832550579,0.01589087559456434,-0.007676060980233298,0.005972521748132736,-0.01252325016395114,0.017474705989501314,0.019638758907543866,-0.004444278948742314,-0.0071401584658853995,-0.01014966987620326,-0.006134727289409619,0.021611267897102233,0.015992330607442425,0.0197566347232876,0.01395560197878908,0.019680320000647893,-0.005207584847731971,-0.0019374210453914301,agent87,-0.7102387947552379
-1,-0.0059207571423071925,-0.004494895468115962,-0.015367901412565837,-0.010492442541360497,-0.004914465335374191,-0.007963598699405924,-0.006998005019118815,0.011775254627675969,0.015997706904627356,-0.007041406850330117,-0.011800872234939967,0.00992115670676473,-0.006964392062586897,-0.011148544212509225,0.013991030909000248,-0.008275074179774104,1,0.01596292394554006,-0.00482491523414928,-0.012709352174061533,0.027194167727986773,-0.008170097624111191,0.01770511315926673,-0.00678834898336338,-0.003001331298833108,-0.004805643264572765,0.013769134967860515,0.023938711250634046,0.013979047894023447,0.017299400037067383,0.01793151170370328,-0.01072936554090634,0.01999989369819679,-0.00514141575215706,0.01996880915508327,-0.0050694903371002065,-0.011885658291749465,-0.008125404695805645,0.021079084545031358,0.015271560491585895,-0.013664100619128138,0.009910332405597083,0.019812819867532,0.017479727532577226,0.015950144370661338,-0.005857750386268747,-0.01323045912014295,0.03159597120777154,0.025999856831880885,0.01382639341254922,-0.011618224914991645,0.019766318295761674,0.011622823098428645,-0.008141509028083646,0.015969613423842774,-0.007399842571167083,0.025993004406869673,0.011912733002282166,-0.006367161051378634,0.023545320632877786,-0.008560960694101394,-0.010019602215367698,0.01598891958587973,-0.006888159352252662,-0.006455910252229333,0.01776160255450089,0.01711007989764495,-0.007140603116832482,0.017694500265993895,-0.0015489875669603827,0.009947732391532179,0.013885689722363126,0.009747990983634061,0.02399186116594354,0.01981175985358729,-0.004748022544504019,-0.004897087842099488,-0.0033897710927708667,-0.007212325472404576,-0.0031065227264170285,-0.003833456184712249,0.01397408410108595,-0.00923625832550579,0.01589087559456434,-0.007676060980233298,0.005972521748132736,-0.01252325016395114,0.017474705989501314,0.019638758907543866,-0.004444278948742314,-0.0071401584658853995,-0.01014966987620326,-0.006134727289409619,0.021611267897102233,0.015992330607442425,0.0197566347232876,0.01395560197878908,0.019680320000647893,-0.005207584847731971,-0.0019374210453914301,agent36,0.9265009270605953
-1,-0.0059207571423071925,-0.004494895468115962,-0.015367901412565837,-0.010492442541360497,-0.004914465335374191,-0.007963598699405924,-0.006998005019118815,0.011775254627675969,0.015997706904627356,-0.007041406850330117,-0.011800872234939967,0.00992115670676473,-0.006964392062586897,-0.011148544212509225,0.013991030909000248,-0.008275074179774104,1,0.01596292394554006,-0.00482491523414928,-0.012709352174061533,0.027194167727986773,-0.008170097624111191,0.01770511315926673,-0.00678834898336338,-0.003001331298833108,-0.004805643264572765,0.013769134967860515,0.023938711250634046,0.013979047894023447,0.019299400037067385,0.01793151170370328,-0.01072936554090634,0.01999989369819679,-0.00514141575215706,0.01996880915508327,-0.0050694903371002065,-0.011885658291749465,-0.008125404695805645,0.021079084545031358,0.015271560491585895,-0.013664100619128138,0.009910332405597083,0.019812819867532,0.017479727532577226,0.015950144370661338,-0.005857750386268747,-0.01323045912014295,0.03159597120777154,0.025999856831880885,0.01382639341254922,-0.011618224914991645,0.019766318295761674,0.011622823098428645,-0.008141509028083646,0.015969613423842774,-0.007399842571167083,0.025993004406869673,0.011912733002282166,-0.006367161051378634,0.023545320632877786,-0.008560960694101394,-0.010019602215367698,0.01598891958587973,-0.006888159352252662,-0.006455910252229333,0.01776160255450089,0.01711007989764495,-0.007140603116832482,0.017694500265993895,-0.0015489875669603827,0.009947732391532179,0.013885689722363126,0.009747990983634061,0.02399186116594354,0.01981175985358729,-0.004748022544504019,-0.004897087842099488,-0.0033897710927708667,-0.007212325472404576,-0.0031065227264170285,-0.003833456184712249,0.01397408410108595,-0.00923625832550579,0.01589087559456434,-0.007676060980233298,0.005972521748132736,-0.01252325016395114,0.017474705989501314,0.019638758907543866,-0.004444278948742314,-0.0071401584658853995,-0.01014966987620326,-0.006134727289409619,0.021611267897102233,0.015992330607442425,0.0197566347232876,0.01395560197878908,0.019680320000647893,-0.005207584847731971,-0.0019374210453914301,agent29,-1
-1,-0.0059207571423071925,-0.004494895468115962,-0.015367901412565837,-0.010492442541360497,-0.004914465335374191,-0.007963598699405924,-0.006998005019118815,0.011775254627675969,0.015997706904627356,-0.007041406850330117,-0.011800872234939967,0.00992115670676473,-0.006964392062586897,-0.011148544212509225,0.013991030909000248,-0.008275074179774104,1,0.01596292394554006,-0.00482491523414928,-0.012709352174061533,0.027194167727986773,-0.008170097624111191,0.01770511315926673,-0.00678834898336338,-0.003001331298833108,-0.004805643264572765,0.013769134967860515,0.023938711250634046,0.013979047894023447,0.019299400037067385,0.01793151170370328,-0.01072936554090634,0.01999989369819679,-0.00514141575215706,0.01996880915508327,-0.0050694903371002065,-0.011885658291749465,-0.008125404695805645,0.021079084545031358,0.015271560491585895,-0.013664100619128138,0.009910332405597083,0.019812819867532,0.017479727532577226,0.015950144370661338,-0.005857750386268747,-0.01323045912014295,0.03159597120777154,0.025999856831880885,0.01382639341254922,-0.011618224914991645,0.019766318295761674,0.011622823098428645,-0.008141509028083646,0.015969613423842774,-0.007399842571167083,0.025993004406869673,0.011912733002282166,-0.006367161051378634,0.023545320632877786,-0.008560960694101394,-0.010019602215367698,0.01598891958587973,-0.006888159352252662,-0.006455910252229333,0.01776160255450089,0.01711007989764495,-0.007140603116832482,0.017694500265993895,-0.0015489875669603827,0.009947732391532179,0.013885689722363126,0.009747990983634061,0.02399186116594354,0.01981175985358729,-0.004748022544504019,-0.004897087842099488,-0.0033897710927708667,-0.007212325472404576,-0.0031065227264170285,-0.003833456184712249,0.01397408410108595,-0.00923625832550579,0.01589087559456434,-0.007676060980233298,0.005972521748132736,-0.01252325016395114,0.017474705989501314,0.019638758907543866,-0.004444278948742314,-0.0071401584658853995,-0.01014966987620326,-0.006134727289409619,0.021611267897102233,0.015992330607442425,0.0197566347232876,0.01395560197878908,0.019680320000647893,-0.005207584847731971,-0.0019374210453914301,agent67,1
-1,-0.0059207571423071925,-0.004494895468115962,-0.015367901412565837,-0.010492442541360497,-0.004914465335374191,-0.007963598699405924,-0.006998005019118815,0.011775254627675969,0.015997706904627356,-0.007041406850330117,-0.011800872234939967,0.00992115670676473,-0.006964392062586897,-0.011148544212509225,0.013991030909000248,-0.008275074179774104,1,0.01596292394554006,-0.00482491523414928,-0.012709352174061533,0.027194167727986773,-0.008170097624111191,0.01770511315926673,-0.00678834898336338,-0.003001331298833108,-0.004805643264572765,0.013769134967860515,0.023938711250634046,0.013979047894023447,0.019299400037067385,0.01793151170370328,-0.01072936554090634,0.01999989369819679,-0.00514141575215706,0.01996880915508327,-0.0050694903371002065,-0.011885658291749465,-0.008125404695805645,0.021079084545031358,0.015271560491585895,-0.013664100619128138,0.009910332405597083,0.019812819867532,0.017479727532577226,0.015950144370661338,-0.005857750386268747,-0.01323045912014295,0.03159597120777154,0.025999856831880885,0.01382639341254922,-0.011618224914991645,0.019766318295761674,0.011622823098428645,-0.008141509028083646,0.015969613423842774,-0.007399842571167083,0.025993004406869673,0.011912733002282166,-0.006367161051378634,0.023545320632877786,-0.008560960694101394,-0.010019602215367698,0.01598891958587973,-0.006888159352252662,-0.006455910252229333,0.01776160255450089,0.01711007989764495,-0.007140603116832482,0.017694500265993895,-0.0015489875669603827,0.009947732391532179,0.013885689722363126,0.009747990983634061,0.02399186116594354,0.01981175985358729,-0.004748022544504019,-0.004897087842099488,-0.0033897710927708667,-0.007212325472404576,-0.0031065227264170285,-0.003833456184712249,0.01597390095718577,-0.00923625832550579,0.01589087559456434,-0.007676060980233298,0.005972521748132736,-0.01252325016395114,0.017474705989501314,0.019638758907543866,-0.004444278948742314,-0.0071401584658853995,-0.01014966987620326,-0.006134727289409619,0.021611267897102233,0.015992330607442425,0.0197566347232876,0.01395560197878908,0.019680320000647893,-0.005207584847731971,-0.0019374210453914301,agent81,-0.9808613532255154
-1,-0.0059207571423071925,-0.004494895468115962,-0.015367901412565837,-0.010492442541360497,-0.004914465335374191,-0.007963598699405924,-0.006998005019118815,0.011775254627675969,0.015997706904627356,-0.007041406850330117,-0.011800872234939967,0.00992115670676473,-0.006964392062586897,-0.011148544212509225,0.013991030909000248,-0.008275074179774104,1,0.01596292394554006,-0.00482491523414928,-0.012709352174061533,0.027194167727986773,-0.008170097624111191,0.01770511315926673,-0.00678834898336338,-0.003001331298833108,-0.004805643264572765,0.013769134967860515,0.023938711250634046,0.013979047894023447,0.019299400037067385,0.01793151170370328,-0.01072936554090634,0.01999989369819679,-0.00514141575215706,0.01996880915508327,-0.0050694903371002065,-0.011885658291749465,-0.008125404695805645,0.021079084545031358,0.015271560491585895,-0.013664100619128138,0.009910332405597083,0.019812819867532,0.017479727532577226,0.015950144370661338,-0.005857750386268747,-0.01323045912014295,0.03159597120777154,0.025999856831880885,0.01382639341254922,-0.011618224914991645,0.019766318295761674,0.011622823098428645,-0.008141509028083646,0.015969613423842774,-0.007399842571167083,0.025993004406869673,0.011912733002282166,-0.006367161051378634,0.023545320632877786,-0.008560960694101394,-0.010019602215367698,0.01598891958587973,-0.006888159352252662,-0.006455910252229333,0.01776160255450089,0.01711007989764495,-0.007140603116832482,0.017694500265993895,-0.0015489875669603827,0.009947732391532179,0.013885689722363126,0.009747990983634061,0.02399186116594354,0.01981175985358729,-0.004748022544504019,-0.004897087842099488,-0.0033897710927708667,-0.007212325472404576,-0.0031065227264170285,-0.003833456184712249,0.01597390095718577,-0.00923625832550579,0.01589087559456434,-0.007676060980233298,0.005972521748132736,-0.01252325016395114,0.017474705989501314,0.019638758907543866,-0.004444278948742314,-0.0071401584658853995,-0.01014966987620326,-0.006134727289409619,0.021611267897102233,0.015992330607442425,0.0197566347232876,0.01595560197878908,0.019680320000647893,-0.005207584847731971,-0.0019374210453914301,agent96,-1
-1,-0.0059207571423071925,-0.004494895468115962,-0.015367901412565837,-0.010492442541360497,-0.004914465335374191,-0.007963598699405924,-0.006998005019118815,0.011775254627675969,0.015997706904627356,-0.007041406850330117,-0.011800872234939967,0.00992115670676473,-0.006964392062586897,-0.011148544212509225,0.013991030909000248,-0.008275074179774104,1,0.01596292394554006,-0.00482491523414928,-0.012709352174061533,0.027194167727986773,-0.008170097624111191,0.01770511315926673,-0.00678834898336338,-0.003001331298833108,-0.004805643264572765,0.013769134967860515,0.023938711250634046,0.013979047894023447,0.019299400037067385,0.01793151170370328,-0.01072936554090634,0.01999989369819679,-0.00514141575215706,0.01996880915508327,-0.0050694903371002065,-0.011885658291749465,-0.008125404695805645,0.021079084545031358,0.015271560491585895,-0.013664100619128138,0.009910332405597083,0.019812819867532,0.017479727532577226,0.015950144370661338,-0.005857750386268747,-0.01323045912014295,0.03159597120777154,0.025999856831880885,0.01382639341254922,-0.011618224914991645,0.019766318295761674,0.011622823098428645,-0.008141509028083646,0.015969613423842774,-0.007399842571167083,0.025993004406869673,0.011912733002282166,-0.006367161051378634,0.023545320632877786,-0.008560960694101394,-0.010019602215367698,0.01598891958587973,-0.006888159352252662,-0.006455910252229333,0.01776160255450089,0.01711007989764495,-0.007140603116832482,0.017694500265993895,-0.0015489875669603827,0.009947732391532179,0.013885689722363126,0.009747990983634061,0.02399186116594354,0.01981175985358729,-0.004748022544504019,-0.004897087842099488,-0.0033897710927708667,-0.007212325472404576,-0.0031065227264170285,-0.003833456184712249,0.01597390095718577,-0.00923625832550579,0.01589087559456434,-0.007676060980233298,0.005972521748132736,-0.01252325016395114,0.017474705989501314,0.019638758907543866,-0.004444278948742314,-0.0071401584658853995,-0.01014966987620326,-0.006134727289409619,0.021611267897102233,0.015992330607442425,0.0197566347232876,0.01595560197878908,0.019680320000647893,-0.005207584847731971,-0.0019374210453914301,agent2,1
-1,-0.0059207571423071925,-0.004494895468115962,-0.015367901412565837,-0.010492442541360497,-0.004914465335374191,-0.007963598699405924,-0.006998005019118815,0.011775254627675969,0.015997706904627356,-0.007041406850330117,-0.011800872234939967,0.00992115670676473,-0.006964392062586897,-0.011148544212509225,0.013991030909000248,-0.008275074179774104,1,0.01596292394554006,-0.00482491523414928,-0.012709352174061533,0.027194167727986773,-0.008170097624111191,0.01770511315926673,-0.00678834898336338,-0.003001331298833108,-0.004805643264572765,0.013769134967860515,0.023938711250634046,0.013979047894023447,0.019299400037067385,0.01793151170370328,-0.01072936554090634,0.01999989369819679,-0.00514141575215706,0.01996880915508327,-0.0050694903371002065,-0.011885658291749465,-0.008125404695805645,0.021079084545031358,0.015271560491585895,-0.013664100619128138,0.009910332405597083,0.019812819867532,0.017479727532577226,0.015950144370661338,-0.005857750386268747,-0.01323045912014295,0.03159597120777154,0.025999856831880885,0.01382639341254922,-0.011618224914991645,0.019766318295761674,0.011622823098428645,-0.008141509028083646,0.015969613423842774,-0.007399842571167083,0.025993004406869673,0.011912733002282166,-0.006367161051378634,0.023545320632877786,-0.008560960694101394,-0.010019602215367698,0.01598891958587973,-0.006888159352252662,-0.006455910252229333,0.01776160255450089,0.01711007989764495,-0.007140603116832482,0.017694500265993895,-0.0015489875669603827,0.009947732391532179,0.013885689722363126,0.009747990983634061,0.02399186116594354,0.01981175985358729,-0.004748022544504019,-0.004897087842099488,-0.0033897710927708667,-0.007212325472404576,-0.0031065227264170285,-0.003833456184712249,0.01597390095718577,-0.00923625832550579,0.01589087559456434,-0.007676060980233298,0.005972521748132736,-0.01252325016395114,0.017474705989501314,0.019638758907543866,-0.004444278948742314,-0.0071401584658853995,-0.01014966987620326,-0.006134727289409619,0.021611267897102233,0.015992330607442425,0.0197566347232876,0.01595560197878908,0.019680320000647893,-0.005207584847731971,-0.0019374210453914301,agent86,1
-1,-0.0059207571423071925,-0.004494895468115962,-0.015367901412565837,-0.010492442541360497,-0.004914465335374191,-0.007963598699405924,-0.006998005019118815,0.011775254627675969,0.015997706904627356,-0.007041406850330117,-0.011800872234939967,0.00992115670676473,-0.006964392062586897,-0.011148544212509225,0.013991030909000248,-0.008275074179774104,1,0.01596292394554006,-0.00482491523414928,-0.012709352174061533,0.027194167727986773,-0.008170097624111191,0.01770511315926673,-0.00678834898336338,-0.003001331298833108,-0.004805643264572765,0.013769134967860515,0.023938711250634046,0.013979047894023447,0.019299400037067385,0.01793151170370328,-0.01072936554090634,0.01999989369819679,-0.00514141575215706,0.01996880915508327,-0.0050694903371002065,-0.011885658291749465,-0.008125404695805645,0.021079084545031358,0.015271560491585895,-0.013664100619128138,0.009910332405597083,0.019812819867532,0.017479727532577226,0.015950144370661338,-0.005857750386268747,-0.01323045912014295,0.03159597120777154,0.025999856831880885,0.01382639341254922,-0.011618224914991645,0.019766318295761674,0.011622823098428645,-0.008141509028083646,0.015969613423842774,-0.007399842571167083,0.025993004406869673,0.011912733002282166,-0.006367161051378634,0.023545320632877786,-0.008560960694101394,-0.010019602215367698,0.01598891958587973,-0.006888159352252662,-0.006455910252229333,0.01776160255450089,0.01711007989764495,-0.007140603116832482,0.017694500265993895,-0.0015489875669603827,0.009947732391532179,0.013885689722363126,0.009747990983634061,0.02399186116594354,0.01981175985358729,-0.004748022544504019,-0.004897087842099488,-0.0033897710927708667,-0.007212325472404576,-0.0031065227264170285,-0.003833456184712249,0.01597390095718577,-0.00923625832550579,0.01589087559456434,-0.007676060980233298,0.005972521748132736,-0.01252325016395114,0.017474705989501314,0.019638758907543866,-0.004444278948742314,-0.0071401584658853995,-0.01014966987620326,-0.006134727289409619,0.021611267897102233,0.015992330607442425,0.0197566347232876,0.01595560197878908,0.019680320000647893,-0.005207584847731971,-0.0019374210453914301,agent58,1
-1,-0.0059207571423071925,-0.004494895468115962,-0.015367901412565837,-0.010492442541360497,-0.004914465335374191,-0.007963598699405924,-0.006998005019118815,0.011775254627675969,0.015997706904627356,-0.007041406850330117,-0.011800872234939967,0.00992115670676473,-0.006964392062586897,-0.011148544212509225,0.013991030909000248,-0.008275074179774104,1,0.01596292394554006,-0.00482491523414928,-0.012709352174061533,0.027194167727986773,-0.008170097624111191,0.01770511315926673,-0.00678834898336338,-0.003001331298833108,-0.004805643264572765,0.013769134967860515,0.023938711250634046,0.013979047894023447,0.019299400037067385,0.01793151170370328,-0.01072936554090634,0.01999989369819679,-0.00514141575215706,0.01996880915508327,-0.0050694903371002065,-0.011885658291749465,-0.008125404695805645,0.021079084545031358,0.015271560491585895,-0.013664100619128138,0.009910332405597083,0.019812819867532,0.017479727532577226,0.015950144370661338,-0.005857750386268747,-0.01323045912014295,0.03159597120777154,0.025999856831880885,0.01382639341254922,-0.011618224914991645,0.019766318295761674,0.011622823098428645,-0.008141509028083646,0.015969613423842774,-0.007399842571167083,0.025993004406869673,0.011912733002282166,-0.006367161051378634,0.023545320632877786,-0.008560960694101394,-0.010019602215367698,0.01598891958587973,-0.006888159352252662,-0.006455910252229333,0.01776160255450089,0.01711007989764495,-0.007140603116832482,0.017694500265993895,-0.0015489875669603827,0.009947732391532179,0.013885689722363126,0.009747990983634061,0.02399186116594354,0.01981175985358729,-0.004748022544504019,-0.004897087842099488,-0.0033897710927708667,-0.007212325472404576,-0.0031065227264170285,-0.003833456184712249,0.01597390095718577,-0.00923625832550579,0.01589087559456434,-0.007676060980233298,0.005972521748132736,-0.01252325016395114,0.017474705989501314,0.019638758907543866,-0.004444278948742314,-0.0071401584658853995,-0.01014966987620326,-0.006134727289409619,0.021611267897102233,0.015992330607442425,0.0197566347232876,0.01595560197878908,0.019680320000647893,-0.005207584847731971,-0.0019374210453914301,agent15,1
-1,-0.0059207571423071925,-0.004494895468115962,-0.015367901412565837,-0.010492442541360497,-0.004914465335374191,-0.007963598699405924,-0.006998005019118815,0.011775254627675969,0.015997706904627356,-0.007041406850330117,-0.011800872234939967,0.00992115670676473,-0.006964392062586897,-0.011148544212509225,0.013991030909000248,-0.008275074179774104,1,0.01596292394554006,-0.00482491523414928,-0.012709352174061533,0.027194167727986773,-0.008170097624111191,0.01770511315926673,-0.00678834898336338,-0.003001331298833108,-0.004805643264572765,0.013769134967860515,0.023938711250634046,0.013979047894023447,0.019299400037067385,0.01793151170370328,-0.01072936554090634,0.01999989369819679,-0.00514141575215706,0.01996880915508327,-0.0050694903371002065,-0.011885658291749465,-0.008125404695805645,0.021079084545031358,0.015271560491585895,-0.013664100619128138,0.009910332405597083,0.019812819867532,0.017479727532577226,0.015950144370661338,-0.005857750386268747,-0.01323045912014295,0.03159597120777154,0.025999856831880885,0.01382639341254922,-0.011618224914991645,0.019766318295761674,0.011622823098428645,-0.008141509028083646,0.015969613423842774,-0.007399842571167083,0.025993004406869673,0.011912733002282166,-0.006367161051378634,0.023545320632877786,-0.008560960694101394,-0.010019602215367698,0.01598891958587973,-0.006888159352252662,-0.006455910252229333,0.01776160255450089,0.01711007989764495,-0.007140603116832482,0.017694500265993895,-0.0015489875669603827,0.009947732391532179,0.013885689722363126,0.009747990983634061,0.02399186116594354,0.01981175985358729,-0.004748022544504019,-0.004897087842099488,-0.0033897710927708667,-0.007212325472404576,-0.0031065227264170285,-0.003833456184712249,0.01597390095718577,-0.00923625832550579,0.01589087559456434,-0.007676060980233298,0.005972521748132736,-0.01252325016395114,0.017474705989501314,0.019638758907543866,-0.004444278948742314,-0.0071401584658853995,-0.01014966987620326,-0.006134727289409619,0.021611267897102233,0.015992330607442425,0.0197566347232876,0.01595560197878908,0.019680320000647893,-0.005207584847731971,-0.0019374210453914301,agent37,1
-1,-0.0059207571423071925,-0.004494895468115962,-0.015367901412565837,-0.010492442541360497,-0.004914465335374191,-0.007963598699405924,-0.006998005019118815,0.011775254627675969,0.015997706904627356,-0.007041406850330117,-0.011800872234939967,0.00992115670676473,-0.006964392062586897,-0.011148544212509225,0.013991030909000248,-0.008275074179774104,1,0.01596292394554006,-0.00482491523414928,-0.012709352174061533,0.027194167727986773,-0.008170097624111191,0.01770511315926673,-0.00678834898336338,-0.003001331298833108,-0.004805643264572765,0.013769134967860515,0.023938711250634046,0.013979047894023447,0.019299400037067385,0.01793151170370328,-0.01072936554090634,0.01999989369819679,-0.00514141575215706,0.01996880915508327,-0.0050694903371002065,-0.011885658291749465,-0.008125404695805645,0.021079084545031358,0.015271560491585895,-0.013664100619128138,0.009910332405597083,0.019812819867532,0.017479727532577226,0.015950144370661338,-0.005857750386268747,-0.01323045912014295,0.03159597120777154,0.025999856831880885,0.01382639341254922,-0.011618224914991645,0.019766318295761674,0.011622823098428645,-0.008141509028083646,0.015969613423842774,-0.007399842571167083,0.025993004406869673,0.011912733002282166,-0.006367161051378634,0.023545320632877786,-0.008560960694101394,-0.010019602215367698,0.01598891958587973,-0.006888159352252662,-0.006455910252229333,0.01776160255450089,0.01711007989764495,-0.007140603116832482,0.017694500265993895,-0.0015489875669603827,0.009947732391532179,0.013885689722363126,0.009747990983634061,0.02399186116594354,0.01981175985358729,-0.004748022544504019,-0.004897087842099488,-0.0033897710927708667,-0.007212325472404576,-0.0031065227264170285,-0.003833456184712249,0.01597390095718577,-0.00923625832550579,0.01589087559456434,-0.007676060980233298,0.005972521748132736,-0.01252325016395114,0.017474705989501314,0.019638758907543866,-0.004444278948742314,-0.0071401584658853995,-0.01014966987620326,-0.006134727289409619,0.021611267897102233,0.015992330607442425,0.0197566347232876,0.01595560197878908,0.019680320000647893,-0.005207584847731971,-0.0019374210453914301,agent78,1
-1,-0.0059207571423071925,-0.004494895468115962,-0.015367901412565837,-0.010492442541360497,-0.004914465335374191,-0.007963598699405924,-0.006998005019118815,0.011775254627675969,0.015997706904627356,-0.007041406850330117,-0.011800872234939967,0.00992115670676473,-0.006964392062586897,-0.011170696770949066,0.013991030909000248,-0.008275074179774104,1,0.01596292394554006,-0.00482491523414928,-0.012709352174061533,0.027194167727986773,-0.008170097624111191,0.01770511315926673,-0.00678834898336338,-0.003001331298833108,-0.004805643264572765,0.013769134967860515,0.023938711250634046,0.013979047894023447,0.019299400037067385,0.01793151170370328,-0.01072936554090634,0.01999989369819679,-0.00514141575215706,0.01996880915508327,-0.0050694903371002065,-0.011885658291749465,-0.008125404695805645,0.021079084545031358,0.015271560491585895,-0.013664100619128138,0.009910332405597083,0.019812819867532,0.017479727532577226,0.015950144370661338,-0.005857750386268747,-0.01323045912014295,0.03159597120777154,0.025999856831880885,0.01382639341254922,-0.011618224914991645,0.019766318295761674,0.011622823098428645,-0.008141509028083646,0.015969613423842774,-0.007399842571167083,0.025993004406869673,0.011912733002282166,-0.006367161051378634,0.023545320632877786,-0.008560960694101394,-0.010019602215367698,0.01598891958587973,-0.006888159352252662,-0.006455910252229333,0.01776160255450089,0.01711007989764495,-0.007140603116832482,0.017694500265993895,-0.0015489875669603827,0.009947732391532179,0.013885689722363126,0.009747990983634061,0.02399186116594354,0.01981175985358729,-0.004748022544504019,-0.004897087842099488,-0.0033897710927708667,-0.007212325472404576,-0.0031065227264170285,-0.003833456184712249,0.01597390095718577,-0.00923625832550579,0.01589087559456434,-0.007676060980233298,0.005972521748132736,-0.01252325016395114,0.017474705989501314,0.019638758907543866,-0.004444278948742314,-0.0071401584658853995,-0.01014966987620326,-0.006134727289409619,0.021611267897102233,0.015992330607442425,0.0197566347232876,0.01595560197878908,0.019680320000647893,-0.005207584847731971,-0.0019374210453914301,agent13,0.9888928787444331
-1,-0.0059207571423071925,-0.004494895468115962,-0.015367901412565837,-0.010492442541360497,-0.004914465335374191,-0.007963598699405924,-0.006998005019118815,0.011775254627675969,0.015997706904627356,-0.007041406850330117,-0.011800872234939967,0.00992115670676473,-0.006964392062586897,-0.011170696770949066,0.013991030909000248,-0.008275074179774104,1,0.01596292394554006,-0.00482491523414928,-0.012709352174061533,0.027194167727986773,-0.008170097624111191,0.01770511315926673,-0.00678834898336338,-0.003001331298833108,-0.004805643264572765,0.013769134967860515,0.023938711250634046,0.013979047894023447,0.019299400037067385,0.01793151170370328,-0.01072936554090634,0.01999989369819679,-0.00514141575215706,0.01996880915508327,-0.0050694903371002065,-0.011885658291749465,-0.008125404695805645,0.021079084545031358,0.015271560491585895,-0.013664100619128138,0.009910332405597083,0.019812819867532,0.017479727532577226,0.015950144370661338,-0.005857750386268747,-0.01323045912014295,0.03159597120777154,0.025999856831880885,0.01382639341254922,-0.011618224914991645,0.019766318295761674,0.011622823098428645,-0.008141509028083646,0.015969613423842774,-0.007399842571167083,0.025993004406869673,0.011912733002282166,-0.006367161051378634,0.023545320632877786,-0.008560960694101394,-0.010019602215367698,0.01598891958587973,-0.006888159352252662,-0.006455910252229333,0.01776160255450089,0.01711007989764495,-0.007140603116832482,0.017694500265993895,-0.0015489875669603827,0.009947732391532179,0.013885689722363126,0.009747990983634061,0.02399186116594354,0.01981175985358729,-0.004748022544504019,-0.004897087842099488,-0.0033897710927708667,-0.007212325472404576,-0.0031065227264170285,-0.003833456184712249,0.01597390095718577,-0.00923625832550579,0.01589087559456434,-0.007676060980233298,0.005972521748132736,-0.01252325016395114,0.017474705989501314,0.019638758907543866,-0.004444278948742314,-0.0071401584658853995,-0.01014966987620326,-0.006134727289409619,0.021611267897102233,0.015992330607442425,0.0197566347232876,0.01595560197878908,0.019680320000647893,-0.005207584847731971,-0.0019374210453914301,agent19,1
-1,-0.0059207571423071925,-0.004494895468115962,-0.015367901412565837,-0.010492442541360497,-0.004914465335374191,-0.007963598699405924,-0.006998005019118815,0.011775254627675969,0.015997706904627356,-0.007041406850330117,-0.011800872234939967,0.00992115670676473,-0.006964392062586897,-0.011170696770949066,0.013991030909000248,-0.008275074179774104,1,0.01596292394554006,-0.00482491523414928,-0.012709352174061533,0.027194167727986773,-0.008170097624111191,0.01770511315926673,-0.00678834898336338,-0.003001331298833108,-0.004805643264572765,0.013769134967860515,0.023938711250634046,0.013979047894023447,0.019299400037067385,0.01793151170370328,-0.01072936554090634,0.01999989369819679,-0.00514141575215706,0.01996880915508327,-0.0050694903371002065,-0.011885658291749465,-0.008125404695805645,0.021079084545031358,0.015271560491585895,-0.013664100619128138,0.009910332405597083,0.019812819867532,0.017479727532577226,0.015950144370661338,-0.005857750386268747,-0.01323045912014295,0.03159597120777154,0.025999856831880885,0.01382639341254922,-0.011618224914991645,0.019766318295761674,0.011622823098428645,-0.008141509028083646,0.015969613423842774,-0.007399842571167083,0.025993004406869673,0.011912733002282166,-0.006367161051378634,0.023545320632877786,-0.008560960694101394,-0.010019602215367698,0.01598891958587973,-0.006888159352252662,-0.006455910252229333,0.01776160255450089,0.01711007989764495,-0.007140603116832482,0.017694500265993895,-0.0015489875669603827,0.009947732391532179,0.013885689722363126,0.009747990983634061,0.02399186116594354,0.01981175985358729,-0.004748022544504019,-0.004897087842099488,-0.0033897710927708667,-0.007212325472404576,-0.0031065227264170285,-0.003833456184712249,0.01597390095718577,-0.00923625832550579,0.01589087559456434,-0.007676060980233298,0.005972521748132736,-0.01252325016395114,0.017474705989501314,0.019638758907543866,-0.004444278948742314,-0.0071401584658853995,-0.01014966987620326,-0.006134727289409619,0.021611267897102233,0.015992330607442425,0.0197566347232876,0.01595560197878908,0.019680320000647893,-0.005207584847731971,-0.0019374210453914301,agent50,1
-1,-0.0059207571423071925,-0.004494895468115962,-0.015367901412565837,-0.010492442541360497,-0.004914465335374191,-0.007963598699405924,-0.006998005019118815,0.011775254627675969,0.015997706904627356,-0.007041406850330117,-0.011800872234939967,0.00992115670676473,-0.006964392062586897,-0.011170696770949066,0.013991030909000248,-0.008275074179774104,1,0.01596292394554006,-0.00482491523414928,-0.012709352174061533,0.027194167727986773,-0.008170097624111191,0.01770511315926673,-0.00678834898336338,-0.003001331298833108,-0.004805643264572765,0.013769134967860515,0.023938711250634046,0.013979047894023447,0.019299400037067385,0.01793151170370328,-0.01072936554090634,0.01999989369819679,-0.00514141575215706,0.01996880915508327,-0.0050694903371002065,-0.011885658291749465,-0.008125404695805645,0.021079084545031358,0.015271560491585895,-0.013664100619128138,0.009910332405597083,0.019812819867532,0.017479727532577226,0.015950144370661338,-0.005857750386268747,-0.01323045912014295,0.03159597120777154,0.025999856831880885,0.01382639341254922,-0.011618224914991645,0.019766318295761674,0.011622823098428645,-0.008141509028083646,0.015969613423842774,-0.007399842571167083,0.025993004406869673,0.011912733002282166,-0.006367161051378634,0.023545320632877786,-0.008560960694101394,-0.010019602215367698,0.01598891958587973,-0.006888159352252662,-0.006455910252229333,0.01776160255450089,0.01711007989764495,-0.007140603116832482,0.017694500265993895,-0.0015489875669603827,0.009947732391532179,0.013885689722363126,0.009747990983634061,0.02399186116594354,0.01981175985358729,-0.004748022544504019,-0.004897087842099488,-0.0033897710927708667,-0.007212325472404576,-0.0031065227264170285,-0.003833456184712249,0.01597390095718577,-0.00923625832550579,0.01589087559456434,-0.007676060980233298,0.005972521748132736,-0.01252325016395114,0.017474705989501314,0.019638758907543866,-0.004444278948742314,-0.0071401584658853995,-0.01014966987620326,-0.006134727289409619,0.021611267897102233,0.015992330607442425,0.0197566347232876,0.01595560197878908,0.019680320000647893,-0.005207584847731971,-0.0019374210453914301,agent0,1
-1,-0.0059207571423071925,-0.004494895468115962,-0.015367901412565837,-0.010492442541360497,-0.004914465335374191,-0.007963598699405924,-0.006998005019118815,0.011775254627675969,0.015997706904627356,-0.007041406850330117,-0.011800872234939967,0.00992115670676473,-0.006964392062586897,-0.011170696770949066,0.013991030909000248,-0.008275074179774104,1,0.01596292394554006,-0.00482491523414928,-0.012709352174061533,0.027194167727986773,-0.008170097624111191,0.01770511315926673,-0.00678834898336338,-0.003001331298833108,-0.004805643264572765,0.013769134967860515,0.023938711250634046,0.013979047894023447,0.019299400037067385,0.01793151170370328,-0.01072936554090634,0.01999989369819679,-0.00514141575215706,0.01996880915508327,-0.0050694903371002065,-0.011885658291749465,-0.008125404695805645,0.021079084545031358,0.015271560491585895,-0.013664100619128138,0.009910332405597083,0.019812819867532,0.017479727532577226,0.015950144370661338,-0.005857750386268747,-0.01323045912014295,0.03159597120777154,0.025999856831880885,0.01382639341254922,-0.011618224914991645,0.019766318295761674,0.011622823098428645,-0.008141509028083646,0.015969613423842774,-0.007399842571167083,0.025993004406869673,0.011912733002282166,-0.006367161051378634,0.023545320632877786,-0.008560960694101394,-0.010019602215367698,0.01598891958587973,-0.006888159352252662,-0.006455910252229333,0.01776160255450089,0.01711007989764495,-0.007140603116832482,0.017694500265993895,-0.0015489875669603827,0.009947732391532179,0.013885689722363126,0.009747990983634061,0.02399186116594354,0.01981175985358729,-0.004748022544504019,-0.004897087842099488,-0.0033897710927708667,-0.007212325472404576,-0.0031065227264170285,-0.003833456184712249,0.01597390095718577,-0.00923625832550579,0.01589087559456434,-0.007676060980233298,0.005972521748132736,-0.01252325016395114,0.017474705989501314,0.019638758907543866,-0.004444278948742314,-0.0071401584658853995,-0.01014966987620326,-0.006134727289409619,0.021611267897102233,0.015992330607442425,0.0197566347232876,0.01595560197878908,0.019680320000647893,-0.005207584847731971,-0.0019374210453914301,agent16,-1
-1,-0.0059207571423071925,-0.004494895468115962,-0.015367901412565837,-0.010492442541360497,-0.004914465335374191,-0.007963598699405924,-0.006998005019118815,0.011775254627675969,0.015997706904627356,-0.007041406850330117,-0.011800872234939967,0.00992115670676473,-0.006964392062586897,-0.011170696770949066,0.013991030909000248,-0.008275074179774104,1,0.01596292394554006,-0.00482491523414928,-0.012709352174061533,0.027194167727986773,-0.008170097624111191,0.01770511315926673,-0.00678834898336338,-0.003001331298833108,-0.004805643264572765,0.013769134967860515,0.023938711250634046,0.013979047894023447,0.019299400037067385,0.01793151170370328,-0.01072936554090634,0.01999989369819679,-0.00514141575215706,0.01996880915508327,-0.0050694903371002065,-0.011885658291749465,-0.008125404695805645,0.021079084545031358,0.015271560491585895,-0.013664100619128138,0.009910332405597083,0.019812819867532,0.017479727532577226,0.015950144370661338,-0.005857750386268747,-0.01323045912014295,0.03159597120777154,0.025999856831880885,0.01382639341254922,-0.011618224914991645,0.019766318295761674,0.011622823098428645,-0.008141509028083646,0.015969613423842774,-0.007399842571167083,0.025993004406869673,0.011912733002282166,-0.006367161051378634,0.023545320632877786,-0.008560960694101394,-0.010019602215367698,0.01598891958587973,-0.006888159352252662,-0.006455910252229333,0.01776160255450089,0.01711007989764495,-0.007140603116832482,0.017694500265993895,-0.0015489875669603827,0.009947732391532179,0.013885689722363126,0.009747990983634061,0.02399186116594354,0.01981175985358729,-0.004748022544504019,-0.004897087842099488,-0.0033897710927708667,-0.007212325472404576,-0.0031065227264170285,-0.003833456184712249,0.01597390095718577,-0.00923625832550579,0.01589087559456434,-0.007676060980233298,0.005972521748132736,-0.01252325016395114,0.017474705989501314,0.019638758907543866,-0.004444278948742314,-0.0071401584658853995,-0.010149916750108264,-0.006134727289409619,0.021611267897102233,0.015992330607442425,0.0197566347232876,0.01595560197878908,0.019680320000647893,-0.005207584847731971,-0.0019374210453914301,agent91,0.9998765592380923
-1,-0.0059207571423071925,-0.004494895468115962,-0.015367901412565837,-0.010492442541360497,-0.004914465335374191,-0.007963598699405924,-0.006998005019118815,0.011775254627675969,0.015997706904627356,-0.007041406850330117,-0.011800872234939967,0.00992115670676473,-0.006964392062586897,-0.011170696770949066,0.013991030909000248,-0.008275074179774104,1,0.01596292394554006,-0.00482491523414928,-0.012709352174061533,0.027194167727986773,-0.008170097624111191,0.01770511315926673,-0.00678834898336338,-0.003001331298833108,-0.004805643264572765,0.013769134967860515,0.023938711250634046,0.013979047894023447,0.019299400037067385,0.01793151170370328,-0.01072936554090634,0.01999989369819679,-0.00514141575215706,0.01996880915508327,-0.0050694903371002065,-0.011885658291749465,-0.008125404695805645,0.021079084545031358,0.015271560491585895,-0.013664100619128138,0.009910332405597083,0.019812819867532,0.017479727532577226,0.015950144370661338,-0.005857750386268747,-0.01323045912014295,0.03159597120777154,0.025999856831880885,0.01382639341254922,-0.011618224914991645,0.019766318295761674,0.011622823098428645,-0.008141509028083646,0.015969613423842774,-0.007399842571167083,0.025993004406869673,0.011912733002282166,-0.006367161051378634,0.023545320632877786,-0.008560960694101394,-0.010019602215367698,0.01598891958587973,-0.006888159352252662,-0.006455910252229333,0.019761602554500893,0.01711007989764495,-0.007140603116832482,0.017694500265993895,-0.0015489875669603827,0.009947732391532179,0.013885689722363126,0.009747990983634061,0.02399186116594354,0.01981175985358729,-0.004748022544504019,-0.004897087842099488,-0.0033897710927708667,-0.007212325472404576,-0.0031065227264170285,-0.003833456184712249,0.01597390095718577,-0.00923625832550579,0.01589087559456434,-0.007676060980233298,0.005972521748132736,-0.01252325016395114,0.017474705989501314,0.019638758907543866,-0.004444278948742314,-0.0071401584658853995,-0.010149916750108264,-0.006134727289409619,0.021611267897102233,0.015992330607442425,0.0197566347232876,0.01595560197878908,0.019680320000647893,-0.005207584847731971,-0.0019374210453914301,agent65,-1
-1,-0.0059207571423071925,-0.004494895468115962,-0.015367901412565837,-0.010492442541360497,-0.004914465335374191,-0.007963598699405924,-0.006998005019118815,0.011775254627675969,0.015997706904627356,-0.007041406850330117,-0.011800872234939967,0.00992115670676473,-0.006964392062586897,-0.011170696770949066,0.013991030909000248,-0.008275074179774104,1,0.01596292394554006,-0.00482491523414928,-0.012709352174061533,0.027194167727986773,-0.008170097624111191,0.01770511315926673,-0.00678834898336338,-0.003001331298833108,-0.004805643264572765,0.013769134967860515,0.023938711250634046,0.013979047894023447,0.019299400037067385,0.01793151170370328,-0.01072936554090634,0.01999989369819679,-0.00514141575215706,0.01996880915508327,-0.0050694903371002065,-0.011885658291749465,-0.008125404695805645,0.021079084545031358,0.015271560491585895,-0.013664100619128138,0.009910332405597083,0.019812819867532,0.017479727532577226,0.015950144370661338,-0.005857750386268747,-0.01323045912014295,0.03159597120777154,0.025999856831880885,0.01382639341254922,-0.011618224914991645,0.019766318295761674,0.011622823098428645,-0.008141509028083646,0.015969613423842774,-0.007399842571167083,0.025993004406869673,0.011912733002282166,-0.006367161051378634,0.023545320632877786,-0.008560960694101394,-0.010019602215367698,0.01598891958587973,-0.006888159352252662,-0.006455910252229333,0.019761602554500893,0.01711007989764495,-0.007140603116832482,0.017694500265993895,-0.0015489875669603827,0.009947732391532179,0.013885689722363126,0.009747990983634061,0.02399186116594354,0.01981175985358729,-0.004748022544504019,-0.004897087842099488,-0.0033897710927708667,-0.007212325472404576,-0.0031065227264170285,-0.003833456184712249,0.01597390095718577,-0.00923625832550579,0.01589087559456434,-0.007676060980233298,0.005972521748132736,-0.01252325016395114,0.017474705989501314,0.019638758907543866,-0.004444278948742314,-0.0071401584658853995,-0.010149916750108264,-0.006134727289409619,0.021611267897102233,0.015992330607442425,0.0197566347232876,0.01595560197878908,0.019680320000647893,-0.005207584847731971,-0.0019374210453914301,agent60,1
-1,-0.0059207571423071925,-0.004494895468115962,-0.015367901412565837,-0.010492442541360497,-0.004914465335374191,-0.007963598699405924,-0.006998005019118815,0.011775254627675969,0.015997706904627356,-0.007041406850330117,-0.011800872234939967,0.00992115670676473,-0.006964392062586897,-0.011170696770949066,0.013991030909000248,-0.008275074179774104,1,0.01596292394554006,-0.00482491523414928,-0.012709352174061533,0.027194167727986773,-0.008170097624111191,0.01770511315926673,-0.00678834898336338,-0.003001331298833108,-0.004805643264572765,0.013769134967860515,0.023938711250634046,0.013979047894023447,0.019299400037067385,0.01793151170370328,-0.01072936554090634,0.01999989369819679,-0.00514141575215706,0.01996880915508327,-0.0050694903371002065,-0.011885658291749465,-0.008125404695805645,0.021079084545031358,0.015271560491585895,-0.013664100619128138,0.009910332405597083,0.019812819867532,0.017479727532577226,0.015950144370661338,-0.005857750386268747,-0.01323045912014295,0.03159597120777154,0.025999856831880885,0.01382639341254922,-0.011618224914991645,0.019766318295761674,0.011622823098428645,-0.008141509028083646,0.015969613423842774,-0.007399842571167083,0.025993004406869673,0.011912733002282166,-0.006367161051378634,0.023545320632877786,-0.008560960694101394,-0.010019602215367698,0.01598891958587973,-0.006888159352252662,-0.006455910252229333,0.019761602554500893,0.01711007989764495,-0.007140603116832482,0.017694500265993895,-0.0015489875669603827,0.009947732391532179,0.013885689722363126,0.009747990983634061,0.02399186116594354,0.01981175985358729,-0.004748022544504019,-0.004897087842099488,-0.0033897710927708667,-0.007212325472404576,-0.0031065227264170285,-0.003833456184712249,0.01597390095718577,-0.00923625832550579,0.01589087559456434,-0.007676060980233298,0.005972521748132736,-0.01252325016395114,0.017474705989501314,0.019638758907543866,-0.004444278948742314,-0.0071401584658853995,-0.010149916750108264,-0.006134727289409619,0.021611267897102233,0.015992330607442425,0.0197566347232876,0.01595560197878908,0.019680320000647893,-0.005207584847731971,-0.0019374210453914301,agent78,1
-1,-0.0059207571423071925,-0.004494895468115962,-0.015367901412565837,-0.010492442541360497,-0.004914465335374191,-0.007963598699405924,-0.006998005019118815,0.011775254627675969,0.015997706904627356,-0.007041406850330117,-0.011800872234939967,0.00992115670676473,-0.006964392062586897,-0.011170696770949066,0.013991030909000248,-0.008275074179774104,1,0.01596292394554006,-0.00482491523414928,-0.012709352174061533,0.027194167727986773,-0.008170097624111191,0.01770511315926673,-0.00678834898336338,-0.003001331298833108,-0.004805643264572765,0.013769134967860515,0.023938711250634046,0.013979047894023447,0.019299400037067385,0.01793151170370328,-0.01072936554090634,0.01999989369819679,-0.00514141575215706,0.01996880915508327,-0.0050694903371002065,-0.011885658291749465,-0.008125404695805645,0.021079084545031358,0.015271560491585895,-0.013664100619128138,0.009910332405597083,0.019812819867532,0.017479727532577226,0.015950144370661338,-0.005857750386268747,-0.01323045912014295,0.03159597120777154,0.025999856831880885,0.01382639341254922,-0.011618224914991645,0.019766318295761674,0.011622823098428645,-0.008141509028083646,0.015969613423842774,-0.007399842571167083,0.025993004406869673,0.011912733002282166,-0.006367161051378634,0.023545320632877786,-0.008560960694101394,-0.010019602215367698,0.01598891958587973,-0.006888159352252662,-0.006455910252229333,0.019761602554500893,0.01711007989764495,-0.007140603116832482,0.017694500265993895,-0.0015489875669603827,0.009947732391532179,0.013885689722363126,0.009747990983634061,0.02399186116594354,0.01981175985358729,-0.004748022544504019,-0.004897087842099488,-0.0033897710927708667,-0.007212325472404576,-0.0031065227264170285,-0.003833456184712249,0.01597390095718577,-0.00923625832550579,0.01589087559456434,-0.007676060980233298,0.007971211856022637,-0.01252325016395114,0.017474705989501314,0.019638758907543866,-0.004444278948742314,-0.0071401584658853995,-0.010149916750108264,-0.006134727289409619,0.021611267897102233,0.015992330607442425,0.0197566347232876,0.01595560197878908,0.019680320000647893,-0.005207584847731971,-0.0019374210453914301,agent85,-0.9488161722787706
-1,-0.0059207571423071925,-0.004494895468115962,-0.015367901412565837,-0.010492442541360497,-0.004914465335374191,-0.007963598699405924,-0.006998005019118815,0.011775254627675969,0.015997706904627356,-0.007041406850330117,-0.011800872234939967,0.00992115670676473,-0.006964392062586897,-0.011170696770949066,0.013991030909000248,-0.008275074179774104,1,0.01596292394554006,-0.00482491523414928,-0.012709352174061533,0.027194167727986773,-0.008170097624111191,0.01770511315926673,-0.00678834898336338,-0.003001331298833108,-0.004805643264572765,0.013769134967860515,0.023938711250634046,0.013979047894023447,0.019299400037067385,0.01793151170370328,-0.01072936554090634,0.01999989369819679,-0.00514141575215706,0.01996880915508327,-0.0050694903371002065,-0.011885658291749465,-0.008125404695805645,0.021079084545031358,0.015271560491585895,-0.013664100619128138,0.009910332405597083,0.019812819867532,0.017479727532577226,0.015950144370661338,-0.005857750386268747,-0.01323045912014295,0.03159597120777154,0.025999856831880885,0.01382639341254922,-0.011618224914991645,0.019766318295761674,0.011622823098428645,-0.008141509028083646,0.015969613423842774,-0.007399842571167083,0.025993004406869673,0.011912733002282166,-0.006367161051378634,0.023545320632877786,-0.008560960694101394,-0.010019602215367698,0.01598891958587973,-0.006888159352252662,-0.006455910252229333,0.019761602554500893,0.01711007989764495,-0.007140603116832482,0.017694500265993895,-0.0015489875669603827,0.009947732391532179,0.013885689722363126,0.009747990983634061,0.02399186116594354,0.01981175985358729,-0.004748022544504019,-0.004897087842099488,-0.0033897710927708667,-0.007212325472404576,-0.0031065227264170285,-0.003833456184712249,0.01597390095718577,-0.00923625832550579,0.01589087559456434,-0.007676060980233298,0.007971211856022637,-0.01252325016395114,0.017474705989501314,0.019638758907543866,-0.004444278948742314,-0.0071401584658853995,-0.010149916750108264,-0.006134727289409619,0.021611267897102233,0.015992330607442425,0.0197566347232876,0.01595560197878908,0.019680320000647893,-0.005207584847731971,-0.0019374210453914301,agent25,1
-1,-0.0059207571423071925,-0.004494895468115962,-0.015367901412565837,-0.010492442541360497,-0.004914465335374191,-0.007963598699405924,-0.006998005019118815,0.011775254627675969,0.015997706904627356,-0.007041406850330117,-0.011800872234939967,0.00992115670676473,-0.006964392062586897,-0.011170696770949066,0.013991030909000248,-0.008275074179774104,1,0.01596292394554006,-0.00482491523414928,-0.012709352174061533,0.027194167727986773,-0.008170097624111191,0.01770511315926673,-0.00678834898336338,-0.003001331298833108,-0.004805643264572765,0.013769134967860515,0.023938711250634046,0.013979047894023447,0.019299400037067385,0.01793151170370328,-0.01072936554090634,0.01999989369819679,-0.00514141575215706,0.01996880915508327,-0.0050694903371002065,-0.011885658291749465,-0.008125404695805645,0.021079084545031358,0.015271560491585895,-0.013664100619128138,0.009910332405597083,0.019812819867532,0.017479727532577226,0.015950144370661338,-0.005857750386268747,-0.01323045912014295,0.03159597120777154,0.025999856831880885,0.01382639341254922,-0.011618224914991645,0.019766318295761674,0.011622823098428645,-0.008141509028083646,0.015969613423842774,-0.007399842571167083,0.025993004406869673,0.011912733002282166,-0.006367161051378634,0.023545320632877786,-0.008560960694101394,-0.010019602215367698,0.01598891958587973,-0.006888159352252662,-0.006455910252229333,0.019761602554500893,0.01711007989764495,-0.007140603116832482,0.017694500265993895,-0.0015489875669603827,0.009947732391532179,0.013885689722363126,0.009747990983634061,0.02399186116594354,0.01981175985358729,-0.004748022544504019,-0.004897087842099488,-0.0033897710927708667,-0.007212325472404576,-0.0031065227264170285,-0.003833456184712249,0.01597390095718577,-0.00923625832550579,0.01589087559456434,-0.007676060980233298,0.007971211856022637,-0.01252325016395114,0.017474705989501314,0.019638758907543866,-0.004444278948742314,-0.0071401584658853995,-0.010149916750108264,-0.006134727289409619,0.021611267897102233,0.015992330607442425,0.0197566347232876,0.01595560197878908,0.019680320000647893,-0.005207584847731971,-0.0019374210453914301,agent33,1
-1,-0.0059207571423071925,-0.004494895468115962,-0.015367901412565837,-0.010492442541360497,-0.004914465335374191,-0.007963598699405924,-0.006998005019118815,0.011775254627675969,0.015997706904627356,-0.007041406850330117,-0.011800872234939967,0.00992115670676473,-0.006964392062586897,-0.011170696770949066,0.013991030909000248,-0.008275074179774104,1,0.01596292394554006,-0.00482491523414928,-0.012709352174061533,0.027194167727986773,-0.008170097624111191,0.01770511315926673,-0.00678834898336338,-0.003001331298833108,-0.004805643264572765,0.013769134967860515,0.023938711250634046,0.013979047894023447,0.019299400037067385,0.01793151170370328,-0.01072936554090634,0.01999989369819679,-0.00514141575215706,0.01996880915508327,-0.0050694903371002065,-0.011885658291749465,-0.008125404695805645,0.021079084545031358,0.015271560491585895,-0.013664100619128138,0.009910332405597083,0.019812819867532,0.017479727532577226,0.015950144370661338,-0.005857750386268747,-0.01323045912014295,0.03159597120777154,0.025999856831880885,0.01382639341254922,-0.011618224914991645,0.019766318295761674,0.011622823098428645,-0.008141509028083646,0.015969613423842774,-0.007399842571167083,0.025993004406869673,0.011912733002282166,-0.006367161051378634,0.023545320632877786,-0.008560960694101394,-0.010019602215367698,0.01598891958587973,-0.006888159352252662,-0.006455910252229333,0.019761602554500893,0.01711007989764495,-0.007140603116832482,0.017694500265993895,-0.0015489875669603827,0.009947732391532179,0.013885689722363126,0.009747990983634061,0.02399186116594354,0.01981175985358729,-0.004748022544504019,-0.004897087842099488,-0.0033897710927708667,-0.007212325472404576,-0.0031065227264170285,-0.003833456184712249,0.01597390095718577,-0.00923625832550579,0.01589087559456434,-0.007676060980233298,0.007971211856022637,-0.01252325016395114,0.017474705989501314,0.019638758907543866,-0.004444278948742314,-0.0071401584658853995,-0.010149916750108264,-0.006134727289409619,0.021611267897102233,0.015992330607442425,0.0197566347232876,0.01595560197878908,0.019680320000647893,-0.005207584847731971,-0.0019374210453914301,agent21,1
-1,-0.0059207571423071925,-0.004494895468115962,-0.015367901412565837,-0.010492442541360497,-0.004914465335374191,-0.007963598699405924,-0.006998005019118815,0.011775254627675969,0.015997706904627356,-0.007041406850330117,-0.011800872234939967,0.00992115670676473,-0.006964392062586897,-0.011170696770949066,0.013991030909000248,-0.008275074179774104,1,0.01596292394554006,-0.00482491523414928,-0.012709352174061533,0.027194167727986773,-0.008170097624111191,0.01770511315926673,-0.00678834898336338,-0.003001331298833108,-0.004805643264572765,0.013769134967860515,0.023938711250634046,0.013979047894023447,0.019299400037067385,0.01793151170370328,-0.01072936554090634,0.01999989369819679,-0.00514141575215706,0.01996880915508327,-0.0050694903371002065,-0.011885658291749465,-0.008125404695805645,0.021079084545031358,0.015271560491585895,-0.013664100619128138,0.009910332405597083,0.019812819867532,0.017479727532577226,0.015950144370661338,-0.005857750386268747,-0.01323045912014295,0.03159597120777154,0.025999856831880885,0.01382639341254922,-0.011618224914991645,0.019766318295761674,0.011622823098428645,-0.008141509028083646,0.015969613423842774,-0.007399842571167083,0.025993004406869673,0.011912733002282166,-0.006367161051378634,0.023545320632877786,-0.008560960694101394,-0.010019602215367698,0.01598891958587973,-0.006888159352252662,-0.006455910252229333,0.019761602554500893,0.01711007989764495,-0.007140603116832482,0.017694500265993895,-0.0015489875669603827,0.009947732391532179,0.013885689722363126,0.009747990983634061,0.02399186116594354,0.01981175985358729,-0.004748022544504019,-0.004897087842099488,-0.0033897710927708667,-0.007212325472404576,-0.0031065227264170285,-0.003833456184712249,0.01597390095718577,-0.00923625832550579,0.01589087559456434,-0.007676060980233298,0.007971211856022637,-0.01252325016395114,0.017474705989501314,0.019638758907543866,-0.004444278948742314,-0.0071401584658853995,-0.010149916750108264,-0.006134727289409619,0.021611267897102233,0.015992330607442425,0.0197566347232876,0.01595560197878908,0.019680320000647893,-0.005207584847731971,-0.0019374210453914301,agent58,1
-1,-0.0059207571423071925,-0.004494895468115962,-0.015367901412565837,-0.010492442541360497,-0.004914465335374191,-0.007963598699405924,-0.006998005019118815,0.011775254627675969,0.015997706904627356,-0.007041406850330117,-0.011800872234939967,0.00992115670676473,-0.006964392062586897,-0.011170696770949066,0.013991030909000248,-0.008275074179774104,1,0.01596292394554006,-0.00482491523414928,-0.012709352174061533,0.027194167727986773,-0.008170097624111191,0.01770511315926673,-0.00678834898336338,-0.003001331298833108,-0.004805643264572765,0.013769134967860515,0.023938711250634046,0.013979047894023447,0.019299400037067385,0.01793151170370328,-0.01072936554090634,0.01999989369819679,-0.00514141575215706,0.01996880915508327,-0.0050694903371002065,-0.011885658291749465,-0.008125404695805645,0.021079084545031358,0.015271560491585895,-0.013664100619128138,0.009910332405597083,0.019812819867532,0.017479727532577226,0.015950144370661338,-0.005857750386268747,-0.01323045912014295,0.03159597120777154,0.025999856831880885,0.01382639341254922,-0.011618224914991645,0.019766318295761674,0.011622823098428645,-0.008141509028083646,0.015969613423842774,-0.007399842571167083,0.025993004406869673,0.011912733002282166,-0.006367161051378634,0.023545320632877786,-0.008560960694101394,-0.010019602215367698,0.01598891958587973,-0.006888159352252662,-0.006455910252229333,0.019761602554500893,0.01711007989764495,-0.007140603116832482,0.017694500265993895,-0.0015489875669603827,0.009947732391532179,0.013885689722363126,0.009747990983634061,0.02399186116594354,0.01981175985358729,-0.004748022544504019,-0.004897087842099488,-0.0033897710927708667,-0.007212325472404576,-0.0031065227264170285,-0.003833456184712249,0.01597390095718577,-0.00923625832550579,0.01589087559456434,-0.007676060980233298,0.007971211856022637,-0.01252325016395114,0.017474705989501314,0.019638758907543866,-0.004444278948742314,-0.0071401584658853995,-0.010149916750108264,-0.006134727289409619,0.021611267897102233,0.015992330607442425,0.0197566347232876,0.01795560197878908,0.019680320000647893,-0.005207584847731971,-0.0019374210453914301,agent96,-1
-1,-0.0059207571423071925,-0.004494895468115962,-0.015367901412565837,-0.010492442541360497,-0.004914465335374191,-0.007963598699405924,-0.006998005019118815,0.011775254627675969,0.015997706904627356,-0.007041406850330117,-0.011800872234939967,0.00992115670676473,-0.006964392062586897,-0.011170696770949066,0.013991030909000248,-0.008275074179774104,1,0.01596292394554006,-0.00482491523414928,-0.012709352174061533,0.027194167727986773,-0.008170097624111191,0.01770511315926673,-0.00678834898336338,-0.003001331298833108,-0.004805643264572765,0.013769134967860515,0.023938711250634046,0.013979047894023447,0.019299400037067385,0.01793151170370328,-0.01072936554090634,0.01999989369819679,-0.00514141575215706,0.01996880915508327,-0.0050694903371002065,-0.011885658291749465,-0.008125404695805645,0.021079084545031358,0.015271560491585895,-0.013664100619128138,0.009910332405597083,0.019812819867532,0.017479727532577226,0.015950144370661338,-0.005857750386268747,-0.01323045912014295,0.03159597120777154,0.025999856831880885,0.01382639341254922,-0.011618224914991645,0.019766318295761674,0.011622823098428645,-0.008141509028083646,0.015969613423842774,-0.007399842571167083,0.025993004406869673,0.011912733002282166,-0.006367161051378634,0.023545320632877786,-0.008560960694101394,-0.010019602215367698,0.01598891958587973,-0.006888159352252662,-0.006455910252229333,0.019761602554500893,0.01711007989764495,-0.007140603116832482,0.017694500265993895,-0.0015489875669603827,0.009947732391532179,0.013885689722363126,0.009747990983634061,0.02399186116594354,0.01981175985358729,-0.004748022544504019,-0.004897087842099488,-0.0033897710927708667,-0.007212325472404576,-0.0031065227264170285,-0.003833456184712249,0.01597390095718577,-0.00923625832550579,0.01589087559456434,-0.007676060980233298,0.007971211856022637,-0.01252325016395114,0.017474705989501314,0.019638758907543866,-0.004444278948742314,-0.0071401584658853995,-0.010149916750108264,-0.006134727289409619,0.021611267897102233,0.015992330607442425,0.0197566347232876,0.01795560197878908,0.019680320000647893,-0.005207584847731971,-0.0019374210453914301,agent64,1
-1,-0.0059207571423071925,-0.004494895468115962,-0.015367901412565837,-0.010492442541360497,-0.004914465335374191,-0.007963598699405924,-0.006998005019118815,0.011775254627675969,0.015997706904627356,-0.007041406850330117,-0.011800872234939967,0.00992115670676473,-0.006964392062586897,-0.011170696770949066,0.013991030909000248,-0.008275074179774104,1,0.01596292394554006,-0.00482491523414928,-0.012709352174061533,0.027194167727986773,-0.008170097624111191,0.01770511315926673,-0.00678834898336338,-0.003001331298833108,-0.004805643264572765,0.013769134967860515,0.023938711250634046,0.013979047894023447,0.019299400037067385,0.01793151170370328,-0.01072936554090634,0.01999989369819679,-0.00514141575215706,0.01996880915508327,-0.0050694903371002065,-0.011885658291749465,-0.008125404695805645,0.021079084545031358,0.015271560491585895,-0.013664100619128138,0.009910332405597083,0.019812819867532,0.017479727532577226,0.015950144370661338,-0.005857750386268747,-0.01323045912014295,0.03159597120777154,0.025999856831880885,0.01382639341254922,-0.011618224914991645,0.019766318295761674,0.011622823098428645,-0.008141509028083646,0.015969613423842774,-0.007399842571167083,0.025993004406869673,0.011912733002282166,-0.006367161051378634,0.023545320632877786,-0.008560960694101394,-0.010019602215367698,0.01598891958587973,-0.006888159352252662,-0.006455910252229333,0.019761602554500893,0.019110079897644953,-0.007140603116832482,0.017694500265993895,-0.0015489875669603827,0.009947732391532179,0.013885689722363126,0.009747990983634061,0.02399186116594354,0.01981175985358729,-0.004748022544504019,-0.004897087842099488,-0.0033897710927708667,-0.007212325472404576,-0.0031065227264170285,-0.003833456184712249,0.01597390095718577,-0.00923625832550579,0.01589087559456434,-0.007676060980233298,0.007971211856022637,-0.01252325016395114,0.017474705989501314,0.019638758907543866,-0.004444278948742314,-0.0071401584658853995,-0.010149916750108264,-0.006134727289409619,0.021611267897102233,0.015992330607442425,0.0197566347232876,0.01795560197878908,0.019680320000647893,-0.005207584847731971,-0.0019374210453914301,agent66,-1
-1,-0.0059207571423071925,-0.004494895468115962,-0.015367901412565837,-0.010492442541360497,-0.004914465335374191,-0.007963598699405924,-0.006998005019118815,0.011775254627675969,0.015997706904627356,-0.007041406850330117,-0.011800872234939967,0.00992115670676473,-0.006964392062586897,-0.011170696770949066,0.013991030909000248,-0.008275074179774104,1,0.01596292394554006,-0.00482491523414928,-0.012709352174061533,0.027194167727986773,-0.008170097624111191,0.01770511315926673,-0.00678834898336338,-0.003001331298833108,-0.004805643264572765,0.013769134967860515,0.023938711250634046,0.013979047894023447,0.019299400037067385,0.01793151170370328,-0.01072936554090634,0.01999989369819679,-0.00514141575215706,0.01996880915508327,-0.0050694903371002065,-0.011885658291749465,-0.008125404695805645,0.021079084545031358,0.015271560491585895,-0.013664100619128138,0.009910332405597083,0.019812819867532,0.017479727532577226,0.015950144370661338,-0.005857750386268747,-0.01323045912014295,0.03159597120777154,0.025999856831880885,0.01382639341254922,-0.011618224914991645,0.019766318295761674,0.011622823098428645,-0.008141509028083646,0.015969613423842774,-0.007399842571167083,0.025993004406869673,0.011912733002282166,-0.006367161051378634,0.023545320632877786,-0.008560960694101394,-0.010019602215367698,0.01598891958587973,-0.006888159352252662,-0.006455910252229333,0.019761602554500893,0.019110079897644953,-0.007140603116832482,0.017694500265993895,-0.0015489875669603827,0.009947732391532179,0.013885689722363126,0.009747990983634061,0.02399186116594354,0.01981175985358729,-0.004748022544504019,-0.004897087842099488,-0.0033897710927708667,-0.007212325472404576,-0.0031065227264170285,-0.003833456184712249,0.01597390095718577,-0.00923625832550579,0.01589087559456434,-0.007676060980233298,0.007971211856022637,-0.01252325016395114,0.017474705989501314,0.019638758907543866,-0.004444278948742314,-0.0071401584658853995,-0.010149916750108264,-0.006134727289409619,0.021611267897102233,0.015992330607442425,0.0197566347232876,0.01795560197878908,0.019680320000647893,-0.005207584847731971,-0.0019374210453914301,agent24,1
-1,-0.0059207571423071925,-0.004494895468115962,-0.015367901412565837,-0.010492442541360497,-0.004914465335374191,-0.007963598699405924,-0.006998005019118815,0.011775254627675969,0.015997706904627356,-0.007041406850330117,-0.011800872234939967,0.00992115670676473,-0.006964392062586897,-0.011170696770949066,0.013991030909000248,-0.008275074179774104,1,0.01596292394554006,-0.00482491523414928,-0.012709352174061533,0.027194167727986773,-0.008170097624111191,0.01770511315926673,-0.00678834898336338,-0.003001331298833108,-0.004805643264572765,0.013769134967860515,0.023938711250634046,0.013979047894023447,0.019299400037067385,0.01793151170370328,-0.01072936554090634,0.01999989369819679,-0.00514141575215706,0.01996880915508327,-0.0050694903371002065,-0.011885658291749465,-0.008125404695805645,0.021079084545031358,0.015271560491585895,-0.013664100619128138,0.009910332405597083,0.019812819867532,0.017479727532577226,0.015950144370661338,-0.005857750386268747,-0.01323045912014295,0.03159597120777154,0.025999856831880885,0.01382639341254922,-0.011618224914991645,0.019766318295761674,0.011622823098428645,-0.008141509028083646,0.015969613423842774,-0.007399842571167083,0.025993004406869673,0.011912733002282166,-0.006367161051378634,0.023545320632877786,-0.008560960694101394,-0.010019602215367698,0.01598891958587973,-0.006888159352252662,-0.006455910252229333,0.019761602554500893,0.019110079897644953,-0.007140603116832482,0.017694500265993895,-0.0015489875669603827,0.009947732391532179,0.013885689722363126,0.009747990983634061,0.02399186116594354,0.01981175985358729,-0.004748022544504019,-0.004897087842099488,-0.0033897710927708667,-0.007212325472404576,-0.0031065227264170285,-0.003833456184712249,0.01597390095718577,-0.00923625832550579,0.01589087559456434,-0.007676060980233298,0.007971211856022637,-0.01252325016395114,0.017474705989501314,0.019638758907543866,-0.004444278948742314,-0.0071401584658853995,-0.010149916750108264,-0.006134727289409619,0.021611267897102233,0.015992330607442425,0.0197566347232876,0.01795560197878908,0.019680320000647893,-0.005207584847731971,-0.0019374210453914301,agent91,1
-1,-0.0059207571423071925,-0.004494895468115962,-0.015367901412565837,-0.010492442541360497,-0.004914465335374191,-0.007963598699405924,-0.006998005019118815,0.011775254627675969,0.015997706904627356,-0.007041406850330117,-0.011800872234939967,0.00992115670676473,-0.006964392062586897,-0.011170696770949066,0.013991030909000248,-0.008275074179774104,1,0.01596292394554006,-0.00482491523414928,-0.012709352174061533,0.027194167727986773,-0.008170097624111191,0.01770511315926673,-0.00678834898336338,-0.003001331298833108,-0.004805643264572765,0.013769134967860515,0.023938711250634046,0.013979047894023447,0.019299400037067385,0.01793151170370328,-0.01072936554090634,0.01999989369819679,-0.00514141575215706,0.01996880915508327,-0.0050694903371002065,-0.011885658291749465,-0.008125404695805645,0.021079084545031358,0.015271560491585895,-0.013664100619128138,0.009910332405597083,0.019812819867532,0.017479727532577226,0.015950144370661338,-0.005857750386268747,-0.01323045912014295,0.03159597120777154,0.025999856831880885,0.01382639341254922,-0.011618224914991645,0.019766318295761674,0.011622823098428645,-0.008141509028083646,0.015969613423842774,-0.007399842571167083,0.025993004406869673,0.011912733002282166,-0.006367161051378634,0.023545320632877786,-0.008560960694101394,-0.010019602215367698,0.01598891958587973,-0.006888159352252662,-0.006455910252229333,0.019761602554500893,0.019110079897644953,-0.007140603116832482,0.017694500265993895,-0.0015489875669603827,0.009947732391532179,0.013885689722363126,0.011721596152007891,0.02399186116594354,0.01981175985358729,-0.004748022544504019,-0.004897087842099488,-0.0033897710927708667,-0.007212325472404576,-0.0031065227264170285,-0.003833456184712249,0.01597390095718577,-0.00923625832550579,0.01589087559456434,-0.007676060980233298,0.007971211856022637,-0.01252325016395114,0.017474705989501314,0.019638758907543866,-0.004444278948742314,-0.0071401584658853995,-0.010149916750108264,-0.006134727289409619,0.021611267897102233,0.015992330607442425,0.0197566347232876,0.01795560197878908,0.019680320000647893,-0.005207584847731971,-0.0019374210453914301,agent72,-0.7702399876994693
-1,-0.0059207571423071925,-0.004494895468115962,-0.015367901412565837,-0.010492442541360497,-0.004914465335374191,-0.007963598699405924,-0.006998005019118815,0.011775254627675969,0.015997706904627356,-0.007041406850330117,-0.011800872234939967,0.00992115670676473,-0.006964392062586897,-0.011170696770949066,0.013991030909000248,-0.008275074179774104,1,0.01596292394554006,-0.00482491523414928,-0.012709352174061533,0.027194167727986773,-0.008170097624111191,0.01770511315926673,-0.00678834898336338,-0.003001331298833108,-0.004805643264572765,0.013769134967860515,0.023938711250634046,0.013979047894023447,0.019299400037067385,0.01793151170370328,-0.01072936554090634,0.01999989369819679,-0.00514141575215706,0.01996880915508327,-0.0050694903371002065,-0.011885658291749465,-0.008125404695805645,0.021079084545031358,0.015271560491585895,-0.013664100619128138,0.009910332405597083,0.019812819867532,0.017479727532577226,0.015950144370661338,-0.005857750386268747,-0.01323045912014295,0.03159597120777154,0.025999856831880885,0.01382639341254922,-0.011618224914991645,0.019766318295761674,0.011622823098428645,-0.008141509028083646,0.015969613423842774,-0.007399842571167083,0.025993004406869673,0.011912733002282166,-0.006367161051378634,0.023545320632877786,-0.008560960694101394,-0.010019602215367698,0.01598891958587973,-0.006888159352252662,-0.006455910252229333,0.019761602554500893,0.019110079897644953,-0.007140603116832482,0.017694500265993895,-0.0015489875669603827,0.009947732391532179,0.013885689722363126,0.011721596152007891,0.02399186116594354,0.01981175985358729,-0.004748022544504019,-0.004897087842099488,-0.0033897710927708667,-0.007212325472404576,-0.0031065227264170285,-0.003833456184712249,0.01597390095718577,-0.00923625832550579,0.01589087559456434,-0.007676060980233298,0.007971211856022637,-0.01252325016395114,0.017474705989501314,0.019638758907543866,-0.004444278948742314,-0.0071401584658853995,-0.010149916750108264,-0.006134727289409619,0.021611267897102233,0.015992330607442425,0.0197566347232876,0.01795560197878908,0.021680320000647894,-0.005207584847731971,-0.0019374210453914301,agent97,-1
-1,-0.0059207571423071925,-0.004494895468115962,-0.015367901412565837,-0.010492442541360497,-0.004914465335374191,-0.007963598699405924,-0.006998005019118815,0.011775254627675969,0.015997706904627356,-0.007041406850330117,-0.011800872234939967,0.00992115670676473,-0.006964392062586897,-0.011170696770949066,0.013991030909000248,-0.008275074179774104,1,0.01596292394554006,-0.00482491523414928,-0.012709352174061533,0.027194167727986773,-0.008170097624111191,0.01770511315926673,-0.00678834898336338,-0.003001331298833108,-0.004805643264572765,0.013769134967860515,0.023938711250634046,0.013979047894023447,0.019299400037067385,0.01793151170370328,-0.01072936554090634,0.01999989369819679,-0.00514141575215706,0.01996880915508327,-0.0050694903371002065,-0.011885658291749465,-0.008125404695805645,0.021079084545031358,0.015271560491585895,-0.013664100619128138,0.009910332405597083,0.019812819867532,0.017479727532577226,0.015950144370661338,-0.005857750386268747,-0.01323045912014295,0.03159597120777154,0.025999856831880885,0.01382639341254922,-0.011618224914991645,0.019766318295761674,0.011622823098428645,-0.008141509028083646,0.015969613423842774,-0.007399842571167083,0.025993004406869673,0.011912733002282166,-0.006367161051378634,0.023545320632877786,-0.008560960694101394,-0.010019602215367698,0.01598891958587973,-0.006888159352252662,-0.006455910252229333,0.019761602554500893,0.019110079897644953,-0.007140603116832482,0.017694500265993895,-0.0015489875669603827,0.009947732391532179,0.013885689722363126,0.011721596152007891,0.02399186116594354,0.01981175985358729,-0.004748022544504019,-0.004897087842099488,-0.0033897710927708667,-0.007212325472404576,-0.0031065227264170285,-0.003833456184712249,0.01597390095718577,-0.00923625832550579,0.01589087559456434,-0.007676060980233298,0.009970409170469468,-0.01252325016395114,0.017474705989501314,0.019638758907543866,-0.004444278948742314,-0.0071401584658853995,-0.010149916750108264,-0.006134727289409619,0.021611267897102233,0.015992330607442425,0.0197566347232876,0.01795560197878908,0.021680320000647894,-0.005207584847731971,-0.0019374210453914301,agent85,-0.9599329174217043
-1,-0.0059207571423071925,-0.004494895468115962,-0.015367901412565837,-0.010492442541360497,-0.004914465335374191,-0.007963598699405924,-0.006998005019118815,0.011775254627675969,0.015997706904627356,-0.007041406850330117,-0.011800872234939967,0.00992115670676473,-0.006964392062586897,-0.011170696770949066,0.013991030909000248,-0.008275074179774104,1,0.01596292394554006,-0.00482491523414928,-0.012709352174061533,0.027194167727986773,-0.008170097624111191,0.01770511315926673,-0.00678834898336338,-0.003001331298833108,-0.004805643264572765,0.013769134967860515,0.023938711250634046,0.013979047894023447,0.019299400037067385,0.01793151170370328,-0.01072936554090634,0.01999989369819679,-0.00514141575215706,0.01996880915508327,-0.0050694903371002065,-0.011885658291749465,-0.008125404695805645,0.021079084545031358,0.015271560491585895,-0.013664100619128138,0.009910332405597083,0.019812819867532,0.017479727532577226,0.015950144370661338,-0.005857750386268747,-0.01323045912014295,0.03159597120777154,0.025999856831880885,0.01382639341254922,-0.011618224914991645,0.019766318295761674,0.011622823098428645,-0.008141509028083646,0.015969613423842774,-0.007399842571167083,0.025993004406869673,0.011912733002282166,-0.006367161051378634,0.023545320632877786,-0.008560960694101394,-0.010019602215367698,0.01598891958587973,-0.006888159352252662,-0.006455910252229333,0.019761602554500893,0.019110079897644953,-0.007140603116832482,0.017694500265993895,-0.0015489875669603827,0.009947732391532179,0.013885689722363126,0.011721596152007891,0.02399186116594354,0.01981175985358729,-0.004748022544504019,-0.004897087842099488,-0.0033897710927708667,-0.007212325472404576,-0.0031065227264170285,-0.003833456184712249,0.01597390095718577,-0.00923625832550579,0.017890875594564343,-0.007676060980233298,0.009970409170469468,-0.01252325016395114,0.017474705989501314,0.019638758907543866,-0.004444278948742314,-0.0071401584658853995,-0.010149916750108264,-0.006134727289409619,0.021611267897102233,0.015992330607442425,0.0197566347232876,0.01795560197878908,0.021680320000647894,-0.005207584847731971,-0.0019374210453914301,agent83,-1
-1,-0.0059207571423071925,-0.004494895468115962,-0.015367901412565837,-0.010492442541360497,-0.004914465335374191,-0.007963598699405924,-0.006998005019118815,0.011775254627675969,0.015997706904627356,-0.007041406850330117,-0.011800872234939967,0.00992115670676473,-0.006964392062586897,-0.011170696770949066,0.013991030909000248,-0.008275074179774104,1,0.01596292394554006,-0.00482491523414928,-0.012709352174061533,0.027194167727986773,-0.008170097624111191,0.01770511315926673,-0.00678834898336338,-0.003001331298833108,-0.004805643264572765,0.013769134967860515,0.023938711250634046,0.013979047894023447,0.019299400037067385,0.01793151170370328,-0.01072936554090634,0.01999989369819679,-0.00514141575215706,0.01996880915508327,-0.0050694903371002065,-0.011885658291749465,-0.008125404695805645,0.021079084545031358,0.015271560491585895,-0.013664100619128138,0.009910332405597083,0.019812819867532,0.019479727532577228,0.015950144370661338,-0.005857750386268747,-0.01323045912014295,0.03159597120777154,0.025999856831880885,0.01382639341254922,-0.011618224914991645,0.019766318295761674,0.011622823098428645,-0.008141509028083646,0.015969613423842774,-0.007399842571167083,0.025993004406869673,0.011912733002282166,-0.006367161051378634,0.023545320632877786,-0.008560960694101394,-0.010019602215367698,0.01598891958587973,-0.006888159352252662,-0.006455910252229333,0.019761602554500893,0.019110079897644953,-0.007140603116832482,0.017694500265993895,-0.0015489875669603827,0.009947732391532179,0.013885689722363126,0.011721596152007891,0.02399186116594354,0.01981175985358729,-0.004748022544504019,-0.004897087842099488,-0.0033897710927708667,-0.007212325472404576,-0.0031065227264170285,-0.003833456184712249,0.01597390095718577,-0.00923625832550579,0.017890875594564343,-0.007676060980233298,0.009970409170469468,-0.01252325016395114,0.017474705989501314,0.019638758907543866,-0.004444278948742314,-0.0071401584658853995,-0.010149916750108264,-0.006134727289409619,0.021611267897102233,0.015992330607442425,0.0197566347232876,0.01795560197878908,0.021680320000647894,-0.005207584847731971,-0.0019374210453914301,agent43,-1
-1,-0.0059207571423071925,-0.004494895468115962,-0.015367901412565837,-0.010492442541360497,-0.004914465335374191,-0.007963598699405924,-0.006998005019118815,0.011775254627675969,0.015997706904627356,-0.007041406850330117,-0.011800872234939967,0.00992115670676473,-0.006964392062586897,-0.011170696770949066,0.013991030909000248,-0.008275074179774104,1,0.01596292394554006,-0.00482491523414928,-0.012709352174061533,0.027194167727986773,-0.008170097624111191,0.01770511315926673,-0.00678834898336338,-0.003001331298833108,-0.004805643264572765,0.013769134967860515,0.023938711250634046,0.013979047894023447,0.019299400037067385,0.01793151170370328,-0.01072936554090634,0.01999989369819679,-0.00514141575215706,0.01996880915508327,-0.0050694903371002065,-0.011885658291749465,-0.008125404695805645,0.021079084545031358,0.015271560491585895,-0.013664100619128138,0.009910332405597083,0.019812819867532,0.019479727532577228,0.015950144370661338,-0.005857750386268747,-0.01323045912014295,0.03159597120777154,0.025999856831880885,0.01382639341254922,-0.011618224914991645,0.019766318295761674,0.011622823098428645,-0.008141509028083646,0.015969613423842774,-0.007399842571167083,0.025993004406869673,0.011912733002282166,-0.006367161051378634,0.023545320632877786,-0.008560960694101394,-0.010019602215367698,0.01598891958587973,-0.006888159352252662,-0.006455910252229333,0.019761602554500893,0.019110079897644953,-0.007140603116832482,0.017694500265993895,-0.0015489875669603827,0.009947732391532179,0.013885689722363126,0.011721596152007891,0.02399186116594354,0.02181175985358729,-0.004748022544504019,-0.004897087842099488,-0.0033897710927708667,-0.007212325472404576,-0.0031065227264170285,-0.003833456184712249,0.01597390095718577,-0.00923625832550579,0.017890875594564343,-0.007676060980233298,0.009970409170469468,-0.01252325016395114,0.017474705989501314,0.019638758907543866,-0.004444278948742314,-0.0071401584658853995,-0.010149916750108264,-0.006134727289409619,0.021611267897102233,0.015992330607442425,0.0197566347232876,0.01795560197878908,0.021680320000647894,-0.005207584847731971,-0.0019374210453914301,agent74,-1
-1,-0.0059207571423071925,-0.004494895468115962,-0.015367901412565837,-0.010492442541360497,-0.004914465335374191,-0.007963598699405924,-0.006998005019118815,0.011775254627675969,0.015997706904627356,-0.007041406850330117,-0.011800872234939967,0.00992115670676473,-0.006964392062586897,-0.011170696770949066,0.013991030909000248,-0.008275074179774104,1,0.01596292394554006,-0.00482491523414928,-0.012709352174061533,0.027194167727986773,-0.008170097624111191,0.01770511315926673,-0.00678834898336338,-0.003001331298833108,-0.004805643264572765,0.013769134967860515,0.023938711250634046,0.013979047894023447,0.019299400037067385,0.01793151170370328,-0.01072936554090634,0.01999989369819679,-0.00514141575215706,0.01996880915508327,-0.0050694903371002065,-0.011885658291749465,-0.008125404695805645,0.021079084545031358,0.015271560491585895,-0.013664100619128138,0.009910332405597083,0.019812819867532,0.019479727532577228,0.015950144370661338,-0.005857750386268747,-0.01323045912014295,0.03159597120777154,0.025999856831880885,0.01382639341254922,-0.011618224914991645,0.019766318295761674,0.011622823098428645,-0.008141509028083646,0.015969613423842774,-0.007399842571167083,0.025993004406869673,0.011912733002282166,-0.006367161051378634,0.023545320632877786,-0.008560960694101394,-0.010019602215367698,0.01598891958587973,-0.006888159352252662,-0.006455910252229333,0.019761602554500893,0.019110079897644953,-0.007140603116832482,0.017694500265993895,-0.0015489875669603827,0.009947732391532179,0.013885689722363126,0.011721596152007891,0.02399186116594354,0.02181175985358729,-0.004748022544504019,-0.004897087842099488,-0.0033897710927708667,-0.007212325472404576,-0.0031065227264170285,-0.003833456184712249,0.01597390095718577,-0.00923625832550579,0.017890875594564343,-0.007676060980233298,0.009970409170469468,-0.01252325016395114,0.017474705989501314,0.019638758907543866,-0.004444278948742314,-0.0071401584658853995,-0.010149916750108264,-0.006134727289409619,0.021611267897102233,0.015992330607442425,0.0197566347232876,0.01795560197878908,0.021680320000647894,-0.005207584847731971,-0.0019374210453914301,agent53,1
-1,-0.0059207571423071925,-0.004494895468115962,-0.015367901412565837,-0.010492442541360497,-0.004914465335374191,-0.007963598699405924,-0.006998005019118815,0.011775254627675969,0.015997706904627356,-0.007041406850330117,-0.011800872234939967,0.00992115670676473,-0.006964392062586897,-0.011170696770949066,0.013991030909000248,-0.008275074179774104,1,0.01596292394554006,-0.00482491523414928,-0.012709352174061533,0.027194167727986773,-0.008170097624111191,0.01770511315926673,-0.00678834898336338,-0.003001331298833108,-0.004805643264572765,0.013769134967860515,0.023938711250634046,0.013979047894023447,0.019299400037067385,0.01793151170370328,-0.01072936554090634,0.01999989369819679,-0.00514141575215706,0.01996880915508327,-0.0050694903371002065,-0.011885658291749465,-0.008125404695805645,0.021079084545031358,0.015271560491585895,-0.013664100619128138,0.009910332405597083,0.019812819867532,0.019479727532577228,0.015950144370661338,-0.005857750386268747,-0.01323045912014295,0.03159597120777154,0.025999856831880885,0.01382639341254922,-0.011618224914991645,0.019766318295761674,0.011622823098428645,-0.008141509028083646,0.015969613423842774,-0.007399842571167083,0.025993004406869673,0.011912733002282166,-0.006367161051378634,0.023545320632877786,-0.008560960694101394,-0.010019602215367698,0.01598891958587973,-0.006888159352252662,-0.006455910252229333,0.019761602554500893,0.019110079897644953,-0.007140603116832482,0.017694500265993895,-0.0015489875669603827,0.009947732391532179,0.013885689722363126,0.011721596152007891,0.02399186116594354,0.02181175985358729,-0.004748022544504019,-0.004897087842099488,-0.0033897710927708667,-0.007212325472404576,-0.0031065227264170285,-0.003833456184712249,0.01597390095718577,-0.00923625832550579,0.017890875594564343,-0.007676060980233298,0.009970409170469468,-0.01252325016395114,0.017474705989501314,0.019638758907543866,-0.004444278948742314,-0.0071401584658853995,-0.010149916750108264,-0.006134727289409619,0.021611267897102233,0.015992330607442425,0.0217566347232876,0.01795560197878908,0.021680320000647894,-0.005207584847731971,-0.0019374210453914301,agent95,-1
-1,-0.0059207571423071925,-0.004494895468115962,-0.015367901412565837,-0.010492442541360497,-0.004914465335374191,-0.007963598699405924,-0.006998005019118815,0.011775254627675969,0.015997706904627356,-0.007041406850330117,-0.011800872234939967,0.00992115670676473,-0.006964392062586897,-0.011170696770949066,0.013991030909000248,-0.008275074179774104,1,0.01596292394554006,-0.00482491523414928,-0.012709352174061533,0.027194167727986773,-0.008170097624111191,0.01770511315926673,-0.00678834898336338,-0.003001331298833108,-0.004805643264572765,0.013769134967860515,0.023938711250634046,0.013979047894023447,0.019299400037067385,0.01793151170370328,-0.01072936554090634,0.01999989369819679,-0.00514141575215706,0.01996880915508327,-0.0050694903371002065,-0.011885658291749465,-0.008125404695805645,0.021079084545031358,0.015271560491585895,-0.013664100619128138,0.009910332405597083,0.019812819867532,0.019479727532577228,0.015950144370661338,-0.005857750386268747,-0.01323045912014295,0.03159597120777154,0.025999856831880885,0.01382639341254922,-0.011618224914991645,0.02175985277898547,0.011622823098428645,-0.008141509028083646,0.015969613423842774,-0.007399842571167083,0.025993004406869673,0.011912733002282166,-0.006367161051378634,0.023545320632877786,-0.008560960694101394,-0.010019602215367698,0.01598891958587973,-0.006888159352252662,-0.006455910252229333,0.019761602554500893,0.019110079897644953,-0.007140603116832482,0.017694500265993895,-0.0015489875669603827,0.009947732391532179,0.013885689722363126,0.011721596152007891,0.02399186116594354,0.02181175985358729,-0.004748022544504019,-0.004897087842099488,-0.0033897710927708667,-0.007212325472404576,-0.0031065227264170285,-0.003833456184712249,0.01597390095718577,-0.00923625832550579,0.017890875594564343,-0.007676060980233298,0.009970409170469468,-0.01252325016395114,0.017474705989501314,0.019638758907543866,-0.004444278948742314,-0.0071401584658853995,-0.010149916750108264,-0.006134727289409619,0.021611267897102233,0.015992330607442425,0.0217566347232876,0.01795560197878908,0.021680320000647894,-0.005207584847731971,-0.0019374210453914301,agent51,-0.8862852975538706
-1,-0.0059207571423071925,-0.004494895468115962,-0.015367901412565837,-0.010492442541360497,-0.004914465335374191,-0.007963598699405924,-0.006998005019118815,0.011775254627675969,0.015997706904627356,-0.007041406850330117,-0.011800872234939967,0.00992115670676473,-0.006964392062586897,-0.011170696770949066,0.013991030909000248,-0.008275074179774104,1,0.01596292394554006,-0.00482491523414928,-0.012709352174061533,0.027194167727986773,-0.008170097624111191,0.01770511315926673,-0.00678834898336338,-0.003001331298833108,-0.004805643264572765,0.013769134967860515,0.023938711250634046,0.013979047894023447,0.019299400037067385,0.01793151170370328,-0.01072936554090634,0.01999989369819679,-0.00514141575215706,0.01996880915508327,-0.0050694903371002065,-0.011885658291749465,-0.008125404695805645,0.021079084545031358,0.015271560491585895,-0.013664100619128138,0.009910332405597083,0.019812819867532,0.019479727532577228,0.015950144370661338,-0.005857750386268747,-0.01323045912014295,0.03159597120777154,0.025999856831880885,0.01382639341254922,-0.011618224914991645,0.02175985277898547,0.011622823098428645,-0.008141509028083646,0.015969613423842774,-0.007399842571167083,0.025993004406869673,0.011912733002282166,-0.006367161051378634,0.023545320632877786,-0.008560960694101394,-0.010019602215367698,0.01598891958587973,-0.006888159352252662,-0.006455910252229333,0.019761602554500893,0.019110079897644953,-0.007140603116832482,0.017694500265993895,-0.0015489875669603827,0.009947732391532179,0.013885689722363126,0.011721596152007891,0.02399186116594354,0.02181175985358729,-0.004748022544504019,-0.004897087842099488,-0.0033897710927708667,-0.007212325472404576,-0.0031065227264170285,-0.003833456184712249,0.01597390095718577,-0.00923625832550579,0.017890875594564343,-0.007676060980233298,0.009970409170469468,-0.01252325016395114,0.017474705989501314,0.019638758907543866,-0.004444278948742314,-0.0071401584658853995,-0.010149916750108264,-0.006134727289409619,0.021611267897102233,0.015992330607442425,0.0217566347232876,0.01795560197878908,0.021680320000647894,-0.005207584847731971,-0.0019374210453914301,agent10,1
-1,-0.0059207571423071925,-0.004494895468115962,-0.015367901412565837,-0.010492442541360497,-0.004914465335374191,-0.007963598699405924,-0.006998005019118815,0.011775254627675969,0.015997706904627356,-0.007041406850330117,-0.011800872234939967,0.00992115670676473,-0.006964392062586897,-0.011170696770949066,0.013991030909000248,-0.008275074179774104,1,0.01596292394554006,-0.00482491523414928,-0.012709352174061533,0.027194167727986773,-0.008170097624111191,0.01770511315926673,-0.00678834898336338,-0.003001331298833108,-0.004805643264572765,0.013769134967860515,0.023938711250634046,0.013979047894023447,0.019299400037067385,0.01793151170370328,-0.01072936554090634,0.01999989369819679,-0.00514141575215706,0.01996880915508327,-0.0050694903371002065,-0.011885658291749465,-0.008125404695805645,0.021079084545031358,0.015271560491585895,-0.013664100619128138,0.009910332405597083,0.019812819867532,0.019479727532577228,0.015950144370661338,-0.005857750386268747,-0.01323045912014295,0.03159597120777154,0.025999856831880885,0.01382639341254922,-0.011618224914991645,0.02175985277898547,0.011622823098428645,-0.008141509028083646,0.015969613423842774,-0.007399842571167083,0.025993004406869673,0.011912733002282166,-0.006367161051378634,0.023545320632877786,-0.008560960694101394,-0.010019602215367698,0.01598891958587973,-0.006888159352252662,-0.006455910252229333,0.019761602554500893,0.019110079897644953,-0.007140603116832482,0.017694500265993895,-0.0015489875669603827,0.009947732391532179,0.013885689722363126,0.011721596152007891,0.02399186116594354,0.02181175985358729,-0.004748022544504019,-0.004897087842099488,-0.0033897710927708667,-0.007212325472404576,-0.0031065227264170285,-0.003833456184712249,0.01597390095718577,-0.00923625832550579,0.017890875594564343,-0.007676060980233298,0.009970409170469468,-0.01252325016395114,0.017474705989501314,0.019638758907543866,-0.004444278948742314,-0.0071401584658853995,-0.010149916750108264,-0.006134727289409619,0.021611267897102233,0.015992330607442425,0.0217566347232876,0.01795560197878908,0.021680320000647894,-0.005207584847731971,-0.0019374210453914301,agent16,-1
-1,-0.0059207571423071925,-0.004494895468115962,-0.015367901412565837,-0.010492442541360497,-0.004914465335374191,-0.007963598699405924,-0.006998005019118815,0.011775254627675969,0.015997706904627356,-0.007041406850330117,-0.011800872234939967,0.00992115670676473,-0.006964392062586897,-0.011170696770949066,0.013991030909000248,-0.008275074179774104,1,0.01596292394554006,-0.00482491523414928,-0.012709352174061533,0.027194167727986773,-0.008170097624111191,0.01770511315926673,-0.00678834898336338,-0.003001331298833108,-0.004805643264572765,0.013769134967860515,0.023938711250634046,0.013979047894023447,0.019299400037067385,0.01793151170370328,-0.01072936554090634,0.01999989369819679,-0.00514141575215706,0.01996880915508327,-0.0050694903371002065,-0.011885658291749465,-0.008125404695805645,0.021079084545031358,0.015271560491585895,-0.013664100619128138,0.009910332405597083,0.019812819867532,0.019479727532577228,0.015950144370661338,-0.005857750386268747,-0.01323045912014295,0.03159597120777154,0.025999856831880885,0.01382639341254922,-0.011618224914991645,0.02175985277898547,0.011622823098428645,-0.008141509028083646,0.015969613423842774,-0.007399842571167083,0.025993004406869673,0.011912733002282166,-0.006367161051378634,0.023545320632877786,-0.008560960694101394,-0.010019602215367698,0.01598891958587973,-0.006888159352252662,-0.006455910252229333,0.019761602554500893,0.019110079897644953,-0.007140603116832482,0.017694500265993895,-0.0015489875669603827,0.009947732391532179,0.013885689722363126,0.011721596152007891,0.02399186116594354,0.02181175985358729,-0.004748022544504019,-0.004897087842099488,-0.0033897710927708667,-0.007212325472404576,-0.0031065227264170285,-0.003833456184712249,0.01597390095718577,-0.00923625832550579,0.017890875594564343,-0.007676060980233298,0.011969899374088025,-0.01252325016395114,0.017474705989501314,0.019638758907543866,-0.004444278948742314,-0.0071401584658853995,-0.010149916750108264,-0.006134727289409619,0.021611267897102233,0.015992330607442425,0.0217566347232876,0.01795560197878908,0.021680320000647894,-0.005207584847731971,-0.0019374210453914301,agent85,-0.9680689373355
-1,-0.0059207571423071925,-0.004494895468115962,-0.015367901412565837,-0.010492442541360497,-0.004914465335374191,-0.007963598699405924,-0.006998005019118815,0.011775254627675969,0.015997706904627356,-0.007041406850330117,-0.011800872234939967,0.00992115670676473,-0.006964392062586897,-0.011170696770949066,0.013991030909000248,-0.008275074179774104,1,0.01596292394554006,-0.00482491523414928,-0.012709352174061533,0.027194167727986773,-0.008170097624111191,0.01770511315926673,-0.00678834898336338,-0.003001331298833108,-0.004805643264572765,0.013769134967860515,0.023938711250634046,0.013979047894023447,0.019299400037067385,0.01793151170370328,-0.01072936554090634,0.01999989369819679,-0.00514141575215706,0.01996880915508327,-0.0050694903371002065,-0.011885658291749465,-0.008125404695805645,0.021079084545031358,0.015271560491585895,-0.013664100619128138,0.009910332405597083,0.019812819867532,0.019479727532577228,0.015950144370661338,-0.005857750386268747,-0.01323045912014295,0.03159597120777154,0.025999856831880885,0.01382639341254922,-0.011618224914991645,0.02175985277898547,0.011622823098428645,-0.008141509028083646,0.015969613423842774,-0.007399842571167083,0.025993004406869673,0.011912733002282166,-0.006367161051378634,0.023545320632877786,-0.008560960694101394,-0.010019602215367698,0.01598891958587973,-0.006888159352252662,-0.006455910252229333,0.019761602554500893,0.019110079897644953,-0.007140603116832482,0.017694500265993895,-0.0015489875669603827,0.009947732391532179,0.013885689722363126,0.011721596152007891,0.02399186116594354,0.02181175985358729,-0.004748022544504019,-0.004897087842099488,-0.0033897710927708667,-0.007212325472404576,-0.0031065227264170285,-0.003833456184712249,0.01597390095718577,-0.00923625832550579,0.017890875594564343,-0.007676060980233298,0.011969899374088025,-0.01252325016395114,0.017474705989501314,0.019638758907543866,-0.004444278948742314,-0.0071401584658853995,-0.010149916750108264,-0.006134727289409619,0.021611267897102233,0.015992330607442425,0.0217566347232876,0.01795560197878908,0.021680320000647894,-0.005207584847731971,-0.0019374210453914301,agent10,1
-1,-0.0059207571423071925,-0.004494895468115962,-0.015367901412565837,-0.010492442541360497,-0.004914465335374191,-0.007963598699405924,-0.006998005019118815,0.011775254627675969,0.015997706904627356,-0.007041406850330117,-0.011800872234939967,0.00992115670676473,-0.006964392062586897,-0.011170696770949066,0.013991030909000248,-0.008275074179774104,1,0.01596292394554006,-0.00482491523414928,-0.012709352174061533,0.027194167727986773,-0.008170097624111191,0.01770511315926673,-0.00678834898336338,-0.003001331298833108,-0.004805643264572765,0.013769134967860515,0.023938711250634046,0.013979047894023447,0.019299400037067385,0.01793151170370328,-0.01072936554090634,0.01999989369819679,-0.00514141575215706,0.01996880915508327,-0.0050694903371002065,-0.011885658291749465,-0.008125404695805645,0.021079084545031358,0.015271560491585895,-0.013664100619128138,0.009910332405597083,0.019812819867532,0.019479727532577228,0.015950144370661338,-0.005857750386268747,-0.01323045912014295,0.03159597120777154,0.025999856831880885,0.01382639341254922,-0.011618224914991645,0.02175985277898547,0.011622823098428645,-0.008141509028083646,0.015969613423842774,-0.007399842571167083,0.025993004406869673,0.011912733002282166,-0.006367161051378634,0.023545320632877786,-0.008560960694101394,-0.010019602215367698,0.01598891958587973,-0.006888159352252662,-0.006455910252229333,0.019761602554500893,0.019110079897644953,-0.007140603116832482,0.017694500265993895,-0.0015489875669603827,0.009947732391532179,0.013885689722363126,0.011721596152007891,0.02399186116594354,0.02181175985358729,-0.004748022544504019,-0.004897087842099488,-0.0033897710927708667,-0.007212325472404576,-0.0031065227264170285,-0.003833456184712249,0.01597390095718577,-0.00923625832550579,0.017890875594564343,-0.007676060980233298,0.011969899374088025,-0.01252325016395114,0.017474705989501314,0.019638758907543866,-0.004444278948742314,-0.0071401584658853995,-0.010149916750108264,-0.006134727289409619,0.021611267897102233,0.015992330607442425,0.0217566347232876,0.01795560197878908,0.021680320000647894,-0.005207584847731971,-0.0019374210453914301,agent37,1
-1,-0.0059207571423071925,-0.004494895468115962,-0.015367901412565837,-0.010492442541360497,-0.004914465335374191,-0.007963598699405924,-0.006998005019118815,0.011775254627675969,0.015997706904627356,-0.007041406850330117,-0.011800872234939967,0.00992115670676473,-0.006964392062586897,-0.011170696770949066,0.013991030909000248,-0.008275074179774104,1,0.01596292394554006,-0.00482491523414928,-0.012709352174061533,0.027194167727986773,-0.008170097624111191,0.01770511315926673,-0.00678834898336338,-0.003001331298833108,-0.004805643264572765,0.013769134967860515,0.023938711250634046,0.013979047894023447,0.019299400037067385,0.01793151170370328,-0.01072936554090634,0.01999989369819679,-0.00514141575215706,0.01996880915508327,-0.0050694903371002065,-0.011885658291749465,-0.008125404695805645,0.021079084545031358,0.015271560491585895,-0.013664100619128138,0.009910332405597083,0.019812819867532,0.019479727532577228,0.015950144370661338,-0.005857750386268747,-0.01323045912014295,0.03159597120777154,0.025999856831880885,0.01382639341254922,-0.011618224914991645,0.02175985277898547,0.011622823098428645,-0.008141509028083646,0.015969613423842774,-0.007399842571167083,0.025993004406869673,0.011912733002282166,-0.006367161051378634,0.023545320632877786,-0.008560960694101394,-0.010019602215367698,0.01598891958587973,-0.006888159352252662,-0.006455910252229333,0.019761602554500893,0.019110079897644953,-0.007140603116832482,0.017694500265993895,-0.0015489875669603827,0.009947732391532179,0.013885689722363126,0.011721596152007891,0.02399186116594354,0.02181175985358729,-0.004748022544504019,-0.004897087842099488,-0.0033897710927708667,-0.007212325472404576,-0.0031065227264170285,-0.003833456184712249,0.01597390095718577,-0.00923625832550579,0.017890875594564343,-0.007676060980233298,0.011969899374088025,-0.01252325016395114,0.017474705989501314,0.019638758907543866,-0.004444278948742314,-0.0071401584658853995,-0.010149916750108264,-0.006134727289409619,0.021611267897102233,0.015992330607442425,0.0217566347232876,0.01795560197878908,0.021680320000647894,-0.005207584847731971,-0.0019374210453914301,agent12,1
-1,-0.0059207571423071925,-0.004494895468115962,-0.015367901412565837,-0.010492442541360497,-0.004914465335374191,-0.007963598699405924,-0.006998005019118815,0.011775254627675969,0.015997706904627356,-0.007041406850330117,-0.011800872234939967,0.00992115670676473,-0.006964392062586897,-0.011170696770949066,0.013991030909000248,-0.008275074179774104,1,0.01596292394554006,-0.00482491523414928,-0.012709352174061533,0.027194167727986773,-0.008170097624111191,0.01770511315926673,-0.00678834898336338,-0.003001331298833108,-0.004805643264572765,0.013769134967860515,0.023938711250634046,0.013979047894023447,0.019299400037067385,0.01793151170370328,-0.01072936554090634,0.01999989369819679,-0.00514141575215706,0.01996880915508327,-0.0050694903371002065,-0.011885658291749465,-0.008125404695805645,0.021079084545031358,0.015271560491585895,-0.013664100619128138,0.009910332405597083,0.019812819867532,0.019479727532577228,0.015950144370661338,-0.005857750386268747,-0.01323045912014295,0.03159597120777154,0.025999856831880885,0.01382639341254922,-0.011618224914991645,0.02175985277898547,0.011622823098428645,-0.008141509028083646,0.015969613423842774,-0.007399842571167083,0.025993004406869673,0.011912733002282166,-0.006367161051378634,0.023545320632877786,-0.008560960694101394,-0.010019602215367698,0.01598891958587973,-0.006888159352252662,-0.006455910252229333,0.019761602554500893,0.019110079897644953,-0.007140603116832482,0.017694500265993895,-0.0015489875669603827,0.009947732391532179,0.013885689722363126,0.011721596152007891,0.02399186116594354,0.02181175985358729,-0.004748022544504019,-0.004897087842099488,-0.0033897710927708667,-0.007212325472404576,-0.0031065227264170285,-0.003833456184712249,0.01597390095718577,-0.00923625832550579,0.017890875594564343,-0.007676060980233298,0.011969899374088025,-0.01252325016395114,0.017474705989501314,0.019638758907543866,-0.004444278948742314,-0.0071401584658853995,-0.010149916750108264,-0.006134727289409619,0.021611267897102233,0.015992330607442425,0.0217566347232876,0.01795560197878908,0.021680320000647894,-0.005207584847731971,-0.0019374210453914301,agent99,1
-1,-0.0059207571423071925,-0.004494895468115962,-0.015367901412565837,-0.010492442541360497,-0.004914465335374191,-0.007963598699405924,-0.006998005019118815,0.011775254627675969,0.015997706904627356,-0.007041406850330117,-0.011800872234939967,0.00992115670676473,-0.006964392062586897,-0.011170696770949066,0.013991030909000248,-0.008275074179774104,1,0.01596292394554006,-0.00482491523414928,-0.012709352174061533,0.027194167727986773,-0.008170097624111191,0.01770511315926673,-0.00678834898336338,-0.003001331298833108,-0.004805643264572765,0.013769134967860515,0.023938711250634046,0.013979047894023447,0.019299400037067385,0.01793151170370328,-0.01072936554090634,0.01999989369819679,-0.00514141575215706,0.02196880915508327,-0.0050694903371002065,-0.011885658291749465,-0.008125404695805645,0.021079084545031358,0.015271560491585895,-0.013664100619128138,0.009910332405597083,0.019812819867532,0.019479727532577228,0.015950144370661338,-0.005857750386268747,-0.01323045912014295,0.03159597120777154,0.025999856831880885,0.01382639341254922,-0.011618224914991645,0.02175985277898547,0.011622823098428645,-0.008141509028083646,0.015969613423842774,-0.007399842571167083,0.025993004406869673,0.011912733002282166,-0.006367161051378634,0.023545320632877786,-0.008560960694101394,-0.010019602215367698,0.01598891958587973,-0.006888159352252662,-0.006455910252229333,0.019761602554500893,0.019110079897644953,-0.007140603116832482,0.017694500265993895,-0.0015489875669603827,0.009947732391532179,0.013885689722363126,0.011721596152007891,0.02399186116594354,0.02181175985358729,-0.004748022544504019,-0.004897087842099488,-0.0033897710927708667,-0.007212325472404576,-0.0031065227264170285,-0.003833456184712249,0.01597390095718577,-0.00923625832550579,0.017890875594564343,-0.007676060980233298,0.011969899374088025,-0.01252325016395114,0.017474705989501314,0.019638758907543866,-0.004444278948742314,-0.0071401584658853995,-0.010149916750108264,-0.006134727289409619,0.021611267897102233,0.015992330607442425,0.0217566347232876,0.01795560197878908,0.021680320000647894,-0.005207584847731971,-0.0019374210453914301,agent34,-1
-1,-0.0059207571423071925,-0.004494895468115962,-0.015367901412565837,-0.010492442541360497,-0.004914465335374191,-0.007963598699405924,-0.006998005019118815,0.011775254627675969,0.015997706904627356,-0.007041406850330117,-0.011800872234939967,0.00992115670676473,-0.006964392062586897,-0.011170696770949066,0.013991030909000248,-0.008275074179774104,1,0.01596292394554006,-0.00482491523414928,-0.012709352174061533,0.027194167727986773,-0.008170097624111191,0.01770511315926673,-0.00678834898336338,-0.003001331298833108,-0.004805643264572765,0.013769134967860515,0.023938711250634046,0.013979047894023447,0.019299400037067385,0.01793151170370328,-0.01072936554090634,0.01999989369819679,-0.00514141575215706,0.02196880915508327,-0.0050694903371002065,-0.011885658291749465,-0.008125404695805645,0.021079084545031358,0.015271560491585895,-0.013664100619128138,0.009910332405597083,0.019812819867532,0.019479727532577228,0.015950144370661338,-0.005857750386268747,-0.01323045912014295,0.03159597120777154,0.025999856831880885,0.01382639341254922,-0.011618224914991645,0.02175985277898547,0.011622823098428645,-0.008141509028083646,0.015969613423842774,-0.007399842571167083,0.025993004406869673,0.011912733002282166,-0.006367161051378634,0.023545320632877786,-0.008560960694101394,-0.010019602215367698,0.01598891958587973,-0.006888159352252662,-0.006455910252229333,0.019761602554500893,0.019110079897644953,-0.007140603116832482,0.017694500265993895,-0.0015489875669603827,0.009947732391532179,0.013885689722363126,0.011721596152007891,0.02399186116594354,0.02181175985358729,-0.004748022544504019,-0.004897087842099488,-0.0033897710927708667,-0.007212325472404576,-0.0031065227264170285,-0.003833456184712249,0.01597390095718577,-0.00923625832550579,0.017890875594564343,-0.007676060980233298,0.011969899374088025,-0.01252325016395114,0.017474705989501314,0.019638758907543866,-0.004444278948742314,-0.0071401584658853995,-0.010149916750108264,-0.006134727289409619,0.021611267897102233,0.015992330607442425,0.0217566347232876,0.01795560197878908,0.021680320000647894,-0.005207584847731971,-0.0019374210453914301,agent91,1
-1,-0.0059207571423071925,-0.004494895468115962,-0.015367901412565837,-0.010492442541360497,-0.004914465335374191,-0.007963598699405924,-0.006998005019118815,0.011775254627675969,0.015997706904627356,-0.007041406850330117,-0.011800872234939967,0.00992115670676473,-0.006964392062586897,-0.011170696770949066,0.013991030909000248,-0.008275074179774104,1,0.01596292394554006,-0.00482491523414928,-0.012709352174061533,0.027194167727986773,-0.008170097624111191,0.01770511315926673,-0.00678834898336338,-0.003001331298833108,-0.004805643264572765,0.013769134967860515,0.023938711250634046,0.013979047894023447,0.019299400037067385,0.01793151170370328,-0.01072936554090634,0.01999989369819679,-0.00514141575215706,0.02196880915508327,-0.0050694903371002065,-0.011885658291749465,-0.008125404695805645,0.021079084545031358,0.015271560491585895,-0.013664100619128138,0.009910332405597083,0.019812819867532,0.019479727532577228,0.015950144370661338,-0.005857750386268747,-0.01323045912014295,0.03159597120777154,0.025999856831880885,0.01382639341254922,-0.011618224914991645,0.02175985277898547,0.011622823098428645,-0.008141509028083646,0.015969613423842774,-0.007399842571167083,0.025993004406869673,0.011912733002282166,-0.006367161051378634,0.023545320632877786,-0.008560960694101394,-0.010019602215367698,0.01598891958587973,-0.006888159352252662,-0.006455910252229333,0.019761602554500893,0.019110079897644953,-0.007140603116832482,0.017694500265993895,-0.0015489875669603827,0.009947732391532179,0.013885689722363126,0.011721596152007891,0.02399186116594354,0.02181175985358729,-0.004748022544504019,-0.004897087842099488,-0.0033897710927708667,-0.007212325472404576,-0.0031065227264170285,-0.003833456184712249,0.01597390095718577,-0.00923625832550579,0.017890875594564343,-0.007676060980233298,0.011969899374088025,-0.01252325016395114,0.017474705989501314,0.019638758907543866,-0.004444278948742314,-0.0071401584658853995,-0.010149916750108264,-0.006134727289409619,0.021611267897102233,0.015992330607442425,0.0217566347232876,0.01795560197878908,0.021680320000647894,-0.005207584847731971,-0.0019374210453914301,agent98,1
-1,-0.0059207571423071925,-0.004494895468115962,-0.015367901412565837,-0.010492442541360497,-0.004914465335374191,-0.007963598699405924,-0.006998005019118815,0.011775254627675969,0.015997706904627356,-0.007041406850330117,-0.011800872234939967,0.00992115670676473,-0.006964392062586897,-0.011170696770949066,0.013991030909000248,-0.008275074179774104,1,0.01596292394554006,-0.00482491523414928,-0.012709352174061533,0.027194167727986773,-0.008170097624111191,0.01770511315926673,-0.00678834898336338,-0.003001331298833108,-0.004805643264572765,0.013769134967860515,0.023938711250634046,0.013979047894023447,0.019299400037067385,0.01793151170370328,-0.01072936554090634,0.01999989369819679,-0.00514141575215706,0.02196880915508327,-0.0050694903371002065,-0.011885658291749465,-0.008125404695805645,0.021079084545031358,0.015271560491585895,-0.013664100619128138,0.009910332405597083,0.019812819867532,0.019479727532577228,0.015950144370661338,-0.005857750386268747,-0.01323045912014295,0.03159597120777154,0.025999856831880885,0.01382639341254922,-0.011618224914991645,0.02175985277898547,0.011622823098428645,-0.008141509028083646,0.015969613423842774,-0.007399842571167083,0.025993004406869673,0.011912733002282166,-0.006367161051378634,0.023545320632877786,-0.008560960694101394,-0.010019602215367698,0.01598891958587973,-0.006888159352252662,-0.006455910252229333,0.019761602554500893,0.019110079897644953,-0.007140603116832482,0.017694500265993895,-0.0015489875669603827,0.009947732391532179,0.013885689722363126,0.011721596152007891,0.02399186116594354,0.02181175985358729,-0.004748022544504019,-0.004897087842099488,-0.0033897710927708667,-0.007212325472404576,-0.0031065227264170285,-0.003833456184712249,0.01597390095718577,-0.00923625832550579,0.017890875594564343,-0.007676060980233298,0.013969590457490594,-0.01252325016395114,0.017474705989501314,0.019638758907543866,-0.004444278948742314,-0.0071401584658853995,-0.010149916750108264,-0.006134727289409619,0.021611267897102233,0.015992330607442425,0.0217566347232876,0.01795560197878908,0.021680320000647894,-0.005207584847731971,-0.0019374210453914301,agent85,-0.9751437493804858
-1,-0.0059207571423071925,-0.004494895468115962,-0.015367901412565837,-0.010492442541360497,-0.004914465335374191,-0.007963598699405924,-0.006998005019118815,0.011775254627675969,0.015997706904627356,-0.007041406850330117,-0.011800872234939967,0.00992115670676473,-0.006964392062586897,-0.011170696770949066,0.013991030909000248,-0.008275074179774104,1,0.01596292394554006,-0.00482491523414928,-0.012709352174061533,0.027194167727986773,-0.008170097624111191,0.01770511315926673,-0.00678834898336338,-0.003001331298833108,-0.004805643264572765,0.013769134967860515,0.023938711250634046,0.013979047894023447,0.019299400037067385,0.01793151170370328,-0.01072936554090634,0.01999989369819679,-0.00514141575215706,0.02196880915508327,-0.0050694903371002065,-0.011885658291749465,-0.008125404695805645,0.021079084545031358,0.015271560491585895,-0.013664100619128138,0.009910332405597083,0.019812819867532,0.019479727532577228,0.015950144370661338,-0.005857750386268747,-0.01323045912014295,0.03159597120777154,0.025999856831880885,0.01382639341254922,-0.011618224914991645,0.02175985277898547,0.011622823098428645,-0.008141509028083646,0.015969613423842774,-0.007399842571167083,0.025993004406869673,0.011912733002282166,-0.006367161051378634,0.023545320632877786,-0.008560960694101394,-0.010019602215367698,0.01598891958587973,-0.006888159352252662,-0.006455910252229333,0.019761602554500893,0.019110079897644953,-0.007140603116832482,0.017694500265993895,-0.0015489875669603827,0.009947732391532179,0.013885689722363126,0.011721596152007891,0.02399186116594354,0.02181175985358729,-0.004748022544504019,-0.004897087842099488,-0.0033897710927708667,-0.007212325472404576,-0.0031065227264170285,-0.003833456184712249,0.01597390095718577,-0.00923625832550579,0.017890875594564343,-0.007676060980233298,0.013969590457490594,-0.01252325016395114,0.017474705989501314,0.019638758907543866,-0.004444278948742314,-0.0071401584658853995,-0.010149916750108264,-0.006134727289409619,0.021611267897102233,0.015992330607442425,0.0217566347232876,0.01795560197878908,0.021680320000647894,-0.005207584847731971,-0.0019374210453914301,agent64,1
-1,-0.0059207571423071925,-0.004494895468115962,-0.015367901412565837,-0.010492442541360497,-0.004914465335374191,-0.007963598699405924,-0.006998005019118815,0.011775254627675969,0.015997706904627356,-0.007041406850330117,-0.011800872234939967,0.00992115670676473,-0.006964392062586897,-0.011170696770949066,0.013991030909000248,-0.008275074179774104,1,0.01596292394554006,-0.00482491523414928,-0.012709352174061533,0.027194167727986773,-0.008170097624111191,0.01770511315926673,-0.00678834898336338,-0.003001331298833108,-0.004805643264572765,0.013769134967860515,0.023938711250634046,0.013979047894023447,0.019299400037067385,0.01793151170370328,-0.01072936554090634,0.01999989369819679,-0.00514141575215706,0.02196880915508327,-0.0050694903371002065,-0.011885658291749465,-0.008125404695805645,0.021079084545031358,0.015271560491585895,-0.013664100619128138,0.009910332405597083,0.019812819867532,0.019479727532577228,0.015950144370661338,-0.005857750386268747,-0.01323045912014295,0.03159597120777154,0.025999856831880885,0.01382639341254922,-0.011618224914991645,0.02175985277898547,0.011622823098428645,-0.008141509028083646,0.015969613423842774,-0.007399842571167083,0.025993004406869673,0.011912733002282166,-0.006367161051378634,0.023545320632877786,-0.008560960694101394,-0.010019602215367698,0.01598891958587973,-0.006888159352252662,-0.006455910252229333,0.019761602554500893,0.019110079897644953,-0.007140603116832482,0.017694500265993895,-0.0015489875669603827,0.009947732391532179,0.013885689722363126,0.011721596152007891,0.02399186116594354,0.02181175985358729,-0.004748022544504019,-0.004897087842099488,-0.0033897710927708667,-0.007212325472404576,-0.0031065227264170285,-0.003833456184712249,0.01597390095718577,-0.00923625832550579,0.017890875594564343,-0.007676060980233298,0.013969590457490594,-0.01252325016395114,0.017474705989501314,0.019638758907543866,-0.004444278948742314,-0.0071401584658853995,-0.010149916750108264,-0.006134727289409619,0.021611267897102233,0.015992330607442425,0.0217566347232876,0.01795560197878908,0.021680320000647894,-0.005207584847731971,-0.0019374210453914301,agent91,1
-1,-0.0059207571423071925,-0.004494895468115962,-0.015367901412565837,-0.011107663050319488,-0.004914465335374191,-0.007963598699405924,-0.006998005019118815,0.011775254627675969,0.015997706904627356,-0.007041406850330117,-0.011800872234939967,0.00992115670676473,-0.006964392062586897,-0.011170696770949066,0.013991030909000248,-0.008275074179774104,1,0.01596292394554006,-0.00482491523414928,-0.012709352174061533,0.027194167727986773,-0.008170097624111191,0.01770511315926673,-0.00678834898336338,-0.003001331298833108,-0.004805643264572765,0.013769134967860515,0.023938711250634046,0.013979047894023447,0.019299400037067385,0.01793151170370328,-0.01072936554090634,0.01999989369819679,-0.00514141575215706,0.02196880915508327,-0.0050694903371002065,-0.011885658291749465,-0.008125404695805645,0.021079084545031358,0.015271560491585895,-0.013664100619128138,0.009910332405597083,0.019812819867532,0.019479727532577228,0.015950144370661338,-0.005857750386268747,-0.01323045912014295,0.03159597120777154,0.025999856831880885,0.01382639341254922,-0.011618224914991645,0.02175985277898547,0.011622823098428645,-0.008141509028083646,0.015969613423842774,-0.007399842571167083,0.025993004406869673,0.011912733002282166,-0.006367161051378634,0.023545320632877786,-0.008560960694101394,-0.010019602215367698,0.01598891958587973,-0.006888159352252662,-0.006455910252229333,0.019761602554500893,0.019110079897644953,-0.007140603116832482,0.017694500265993895,-0.0015489875669603827,0.009947732391532179,0.013885689722363126,0.011721596152007891,0.02399186116594354,0.02181175985358729,-0.004748022544504019,-0.004897087842099488,-0.0033897710927708667,-0.007212325472404576,-0.0031065227264170285,-0.003833456184712249,0.01597390095718577,-0.00923625832550579,0.017890875594564343,-0.007676060980233298,0.013969590457490594,-0.01252325016395114,0.017474705989501314,0.019638758907543866,-0.004444278948742314,-0.0071401584658853995,-0.010149916750108264,-0.006134727289409619,0.021611267897102233,0.015992330607442425,0.0217566347232876,0.01795560197878908,0.021680320000647894,-0.005207584847731971,-0.0019374210453914301,agent3,0.6641992014425493
-1,-0.0059207571423071925,-0.004494895468115962,-0.015367901412565837,-0.011107663050319488,-0.004914465335374191,-0.007963598699405924,-0.006998005019118815,0.011775254627675969,0.015997706904627356,-0.007041406850330117,-0.011800872234939967,0.00992115670676473,-0.006964392062586897,-0.011170696770949066,0.013991030909000248,-0.008275074179774104,1,0.01596292394554006,-0.00482491523414928,-0.012709352174061533,0.029194167727986775,-0.008170097624111191,0.01770511315926673,-0.00678834898336338,-0.003001331298833108,-0.004805643264572765,0.013769134967860515,0.023938711250634046,0.013979047894023447,0.019299400037067385,0.01793151170370328,-0.01072936554090634,0.01999989369819679,-0.00514141575215706,0.02196880915508327,-0.0050694903371002065,-0.011885658291749465,-0.008125404695805645,0.021079084545031358,0.015271560491585895,-0.013664100619128138,0.009910332405597083,0.019812819867532,0.019479727532577228,0.015950144370661338,-0.005857750386268747,-0.01323045912014295,0.03159597120777154,0.025999856831880885,0.01382639341254922,-0.011618224914991645,0.02175985277898547,0.011622823098428645,-0.008141509028083646,0.015969613423842774,-0.007399842571167083,0.025993004406869673,0.011912733002282166,-0.006367161051378634,0.023545320632877786,-0.008560960694101394,-0.010019602215367698,0.01598891958587973,-0.006888159352252662,-0.006455910252229333,0.019761602554500893,0.019110079897644953,-0.007140603116832482,0.017694500265993895,-0.0015489875669603827,0.009947732391532179,0.013885689722363126,0.011721596152007891,0.02399186116594354,0.02181175985358729,-0.004748022544504019,-0.004897087842099488,-0.0033897710927708667,-0.007212325472404576,-0.0031065227264170285,-0.003833456184712249,0.01597390095718577,-0.00923625832550579,0.017890875594564343,-0.007676060980233298,0.013969590457490594,-0.01252325016395114,0.017474705989501314,0.019638758907543866,-0.004444278948742314,-0.0071401584658853995,-0.010149916750108264,-0.006134727289409619,0.021611267897102233,0.015992330607442425,0.0217566347232876,0.01795560197878908,0.021680320000647894,-0.005207584847731971,-0.0019374210453914301,agent20,-1
-1,-0.0059207571423071925,-0.004494895468115962,-0.015367901412565837,-0.011107663050319488,-0.004914465335374191,-0.007963598699405924,-0.006998005019118815,0.011775254627675969,0.015997706904627356,-0.007041406850330117,-0.011800872234939967,0.00992115670676473,-0.006964392062586897,-0.011170696770949066,0.013991030909000248,-0.008275074179774104,1,0.01596292394554006,-0.00482491523414928,-0.012709352174061533,0.029194167727986775,-0.008170097624111191,0.01770511315926673,-0.00678834898336338,-0.003001331298833108,-0.004805643264572765,0.013769134967860515,0.023938711250634046,0.013979047894023447,0.019299400037067385,0.01793151170370328,-0.01072936554090634,0.01999989369819679,-0.00514141575215706,0.02196880915508327,-0.0050694903371002065,-0.011885658291749465,-0.008125404695805645,0.021079084545031358,0.015271560491585895,-0.013664100619128138,0.009910332405597083,0.019812819867532,0.019479727532577228,0.015950144370661338,-0.005857750386268747,-0.01323045912014295,0.03159597120777154,0.025999856831880885,0.01382639341254922,-0.011618224914991645,0.02175985277898547,0.011622823098428645,-0.008141509028083646,0.015969613423842774,-0.007399842571167083,0.025993004406869673,0.011912733002282166,-0.006367161051378634,0.023545320632877786,-0.008560960694101394,-0.010019602215367698,0.01598891958587973,-0.006888159352252662,-0.006455910252229333,0.019761602554500893,0.019110079897644953,-0.007140603116832482,0.017694500265993895,-0.0015489875669603827,0.009947732391532179,0.013885689722363126,0.011721596152007891,0.02399186116594354,0.02181175985358729,-0.004748022544504019,-0.004897087842099488,-0.0033897710927708667,-0.007212325472404576,-0.0031065227264170285,-0.003833456184712249,0.01597390095718577,-0.00923625832550579,0.017890875594564343,-0.007676060980233298,0.013969590457490594,-0.01252325016395114,0.017474705989501314,0.019638758907543866,-0.004444278948742314,-0.0071401584658853995,-0.010149916750108264,-0.006134727289409619,0.021611267897102233,0.015992330607442425,0.0217566347232876,0.01795560197878908,0.021680320000647894,-0.005207584847731971,-0.0019374210453914301,agent60,1
-1,-0.0059207571423071925,-0.004494895468115962,-0.015367901412565837,-0.011107663050319488,-0.004914465335374191,-0.007963598699405924,-0.006998005019118815,0.011775254627675969,0.015997706904627356,-0.007041406850330117,-0.011800872234939967,0.00992115670676473,-0.006964392062586897,-0.011170696770949066,0.013991030909000248,-0.008275074179774104,1,0.01596292394554006,-0.00482491523414928,-0.012709352174061533,0.029194167727986775,-0.008170097624111191,0.01770511315926673,-0.00678834898336338,-0.003001331298833108,-0.004805643264572765,0.013769134967860515,0.023938711250634046,0.013979047894023447,0.019299400037067385,0.01793151170370328,-0.01072936554090634,0.01999989369819679,-0.00514141575215706,0.02196880915508327,-0.0050694903371002065,-0.011885658291749465,-0.008125404695805645,0.021079084545031358,0.015271560491585895,-0.013664100619128138,0.009910332405597083,0.019812819867532,0.019479727532577228,0.015950144370661338,-0.005857750386268747,-0.01323045912014295,0.03159597120777154,0.025999856831880885,0.01382639341254922,-0.011618224914991645,0.02175985277898547,0.011622823098428645,-0.008141509028083646,0.015969613423842774,-0.007399842571167083,0.025993004406869673,0.011912733002282166,-0.006367161051378634,0.023545320632877786,-0.008560960694101394,-0.010019602215367698,0.01598891958587973,-0.006888159352252662,-0.006455910252229333,0.019761602554500893,0.019110079897644953,-0.007140603116832482,0.017694500265993895,-0.0015489875669603827,0.009947732391532179,0.013885689722363126,0.011721596152007891,0.02399186116594354,0.02181175985358729,-0.004748022544504019,-0.004897087842099488,-0.0033897710927708667,-0.007212325472404576,-0.0031065227264170285,-0.003833456184712249,0.01597390095718577,-0.00923625832550579,0.017890875594564343,-0.007676060980233298,0.013969590457490594,-0.01252325016395114,0.017474705989501314,0.019638758907543866,-0.004444278948742314,-0.0071401584658853995,-0.010149916750108264,-0.006134727289409619,0.021611267897102233,0.015992330607442425,0.0217566347232876,0.01795560197878908,0.021680320000647894,-0.005207584847731971,-0.0019374210453914301,agent25,1
-1,-0.0059207571423071925,-0.004494895468115962,-0.015367901412565837,-0.011107663050319488,-0.004914465335374191,-0.007963598699405924,-0.006998005019118815,0.011775254627675969,0.015997706904627356,-0.007041406850330117,-0.011800872234939967,0.00992115670676473,-0.006964392062586897,-0.011170696770949066,0.013991030909000248,-0.008275074179774104,1,0.01596292394554006,-0.00482491523414928,-0.012709352174061533,0.029194167727986775,-0.008170097624111191,0.01770511315926673,-0.00678834898336338,-0.003001331298833108,-0.004805643264572765,0.013769134967860515,0.023938711250634046,0.013979047894023447,0.019299400037067385,0.01793151170370328,-0.01072936554090634,0.01999989369819679,-0.00514141575215706,0.02196880915508327,-0.0050694903371002065,-0.011885658291749465,-0.008125404695805645,0.021079084545031358,0.015271560491585895,-0.013664100619128138,0.009910332405597083,0.019812819867532,0.019479727532577228,0.015950144370661338,-0.005857750386268747,-0.01323045912014295,0.03159597120777154,0.025999856831880885,0.01382639341254922,-0.011618224914991645,0.02175985277898547,0.011622823098428645,-0.008141509028083646,0.015969613423842774,-0.007399842571167083,0.025993004406869673,0.011912733002282166,-0.006367161051378634,0.023545320632877786,-0.008560960694101394,-0.010019602215367698,0.01598891958587973,-0.006888159352252662,-0.006455910252229333,0.019761602554500893,0.019110079897644953,-0.007140603116832482,0.017694500265993895,-0.0015489875669603827,0.009947732391532179,0.013885689722363126,0.011721596152007891,0.02599186116594354,0.02181175985358729,-0.004748022544504019,-0.004897087842099488,-0.0033897710927708667,-0.007212325472404576,-0.0031065227264170285,-0.003833456184712249,0.01597390095718577,-0.00923625832550579,0.017890875594564343,-0.007676060980233298,0.013969590457490594,-0.01252325016395114,0.017474705989501314,0.019638758907543866,-0.004444278948742314,-0.0071401584658853995,-0.010149916750108264,-0.006134727289409619,0.021611267897102233,0.015992330607442425,0.0217566347232876,0.01795560197878908,0.021680320000647894,-0.005207584847731971,-0.0019374210453914301,agent73,-1
-1,-0.0059207571423071925,-0.004494895468115962,-0.015367901412565837,-0.011107663050319488,-0.004914465335374191,-0.007963598699405924,-0.006998005019118815,0.011775254627675969,0.015997706904627356,-0.007041406850330117,-0.011800872234939967,0.00992115670676473,-0.006964392062586897,-0.011170696770949066,0.013991030909000248,-0.008275074179774104,1,0.01596292394554006,-0.00482491523414928,-0.012709352174061533,0.029194167727986775,-0.008170097624111191,0.01770511315926673,-0.00678834898336338,-0.003001331298833108,-0.004805643264572765,0.013769134967860515,0.023938711250634046,0.013979047894023447,0.019299400037067385,0.01793151170370328,-0.01072936554090634,0.01999989369819679,-0.00514141575215706,0.02196880915508327,-0.0050694903371002065,-0.011885658291749465,-0.008125404695805645,0.021079084545031358,0.015271560491585895,-0.013664100619128138,0.009910332405597083,0.019812819867532,0.019479727532577228,0.015950144370661338,-0.005857750386268747,-0.01323045912014295,0.03159597120777154,0.025999856831880885,0.01382639341254922,-0.011618224914991645,0.02175985277898547,0.011622823098428645,-0.008141509028083646,0.015969613423842774,-0.007399842571167083,0.025993004406869673,0.011912733002282166,-0.006367161051378634,0.023545320632877786,-0.008560960694101394,-0.010019602215367698,0.01598891958587973,-0.006888159352252662,-0.006455910252229333,0.019761602554500893,0.019110079897644953,-0.007140603116832482,0.017694500265993895,-0.0015489875669603827,0.009947732391532179,0.013885689722363126,0.011721596152007891,0.02599186116594354,0.02181175985358729,-0.004748022544504019,-0.004897087842099488,-0.0033897710927708667,-0.007212325472404576,-0.0031065227264170285,-0.003833456184712249,0.01597390095718577,-0.00923625832550579,0.017890875594564343,-0.007676060980233298,0.013969590457490594,-0.01252325016395114,0.017474705989501314,0.019638758907543866,-0.004444278948742314,-0.0071401584658853995,-0.010149916750108264,-0.006134727289409619,0.021611267897102233,0.015992330607442425,0.0217566347232876,0.01795560197878908,0.021680320000647894,-0.005207584847731971,-0.0019374210453914301,agent31,1
-1,-0.0059207571423071925,-0.004494895468115962,-0.015367901412565837,-0.011107663050319488,-0.004914465335374191,-0.007963598699405924,-0.006998005019118815,0.011775254627675969,0.015997706904627356,-0.007041406850330117,-0.011800872234939967,0.00992115670676473,-0.006964392062586897,-0.011170696770949066,0.013991030909000248,-0.008275074179774104,1,0.01596292394554006,-0.00482491523414928,-0.012709352174061533,0.029194167727986775,-0.008170097624111191,0.01770511315926673,-0.00678834898336338,-0.003001331298833108,-0.004805643264572765,0.013769134967860515,0.023938711250634046,0.013979047894023447,0.019299400037067385,0.01793151170370328,-0.01072936554090634,0.01999989369819679,-0.00514141575215706,0.02196880915508327,-0.0050694903371002065,-0.011885658291749465,-0.008125404695805645,0.021079084545031358,0.015271560491585895,-0.013664100619128138,0.009910332405597083,0.019812819867532,0.019479727532577228,0.015950144370661338,-0.005857750386268747,-0.01323045912014295,0.03159597120777154,0.025999856831880885,0.01382639341254922,-0.011618224914991645,0.02175985277898547,0.011622823098428645,-0.008141509028083646,0.015969613423842774,-0.007399842571167083,0.025993004406869673,0.011912733002282166,-0.006367161051378634,0.023545320632877786,-0.008560960694101394,-0.010019602215367698,0.01598891958587973,-0.006888159352252662,-0.006455910252229333,0.019761602554500893,0.019110079897644953,-0.007140603116832482,0.017694500265993895,-0.0015489875669603827,0.009947732391532179,0.013885689722363126,0.011721596152007891,0.02599186116594354,0.02181175985358729,-0.004748022544504019,-0.004897087842099488,-0.0033897710927708667,-0.007212325472404576,-0.0031065227264170285,-0.003833456184712249,0.01797390095718577,-0.00923625832550579,0.017890875594564343,-0.007676060980233298,0.013969590457490594,-0.01252325016395114,0.017474705989501314,0.019638758907543866,-0.004444278948742314,-0.0071401584658853995,-0.010149916750108264,-0.006134727289409619,0.021611267897102233,0.015992330607442425,0.0217566347232876,0.01795560197878908,0.021680320000647894,-0.005207584847731971,-0.0019374210453914301,agent81,-1
-1,-0.0059207571423071925,-0.004494895468115962,-0.015367901412565837,-0.011107663050319488,-0.004914465335374191,-0.007963598699405924,-0.006998005019118815,0.011775254627675969,0.015997706904627356,-0.007041406850330117,-0.011800872234939967,0.00992115670676473,-0.006964392062586897,-0.011170696770949066,0.013991030909000248,-0.008275074179774104,1,0.01596292394554006,-0.00482491523414928,-0.012709352174061533,0.029194167727986775,-0.008170097624111191,0.01770511315926673,-0.00678834898336338,-0.003001331298833108,-0.004805643264572765,0.013769134967860515,0.023938711250634046,0.013979047894023447,0.019299400037067385,0.01793151170370328,-0.01072936554090634,0.01999989369819679,-0.00514141575215706,0.02196880915508327,-0.0050694903371002065,-0.011885658291749465,-0.008125404695805645,0.021079084545031358,0.015271560491585895,-0.013664100619128138,0.009910332405597083,0.019812819867532,0.019479727532577228,0.015950144370661338,-0.005857750386268747,-0.01323045912014295,0.03159597120777154,0.025999856831880885,0.01382639341254922,-0.011618224914991645,0.02175985277898547,0.011622823098428645,-0.008141509028083646,0.015969613423842774,-0.007399842571167083,0.025993004406869673,0.011912733002282166,-0.006367161051378634,0.023545320632877786,-0.008560960694101394,-0.010019602215367698,0.01598891958587973,-0.006888159352252662,-0.006455910252229333,0.019761602554500893,0.019110079897644953,-0.007140603116832482,0.017694500265993895,-0.0015489875669603827,0.009947732391532179,0.013885689722363126,0.011721596152007891,0.02599186116594354,0.02181175985358729,-0.004748022544504019,-0.004897087842099488,-0.0033897710927708667,-0.007212325472404576,-0.0031065227264170285,-0.003833456184712249,0.01797390095718577,-0.00923625832550579,0.017890875594564343,-0.007676060980233298,0.013969590457490594,-0.01252325016395114,0.017474705989501314,0.019638758907543866,-0.004444278948742314,-0.0071401584658853995,-0.010149916750108264,-0.006134727289409619,0.021611267897102233,0.015992330607442425,0.0217566347232876,0.01795560197878908,0.021680320000647894,-0.005207584847731971,-0.0019374210453914301,agent99,1
-1,-0.0059207571423071925,-0.004494895468115962,-0.015367901412565837,-0.011107663050319488,-0.004914465335374191,-0.007963598699405924,-0.006998005019118815,0.011775254627675969,0.015997706904627356,-0.007041406850330117,-0.011800872234939967,0.00992115670676473,-0.006964392062586897,-0.011170696770949066,0.013991030909000248,-0.008275074179774104,1,0.01596292394554006,-0.00482491523414928,-0.012709352174061533,0.031194167727986777,-0.008170097624111191,0.01770511315926673,-0.00678834898336338,-0.003001331298833108,-0.004805643264572765,0.013769134967860515,0.023938711250634046,0.013979047894023447,0.019299400037067385,0.01793151170370328,-0.01072936554090634,0.01999989369819679,-0.00514141575215706,0.02196880915508327,-0.0050694903371002065,-0.011885658291749465,-0.008125404695805645,0.021079084545031358,0.015271560491585895,-0.013664100619128138,0.009910332405597083,0.019812819867532,0.019479727532577228,0.015950144370661338,-0.005857750386268747,-0.01323045912014295,0.03159597120777154,0.025999856831880885,0.01382639341254922,-0.011618224914991645,0.02175985277898547,0.011622823098428645,-0.008141509028083646,0.015969613423842774,-0.007399842571167083,0.025993004406869673,0.011912733002282166,-0.006367161051378634,0.023545320632877786,-0.008560960694101394,-0.010019602215367698,0.01598891958587973,-0.006888159352252662,-0.006455910252229333,0.019761602554500893,0.019110079897644953,-0.007140603116832482,0.017694500265993895,-0.0015489875669603827,0.009947732391532179,0.013885689722363126,0.011721596152007891,0.02599186116594354,0.02181175985358729,-0.004748022544504019,-0.004897087842099488,-0.0033897710927708667,-0.007212325472404576,-0.0031065227264170285,-0.003833456184712249,0.01797390095718577,-0.00923625832550579,0.017890875594564343,-0.007676060980233298,0.013969590457490594,-0.01252325016395114,0.017474705989501314,0.019638758907543866,-0.004444278948742314,-0.0071401584658853995,-0.010149916750108264,-0.006134727289409619,0.021611267897102233,0.015992330607442425,0.0217566347232876,0.01795560197878908,0.021680320000647894,-0.005207584847731971,-0.0019374210453914301,agent20,-1
-1,-0.0059207571423071925,-0.004494895468115962,-0.015367901412565837,-0.011107663050319488,-0.004914465335374191,-0.007963598699405924,-0.006998005019118815,0.011775254627675969,0.015997706904627356,-0.007041406850330117,-0.011800872234939967,0.00992115670676473,-0.006964392062586897,-0.011170696770949066,0.013991030909000248,-0.008275074179774104,1,0.01796292394554006,-0.00482491523414928,-0.012709352174061533,0.031194167727986777,-0.008170097624111191,0.01770511315926673,-0.00678834898336338,-0.003001331298833108,-0.004805643264572765,0.013769134967860515,0.023938711250634046,0.013979047894023447,0.019299400037067385,0.01793151170370328,-0.01072936554090634,0.01999989369819679,-0.00514141575215706,0.02196880915508327,-0.0050694903371002065,-0.011885658291749465,-0.008125404695805645,0.021079084545031358,0.015271560491585895,-0.013664100619128138,0.009910332405597083,0.019812819867532,0.019479727532577228,0.015950144370661338,-0.005857750386268747,-0.01323045912014295,0.03159597120777154,0.025999856831880885,0.01382639341254922,-0.011618224914991645,0.02175985277898547,0.011622823098428645,-0.008141509028083646,0.015969613423842774,-0.007399842571167083,0.025993004406869673,0.011912733002282166,-0.006367161051378634,0.023545320632877786,-0.008560960694101394,-0.010019602215367698,0.01598891958587973,-0.006888159352252662,-0.006455910252229333,0.019761602554500893,0.019110079897644953,-0.007140603116832482,0.017694500265993895,-0.0015489875669603827,0.009947732391532179,0.013885689722363126,0.011721596152007891,0.02599186116594354,0.02181175985358729,-0.004748022544504019,-0.004897087842099488,-0.0033897710927708667,-0.007212325472404576,-0.0031065227264170285,-0.003833456184712249,0.01797390095718577,-0.00923625832550579,0.017890875594564343,-0.007676060980233298,0.013969590457490594,-0.01252325016395114,0.017474705989501314,0.019638758907543866,-0.004444278948742314,-0.0071401584658853995,-0.010149916750108264,-0.006134727289409619,0.021611267897102233,0.015992330607442425,0.0217566347232876,0.01795560197878908,0.021680320000647894,-0.005207584847731971,-0.0019374210453914301,agent17,-1
-1,-0.0059207571423071925,-0.004494895468115962,-0.015367901412565837,-0.011107663050319488,-0.004914465335374191,-0.007963598699405924,-0.006998005019118815,0.011775254627675969,0.015997706904627356,-0.007041406850330117,-0.011800872234939967,0.00992115670676473,-0.006964392062586897,-0.011170696770949066,0.013991030909000248,-0.008275074179774104,1,0.01796292394554006,-0.00482491523414928,-0.012709352174061533,0.031194167727986777,-0.008170097624111191,0.01770511315926673,-0.00678834898336338,-0.003001331298833108,-0.004805643264572765,0.013769134967860515,0.023938711250634046,0.013979047894023447,0.019299400037067385,0.01793151170370328,-0.01072936554090634,0.01999989369819679,-0.00514141575215706,0.023968809155083273,-0.0050694903371002065,-0.011885658291749465,-0.008125404695805645,0.021079084545031358,0.015271560491585895,-0.013664100619128138,0.009910332405597083,0.019812819867532,0.019479727532577228,0.015950144370661338,-0.005857750386268747,-0.01323045912014295,0.03159597120777154,0.025999856831880885,0.01382639341254922,-0.011618224914991645,0.02175985277898547,0.011622823098428645,-0.008141509028083646,0.015969613423842774,-0.007399842571167083,0.025993004406869673,0.011912733002282166,-0.006367161051378634,0.023545320632877786,-0.008560960694101394,-0.010019602215367698,0.01598891958587973,-0.006888159352252662,-0.006455910252229333,0.019761602554500893,0.019110079897644953,-0.007140603116832482,0.017694500265993895,-0.0015489875669603827,0.009947732391532179,0.013885689722363126,0.011721596152007891,0.02599186116594354,0.02181175985358729,-0.004748022544504019,-0.004897087842099488,-0.0033897710927708667,-0.007212325472404576,-0.0031065227264170285,-0.003833456184712249,0.01797390095718577,-0.00923625832550579,0.017890875594564343,-0.007676060980233298,0.013969590457490594,-0.01252325016395114,0.017474705989501314,0.019638758907543866,-0.004444278948742314,-0.0071401584658853995,-0.010149916750108264,-0.006134727289409619,0.021611267897102233,0.015992330607442425,0.0217566347232876,0.01795560197878908,0.021680320000647894,-0.005207584847731971,-0.0019374210453914301,agent34,-1
-1,-0.0059207571423071925,-0.004494895468115962,-0.015367901412565837,-0.011107663050319488,-0.004914465335374191,-0.007963598699405924,-0.006998005019118815,0.011775254627675969,0.015997706904627356,-0.007041406850330117,-0.011800872234939967,0.00992115670676473,-0.006964392062586897,-0.011170696770949066,0.013991030909000248,-0.008275074179774104,1,0.01796292394554006,-0.00482491523414928,-0.012709352174061533,0.031194167727986777,-0.008170097624111191,0.01770511315926673,-0.00678834898336338,-0.003001331298833108,-0.004805643264572765,0.013769134967860515,0.023938711250634046,0.013979047894023447,0.019299400037067385,0.01793151170370328,-0.01072936554090634,0.01999989369819679,-0.00514141575215706,0.023968809155083273,-0.0050694903371002065,-0.011885658291749465,-0.008125404695805645,0.021079084545031358,0.015271560491585895,-0.013664100619128138,0.009910332405597083,0.019812819867532,0.019479727532577228,0.015950144370661338,-0.005857750386268747,-0.01323045912014295,0.03159597120777154,0.025999856831880885,0.01382639341254922,-0.011618224914991645,0.02175985277898547,0.011622823098428645,-0.008141509028083646,0.015969613423842774,-0.007399842571167083,0.025993004406869673,0.011912733002282166,-0.006367161051378634,0.023545320632877786,-0.008560960694101394,-0.010019602215367698,0.01598891958587973,-0.006888159352252662,-0.006455910252229333,0.019761602554500893,0.019110079897644953,-0.007140603116832482,0.017694500265993895,-0.0015489875669603827,0.009947732391532179,0.013885689722363126,0.011721596152007891,0.02599186116594354,0.02181175985358729,-0.004748022544504019,-0.004897087842099488,-0.0033897710927708667,-0.007212325472404576,-0.0031065227264170285,-0.003833456184712249,0.01797390095718577,-0.00923625832550579,0.017890875594564343,-0.007676060980233298,0.013969590457490594,-0.01252325016395114,0.017474705989501314,0.019638758907543866,-0.004444278948742314,-0.0071401584658853995,-0.010149916750108264,-0.006134727289409619,0.021611267897102233,0.015992330607442425,0.0217566347232876,0.01795560197878908,0.021680320000647894,-0.005207584847731971,-0.0019374210453914301,agent5,1
-1,-0.0059207571423071925,-0.004494895468115962,-0.015367901412565837,-0.011107663050319488,-0.004914465335374191,-0.007963598699405924,-0.006998005019118815,0.011775254627675969,0.015997706904627356,-0.007041406850330117,-0.011800872234939967,0.00992115670676473,-0.006964392062586897,-0.011170696770949066,0.013991030909000248,-0.008275074179774104,1,0.01796292394554006,-0.00482491523414928,-0.012709352174061533,0.031194167727986777,-0.008170097624111191,0.01770511315926673,-0.00678834898336338,-0.003001331298833108,-0.004805643264572765,0.013769134967860515,0.023938711250634046,0.013979047894023447,0.019299400037067385,0.01793151170370328,-0.01072936554090634,0.01999989369819679,-0.00514141575215706,0.023968809155083273,-0.0050694903371002065,-0.011885658291749465,-0.008125404695805645,0.021079084545031358,0.015271560491585895,-0.013664100619128138,0.009910332405597083,0.019812819867532,0.019479727532577228,0.015950144370661338,-0.005857750386268747,-0.01323045912014295,0.03159597120777154,0.025999856831880885,0.01382639341254922,-0.011618224914991645,0.02175985277898547,0.011622823098428645,-0.008141509028083646,0.015969613423842774,-0.007399842571167083,0.025993004406869673,0.011912733002282166,-0.006367161051378634,0.023545320632877786,-0.008560960694101394,-0.010019602215367698,0.01598891958587973,-0.006888159352252662,-0.006455910252229333,0.019761602554500893,0.019110079897644953,-0.007140603116832482,0.017694500265993895,-0.0015489875669603827,0.009947732391532179,0.013885689722363126,0.011721596152007891,0.02599186116594354,0.02181175985358729,-0.004748022544504019,-0.004897087842099488,-0.0033897710927708667,-0.007212325472404576,-0.0031065227264170285,-0.003833456184712249,0.01797390095718577,-0.00923625832550579,0.017890875594564343,-0.007676060980233298,0.013969590457490594,-0.01252325016395114,0.017474705989501314,0.019638758907543866,-0.004444278948742314,-0.0071401584658853995,-0.010149916750108264,-0.006134727289409619,0.021611267897102233,0.015992330607442425,0.0217566347232876,0.01795560197878908,0.021680320000647894,-0.005207584847731971,-0.0019374210453914301,agent89,1
-1,-0.0059207571423071925,-0.004494895468115962,-0.015367901412565837,-0.011107663050319488,-0.004914465335374191,-0.007963598699405924,-0.006998005019118815,0.011775254627675969,0.015997706904627356,-0.007041406850330117,-0.011800872234939967,0.00992115670676473,-0.006964392062586897,-0.011170696770949066,0.013991030909000248,-0.008275074179774104,1,0.01796292394554006,-0.00482491523414928,-0.012709352174061533,0.031194167727986777,-0.008170097624111191,0.01770511315926673,-0.00678834898336338,-0.003001331298833108,-0.004805643264572765,0.013769134967860515,0.023938711250634046,0.013979047894023447,0.019299400037067385,0.01793151170370328,-0.01072936554090634,0.01999989369819679,-0.00514141575215706,0.023968809155083273,-0.0050694903371002065,-0.011885658291749465,-0.008125404695805645,0.021079084545031358,0.015271560491585895,-0.013664100619128138,0.009910332405597083,0.019812819867532,0.019479727532577228,0.015950144370661338,-0.005857750386268747,-0.01323045912014295,0.03159597120777154,0.025999856831880885,0.01382639341254922,-0.011618224914991645,0.02175985277898547,0.011622823098428645,-0.008141509028083646,0.015969613423842774,-0.007399842571167083,0.025993004406869673,0.011912733002282166,-0.006367161051378634,0.023545320632877786,-0.008560960694101394,-0.010019602215367698,0.01598891958587973,-0.006888159352252662,-0.006455910252229333,0.019761602554500893,0.019110079897644953,-0.007140603116832482,0.017694500265993895,-0.0015489875669603827,0.009947732391532179,0.013885689722363126,0.011721596152007891,0.02599186116594354,0.02181175985358729,-0.004748022544504019,-0.004897087842099488,-0.0033897710927708667,-0.007212325472404576,-0.0031065227264170285,-0.003833456184712249,0.01797390095718577,-0.00923625832550579,0.017890875594564343,-0.007676060980233298,0.013969590457490594,-0.01252325016395114,0.019449651755064183,0.019638758907543866,-0.004444278948742314,-0.0071401584658853995,-0.010149916750108264,-0.006134727289409619,0.021611267897102233,0.015992330607442425,0.0217566347232876,0.01795560197878908,0.021680320000647894,-0.005207584847731971,-0.0019374210453914301,agent87,-0.7761507898734865
-1,-0.0059207571423071925,-0.004494895468115962,-0.015367901412565837,-0.011107663050319488,-0.004914465335374191,-0.007963598699405924,-0.006998005019118815,0.011775254627675969,0.015997706904627356,-0.007041406850330117,-0.011800872234939967,0.00992115670676473,-0.006964392062586897,-0.011170696770949066,0.013991030909000248,-0.008275074179774104,1,0.01796292394554006,-0.00482491523414928,-0.012709352174061533,0.031194167727986777,-0.008170097624111191,0.01770511315926673,-0.00678834898336338,-0.003001331298833108,-0.004805643264572765,0.013769134967860515,0.023938711250634046,0.013979047894023447,0.019299400037067385,0.01793151170370328,-0.01072936554090634,0.01999989369819679,-0.00514141575215706,0.023968809155083273,-0.0050694903371002065,-0.011885658291749465,-0.008125404695805645,0.021079084545031358,0.015271560491585895,-0.013664100619128138,0.009910332405597083,0.019812819867532,0.019479727532577228,0.015950144370661338,-0.005857750386268747,-0.01323045912014295,0.03159597120777154,0.025999856831880885,0.01382639341254922,-0.011618224914991645,0.02175985277898547,0.011622823098428645,-0.008141509028083646,0.015969613423842774,-0.007399842571167083,0.025993004406869673,0.011912733002282166,-0.006367161051378634,0.023545320632877786,-0.008560960694101394,-0.010019602215367698,0.01598891958587973,-0.006888159352252662,-0.006455910252229333,0.019761602554500893,0.019110079897644953,-0.007140603116832482,0.017694500265993895,-0.0015489875669603827,0.009947732391532179,0.013885689722363126,0.011721596152007891,0.02599186116594354,0.02181175985358729,-0.004748022544504019,-0.004897087842099488,-0.0033897710927708667,-0.007212325472404576,-0.0031065227264170285,-0.003833456184712249,0.01797390095718577,-0.00923625832550579,0.017890875594564343,-0.007676060980233298,0.013969590457490594,-0.01252325016395114,0.019449651755064183,0.019638758907543866,-0.004444278948742314,-0.0071401584658853995,-0.010149916750108264,-0.006134727289409619,0.021611267897102233,0.015992330607442425,0.0217566347232876,0.01795560197878908,0.021680320000647894,-0.005207584847731971,-0.0019374210453914301,agent90,1
-1,-0.0059207571423071925,-0.004494895468115962,-0.015367901412565837,-0.011107663050319488,-0.004914465335374191,-0.007963598699405924,-0.006998005019118815,0.011775254627675969,0.015997706904627356,-0.007041406850330117,-0.011800872234939967,0.00992115670676473,-0.006964392062586897,-0.011170696770949066,0.013991030909000248,-0.008275074179774104,1,0.01796292394554006,-0.00482491523414928,-0.012709352174061533,0.031194167727986777,-0.008170097624111191,0.01770511315926673,-0.00678834898336338,-0.003001331298833108,-0.004805643264572765,0.013769134967860515,0.023938711250634046,0.013979047894023447,0.019299400037067385,0.01793151170370328,-0.01072936554090634,0.01999989369819679,-0.00514141575215706,0.023968809155083273,-0.0050694903371002065,-0.011885658291749465,-0.008125404695805645,0.021079084545031358,0.015271560491585895,-0.013664100619128138,0.009910332405597083,0.019812819867532,0.019479727532577228,0.015950144370661338,-0.005857750386268747,-0.01323045912014295,0.03159597120777154,0.025999856831880885,0.01382639341254922,-0.011618224914991645,0.02175985277898547,0.011622823098428645,-0.008141509028083646,0.015969613423842774,-0.007399842571167083,0.025993004406869673,0.011912733002282166,-0.006367161051378634,0.023545320632877786,-0.008560960694101394,-0.010019602215367698,0.01598891958587973,-0.006888159352252662,-0.006455910252229333,0.019761602554500893,0.019110079897644953,-0.007140603116832482,0.017694500265993895,-0.0015489875669603827,0.009947732391532179,0.013885689722363126,0.011721596152007891,0.027991861165943543,0.02181175985358729,-0.004748022544504019,-0.004897087842099488,-0.0033897710927708667,-0.007212325472404576,-0.0031065227264170285,-0.003833456184712249,0.01797390095718577,-0.00923625832550579,0.017890875594564343,-0.007676060980233298,0.013969590457490594,-0.01252325016395114,0.019449651755064183,0.019638758907543866,-0.004444278948742314,-0.0071401584658853995,-0.010149916750108264,-0.006134727289409619,0.021611267897102233,0.015992330607442425,0.0217566347232876,0.01795560197878908,0.021680320000647894,-0.005207584847731971,-0.0019374210453914301,agent73,-1
-1,-0.0059207571423071925,-0.004494895468115962,-0.015367901412565837,-0.011107663050319488,-0.004914465335374191,-0.007963598699405924,-0.006998005019118815,0.011775254627675969,0.015997706904627356,-0.007041406850330117,-0.011800872234939967,0.00992115670676473,-0.006964392062586897,-0.011170696770949066,0.013991030909000248,-0.008275074179774104,1,0.01796292394554006,-0.00482491523414928,-0.012709352174061533,0.031194167727986777,-0.008170097624111191,0.01770511315926673,-0.00678834898336338,-0.003001331298833108,-0.004805643264572765,0.013769134967860515,0.023938711250634046,0.013979047894023447,0.019299400037067385,0.01793151170370328,-0.01072936554090634,0.01999989369819679,-0.00514141575215706,0.023968809155083273,-0.0050694903371002065,-0.011885658291749465,-0.008125404695805645,0.021079084545031358,0.015271560491585895,-0.013664100619128138,0.009910332405597083,0.019812819867532,0.019479727532577228,0.015950144370661338,-0.005857750386268747,-0.01323045912014295,0.03159597120777154,0.025999856831880885,0.01382639341254922,-0.011618224914991645,0.02175985277898547,0.011622823098428645,-0.008141509028083646,0.015969613423842774,-0.007399842571167083,0.025993004406869673,0.011912733002282166,-0.006367161051378634,0.023545320632877786,-0.008560960694101394,-0.010019602215367698,0.01598891958587973,-0.006888159352252662,-0.006455910252229333,0.019761602554500893,0.019110079897644953,-0.007140603116832482,0.017694500265993895,-0.0015489875669603827,0.009947732391532179,0.013885689722363126,0.011721596152007891,0.027991861165943543,0.02181175985358729,-0.004748022544504019,-0.004897087842099488,-0.0033897710927708667,-0.007212325472404576,-0.0031065227264170285,-0.003833456184712249,0.01797390095718577,-0.00923625832550579,0.017890875594564343,-0.007676060980233298,0.013969590457490594,-0.01252325016395114,0.019449651755064183,0.019638758907543866,-0.004444278948742314,-0.0071401584658853995,-0.010149916750108264,-0.006134727289409619,0.021611267897102233,0.015992330607442425,0.0217566347232876,0.01795560197878908,0.021680320000647894,-0.005207584847731971,-0.0019374210453914301,agent53,1
-1,-0.0059207571423071925,-0.004494895468115962,-0.015367901412565837,-0.011107663050319488,-0.004914465335374191,-0.007963598699405924,-0.006998005019118815,0.011775254627675969,0.015997706904627356,-0.007041406850330117,-0.011800872234939967,0.00992115670676473,-0.006964392062586897,-0.011170696770949066,0.013991030909000248,-0.008275074179774104,1,0.01796292394554006,-0.00482491523414928,-0.012709352174061533,0.031194167727986777,-0.008170097624111191,0.01770511315926673,-0.00678834898336338,-0.003001331298833108,-0.004805643264572765,0.013769134967860515,0.023938711250634046,0.013979047894023447,0.019299400037067385,0.01793151170370328,-0.01072936554090634,0.01999989369819679,-0.00514141575215706,0.023968809155083273,-0.0050694903371002065,-0.011885658291749465,-0.008125404695805645,0.021079084545031358,0.015271560491585895,-0.013664100619128138,0.009910332405597083,0.019812819867532,0.019479727532577228,0.015950144370661338,-0.005857750386268747,-0.01323045912014295,0.03159597120777154,0.025999856831880885,0.01382639341254922,-0.011618224914991645,0.02175985277898547,0.011622823098428645,-0.008141509028083646,0.015969613423842774,-0.007399842571167083,0.025993004406869673,0.011912733002282166,-0.006367161051378634,0.023545320632877786,-0.008560960694101394,-0.010019602215367698,0.01598891958587973,-0.006888159352252662,-0.006455910252229333,0.019761602554500893,0.019110079897644953,-0.007140603116832482,0.017694500265993895,-0.0015489875669603827,0.009947732391532179,0.013885689722363126,0.011721596152007891,0.027991861165943543,0.02181175985358729,-0.004748022544504019,-0.004897087842099488,-0.0033897710927708667,-0.007212325472404576,-0.0031065227264170285,-0.003833456184712249,0.01797390095718577,-0.00923625832550579,0.017890875594564343,-0.007676060980233298,0.013969590457490594,-0.01252325016395114,0.019449651755064183,0.019638758907543866,-0.004444278948742314,-0.0071401584658853995,-0.010149916750108264,-0.006134727289409619,0.021611267897102233,0.015992330607442425,0.0217566347232876,0.01795560197878908,0.021680320000647894,-0.005207584847731971,-0.0019374210453914301,agent1,1
-1,-0.0059207571423071925,-0.004494895468115962,-0.015367901412565837,-0.011107663050319488,-0.004914465335374191,-0.007963598699405924,-0.006998005019118815,0.011775254627675969,0.015997706904627356,-0.007041406850330117,-0.011800872234939967,0.00992115670676473,-0.006964392062586897,-0.011170696770949066,0.013991030909000248,-0.008275074179774104,1,0.01796292394554006,-0.00482491523414928,-0.012709352174061533,0.031194167727986777,-0.008170097624111191,0.01770511315926673,-0.00678834898336338,-0.003001331298833108,-0.004805643264572765,0.013769134967860515,0.023938711250634046,0.013979047894023447,0.019299400037067385,0.01793151170370328,-0.01072936554090634,0.01999989369819679,-0.00514141575215706,0.023968809155083273,-0.0050694903371002065,-0.011885658291749465,-0.008125404695805645,0.021079084545031358,0.015271560491585895,-0.013664100619128138,0.009910332405597083,0.019812819867532,0.019479727532577228,0.015950144370661338,-0.005857750386268747,-0.01323045912014295,0.03159597120777154,0.025999856831880885,0.01382639341254922,-0.011618224914991645,0.02175985277898547,0.011622823098428645,-0.008141509028083646,0.015969613423842774,-0.007399842571167083,0.025993004406869673,0.011912733002282166,-0.006367161051378634,0.023545320632877786,-0.008560960694101394,-0.010019602215367698,0.01598891958587973,-0.006888159352252662,-0.006455910252229333,0.019761602554500893,0.019110079897644953,-0.007140603116832482,0.017694500265993895,-0.0015489875669603827,0.009947732391532179,0.013885689722363126,0.011721596152007891,0.027991861165943543,0.02181175985358729,-0.004748022544504019,-0.004897087842099488,-0.0033897710927708667,-0.007212325472404576,-0.0031065227264170285,-0.003833456184712249,0.01797390095718577,-0.00923625832550579,0.017890875594564343,-0.007676060980233298,0.013969590457490594,-0.01252325016395114,0.019449651755064183,0.019638758907543866,-0.004444278948742314,-0.0071401584658853995,-0.010149916750108264,-0.006134727289409619,0.021611267897102233,0.015992330607442425,0.023756634723287602,0.01795560197878908,0.021680320000647894,-0.005207584847731971,-0.0019374210453914301,agent95,-1
-1,-0.0059207571423071925,-0.004494895468115962,-0.015367901412565837,-0.011107663050319488,-0.004914465335374191,-0.007963598699405924,-0.006998005019118815,0.011775254627675969,0.015997706904627356,-0.007041406850330117,-0.011800872234939967,0.00992115670676473,-0.006964392062586897,-0.011170696770949066,0.013991030909000248,-0.008275074179774104,1,0.01796292394554006,-0.00482491523414928,-0.012709352174061533,0.031194167727986777,-0.008170097624111191,0.01770511315926673,-0.00678834898336338,-0.003001331298833108,-0.004805643264572765,0.013769134967860515,0.023938711250634046,0.013979047894023447,0.019299400037067385,0.01793151170370328,-0.01072936554090634,0.01999989369819679,-0.00514141575215706,0.023968809155083273,-0.0050694903371002065,-0.011885658291749465,-0.008125404695805645,0.021079084545031358,0.015271560491585895,-0.013664100619128138,0.009910332405597083,0.019812819867532,0.019479727532577228,0.015950144370661338,-0.005857750386268747,-0.01323045912014295,0.03159597120777154,0.025999856831880885,0.01382639341254922,-0.011618224914991645,0.02175985277898547,0.011622823098428645,-0.008141509028083646,0.015969613423842774,-0.007399842571167083,0.025993004406869673,0.011912733002282166,-0.006367161051378634,0.023545320632877786,-0.008560960694101394,-0.010019602215367698,0.01598891958587973,-0.006888159352252662,-0.006455910252229333,0.019761602554500893,0.019110079897644953,-0.007140603116832482,0.017694500265993895,-0.0015489875669603827,0.009947732391532179,0.013885689722363126,0.011721596152007891,0.027991861165943543,0.02181175985358729,-0.004748022544504019,-0.004897087842099488,-0.0033897710927708667,-0.007212325472404576,-0.0031065227264170285,-0.003833456184712249,0.01797390095718577,-0.00923625832550579,0.017890875594564343,-0.007676060980233298,0.013969590457490594,-0.01252325016395114,0.019449651755064183,0.019638758907543866,-0.004444278948742314,-0.0071401584658853995,-0.010149916750108264,-0.006134727289409619,0.021611267897102233,0.015992330607442425,0.023756634723287602,0.01795560197878908,0.021680320000647894,-0.005207584847731971,-0.0019374210453914301,agent55,1
-1,-0.0059207571423071925,-0.004494895468115962,-0.015367901412565837,-0.011107663050319488,-0.004914465335374191,-0.007963598699405924,-0.006998005019118815,0.011775254627675969,0.015997706904627356,-0.007041406850330117,-0.011800872234939967,0.00992115670676473,-0.006964392062586897,-0.011170696770949066,0.013991030909000248,-0.008275074179774104,1,0.01796292394554006,-0.00482491523414928,-0.012709352174061533,0.031194167727986777,-0.008170097624111191,0.01770511315926673,-0.00678834898336338,-0.003001331298833108,-0.004805643264572765,0.013769134967860515,0.023938711250634046,0.013979047894023447,0.019299400037067385,0.01793151170370328,-0.01072936554090634,0.01999989369819679,-0.00514141575215706,0.023968809155083273,-0.0050694903371002065,-0.011885658291749465,-0.008125404695805645,0.02307908454503136,0.015271560491585895,-0.013664100619128138,0.009910332405597083,0.019812819867532,0.019479727532577228,0.015950144370661338,-0.005857750386268747,-0.01323045912014295,0.03159597120777154,0.025999856831880885,0.01382639341254922,-0.011618224914991645,0.02175985277898547,0.011622823098428645,-0.008141509028083646,0.015969613423842774,-0.007399842571167083,0.025993004406869673,0.011912733002282166,-0.006367161051378634,0.023545320632877786,-0.008560960694101394,-0.010019602215367698,0.01598891958587973,-0.006888159352252662,-0.006455910252229333,0.019761602554500893,0.019110079897644953,-0.007140603116832482,0.017694500265993895,-0.0015489875669603827,0.009947732391532179,0.013885689722363126,0.011721596152007891,0.027991861165943543,0.02181175985358729,-0.004748022544504019,-0.004897087842099488,-0.0033897710927708667,-0.007212325472404576,-0.0031065227264170285,-0.003833456184712249,0.01797390095718577,-0.00923625832550579,0.017890875594564343,-0.007676060980233298,0.013969590457490594,-0.01252325016395114,0.019449651755064183,0.019638758907543866,-0.004444278948742314,-0.0071401584658853995,-0.010149916750108264,-0.006134727289409619,0.021611267897102233,0.015992330607442425,0.023756634723287602,0.01795560197878908,0.021680320000647894,-0.005207584847731971,-0.0019374210453914301,agent38,-1
-1,-0.0059207571423071925,-0.004494895468115962,-0.015367901412565837,-0.011107663050319488,-0.004914465335374191,-0.007963598699405924,-0.006998005019118815,0.011775254627675969,0.015997706904627356,-0.007041406850330117,-0.011800872234939967,0.00992115670676473,-0.006964392062586897,-0.011170696770949066,0.013991030909000248,-0.008275074179774104,1,0.01796292394554006,-0.00482491523414928,-0.012709352174061533,0.031194167727986777,-0.008170097624111191,0.01770511315926673,-0.00678834898336338,-0.003001331298833108,-0.004805643264572765,0.013769134967860515,0.023938711250634046,0.013979047894023447,0.019299400037067385,0.01793151170370328,-0.01072936554090634,0.01999989369819679,-0.00514141575215706,0.023968809155083273,-0.0050694903371002065,-0.011885658291749465,-0.008125404695805645,0.02307908454503136,0.015271560491585895,-0.013664100619128138,0.009910332405597083,0.019812819867532,0.019479727532577228,0.015950144370661338,-0.005857750386268747,-0.01323045912014295,0.03159597120777154,0.025999856831880885,0.01382639341254922,-0.011618224914991645,0.02175985277898547,0.011622823098428645,-0.008141509028083646,0.015969613423842774,-0.007399842571167083,0.025993004406869673,0.011912733002282166,-0.006367161051378634,0.023545320632877786,-0.008560960694101394,-0.010019602215367698,0.01598891958587973,-0.006888159352252662,-0.006455910252229333,0.019761602554500893,0.019110079897644953,-0.007140603116832482,0.017694500265993895,-0.0015489875669603827,0.009947732391532179,0.013885689722363126,0.011721596152007891,0.027991861165943543,0.02181175985358729,-0.004748022544504019,-0.004897087842099488,-0.0033897710927708667,-0.007212325472404576,-0.0031065227264170285,-0.003833456184712249,0.01797390095718577,-0.00923625832550579,0.017890875594564343,-0.007676060980233298,0.013969590457490594,-0.01252325016395114,0.019449651755064183,0.019638758907543866,-0.004444278948742314,-0.0071401584658853995,-0.010149916750108264,-0.006134727289409619,0.021611267897102233,0.015992330607442425,0.023756634723287602,0.01795560197878908,0.021680320000647894,-0.005207584847731971,-0.0019374210453914301,agent58,1
-1,-0.0059207571423071925,-0.004494895468115962,-0.015367901412565837,-0.011107663050319488,-0.004914465335374191,-0.007963598699405924,-0.006998005019118815,0.011775254627675969,0.015997706904627356,-0.007041406850330117,-0.011800872234939967,0.00992115670676473,-0.006964392062586897,-0.011170696770949066,0.013991030909000248,-0.008275074179774104,1,0.01796292394554006,-0.00482491523414928,-0.012709352174061533,0.031194167727986777,-0.008170097624111191,0.01770511315926673,-0.00678834898336338,-0.003001331298833108,-0.004805643264572765,0.013769134967860515,0.023938711250634046,0.013979047894023447,0.019299400037067385,0.01793151170370328,-0.01072936554090634,0.01999989369819679,-0.00514141575215706,0.023968809155083273,-0.0050694903371002065,-0.011885658291749465,-0.008125404695805645,0.02307908454503136,0.015271560491585895,-0.013664100619128138,0.009910332405597083,0.019812819867532,0.019479727532577228,0.015950144370661338,-0.005857750386268747,-0.01323045912014295,0.03159597120777154,0.025999856831880885,0.01382639341254922,-0.011618224914991645,0.02175985277898547,0.011622823098428645,-0.008141509028083646,0.015969613423842774,-0.007399842571167083,0.025993004406869673,0.011912733002282166,-0.006367161051378634,0.023545320632877786,-0.008560960694101394,-0.010019602215367698,0.01598891958587973,-0.006888159352252662,-0.006455910252229333,0.019761602554500893,0.019110079897644953,-0.007140603116832482,0.017694500265993895,-0.0015489875669603827,0.009947732391532179,0.013885689722363126,0.011721596152007891,0.027991861165943543,0.02181175985358729,-0.004748022544504019,-0.004897087842099488,-0.0033897710927708667,-0.007212325472404576,-0.0031065227264170285,-0.003833456184712249,0.01797390095718577,-0.00923625832550579,0.017890875594564343,-0.007676060980233298,0.013969590457490594,-0.01252325016395114,0.019449651755064183,0.019638758907543866,-0.004444278948742314,-0.0071401584658853995,-0.010149916750108264,-0.006134727289409619,0.021611267897102233,0.015992330607442425,0.023756634723287602,0.01795560197878908,0.021680320000647894,-0.005207584847731971,-0.0019374210453914301,agent77,1
-1,-0.0059207571423071925,-0.004494895468115962,-0.015367901412565837,-0.011107663050319488,-0.004914465335374191,-0.007963598699405924,-0.006998005019118815,0.011775254627675969,0.015997706904627356,-0.007041406850330117,-0.011800872234939967,0.00992115670676473,-0.006964392062586897,-0.011170696770949066,0.013991030909000248,-0.008275074179774104,1,0.01796292394554006,-0.00482491523414928,-0.012709352174061533,0.031194167727986777,-0.008170097624111191,0.01770511315926673,-0.00678834898336338,-0.003001331298833108,-0.004805643264572765,0.013769134967860515,0.023938711250634046,0.013979047894023447,0.019299400037067385,0.01793151170370328,-0.01072936554090634,0.01999989369819679,-0.00514141575215706,0.023968809155083273,-0.0050694903371002065,-0.011885658291749465,-0.008125404695805645,0.02307908454503136,0.015271560491585895,-0.013664100619128138,0.009910332405597083,0.019812819867532,0.019479727532577228,0.015950144370661338,-0.005857750386268747,-0.01323045912014295,0.03159597120777154,0.025999856831880885,0.01382639341254922,-0.011618224914991645,0.02175985277898547,0.011622823098428645,-0.008141509028083646,0.015969613423842774,-0.007399842571167083,0.025993004406869673,0.011912733002282166,-0.006367161051378634,0.023545320632877786,-0.008560960694101394,-0.010019602215367698,0.01598891958587973,-0.006888159352252662,-0.006455910252229333,0.019761602554500893,0.019110079897644953,-0.007140603116832482,0.017694500265993895,-0.0015489875669603827,0.009947732391532179,0.013885689722363126,0.011721596152007891,0.027991861165943543,0.02181175985358729,-0.004748022544504019,-0.004897087842099488,-0.0033897710927708667,-0.007212325472404576,-0.0031065227264170285,-0.003833456184712249,0.01797390095718577,-0.00923625832550579,0.017890875594564343,-0.007676060980233298,0.013969590457490594,-0.01252325016395114,0.019449651755064183,0.019638758907543866,-0.004444278948742314,-0.0071401584658853995,-0.010149916750108264,-0.006134727289409619,0.021611267897102233,0.015992330607442425,0.023756634723287602,0.01795560197878908,0.021680320000647894,-0.005207584847731971,-0.0019374210453914301,agent21,1
-1,-0.0059207571423071925,-0.004494895468115962,-0.015367901412565837,-0.011107663050319488,-0.004914465335374191,-0.007963598699405924,-0.006998005019118815,0.011775254627675969,0.017997706904627354,-0.007041406850330117,-0.011800872234939967,0.00992115670676473,-0.006964392062586897,-0.011170696770949066,0.013991030909000248,-0.008275074179774104,1,0.01796292394554006,-0.00482491523414928,-0.012709352174061533,0.031194167727986777,-0.008170097624111191,0.01770511315926673,-0.00678834898336338,-0.003001331298833108,-0.004805643264572765,0.013769134967860515,0.023938711250634046,0.013979047894023447,0.019299400037067385,0.01793151170370328,-0.01072936554090634,0.01999989369819679,-0.00514141575215706,0.023968809155083273,-0.0050694903371002065,-0.011885658291749465,-0.008125404695805645,0.02307908454503136,0.015271560491585895,-0.013664100619128138,0.009910332405597083,0.019812819867532,0.019479727532577228,0.015950144370661338,-0.005857750386268747,-0.01323045912014295,0.03159597120777154,0.025999856831880885,0.01382639341254922,-0.011618224914991645,0.02175985277898547,0.011622823098428645,-0.008141509028083646,0.015969613423842774,-0.007399842571167083,0.025993004406869673,0.011912733002282166,-0.006367161051378634,0.023545320632877786,-0.008560960694101394,-0.010019602215367698,0.01598891958587973,-0.006888159352252662,-0.006455910252229333,0.019761602554500893,0.019110079897644953,-0.007140603116832482,0.017694500265993895,-0.0015489875669603827,0.009947732391532179,0.013885689722363126,0.011721596152007891,0.027991861165943543,0.02181175985358729,-0.004748022544504019,-0.004897087842099488,-0.0033897710927708667,-0.007212325472404576,-0.0031065227264170285,-0.003833456184712249,0.01797390095718577,-0.00923625832550579,0.017890875594564343,-0.007676060980233298,0.013969590457490594,-0.01252325016395114,0.019449651755064183,0.019638758907543866,-0.004444278948742314,-0.0071401584658853995,-0.010149916750108264,-0.006134727289409619,0.021611267897102233,0.015992330607442425,0.023756634723287602,0.01795560197878908,0.021680320000647894,-0.005207584847731971,-0.0019374210453914301,agent8,-1
-1,-0.0059207571423071925,-0.004494895468115962,-0.015367901412565837,-0.011107663050319488,-0.004914465335374191,-0.007963598699405924,-0.006998005019118815,0.011775254627675969,0.017997706904627354,-0.007041406850330117,-0.011800872234939967,0.00992115670676473,-0.006964392062586897,-0.011170696770949066,0.013991030909000248,-0.008275074179774104,1,0.01796292394554006,-0.00482491523414928,-0.012709352174061533,0.03319416772798678,-0.008170097624111191,0.01770511315926673,-0.00678834898336338,-0.003001331298833108,-0.004805643264572765,0.013769134967860515,0.023938711250634046,0.013979047894023447,0.019299400037067385,0.01793151170370328,-0.01072936554090634,0.01999989369819679,-0.00514141575215706,0.023968809155083273,-0.0050694903371002065,-0.011885658291749465,-0.008125404695805645,0.02307908454503136,0.015271560491585895,-0.013664100619128138,0.009910332405597083,0.019812819867532,0.019479727532577228,0.015950144370661338,-0.005857750386268747,-0.01323045912014295,0.03159597120777154,0.025999856831880885,0.01382639341254922,-0.011618224914991645,0.02175985277898547,0.011622823098428645,-0.008141509028083646,0.015969613423842774,-0.007399842571167083,0.025993004406869673,0.011912733002282166,-0.006367161051378634,0.023545320632877786,-0.008560960694101394,-0.010019602215367698,0.01598891958587973,-0.006888159352252662,-0.006455910252229333,0.019761602554500893,0.019110079897644953,-0.007140603116832482,0.017694500265993895,-0.0015489875669603827,0.009947732391532179,0.013885689722363126,0.011721596152007891,0.027991861165943543,0.02181175985358729,-0.004748022544504019,-0.004897087842099488,-0.0033897710927708667,-0.007212325472404576,-0.0031065227264170285,-0.003833456184712249,0.01797390095718577,-0.00923625832550579,0.017890875594564343,-0.007676060980233298,0.013969590457490594,-0.01252325016395114,0.019449651755064183,0.019638758907543866,-0.004444278948742314,-0.0071401584658853995,-0.010149916750108264,-0.006134727289409619,0.021611267897102233,0.015992330607442425,0.023756634723287602,0.01795560197878908,0.021680320000647894,-0.005207584847731971,-0.0019374210453914301,agent20,-1
-1,-0.0059207571423071925,-0.004494895468115962,-0.015367901412565837,-0.011107663050319488,-0.004914465335374191,-0.007963598699405924,-0.006998005019118815,0.011775254627675969,0.017997706904627354,-0.007041406850330117,-0.011800872234939967,0.00992115670676473,-0.006964392062586897,-0.011170696770949066,0.013991030909000248,-0.008275074179774104,1,0.01796292394554006,-0.00482491523414928,-0.012709352174061533,0.03319416772798678,-0.008170097624111191,0.01770511315926673,-0.00678834898336338,-0.003001331298833108,-0.004805643264572765,0.013769134967860515,0.023938711250634046,0.013979047894023447,0.019299400037067385,0.01793151170370328,-0.01072936554090634,0.01999989369819679,-0.00514141575215706,0.023968809155083273,-0.0050694903371002065,-0.011885658291749465,-0.008125404695805645,0.02307908454503136,0.015271560491585895,-0.013664100619128138,0.009910332405597083,0.019812819867532,0.019479727532577228,0.015950144370661338,-0.005857750386268747,-0.01323045912014295,0.03159597120777154,0.025999856831880885,0.01382639341254922,-0.011618224914991645,0.02175985277898547,0.011622823098428645,-0.008141509028083646,0.015969613423842774,-0.007399842571167083,0.025993004406869673,0.011912733002282166,-0.006367161051378634,0.023545320632877786,-0.008560960694101394,-0.010019602215367698,0.01598891958587973,-0.006888159352252662,-0.006455910252229333,0.019761602554500893,0.019110079897644953,-0.007140603116832482,0.017694500265993895,-0.0015489875669603827,0.009947732391532179,0.013885689722363126,0.011721596152007891,0.027991861165943543,0.02181175985358729,-0.004748022544504019,-0.004897087842099488,-0.0033897710927708667,-0.007212325472404576,-0.0031065227264170285,-0.003833456184712249,0.01797390095718577,-0.00923625832550579,0.017890875594564343,-0.007676060980233298,0.013969590457490594,-0.01252325016395114,0.019449651755064183,0.019638758907543866,-0.004444278948742314,-0.0071401584658853995,-0.010149916750108264,-0.006134727289409619,0.021611267897102233,0.015992330607442425,0.023756634723287602,0.01795560197878908,0.021680320000647894,-0.005207584847731971,-0.0019374210453914301,agent2,1
-1,-0.0059207571423071925,-0.004494895468115962,-0.015367901412565837,-0.011107663050319488,-0.004914465335374191,-0.007963598699405924,-0.006998005019118815,0.011775254627675969,0.017997706904627354,-0.007041406850330117,-0.011800872234939967,0.00992115670676473,-0.006964392062586897,-0.011170696770949066,0.013991030909000248,-0.008275074179774104,1,0.01796292394554006,-0.00482491523414928,-0.012709352174061533,0.03319416772798678,-0.008170097624111191,0.01770511315926673,-0.00678834898336338,-0.003001331298833108,-0.004805643264572765,0.013769134967860515,0.023938711250634046,0.013979047894023447,0.019299400037067385,0.01793151170370328,-0.01072936554090634,0.01999989369819679,-0.00514141575215706,0.023968809155083273,-0.0050694903371002065,-0.011885658291749465,-0.008125404695805645,0.02307908454503136,0.015271560491585895,-0.013664100619128138,0.009910332405597083,0.019812819867532,0.019479727532577228,0.015950144370661338,-0.005857750386268747,-0.01323045912014295,0.03159597120777154,0.025999856831880885,0.01382639341254922,-0.011618224914991645,0.02175985277898547,0.011622823098428645,-0.008141509028083646,0.015969613423842774,-0.007399842571167083,0.025993004406869673,0.011912733002282166,-0.006367161051378634,0.023545320632877786,-0.008560960694101394,-0.010019602215367698,0.01598891958587973,-0.006888159352252662,-0.006455910252229333,0.019761602554500893,0.019110079897644953,-0.007140603116832482,0.017694500265993895,-0.0015489875669603827,0.009947732391532179,0.013885689722363126,0.011721596152007891,0.027991861165943543,0.02181175985358729,-0.004748022544504019,-0.004897087842099488,-0.0033897710927708667,-0.007212325472404576,-0.0031065227264170285,-0.003833456184712249,0.01797390095718577,-0.00923625832550579,0.017890875594564343,-0.007676060980233298,0.013969590457490594,-0.01252325016395114,0.021427466299979776,0.019638758907543866,-0.004444278948742314,-0.0071401584658853995,-0.010149916750108264,-0.006134727289409619,0.021611267897102233,0.015992330607442425,0.023756634723287602,0.01795560197878908,0.021680320000647894,-0.005207584847731971,-0.0019374210453914301,agent87,-0.7893559633675413
-1,-0.0059207571423071925,-0.004494895468115962,-0.015367901412565837,-0.011107663050319488,-0.004914465335374191,-0.007963598699405924,-0.006998005019118815,0.011775254627675969,0.017997706904627354,-0.007041406850330117,-0.011800872234939967,0.00992115670676473,-0.006964392062586897,-0.011170696770949066,0.013991030909000248,-0.008275074179774104,1,0.01796292394554006,-0.00482491523414928,-0.012709352174061533,0.03319416772798678,-0.008170097624111191,0.01770511315926673,-0.00678834898336338,-0.003001331298833108,-0.004805643264572765,0.013769134967860515,0.023938711250634046,0.013979047894023447,0.019299400037067385,0.01793151170370328,-0.01072936554090634,0.01999989369819679,-0.00514141575215706,0.023968809155083273,-0.0050694903371002065,-0.011885658291749465,-0.008125404695805645,0.02307908454503136,0.015271560491585895,-0.013664100619128138,0.009910332405597083,0.019812819867532,0.019479727532577228,0.015950144370661338,-0.005857750386268747,-0.01323045912014295,0.03159597120777154,0.025999856831880885,0.01382639341254922,-0.011618224914991645,0.02175985277898547,0.011622823098428645,-0.008141509028083646,0.015969613423842774,-0.007399842571167083,0.025993004406869673,0.011912733002282166,-0.006367161051378634,0.023545320632877786,-0.008560960694101394,-0.010019602215367698,0.01598891958587973,-0.006888159352252662,-0.006455910252229333,0.019761602554500893,0.019110079897644953,-0.007140603116832482,0.017694500265993895,-0.0015489875669603827,0.009947732391532179,0.013885689722363126,0.011721596152007891,0.027991861165943543,0.02181175985358729,-0.004748022544504019,-0.004897087842099488,-0.0033897710927708667,-0.007212325472404576,-0.0031065227264170285,-0.003833456184712249,0.01797390095718577,-0.00923625832550579,0.017890875594564343,-0.007676060980233298,0.013969590457490594,-0.01252325016395114,0.021427466299979776,0.019638758907543866,-0.004444278948742314,-0.0071401584658853995,-0.010149916750108264,-0.006134727289409619,0.021611267897102233,0.015992330607442425,0.023756634723287602,0.01795560197878908,0.021680320000647894,-0.005207584847731971,-0.0019374210453914301,agent4,1
-1,-0.0059207571423071925,-0.004494895468115962,-0.015367901412565837,-0.011107663050319488,-0.004914465335374191,-0.007963598699405924,-0.006998005019118815,0.011775254627675969,0.017997706904627354,-0.007041406850330117,-0.011800872234939967,0.00992115670676473,-0.006964392062586897,-0.011170696770949066,0.013991030909000248,-0.008275074179774104,1,0.01796292394554006,-0.00482491523414928,-0.012709352174061533,0.03319416772798678,-0.008170097624111191,0.01770511315926673,-0.00678834898336338,-0.003001331298833108,-0.004805643264572765,0.013769134967860515,0.023938711250634046,0.013979047894023447,0.019299400037067385,0.01793151170370328,-0.01072936554090634,0.01999989369819679,-0.00514141575215706,0.023968809155083273,-0.0050694903371002065,-0.011885658291749465,-0.008125404695805645,0.02307908454503136,0.015271560491585895,-0.013664100619128138,0.009910332405597083,0.019812819867532,0.019479727532577228,0.015950144370661338,-0.005857750386268747,-0.01323045912014295,0.03159597120777154,0.025999856831880885,0.01382639341254922,-0.011618224914991645,0.02175985277898547,0.011622823098428645,-0.008141509028083646,0.015969613423842774,-0.007399842571167083,0.025993004406869673,0.011912733002282166,-0.006367161051378634,0.023545320632877786,-0.008560960694101394,-0.010019602215367698,0.01598891958587973,-0.006888159352252662,-0.006455910252229333,0.019761602554500893,0.019110079897644953,-0.007140603116832482,0.017694500265993895,-0.0015489875669603827,0.009947732391532179,0.013885689722363126,0.011721596152007891,0.027991861165943543,0.02181175985358729,-0.004748022544504019,-0.004897087842099488,-0.0033897710927708667,-0.007212325472404576,-0.0031065227264170285,-0.003833456184712249,0.01797390095718577,-0.00923625832550579,0.017890875594564343,-0.007676060980233298,0.013969590457490594,-0.01252325016395114,0.021427466299979776,0.019638758907543866,-0.004444278948742314,-0.0071401584658853995,-0.010149916750108264,-0.006134727289409619,0.021611267897102233,0.015992330607442425,0.023756634723287602,0.01795560197878908,0.021680320000647894,-0.005207584847731971,-0.0019374210453914301,agent67,1
-1,-0.0059207571423071925,-0.004494895468115962,-0.015367901412565837,-0.011107663050319488,-0.004914465335374191,-0.007963598699405924,-0.006998005019118815,0.011775254627675969,0.017997706904627354,-0.007041406850330117,-0.011800872234939967,0.00992115670676473,-0.006964392062586897,-0.011170696770949066,0.013991030909000248,-0.008275074179774104,1,0.01796292394554006,-0.00482491523414928,-0.012709352174061533,0.03319416772798678,-0.008170097624111191,0.01770511315926673,-0.00678834898336338,-0.003001331298833108,-0.004805643264572765,0.013769134967860515,0.023938711250634046,0.013979047894023447,0.019299400037067385,0.01793151170370328,-0.01072936554090634,0.01999989369819679,-0.00514141575215706,0.023968809155083273,-0.0050694903371002065,-0.011885658291749465,-0.008125404695805645,0.02307908454503136,0.015271560491585895,-0.013664100619128138,0.009910332405597083,0.019812819867532,0.019479727532577228,0.015950144370661338,-0.005857750386268747,-0.01323045912014295,0.03159597120777154,0.025999856831880885,0.01382639341254922,-0.011618224914991645,0.02175985277898547,0.011622823098428645,-0.008141509028083646,0.015969613423842774,-0.007399842571167083,0.025993004406869673,0.011912733002282166,-0.006367161051378634,0.023545320632877786,-0.008560960694101394,-0.010019602215367698,0.01598891958587973,-0.006888159352252662,-0.006455910252229333,0.019761602554500893,0.019110079897644953,-0.007140603116832482,0.017694500265993895,-0.0015489875669603827,0.009947732391532179,0.013885689722363126,0.011721596152007891,0.027991861165943543,0.02181175985358729,-0.004748022544504019,-0.004897087842099488,-0.0033897710927708667,-0.007212325472404576,-0.0031065227264170285,-0.003833456184712249,0.01797390095718577,-0.00923625832550579,0.017890875594564343,-0.007676060980233298,0.013969590457490594,-0.01252325016395114,0.021427466299979776,0.019638758907543866,-0.004444278948742314,-0.0071401584658853995,-0.010149916750108264,-0.006134727289409619,0.021611267897102233,0.015992330607442425,0.023756634723287602,0.01795560197878908,0.021680320000647894,-0.005207584847731971,-0.0019374210453914301,agent79,1
-1,-0.0059207571423071925,-0.004494895468115962,-0.015367901412565837,-0.011107663050319488,-0.004914465335374191,-0.007963598699405924,-0.006998005019118815,0.011775254627675969,0.017997706904627354,-0.007041406850330117,-0.011800872234939967,0.00992115670676473,-0.006964392062586897,-0.011170696770949066,0.013991030909000248,-0.008275074179774104,1,0.01796292394554006,-0.00482491523414928,-0.012709352174061533,0.03319416772798678,-0.008170097624111191,0.01770511315926673,-0.00678834898336338,-0.003001331298833108,-0.004805643264572765,0.013769134967860515,0.023938711250634046,0.013979047894023447,0.019299400037067385,0.01793151170370328,-0.01072936554090634,0.01999989369819679,-0.00514141575215706,0.023968809155083273,-0.0050694903371002065,-0.011885658291749465,-0.008125404695805645,0.02307908454503136,0.015271560491585895,-0.013664100619128138,0.009910332405597083,0.019812819867532,0.019479727532577228,0.015950144370661338,-0.005857750386268747,-0.01323045912014295,0.03159597120777154,0.025999856831880885,0.01382639341254922,-0.011618224914991645,0.02175985277898547,0.011622823098428645,-0.008141509028083646,0.015969613423842774,-0.007399842571167083,0.025993004406869673,0.011912733002282166,-0.006367161051378634,0.023545320632877786,-0.008560960694101394,-0.010019602215367698,0.01598891958587973,-0.006888159352252662,-0.006455910252229333,0.019761602554500893,0.019110079897644953,-0.007140603116832482,0.017694500265993895,-0.0015489875669603827,0.009947732391532179,0.013885689722363126,0.011721596152007891,0.027991861165943543,0.02181175985358729,-0.004748022544504019,-0.004897087842099488,-0.0033897710927708667,-0.007212325472404576,-0.0031065227264170285,-0.003833456184712249,0.01797390095718577,-0.00923625832550579,0.017890875594564343,-0.007676060980233298,0.013969590457490594,-0.01252325016395114,0.021427466299979776,0.019638758907543866,-0.004444278948742314,-0.0071401584658853995,-0.010149916750108264,-0.006134727289409619,0.021611267897102233,0.015992330607442425,0.023756634723287602,0.01795560197878908,0.021680320000647894,-0.005207584847731971,-0.0019374210453914301,agent89,1
-1,-0.0059207571423071925,-0.004494895468115962,-0.015367901412565837,-0.011107663050319488,-0.004914465335374191,-0.007963598699405924,-0.006998005019118815,0.011775254627675969,0.017997706904627354,-0.007041406850330117,-0.011800872234939967,0.00992115670676473,-0.006964392062586897,-0.011170696770949066,0.013991030909000248,-0.008275074179774104,1,0.01796292394554006,-0.00482491523414928,-0.012709352174061533,0.03319416772798678,-0.008170097624111191,0.01770511315926673,-0.00678834898336338,-0.003001331298833108,-0.004805643264572765,0.013769134967860515,0.023938711250634046,0.013979047894023447,0.019299400037067385,0.019931511703703282,-0.01072936554090634,0.01999989369819679,-0.00514141575215706,0.023968809155083273,-0.0050694903371002065,-0.011885658291749465,-0.008125404695805645,0.02307908454503136,0.015271560491585895,-0.013664100619128138,0.009910332405597083,0.019812819867532,0.019479727532577228,0.015950144370661338,-0.005857750386268747,-0.01323045912014295,0.03159597120777154,0.025999856831880885,0.01382639341254922,-0.011618224914991645,0.02175985277898547,0.011622823098428645,-0.008141509028083646,0.015969613423842774,-0.007399842571167083,0.025993004406869673,0.011912733002282166,-0.006367161051378634,0.023545320632877786,-0.008560960694101394,-0.010019602215367698,0.01598891958587973,-0.006888159352252662,-0.006455910252229333,0.019761602554500893,0.019110079897644953,-0.007140603116832482,0.017694500265993895,-0.0015489875669603827,0.009947732391532179,0.013885689722363126,0.011721596152007891,0.027991861165943543,0.02181175985358729,-0.004748022544504019,-0.004897087842099488,-0.0033897710927708667,-0.007212325472404576,-0.0031065227264170285,-0.003833456184712249,0.01797390095718577,-0.00923625832550579,0.017890875594564343,-0.007676060980233298,0.013969590457490594,-0.01252325016395114,0.021427466299979776,0.019638758907543866,-0.004444278948742314,-0.0071401584658853995,-0.010149916750108264,-0.006134727289409619,0.021611267897102233,0.015992330607442425,0.023756634723287602,0.01795560197878908,0.021680320000647894,-0.005207584847731971,-0.0019374210453914301,agent30,-1
-1,-0.0059207571423071925,-0.004494895468115962,-0.015367901412565837,-0.011107663050319488,-0.004914465335374191,-0.007963598699405924,-0.006998005019118815,0.011775254627675969,0.017997706904627354,-0.007041406850330117,-0.011800872234939967,0.00992115670676473,-0.006964392062586897,-0.011170696770949066,0.013991030909000248,-0.008275074179774104,1,0.01796292394554006,-0.00482491523414928,-0.012709352174061533,0.03319416772798678,-0.008170097624111191,0.01770511315926673,-0.00678834898336338,-0.003001331298833108,-0.004805643264572765,0.013769134967860515,0.023938711250634046,0.013979047894023447,0.019299400037067385,0.019931511703703282,-0.01072936554090634,0.01999989369819679,-0.00514141575215706,0.023968809155083273,-0.0050694903371002065,-0.011885658291749465,-0.008125404695805645,0.02307908454503136,0.015271560491585895,-0.013664100619128138,0.009910332405597083,0.019812819867532,0.019479727532577228,0.015950144370661338,-0.005857750386268747,-0.01323045912014295,0.03159597120777154,0.025999856831880885,0.01382639341254922,-0.011618224914991645,0.02175985277898547,0.011622823098428645,-0.008141509028083646,0.015969613423842774,-0.007399842571167083,0.025993004406869673,0.011912733002282166,-0.006367161051378634,0.023545320632877786,-0.008560960694101394,-0.010019602215367698,0.01598891958587973,-0.006888159352252662,-0.006455910252229333,0.019761602554500893,0.019110079897644953,-0.007140603116832482,0.017694500265993895,-0.0015489875669603827,0.009947732391532179,0.013885689722363126,0.011721596152007891,0.027991861165943543,0.02181175985358729,-0.004748022544504019,-0.004897087842099488,-0.0033897710927708667,-0.007212325472404576,-0.0031065227264170285,-0.003833456184712249,0.01797390095718577,-0.00923625832550579,0.017890875594564343,-0.007676060980233298,0.013969590457490594,-0.01252325016395114,0.021427466299979776,0.019638758907543866,-0.004444278948742314,-0.0071401584658853995,-0.010149916750108264,-0.006134727289409619,0.021611267897102233,0.015992330607442425,0.025756634723287604,0.01795560197878908,0.021680320000647894,-0.005207584847731971,-0.0019374210453914301,agent95,-1
-1,-0.0059207571423071925,-0.004494895468115962,-0.015367901412565837,-0.011107663050319488,-0.004914465335374191,-0.007963598699405924,-0.006998005019118815,0.011775254627675969,0.017997706904627354,-0.007041406850330117,-0.011800872234939967,0.00992115670676473,-0.006964392062586897,-0.011170696770949066,0.013991030909000248,-0.008275074179774104,1,0.01796292394554006,-0.00482491523414928,-0.012709352174061533,0.03319416772798678,-0.008170097624111191,0.01770511315926673,-0.00678834898336338,-0.003001331298833108,-0.004805643264572765,0.013769134967860515,0.023938711250634046,0.013979047894023447,0.019299400037067385,0.019931511703703282,-0.01072936554090634,0.01999989369819679,-0.00514141575215706,0.023968809155083273,-0.0050694903371002065,-0.011885658291749465,-0.008125404695805645,0.02307908454503136,0.015271560491585895,-0.013664100619128138,0.009910332405597083,0.019812819867532,0.019479727532577228,0.015950144370661338,-0.005857750386268747,-0.01323045912014295,0.03159597120777154,0.025999856831880885,0.01382639341254922,-0.011618224914991645,0.023757671155879102,0.011622823098428645,-0.008141509028083646,0.015969613423842774,-0.007399842571167083,0.025993004406869673,0.011912733002282166,-0.006367161051378634,0.023545320632877786,-0.008560960694101394,-0.010019602215367698,0.01598891958587973,-0.006888159352252662,-0.006455910252229333,0.019761602554500893,0.019110079897644953,-0.007140603116832482,0.017694500265993895,-0.0015489875669603827,0.009947732391532179,0.013885689722363126,0.011721596152007891,0.027991861165943543,0.02181175985358729,-0.004748022544504019,-0.004897087842099488,-0.0033897710927708667,-0.007212325472404576,-0.0031065227264170285,-0.003833456184712249,0.01797390095718577,-0.00923625832550579,0.017890875594564343,-0.007676060980233298,0.013969590457490594,-0.01252325016395114,0.021427466299979776,0.019638758907543866,-0.004444278948742314,-0.0071401584658853995,-0.010149916750108264,-0.006134727289409619,0.021611267897102233,0.015992330607442425,0.025756634723287604,0.01795560197878908,0.021680320000647894,-0.005207584847731971,-0.0019374210453914301,agent51,-0.9339451272597326
-1,-0.0059207571423071925,-0.004494895468115962,-0.015367901412565837,-0.011107663050319488,-0.004914465335374191,-0.007963598699405924,-0.006998005019118815,0.011775254627675969,0.017997706904627354,-0.007041406850330117,-0.011800872234939967,0.00992115670676473,-0.006964392062586897,-0.011170696770949066,0.013991030909000248,-0.008275074179774104,1,0.01796292394554006,-0.00482491523414928,-0.012709352174061533,0.03319416772798678,-0.008170097624111191,0.01770511315926673,-0.00678834898336338,-0.003001331298833108,-0.004805643264572765,0.013769134967860515,0.023938711250634046,0.013979047894023447,0.019299400037067385,0.019931511703703282,-0.01072936554090634,0.01999989369819679,-0.00514141575215706,0.023968809155083273,-0.0050694903371002065,-0.011885658291749465,-0.008125404695805645,0.02307908454503136,0.015271560491585895,-0.013664100619128138,0.009910332405597083,0.019812819867532,0.019479727532577228,0.015950144370661338,-0.005857750386268747,-0.01323045912014295,0.03159597120777154,0.025999856831880885,0.01382639341254922,-0.011618224914991645,0.023757671155879102,0.011622823098428645,-0.008141509028083646,0.015969613423842774,-0.007399842571167083,0.025993004406869673,0.011912733002282166,-0.006367161051378634,0.023545320632877786,-0.008560960694101394,-0.010019602215367698,0.01598891958587973,-0.006888159352252662,-0.006455910252229333,0.019761602554500893,0.019110079897644953,-0.007140603116832482,0.017694500265993895,-0.0015489875669603827,0.009947732391532179,0.013885689722363126,0.011721596152007891,0.027991861165943543,0.02181175985358729,-0.004748022544504019,-0.004897087842099488,-0.0033897710927708667,-0.007212325472404576,-0.0031065227264170285,-0.003833456184712249,0.01797390095718577,-0.00923625832550579,0.017890875594564343,-0.007676060980233298,0.013969590457490594,-0.01252325016395114,0.021427466299979776,0.019638758907543866,-0.004444278948742314,-0.0071401584658853995,-0.010149916750108264,-0.006134727289409619,0.021611267897102233,0.015992330607442425,0.025756634723287604,0.01795560197878908,0.021680320000647894,-0.005207584847731971,-0.0019374210453914301,agent15,1
-1,-0.0059207571423071925,-0.004494895468115962,-0.015367901412565837,-0.011107663050319488,-0.004914465335374191,-0.007963598699405924,-0.006998005019118815,0.011775254627675969,0.017997706904627354,-0.007041406850330117,-0.011800872234939967,0.00992115670676473,-0.006964392062586897,-0.011170696770949066,0.013991030909000248,-0.008275074179774104,1,0.01796292394554006,-0.00482491523414928,-0.012709352174061533,0.03319416772798678,-0.008170097624111191,0.01770511315926673,-0.00678834898336338,-0.003001331298833108,-0.004805643264572765,0.013769134967860515,0.023938711250634046,0.013979047894023447,0.019299400037067385,0.019931511703703282,-0.01072936554090634,0.01999989369819679,-0.00514141575215706,0.023968809155083273,-0.0050694903371002065,-0.011885658291749465,-0.008125404695805645,0.02307908454503136,0.015271560491585895,-0.013664100619128138,0.011910332405597083,0.019812819867532,0.019479727532577228,0.015950144370661338,-0.005857750386268747,-0.01323045912014295,0.03159597120777154,0.025999856831880885,0.01382639341254922,-0.011618224914991645,0.023757671155879102,0.011622823098428645,-0.008141509028083646,0.015969613423842774,-0.007399842571167083,0.025993004406869673,0.011912733002282166,-0.006367161051378634,0.023545320632877786,-0.008560960694101394,-0.010019602215367698,0.01598891958587973,-0.006888159352252662,-0.006455910252229333,0.019761602554500893,0.019110079897644953,-0.007140603116832482,0.017694500265993895,-0.0015489875669603827,0.009947732391532179,0.013885689722363126,0.011721596152007891,0.027991861165943543,0.02181175985358729,-0.004748022544504019,-0.004897087842099488,-0.0033897710927708667,-0.007212325472404576,-0.0031065227264170285,-0.003833456184712249,0.01797390095718577,-0.00923625832550579,0.017890875594564343,-0.007676060980233298,0.013969590457490594,-0.01252325016395114,0.021427466299979776,0.019638758907543866,-0.004444278948742314,-0.0071401584658853995,-0.010149916750108264,-0.006134727289409619,0.021611267897102233,0.015992330607442425,0.025756634723287604,0.01795560197878908,0.021680320000647894,-0.005207584847731971,-0.0019374210453914301,agent41,-1
-1,-0.0059207571423071925,-0.004494895468115962,-0.015367901412565837,-0.011107663050319488,-0.004914465335374191,-0.007963598699405924,-0.006998005019118815,0.011775254627675969,0.017997706904627354,-0.007041406850330117,-0.011800872234939967,0.00992115670676473,-0.006964392062586897,-0.011170696770949066,0.013991030909000248,-0.008275074179774104,1,0.01796292394554006,-0.00482491523414928,-0.012709352174061533,0.03319416772798678,-0.008170097624111191,0.01770511315926673,-0.00678834898336338,-0.003001331298833108,-0.004805643264572765,0.013769134967860515,0.023938711250634046,0.013979047894023447,0.019299400037067385,0.019931511703703282,-0.01072936554090634,0.01999989369819679,-0.00514141575215706,0.023968809155083273,-0.0050694903371002065,-0.011885658291749465,-0.008125404695805645,0.02307908454503136,0.015271560491585895,-0.013664100619128138,0.011910332405597083,0.019812819867532,0.019479727532577228,0.015950144370661338,-0.005857750386268747,-0.01323045912014295,0.03159597120777154,0.025999856831880885,0.01382639341254922,-0.011618224914991645,0.023757671155879102,0.011622823098428645,-0.008141509028083646,0.015969613423842774,-0.007399842571167083,0.025993004406869673,0.011912733002282166,-0.006367161051378634,0.023545320632877786,-0.008560960694101394,-0.010019602215367698,0.01598891958587973,-0.006888159352252662,-0.006455910252229333,0.019761602554500893,0.019110079897644953,-0.007140603116832482,0.017694500265993895,-0.0015489875669603827,0.009947732391532179,0.013885689722363126,0.011721596152007891,0.027991861165943543,0.02181175985358729,-0.004748022544504019,-0.004897087842099488,-0.0033897710927708667,-0.007212325472404576,-0.0031065227264170285,-0.003833456184712249,0.01797390095718577,-0.00923625832550579,0.017890875594564343,-0.007676060980233298,0.013969590457490594,-0.01252325016395114,0.021427466299979776,0.019638758907543866,-0.004444278948742314,-0.0071401584658853995,-0.010149916750108264,-0.006134727289409619,0.021611267897102233,0.015992330607442425,0.025756634723287604,0.01795560197878908,0.021680320000647894,-0.005207584847731971,-0.0019374210453914301,agent6,1
-1,-0.0059207571423071925,-0.004494895468115962,-0.015367901412565837,-0.011107663050319488,-0.004914465335374191,-0.007963598699405924,-0.006998005019118815,0.011775254627675969,0.017997706904627354,-0.007041406850330117,-0.011800872234939967,0.00992115670676473,-0.006964392062586897,-0.011170696770949066,0.013991030909000248,-0.008275074179774104,1,0.01796292394554006,-0.00482491523414928,-0.012709352174061533,0.03319416772798678,-0.008170097624111191,0.01770511315926673,-0.00678834898336338,-0.003001331298833108,-0.004805643264572765,0.013769134967860515,0.023938711250634046,0.013979047894023447,0.019299400037067385,0.019931511703703282,-0.01072936554090634,0.01999989369819679,-0.00514141575215706,0.023968809155083273,-0.0050694903371002065,-0.011885658291749465,-0.008125404695805645,0.02307908454503136,0.015271560491585895,-0.013664100619128138,0.011910332405597083,0.019812819867532,0.019479727532577228,0.015950144370661338,-0.005857750386268747,-0.01323045912014295,0.03159597120777154,0.025999856831880885,0.01382639341254922,-0.011618224914991645,0.023757671155879102,0.011622823098428645,-0.008141509028083646,0.015969613423842774,-0.007399842571167083,0.025993004406869673,0.011912733002282166,-0.006367161051378634,0.023545320632877786,-0.008560960694101394,-0.010019602215367698,0.01598891958587973,-0.006888159352252662,-0.006455910252229333,0.019761602554500893,0.019110079897644953,-0.007140603116832482,0.017694500265993895,-0.0015489875669603827,0.009947732391532179,0.013885689722363126,0.011721596152007891,0.027991861165943543,0.02181175985358729,-0.004748022544504019,-0.004897087842099488,-0.0033897710927708667,-0.007212325472404576,-0.0031065227264170285,-0.003833456184712249,0.01797390095718577,-0.00923625832550579,0.017890875594564343,-0.007676060980233298,0.013969590457490594,-0.01252325016395114,0.021427466299979776,0.019638758907543866,-0.004444278948742314,-0.0071401584658853995,-0.010149916750108264,-0.006134727289409619,0.021611267897102233,0.015992330607442425,0.025756634723287604,0.01795560197878908,0.021680320000647894,-0.005207584847731971,-0.0019374210453914301,agent35,1
-1,-0.0059207571423071925,-0.004494895468115962,-0.015367901412565837,-0.011107663050319488,-0.004914465335374191,-0.007963598699405924,-0.006998005019118815,0.011775254627675969,0.017997706904627354,-0.007041406850330117,-0.011800872234939967,0.00992115670676473,-0.006964392062586897,-0.011170696770949066,0.013991030909000248,-0.008275074179774104,1,0.01796292394554006,-0.00482491523414928,-0.012709352174061533,0.03319416772798678,-0.008170097624111191,0.01770511315926673,-0.00678834898336338,-0.003001331298833108,-0.004805643264572765,0.013769134967860515,0.023938711250634046,0.013979047894023447,0.019299400037067385,0.019931511703703282,-0.01072936554090634,0.01999989369819679,-0.00514141575215706,0.023968809155083273,-0.0050694903371002065,-0.011885658291749465,-0.008125404695805645,0.02307908454503136,0.015271560491585895,-0.013664100619128138,0.011910332405597083,0.019812819867532,0.019479727532577228,0.015950144370661338,-0.005857750386268747,-0.01323045912014295,0.03159597120777154,0.025999856831880885,0.01382639341254922,-0.011618224914991645,0.023757671155879102,0.011622823098428645,-0.008141509028083646,0.015969613423842774,-0.007399842571167083,0.025993004406869673,0.011912733002282166,-0.006367161051378634,0.023545320632877786,-0.008560960694101394,-0.010019602215367698,0.01598891958587973,-0.006888159352252662,-0.006455910252229333,0.019761602554500893,0.019110079897644953,-0.007140603116832482,0.017694500265993895,-0.0015489875669603827,0.011947732391532179,0.013885689722363126,0.011721596152007891,0.027991861165943543,0.02181175985358729,-0.004748022544504019,-0.004897087842099488,-0.0033897710927708667,-0.007212325472404576,-0.0031065227264170285,-0.003833456184712249,0.01797390095718577,-0.00923625832550579,0.017890875594564343,-0.007676060980233298,0.013969590457490594,-0.01252325016395114,0.021427466299979776,0.019638758907543866,-0.004444278948742314,-0.0071401584658853995,-0.010149916750108264,-0.006134727289409619,0.021611267897102233,0.015992330607442425,0.025756634723287604,0.01795560197878908,0.021680320000647894,-0.005207584847731971,-0.0019374210453914301,agent70,-1
-1,-0.0059207571423071925,-0.004494895468115962,-0.015367901412565837,-0.011107663050319488,-0.004914465335374191,-0.007963598699405924,-0.006998005019118815,0.011775254627675969,0.017997706904627354,-0.007041406850330117,-0.011800872234939967,0.00992115670676473,-0.006964392062586897,-0.011170696770949066,0.013991030909000248,-0.008275074179774104,1,0.01796292394554006,-0.00482491523414928,-0.012709352174061533,0.03319416772798678,-0.008170097624111191,0.01770511315926673,-0.00678834898336338,-0.003001331298833108,-0.004805643264572765,0.013769134967860515,0.023938711250634046,0.013979047894023447,0.019299400037067385,0.019931511703703282,-0.01072936554090634,0.01999989369819679,-0.00514141575215706,0.023968809155083273,-0.0050694903371002065,-0.011885658291749465,-0.008125404695805645,0.02307908454503136,0.015271560491585895,-0.013664100619128138,0.011910332405597083,0.019812819867532,0.019479727532577228,0.015950144370661338,-0.005857750386268747,-0.01323045912014295,0.03159597120777154,0.025999856831880885,0.01382639341254922,-0.011618224914991645,0.023757671155879102,0.011622823098428645,-0.008141509028083646,0.015969613423842774,-0.007399842571167083,0.025993004406869673,0.011912733002282166,-0.006367161051378634,0.023545320632877786,-0.008560960694101394,-0.010019602215367698,0.01598891958587973,-0.006888159352252662,-0.006455910252229333,0.019761602554500893,0.019110079897644953,-0.007140603116832482,0.017694500265993895,-0.0015489875669603827,0.011947732391532179,0.013885689722363126,0.011721596152007891,0.027991861165943543,0.02181175985358729,-0.004748022544504019,-0.004897087842099488,-0.0033897710927708667,-0.007212325472404576,-0.0031065227264170285,-0.003833456184712249,0.01797390095718577,-0.00923625832550579,0.017890875594564343,-0.007676060980233298,0.013969590457490594,-0.01252325016395114,0.021427466299979776,0.019638758907543866,-0.004444278948742314,-0.0071401584658853995,-0.010149916750108264,-0.006134727289409619,0.021611267897102233,0.015992330607442425,0.025756634723287604,0.01795560197878908,0.021680320000647894,-0.005207584847731971,-0.0019374210453914301,agent25,1
-1,-0.0059207571423071925,-0.004494895468115962,-0.015367901412565837,-0.011107663050319488,-0.004914465335374191,-0.007963598699405924,-0.006998005019118815,0.011775254627675969,0.017997706904627354,-0.007041406850330117,-0.011800872234939967,0.00992115670676473,-0.006964392062586897,-0.011170696770949066,0.013991030909000248,-0.008275074179774104,1,0.01796292394554006,-0.00482491523414928,-0.012709352174061533,0.03319416772798678,-0.008170097624111191,0.01770511315926673,-0.00678834898336338,-0.003001331298833108,-0.004805643264572765,0.013769134967860515,0.023938711250634046,0.013979047894023447,0.019299400037067385,0.021931511703703284,-0.01072936554090634,0.01999989369819679,-0.00514141575215706,0.023968809155083273,-0.0050694903371002065,-0.011885658291749465,-0.008125404695805645,0.02307908454503136,0.015271560491585895,-0.013664100619128138,0.011910332405597083,0.019812819867532,0.019479727532577228,0.015950144370661338,-0.005857750386268747,-0.01323045912014295,0.03159597120777154,0.025999856831880885,0.01382639341254922,-0.011618224914991645,0.023757671155879102,0.011622823098428645,-0.008141509028083646,0.015969613423842774,-0.007399842571167083,0.025993004406869673,0.011912733002282166,-0.006367161051378634,0.023545320632877786,-0.008560960694101394,-0.010019602215367698,0.01598891958587973,-0.006888159352252662,-0.006455910252229333,0.019761602554500893,0.019110079897644953,-0.007140603116832482,0.017694500265993895,-0.0015489875669603827,0.011947732391532179,0.013885689722363126,0.011721596152007891,0.027991861165943543,0.02181175985358729,-0.004748022544504019,-0.004897087842099488,-0.0033897710927708667,-0.007212325472404576,-0.0031065227264170285,-0.003833456184712249,0.01797390095718577,-0.00923625832550579,0.017890875594564343,-0.007676060980233298,0.013969590457490594,-0.01252325016395114,0.021427466299979776,0.019638758907543866,-0.004444278948742314,-0.0071401584658853995,-0.010149916750108264,-0.006134727289409619,0.021611267897102233,0.015992330607442425,0.025756634723287604,0.01795560197878908,0.021680320000647894,-0.005207584847731971,-0.0019374210453914301,agent30,-1
-1,-0.0059207571423071925,-0.004494895468115962,-0.015367901412565837,-0.011107663050319488,-0.004914465335374191,-0.007963598699405924,-0.006998005019118815,0.011775254627675969,0.017997706904627354,-0.007041406850330117,-0.011800872234939967,0.00992115670676473,-0.006964392062586897,-0.011170696770949066,0.013991030909000248,-0.008275074179774104,1,0.01796292394554006,-0.00482491523414928,-0.012709352174061533,0.03319416772798678,-0.008170097624111191,0.01770511315926673,-0.00678834898336338,-0.003001331298833108,-0.004805643264572765,0.013769134967860515,0.023938711250634046,0.013979047894023447,0.019299400037067385,0.021931511703703284,-0.01072936554090634,0.01999989369819679,-0.00514141575215706,0.023968809155083273,-0.0050694903371002065,-0.011885658291749465,-0.008125404695805645,0.02307908454503136,0.015271560491585895,-0.013664100619128138,0.011910332405597083,0.019812819867532,0.019479727532577228,0.015950144370661338,-0.005857750386268747,-0.01323045912014295,0.03159597120777154,0.025999856831880885,0.01382639341254922,-0.011618224914991645,0.023757671155879102,0.011622823098428645,-0.008141509028083646,0.015969613423842774,-0.007399842571167083,0.025993004406869673,0.011912733002282166,-0.006367161051378634,0.023545320632877786,-0.008560960694101394,-0.010019602215367698,0.01598891958587973,-0.006888159352252662,-0.006455910252229333,0.019761602554500893,0.019110079897644953,-0.007140603116832482,0.017694500265993895,-0.0015489875669603827,0.011947732391532179,0.013885689722363126,0.011721596152007891,0.027991861165943543,0.02181175985358729,-0.004748022544504019,-0.004897087842099488,-0.0033897710927708667,-0.007212325472404576,-0.0031065227264170285,-0.003833456184712249,0.01797390095718577,-0.00923625832550579,0.017890875594564343,-0.007676060980233298,0.013969590457490594,-0.01252325016395114,0.021427466299979776,0.019638758907543866,-0.004444278948742314,-0.0071401584658853995,-0.010149916750108264,-0.006134727289409619,0.021611267897102233,0.017992330607442424,0.025756634723287604,0.01795560197878908,0.021680320000647894,-0.005207584847731971,-0.0019374210453914301,agent94,-1
-1,-0.0059207571423071925,-0.004494895468115962,-0.015367901412565837,-0.011107663050319488,-0.004914465335374191,-0.007963598699405924,-0.006998005019118815,0.011775254627675969,0.017997706904627354,-0.007041406850330117,-0.011800872234939967,0.00992115670676473,-0.006964392062586897,-0.011170696770949066,0.013991030909000248,-0.008275074179774104,1,0.01796292394554006,-0.00482491523414928,-0.012709352174061533,0.03319416772798678,-0.008170097624111191,0.01770511315926673,-0.00678834898336338,-0.003001331298833108,-0.004805643264572765,0.013769134967860515,0.023938711250634046,0.013979047894023447,0.019299400037067385,0.021931511703703284,-0.01072936554090634,0.01999989369819679,-0.00514141575215706,0.023968809155083273,-0.0050694903371002065,-0.011885658291749465,-0.008125404695805645,0.02307908454503136,0.015271560491585895,-0.013664100619128138,0.011910332405597083,0.019812819867532,0.019479727532577228,0.015950144370661338,-0.005857750386268747,-0.01323045912014295,0.03159597120777154,0.025999856831880885,0.01382639341254922,-0.011618224914991645,0.023757671155879102,0.011622823098428645,-0.008141509028083646,0.015969613423842774,-0.007399842571167083,0.025993004406869673,0.011912733002282166,-0.006367161051378634,0.023545320632877786,-0.008560960694101394,-0.010019602215367698,0.01598891958587973,-0.006888159352252662,-0.006455910252229333,0.019761602554500893,0.019110079897644953,-0.007140603116832482,0.017694500265993895,-0.0015489875669603827,0.011947732391532179,0.013885689722363126,0.011721596152007891,0.027991861165943543,0.02181175985358729,-0.004748022544504019,-0.004897087842099488,-0.0033897710927708667,-0.007212325472404576,-0.0031065227264170285,-0.003833456184712249,0.01797390095718577,-0.00923625832550579,0.017890875594564343,-0.007676060980233298,0.013969590457490594,-0.01252325016395114,0.021427466299979776,0.019638758907543866,-0.004444278948742314,-0.0071401584658853995,-0.010149916750108264,-0.006134727289409619,0.021611267897102233,0.017992330607442424,0.025756634723287604,0.01795560197878908,0.021680320000647894,-0.005207584847731971,-0.0019374210453914301,agent4,1
-1,-0.0059207571423071925,-0.004494895468115962,-0.015367901412565837,-0.011107663050319488,-0.004914465335374191,-0.007963598699405924,-0.006998005019118815,0.011775254627675969,0.017997706904627354,-0.007041406850330117,-0.011800872234939967,0.00992115670676473,-0.006964392062586897,-0.011170696770949066,0.013991030909000248,-0.008275074179774104,1,0.01796292394554006,-0.00482491523414928,-0.012709352174061533,0.03319416772798678,-0.008170097624111191,0.01770511315926673,-0.00678834898336338,-0.003001331298833108,-0.004805643264572765,0.013769134967860515,0.023938711250634046,0.013979047894023447,0.019299400037067385,0.021931511703703284,-0.01072936554090634,0.01999989369819679,-0.00514141575215706,0.023968809155083273,-0.0050694903371002065,-0.011885658291749465,-0.008125404695805645,0.02307908454503136,0.015271560491585895,-0.013664100619128138,0.011910332405597083,0.019812819867532,0.019479727532577228,0.015950144370661338,-0.005857750386268747,-0.01323045912014295,0.03159597120777154,0.025999856831880885,0.01382639341254922,-0.011618224914991645,0.023757671155879102,0.011622823098428645,-0.008141509028083646,0.015969613423842774,-0.007399842571167083,0.025993004406869673,0.011912733002282166,-0.006367161051378634,0.023545320632877786,-0.008560960694101394,-0.010019602215367698,0.01598891958587973,-0.006888159352252662,-0.006455910252229333,0.019761602554500893,0.019110079897644953,-0.007140603116832482,0.017694500265993895,-0.0015489875669603827,0.011947732391532179,0.013885689722363126,0.011721596152007891,0.027991861165943543,0.02181175985358729,-0.004748022544504019,-0.004897087842099488,-0.0033897710927708667,-0.007212325472404576,-0.0031065227264170285,-0.003833456184712249,0.01797390095718577,-0.00923625832550579,0.017890875594564343,-0.007676060980233298,0.013969590457490594,-0.01252325016395114,0.021427466299979776,0.019638758907543866,-0.004444278948742314,-0.0071401584658853995,-0.010149916750108264,-0.006134727289409619,0.021611267897102233,0.017992330607442424,0.025756634723287604,0.01795560197878908,0.021680320000647894,-0.005207584847731971,-0.0019374210453914301,agent0,1
-1,-0.0059207571423071925,-0.004494895468115962,-0.015367901412565837,-0.011107663050319488,-0.004914465335374191,-0.007963598699405924,-0.006998005019118815,0.011775254627675969,0.017997706904627354,-0.007041406850330117,-0.011800872234939967,0.00992115670676473,-0.006964392062586897,-0.011170696770949066,0.013991030909000248,-0.008275074179774104,1,0.01796292394554006,-0.00482491523414928,-0.012709352174061533,0.03319416772798678,-0.008170097624111191,0.01770511315926673,-0.00678834898336338,-0.003001331298833108,-0.004805643264572765,0.013769134967860515,0.023938711250634046,0.013979047894023447,0.019299400037067385,0.021931511703703284,-0.01072936554090634,0.01999989369819679,-0.00514141575215706,0.023968809155083273,-0.0050694903371002065,-0.011885658291749465,-0.008125404695805645,0.02307908454503136,0.015271560491585895,-0.013664100619128138,0.011910332405597083,0.019812819867532,0.019479727532577228,0.015950144370661338,-0.005857750386268747,-0.01323045912014295,0.03159597120777154,0.025999856831880885,0.01382639341254922,-0.011618224914991645,0.023757671155879102,0.011622823098428645,-0.008141509028083646,0.017969613423842776,-0.007399842571167083,0.025993004406869673,0.011912733002282166,-0.006367161051378634,0.023545320632877786,-0.008560960694101394,-0.010019602215367698,0.01598891958587973,-0.006888159352252662,-0.006455910252229333,0.019761602554500893,0.019110079897644953,-0.007140603116832482,0.017694500265993895,-0.0015489875669603827,0.011947732391532179,0.013885689722363126,0.011721596152007891,0.027991861165943543,0.02181175985358729,-0.004748022544504019,-0.004897087842099488,-0.0033897710927708667,-0.007212325472404576,-0.0031065227264170285,-0.003833456184712249,0.01797390095718577,-0.00923625832550579,0.017890875594564343,-0.007676060980233298,0.013969590457490594,-0.01252325016395114,0.021427466299979776,0.019638758907543866,-0.004444278948742314,-0.0071401584658853995,-0.010149916750108264,-0.006134727289409619,0.021611267897102233,0.017992330607442424,0.025756634723287604,0.01795560197878908,0.021680320000647894,-0.005207584847731971,-0.0019374210453914301,agent54,-1
-1,-0.0059207571423071925,-0.004494895468115962,-0.015367901412565837,-0.011107663050319488,-0.004914465335374191,-0.007963598699405924,-0.006998005019118815,0.011775254627675969,0.017997706904627354,-0.007041406850330117,-0.011800872234939967,0.00992115670676473,-0.006964392062586897,-0.011170696770949066,0.013991030909000248,-0.008275074179774104,1,0.01796292394554006,-0.00482491523414928,-0.012709352174061533,0.03319416772798678,-0.008170097624111191,0.01770511315926673,-0.00678834898336338,-0.003001331298833108,-0.004805643264572765,0.013769134967860515,0.023938711250634046,0.013979047894023447,0.019299400037067385,0.021931511703703284,-0.01072936554090634,0.01999989369819679,-0.00514141575215706,0.023968809155083273,-0.0050694903371002065,-0.011885658291749465,-0.008125404695805645,0.02307908454503136,0.015271560491585895,-0.013664100619128138,0.011910332405597083,0.019812819867532,0.019479727532577228,0.015950144370661338,-0.005857750386268747,-0.01323045912014295,0.03159597120777154,0.025999856831880885,0.01382639341254922,-0.011618224914991645,0.023757671155879102,0.011622823098428645,-0.008141509028083646,0.017969613423842776,-0.007399842571167083,0.025993004406869673,0.011912733002282166,-0.006367161051378634,0.023545320632877786,-0.008560960694101394,-0.010019602215367698,0.01598891958587973,-0.006888159352252662,-0.006455910252229333,0.019761602554500893,0.021110079897644955,-0.007140603116832482,0.017694500265993895,-0.0015489875669603827,0.011947732391532179,0.013885689722363126,0.011721596152007891,0.027991861165943543,0.02181175985358729,-0.004748022544504019,-0.004897087842099488,-0.0033897710927708667,-0.007212325472404576,-0.0031065227264170285,-0.003833456184712249,0.01797390095718577,-0.00923625832550579,0.017890875594564343,-0.007676060980233298,0.013969590457490594,-0.01252325016395114,0.021427466299979776,0.019638758907543866,-0.004444278948742314,-0.0071401584658853995,-0.010149916750108264,-0.006134727289409619,0.021611267897102233,0.017992330607442424,0.025756634723287604,0.01795560197878908,0.021680320000647894,-0.005207584847731971,-0.0019374210453914301,agent66,-1
-1,-0.0059207571423071925,-0.004494895468115962,-0.015367901412565837,-0.011107663050319488,-0.004914465335374191,-0.007963598699405924,-0.006998005019118815,0.011775254627675969,0.017997706904627354,-0.007041406850330117,-0.011800872234939967,0.00992115670676473,-0.006964392062586897,-0.011170696770949066,0.013991030909000248,-0.008275074179774104,1,0.01796292394554006,-0.00482491523414928,-0.012709352174061533,0.03319416772798678,-0.008170097624111191,0.01770511315926673,-0.00678834898336338,-0.003001331298833108,-0.004805643264572765,0.013769134967860515,0.023938711250634046,0.013979047894023447,0.019299400037067385,0.021931511703703284,-0.01072936554090634,0.01999989369819679,-0.00514141575215706,0.023968809155083273,-0.0050694903371002065,-0.011885658291749465,-0.008125404695805645,0.02307908454503136,0.015271560491585895,-0.013664100619128138,0.011910332405597083,0.019812819867532,0.019479727532577228,0.015950144370661338,-0.005857750386268747,-0.01323045912014295,0.03159597120777154,0.025999856831880885,0.01382639341254922,-0.011618224914991645,0.023757671155879102,0.011622823098428645,-0.008141509028083646,0.017969613423842776,-0.007399842571167083,0.025993004406869673,0.011912733002282166,-0.006367161051378634,0.023545320632877786,-0.008560960694101394,-0.010019602215367698,0.01598891958587973,-0.006888159352252662,-0.006455910252229333,0.019761602554500893,0.021110079897644955,-0.007140603116832482,0.017694500265993895,-0.0015489875669603827,0.011947732391532179,0.013885689722363126,0.011721596152007891,0.027991861165943543,0.02181175985358729,-0.004748022544504019,-0.004897087842099488,-0.0033897710927708667,-0.007212325472404576,-0.0031065227264170285,-0.003833456184712249,0.01797390095718577,-0.00923625832550579,0.019890875594564345,-0.007676060980233298,0.013969590457490594,-0.01252325016395114,0.021427466299979776,0.019638758907543866,-0.004444278948742314,-0.0071401584658853995,-0.010149916750108264,-0.006134727289409619,0.021611267897102233,0.017992330607442424,0.025756634723287604,0.01795560197878908,0.021680320000647894,-0.005207584847731971,-0.0019374210453914301,agent83,-1
-1,-0.0059207571423071925,-0.004494895468115962,-0.015367901412565837,-0.011107663050319488,-0.004914465335374191,-0.007963598699405924,-0.006998005019118815,0.011775254627675969,0.017997706904627354,-0.007041406850330117,-0.011800872234939967,0.00992115670676473,-0.006964392062586897,-0.011170696770949066,0.013991030909000248,-0.008275074179774104,1,0.01796292394554006,-0.00482491523414928,-0.012709352174061533,0.03319416772798678,-0.008170097624111191,0.01770511315926673,-0.00678834898336338,-0.003001331298833108,-0.004805643264572765,0.013769134967860515,0.023938711250634046,0.013979047894023447,0.021299400037067387,0.021931511703703284,-0.01072936554090634,0.01999989369819679,-0.00514141575215706,0.023968809155083273,-0.0050694903371002065,-0.011885658291749465,-0.008125404695805645,0.02307908454503136,0.015271560491585895,-0.013664100619128138,0.011910332405597083,0.019812819867532,0.019479727532577228,0.015950144370661338,-0.005857750386268747,-0.01323045912014295,0.03159597120777154,0.025999856831880885,0.01382639341254922,-0.011618224914991645,0.023757671155879102,0.011622823098428645,-0.008141509028083646,0.017969613423842776,-0.007399842571167083,0.025993004406869673,0.011912733002282166,-0.006367161051378634,0.023545320632877786,-0.008560960694101394,-0.010019602215367698,0.01598891958587973,-0.006888159352252662,-0.006455910252229333,0.019761602554500893,0.021110079897644955,-0.007140603116832482,0.017694500265993895,-0.0015489875669603827,0.011947732391532179,0.013885689722363126,0.011721596152007891,0.027991861165943543,0.02181175985358729,-0.004748022544504019,-0.004897087842099488,-0.0033897710927708667,-0.007212325472404576,-0.0031065227264170285,-0.003833456184712249,0.01797390095718577,-0.00923625832550579,0.019890875594564345,-0.007676060980233298,0.013969590457490594,-0.01252325016395114,0.021427466299979776,0.019638758907543866,-0.004444278948742314,-0.0071401584658853995,-0.010149916750108264,-0.006134727289409619,0.021611267897102233,0.017992330607442424,0.025756634723287604,0.01795560197878908,0.021680320000647894,-0.005207584847731971,-0.0019374210453914301,agent29,-1
-1,-0.0059207571423071925,-0.004494895468115962,-0.015367901412565837,-0.011107663050319488,-0.004914465335374191,-0.007963598699405924,-0.006998005019118815,0.011775254627675969,0.017997706904627354,-0.007041406850330117,-0.011800872234939967,0.00992115670676473,-0.006964392062586897,-0.011170696770949066,0.013991030909000248,-0.008275074179774104,1,0.01796292394554006,-0.00482491523414928,-0.012709352174061533,0.03319416772798678,-0.008170097624111191,0.01770511315926673,-0.00678834898336338,-0.003001331298833108,-0.004805643264572765,0.013769134967860515,0.023938711250634046,0.013979047894023447,0.021299400037067387,0.021931511703703284,-0.01072936554090634,0.01999989369819679,-0.00514141575215706,0.023968809155083273,-0.0050694903371002065,-0.011885658291749465,-0.008125404695805645,0.02307908454503136,0.015271560491585895,-0.013664100619128138,0.011910332405597083,0.019812819867532,0.019479727532577228,0.015950144370661338,-0.005857750386268747,-0.01323045912014295,0.03159597120777154,0.025999856831880885,0.01382639341254922,-0.011618224914991645,0.023757671155879102,0.011622823098428645,-0.008141509028083646,0.017969613423842776,-0.007399842571167083,0.025993004406869673,0.011912733002282166,-0.006367161051378634,0.023545320632877786,-0.008560960694101394,-0.010019602215367698,0.01598891958587973,-0.006888159352252662,-0.006455910252229333,0.019761602554500893,0.021110079897644955,-0.007140603116832482,0.017694500265993895,-0.0015489875669603827,0.011947732391532179,0.013885689722363126,0.011721596152007891,0.029991861165943545,0.02181175985358729,-0.004748022544504019,-0.004897087842099488,-0.0033897710927708667,-0.007212325472404576,-0.0031065227264170285,-0.003833456184712249,0.01797390095718577,-0.00923625832550579,0.019890875594564345,-0.007676060980233298,0.013969590457490594,-0.01252325016395114,0.021427466299979776,0.019638758907543866,-0.004444278948742314,-0.0071401584658853995,-0.010149916750108264,-0.006134727289409619,0.021611267897102233,0.017992330607442424,0.025756634723287604,0.01795560197878908,0.021680320000647894,-0.005207584847731971,-0.0019374210453914301,agent73,-1
-1,-0.0059207571423071925,-0.004494895468115962,-0.015367901412565837,-0.011107663050319488,-0.004914465335374191,-0.007963598699405924,-0.006998005019118815,0.011775254627675969,0.017997706904627354,-0.007041406850330117,-0.011800872234939967,0.00992115670676473,-0.006964392062586897,-0.011170696770949066,0.013991030909000248,-0.008275074179774104,1,0.01796292394554006,-0.00482491523414928,-0.012709352174061533,0.03319416772798678,-0.008170097624111191,0.01770511315926673,-0.00678834898336338,-0.003001331298833108,-0.004805643264572765,0.013769134967860515,0.023938711250634046,0.013979047894023447,0.021299400037067387,0.021931511703703284,-0.01072936554090634,0.01999989369819679,-0.00514141575215706,0.023968809155083273,-0.0050694903371002065,-0.011885658291749465,-0.008125404695805645,0.02307908454503136,0.015271560491585895,-0.013664100619128138,0.011910332405597083,0.019812819867532,0.019479727532577228,0.015950144370661338,-0.005857750386268747,-0.01323045912014295,0.03159597120777154,0.025999856831880885,0.01382639341254922,-0.011618224914991645,0.023757671155879102,0.011622823098428645,-0.008141509028083646,0.017969613423842776,-0.007399842571167083,0.025993004406869673,0.011912733002282166,-0.006367161051378634,0.023545320632877786,-0.008560960694101394,-0.010019602215367698,0.01598891958587973,-0.006888159352252662,-0.006455910252229333,0.019761602554500893,0.021110079897644955,-0.007140603116832482,0.017694500265993895,-0.0015489875669603827,0.011947732391532179,0.013885689722363126,0.011721596152007891,0.029991861165943545,0.02181175985358729,-0.004748022544504019,-0.004897087842099488,-0.0033897710927708667,-0.007212325472404576,-0.0031065227264170285,-0.003833456184712249,0.01797390095718577,-0.00923625832550579,0.019890875594564345,-0.007676060980233298,0.013969590457490594,-0.01252325016395114,0.021427466299979776,0.019638758907543866,-0.004444278948742314,-0.0071401584658853995,-0.010149916750108264,-0.006134727289409619,0.021611267897102233,0.017992330607442424,0.025756634723287604,0.01795560197878908,0.021680320000647894,-0.005207584847731971,-0.0019374210453914301,agent23,1
-1,-0.0059207571423071925,-0.004494895468115962,-0.015367901412565837,-0.011107663050319488,-0.004914465335374191,-0.007963598699405924,-0.006998005019118815,0.011775254627675969,0.017997706904627354,-0.007041406850330117,-0.011800872234939967,0.00992115670676473,-0.006964392062586897,-0.011170696770949066,0.013991030909000248,-0.008275074179774104,1,0.01796292394554006,-0.00482491523414928,-0.012709352174061533,0.03319416772798678,-0.008170097624111191,0.01770511315926673,-0.00678834898336338,-0.003001331298833108,-0.004805643264572765,0.013769134967860515,0.025938711250634044,0.013979047894023447,0.021299400037067387,0.021931511703703284,-0.01072936554090634,0.01999989369819679,-0.00514141575215706,0.023968809155083273,-0.0050694903371002065,-0.011885658291749465,-0.008125404695805645,0.02307908454503136,0.015271560491585895,-0.013664100619128138,0.011910332405597083,0.019812819867532,0.019479727532577228,0.015950144370661338,-0.005857750386268747,-0.01323045912014295,0.03159597120777154,0.025999856831880885,0.01382639341254922,-0.011618224914991645,0.023757671155879102,0.011622823098428645,-0.008141509028083646,0.017969613423842776,-0.007399842571167083,0.025993004406869673,0.011912733002282166,-0.006367161051378634,0.023545320632877786,-0.008560960694101394,-0.010019602215367698,0.01598891958587973,-0.006888159352252662,-0.006455910252229333,0.019761602554500893,0.021110079897644955,-0.007140603116832482,0.017694500265993895,-0.0015489875669603827,0.011947732391532179,0.013885689722363126,0.011721596152007891,0.029991861165943545,0.02181175985358729,-0.004748022544504019,-0.004897087842099488,-0.0033897710927708667,-0.007212325472404576,-0.0031065227264170285,-0.003833456184712249,0.01797390095718577,-0.00923625832550579,0.019890875594564345,-0.007676060980233298,0.013969590457490594,-0.01252325016395114,0.021427466299979776,0.019638758907543866,-0.004444278948742314,-0.0071401584658853995,-0.010149916750108264,-0.006134727289409619,0.021611267897102233,0.017992330607442424,0.025756634723287604,0.01795560197878908,0.021680320000647894,-0.005207584847731971,-0.0019374210453914301,agent27,-1
-1,-0.0059207571423071925,-0.004494895468115962,-0.015367901412565837,-0.011107663050319488,-0.004914465335374191,-0.007963598699405924,-0.006998005019118815,0.011775254627675969,0.017997706904627354,-0.007041406850330117,-0.011800872234939967,0.00992115670676473,-0.006964392062586897,-0.011170696770949066,0.013991030909000248,-0.008275074179774104,1,0.01796292394554006,-0.00482491523414928,-0.012709352174061533,0.03319416772798678,-0.008170097624111191,0.01770511315926673,-0.00678834898336338,-0.003001331298833108,-0.004805643264572765,0.013769134967860515,0.027938711250634046,0.013979047894023447,0.021299400037067387,0.021931511703703284,-0.01072936554090634,0.01999989369819679,-0.00514141575215706,0.023968809155083273,-0.0050694903371002065,-0.011885658291749465,-0.008125404695805645,0.02307908454503136,0.015271560491585895,-0.013664100619128138,0.011910332405597083,0.019812819867532,0.019479727532577228,0.015950144370661338,-0.005857750386268747,-0.01323045912014295,0.03159597120777154,0.025999856831880885,0.01382639341254922,-0.011618224914991645,0.023757671155879102,0.011622823098428645,-0.008141509028083646,0.017969613423842776,-0.007399842571167083,0.025993004406869673,0.011912733002282166,-0.006367161051378634,0.023545320632877786,-0.008560960694101394,-0.010019602215367698,0.01598891958587973,-0.006888159352252662,-0.006455910252229333,0.019761602554500893,0.021110079897644955,-0.007140603116832482,0.017694500265993895,-0.0015489875669603827,0.011947732391532179,0.013885689722363126,0.011721596152007891,0.029991861165943545,0.02181175985358729,-0.004748022544504019,-0.004897087842099488,-0.0033897710927708667,-0.007212325472404576,-0.0031065227264170285,-0.003833456184712249,0.01797390095718577,-0.00923625832550579,0.019890875594564345,-0.007676060980233298,0.013969590457490594,-0.01252325016395114,0.021427466299979776,0.019638758907543866,-0.004444278948742314,-0.0071401584658853995,-0.010149916750108264,-0.006134727289409619,0.021611267897102233,0.017992330607442424,0.025756634723287604,0.01795560197878908,0.021680320000647894,-0.005207584847731971,-0.0019374210453914301,agent27,-1
-1,-0.0059207571423071925,-0.004494895468115962,-0.015367901412565837,-0.011107663050319488,-0.004914465335374191,-0.007963598699405924,-0.006998005019118815,0.011775254627675969,0.017997706904627354,-0.007041406850330117,-0.011800872234939967,0.00992115670676473,-0.006964392062586897,-0.011170696770949066,0.013991030909000248,-0.008275074179774104,1,0.01796292394554006,-0.00482491523414928,-0.012709352174061533,0.03319416772798678,-0.008170097624111191,0.01770511315926673,-0.00678834898336338,-0.003001331298833108,-0.004805643264572765,0.013769134967860515,0.027938711250634046,0.013979047894023447,0.021299400037067387,0.021931511703703284,-0.01072936554090634,0.01999989369819679,-0.00514141575215706,0.023968809155083273,-0.0050694903371002065,-0.011885658291749465,-0.008125404695805645,0.02307908454503136,0.015271560491585895,-0.013664100619128138,0.011910332405597083,0.019812819867532,0.019479727532577228,0.015950144370661338,-0.005857750386268747,-0.01323045912014295,0.03159597120777154,0.025999856831880885,0.01382639341254922,-0.011618224914991645,0.023757671155879102,0.011622823098428645,-0.008141509028083646,0.017969613423842776,-0.007399842571167083,0.025993004406869673,0.011912733002282166,-0.006367161051378634,0.023545320632877786,-0.008560960694101394,-0.010019602215367698,0.01598891958587973,-0.006888159352252662,-0.006455910252229333,0.019761602554500893,0.021110079897644955,-0.007140603116832482,0.017694500265993895,-0.0015489875669603827,0.011947732391532179,0.013885689722363126,0.011721596152007891,0.029991861165943545,0.02181175985358729,-0.004748022544504019,-0.004897087842099488,-0.0033897710927708667,-0.007212325472404576,-0.0031065227264170285,-0.003833456184712249,0.01797390095718577,-0.00923625832550579,0.019890875594564345,-0.007676060980233298,0.013969590457490594,-0.01252325016395114,0.021427466299979776,0.019638758907543866,-0.004444278948742314,-0.0071401584658853995,-0.010149916750108264,-0.006134727289409619,0.021611267897102233,0.017992330607442424,0.025756634723287604,0.01795560197878908,0.021680320000647894,-0.005207584847731971,-0.0019374210453914301,agent45,1
-1,-0.0059207571423071925,-0.004494895468115962,-0.015367901412565837,-0.011107663050319488,-0.004914465335374191,-0.007963598699405924,-0.006998005019118815,0.011775254627675969,0.017997706904627354,-0.007041406850330117,-0.011800872234939967,0.00992115670676473,-0.006964392062586897,-0.011170696770949066,0.013991030909000248,-0.008275074179774104,1,0.01796292394554006,-0.00482491523414928,-0.012709352174061533,0.03319416772798678,-0.008170097624111191,0.01770511315926673,-0.00678834898336338,-0.003001331298833108,-0.004805643264572765,0.013769134967860515,0.027938711250634046,0.013979047894023447,0.021299400037067387,0.021931511703703284,-0.01072936554090634,0.01999989369819679,-0.00514141575215706,0.023968809155083273,-0.0050694903371002065,-0.011885658291749465,-0.008125404695805645,0.02307908454503136,0.015271560491585895,-0.013664100619128138,0.011910332405597083,0.019812819867532,0.019479727532577228,0.015950144370661338,-0.005857750386268747,-0.01323045912014295,0.03159597120777154,0.025999856831880885,0.01382639341254922,-0.011618224914991645,0.023757671155879102,0.011622823098428645,-0.008141509028083646,0.017969613423842776,-0.007399842571167083,0.025993004406869673,0.011912733002282166,-0.006367161051378634,0.023545320632877786,-0.008560960694101394,-0.010019602215367698,0.01598891958587973,-0.006888159352252662,-0.006455910252229333,0.019761602554500893,0.021110079897644955,-0.007140603116832482,0.017694500265993895,-0.0015489875669603827,0.011947732391532179,0.013885689722363126,0.011721596152007891,0.029991861165943545,0.02181175985358729,-0.004748022544504019,-0.004897087842099488,-0.0033897710927708667,-0.007212325472404576,-0.0031065227264170285,-0.003833456184712249,0.01797390095718577,-0.00923625832550579,0.019890875594564345,-0.007676060980233298,0.013969590457490594,-0.01252325016395114,0.021427466299979776,0.019638758907543866,-0.004444278948742314,-0.0071401584658853995,-0.010149916750108264,-0.006134727289409619,0.021611267897102233,0.017992330607442424,0.025756634723287604,0.01795560197878908,0.021680320000647894,-0.005207584847731971,-0.0019374210453914301,agent92,1
-1,-0.0059207571423071925,-0.004494895468115962,-0.015367901412565837,-0.011107663050319488,-0.004914465335374191,-0.007963598699405924,-0.006998005019118815,0.011775254627675969,0.017997706904627354,-0.007041406850330117,-0.011800872234939967,0.00992115670676473,-0.006964392062586897,-0.011170696770949066,0.013991030909000248,-0.008275074179774104,1,0.01796292394554006,-0.00482491523414928,-0.012709352174061533,0.03319416772798678,-0.008170097624111191,0.01770511315926673,-0.00678834898336338,-0.003001331298833108,-0.004805643264572765,0.013769134967860515,0.027938711250634046,0.013979047894023447,0.021299400037067387,0.021931511703703284,-0.01072936554090634,0.01999989369819679,-0.00514141575215706,0.023968809155083273,-0.0050694903371002065,-0.011885658291749465,-0.008125404695805645,0.025079084545031362,0.015271560491585895,-0.013664100619128138,0.011910332405597083,0.019812819867532,0.019479727532577228,0.015950144370661338,-0.005857750386268747,-0.01323045912014295,0.03159597120777154,0.025999856831880885,0.01382639341254922,-0.011618224914991645,0.023757671155879102,0.011622823098428645,-0.008141509028083646,0.017969613423842776,-0.007399842571167083,0.025993004406869673,0.011912733002282166,-0.006367161051378634,0.023545320632877786,-0.008560960694101394,-0.010019602215367698,0.01598891958587973,-0.006888159352252662,-0.006455910252229333,0.019761602554500893,0.021110079897644955,-0.007140603116832482,0.017694500265993895,-0.0015489875669603827,0.011947732391532179,0.013885689722363126,0.011721596152007891,0.029991861165943545,0.02181175985358729,-0.004748022544504019,-0.004897087842099488,-0.0033897710927708667,-0.007212325472404576,-0.0031065227264170285,-0.003833456184712249,0.01797390095718577,-0.00923625832550579,0.019890875594564345,-0.007676060980233298,0.013969590457490594,-0.01252325016395114,0.021427466299979776,0.019638758907543866,-0.004444278948742314,-0.0071401584658853995,-0.010149916750108264,-0.006134727289409619,0.021611267897102233,0.017992330607442424,0.025756634723287604,0.01795560197878908,0.021680320000647894,-0.005207584847731971,-0.0019374210453914301,agent38,-1
-1,-0.0059207571423071925,-0.004494895468115962,-0.015367901412565837,-0.011107663050319488,-0.004914465335374191,-0.007963598699405924,-0.006998005019118815,0.011775254627675969,0.017997706904627354,-0.007041406850330117,-0.011800872234939967,0.00992115670676473,-0.006964392062586897,-0.011170696770949066,0.013991030909000248,-0.008275074179774104,1,0.01796292394554006,-0.00482491523414928,-0.012709352174061533,0.03319416772798678,-0.008170097624111191,0.01770511315926673,-0.00678834898336338,-0.003001331298833108,-0.004805643264572765,0.013769134967860515,0.027938711250634046,0.013979047894023447,0.021299400037067387,0.021931511703703284,-0.01072936554090634,0.01999989369819679,-0.00514141575215706,0.023968809155083273,-0.0050694903371002065,-0.011885658291749465,-0.008125404695805645,0.025079084545031362,0.015271560491585895,-0.013664100619128138,0.011910332405597083,0.019812819867532,0.019479727532577228,0.015950144370661338,-0.005857750386268747,-0.01323045912014295,0.03159597120777154,0.025999856831880885,0.01382639341254922,-0.011618224914991645,0.023757671155879102,0.011622823098428645,-0.008141509028083646,0.017969613423842776,-0.007399842571167083,0.025993004406869673,0.011912733002282166,-0.006367161051378634,0.023545320632877786,-0.008560960694101394,-0.010019602215367698,0.01598891958587973,-0.006888159352252662,-0.006455910252229333,0.019761602554500893,0.021110079897644955,-0.007140603116832482,0.017694500265993895,-0.0015489875669603827,0.011947732391532179,0.013885689722363126,0.011721596152007891,0.029991861165943545,0.02181175985358729,-0.004748022544504019,-0.004897087842099488,-0.0033897710927708667,-0.007212325472404576,-0.0031065227264170285,-0.003833456184712249,0.01797390095718577,-0.00923625832550579,0.019890875594564345,-0.007676060980233298,0.013969590457490594,-0.01252325016395114,0.021427466299979776,0.019638758907543866,-0.004444278948742314,-0.0071401584658853995,-0.010149916750108264,-0.006134727289409619,0.023606213817352024,0.017992330607442424,0.025756634723287604,0.01795560197878908,0.021680320000647894,-0.005207584847731971,-0.0019374210453914301,agent93,-0.8994606569525342
-1,-0.0059207571423071925,-0.004494895468115962,-0.015367901412565837,-0.011107663050319488,-0.004914465335374191,-0.007963598699405924,-0.006998005019118815,0.011775254627675969,0.017997706904627354,-0.007041406850330117,-0.011800872234939967,0.00992115670676473,-0.006964392062586897,-0.011170696770949066,0.013991030909000248,-0.008275074179774104,1,0.01796292394554006,-0.00482491523414928,-0.012709352174061533,0.03319416772798678,-0.008170097624111191,0.01770511315926673,-0.00678834898336338,-0.003001331298833108,-0.004805643264572765,0.013769134967860515,0.027938711250634046,0.013979047894023447,0.021299400037067387,0.021931511703703284,-0.01072936554090634,0.01999989369819679,-0.00514141575215706,0.023968809155083273,-0.0050694903371002065,-0.011885658291749465,-0.008125404695805645,0.025079084545031362,0.015271560491585895,-0.013664100619128138,0.011910332405597083,0.019812819867532,0.019479727532577228,0.015950144370661338,-0.005857750386268747,-0.01323045912014295,0.03159597120777154,0.025999856831880885,0.01382639341254922,-0.011618224914991645,0.023757671155879102,0.011622823098428645,-0.008141509028083646,0.017969613423842776,-0.007399842571167083,0.025993004406869673,0.011912733002282166,-0.006367161051378634,0.023545320632877786,-0.008560960694101394,-0.010019602215367698,0.01598891958587973,-0.006888159352252662,-0.006455910252229333,0.019761602554500893,0.021110079897644955,-0.007140603116832482,0.017694500265993895,-0.0015489875669603827,0.011947732391532179,0.013885689722363126,0.011721596152007891,0.029991861165943545,0.02181175985358729,-0.004748022544504019,-0.004897087842099488,-0.0033897710927708667,-0.007212325472404576,-0.0031065227264170285,-0.003833456184712249,0.01797390095718577,-0.00923625832550579,0.019890875594564345,-0.007676060980233298,0.013969590457490594,-0.01252325016395114,0.021427466299979776,0.019638758907543866,-0.004444278948742314,-0.0071401584658853995,-0.010149916750108264,-0.006134727289409619,0.023606213817352024,0.017992330607442424,0.025756634723287604,0.01795560197878908,0.021680320000647894,-0.005207584847731971,-0.0019374210453914301,agent40,1
-1,-0.0059207571423071925,-0.004494895468115962,-0.015367901412565837,-0.011107663050319488,-0.004914465335374191,-0.007963598699405924,-0.006998005019118815,0.011775254627675969,0.017997706904627354,-0.007041406850330117,-0.011800872234939967,0.00992115670676473,-0.006964392062586897,-0.011170696770949066,0.013991030909000248,-0.008275074179774104,1,0.01796292394554006,-0.00482491523414928,-0.012709352174061533,0.03319416772798678,-0.008170097624111191,0.01770511315926673,-0.00678834898336338,-0.003001331298833108,-0.004805643264572765,0.013769134967860515,0.027938711250634046,0.013979047894023447,0.021299400037067387,0.021931511703703284,-0.01072936554090634,0.01999989369819679,-0.00514141575215706,0.023968809155083273,-0.0050694903371002065,-0.011885658291749465,-0.008125404695805645,0.025079084545031362,0.015271560491585895,-0.013664100619128138,0.011910332405597083,0.019812819867532,0.019479727532577228,0.015950144370661338,-0.005857750386268747,-0.01323045912014295,0.03159597120777154,0.025999856831880885,0.01382639341254922,-0.011618224914991645,0.023757671155879102,0.011622823098428645,-0.008141509028083646,0.017969613423842776,-0.007399842571167083,0.025993004406869673,0.011912733002282166,-0.006367161051378634,0.023545320632877786,-0.008560960694101394,-0.010019602215367698,0.01598891958587973,-0.006888159352252662,-0.006455910252229333,0.019761602554500893,0.021110079897644955,-0.007140603116832482,0.017694500265993895,-0.0015489875669603827,0.011947732391532179,0.013885689722363126,0.011721596152007891,0.029991861165943545,0.02181175985358729,-0.004748022544504019,-0.004897087842099488,-0.0033897710927708667,-0.007212325472404576,-0.0031065227264170285,-0.003833456184712249,0.01797390095718577,-0.00923625832550579,0.019890875594564345,-0.007676060980233298,0.013969590457490594,-0.01252325016395114,0.023411232173991228,0.019638758907543866,-0.004444278948742314,-0.0071401584658853995,-0.010149916750108264,-0.006134727289409619,0.023606213817352024,0.017992330607442424,0.025756634723287604,0.01795560197878908,0.021680320000647894,-0.005207584847731971,-0.0019374210453914301,agent87,-0.8198105109139309
-1,-0.0059207571423071925,-0.004494895468115962,-0.015367901412565837,-0.011107663050319488,-0.004914465335374191,-0.007963598699405924,-0.006998005019118815,0.011775254627675969,0.017997706904627354,-0.007041406850330117,-0.011800872234939967,0.00992115670676473,-0.006964392062586897,-0.011170696770949066,0.013991030909000248,-0.008275074179774104,1,0.01796292394554006,-0.00482491523414928,-0.012709352174061533,0.03319416772798678,-0.008170097624111191,0.01770511315926673,-0.00678834898336338,-0.003001331298833108,-0.004805643264572765,0.013769134967860515,0.027938711250634046,0.013979047894023447,0.021299400037067387,0.021931511703703284,-0.01072936554090634,0.01999989369819679,-0.00514141575215706,0.023968809155083273,-0.0050694903371002065,-0.011885658291749465,-0.008125404695805645,0.025079084545031362,0.015271560491585895,-0.013664100619128138,0.011910332405597083,0.019812819867532,0.019479727532577228,0.015950144370661338,-0.005857750386268747,-0.01323045912014295,0.03159597120777154,0.025999856831880885,0.01382639341254922,-0.011618224914991645,0.023757671155879102,0.011622823098428645,-0.008141509028083646,0.017969613423842776,-0.007399842571167083,0.025993004406869673,0.011912733002282166,-0.006367161051378634,0.023545320632877786,-0.008560960694101394,-0.010019602215367698,0.017988919585879733,-0.006888159352252662,-0.006455910252229333,0.019761602554500893,0.021110079897644955,-0.007140603116832482,0.017694500265993895,-0.0015489875669603827,0.011947732391532179,0.013885689722363126,0.011721596152007891,0.029991861165943545,0.02181175985358729,-0.004748022544504019,-0.004897087842099488,-0.0033897710927708667,-0.007212325472404576,-0.0031065227264170285,-0.003833456184712249,0.01797390095718577,-0.00923625832550579,0.019890875594564345,-0.007676060980233298,0.013969590457490594,-0.01252325016395114,0.023411232173991228,0.019638758907543866,-0.004444278948742314,-0.0071401584658853995,-0.010149916750108264,-0.006134727289409619,0.023606213817352024,0.017992330607442424,0.025756634723287604,0.01795560197878908,0.021680320000647894,-0.005207584847731971,-0.0019374210453914301,agent62,-1
-1,-0.0059207571423071925,-0.004494895468115962,-0.015367901412565837,-0.011107663050319488,-0.004914465335374191,-0.007963598699405924,-0.006998005019118815,0.011775254627675969,0.017997706904627354,-0.007041406850330117,-0.011800872234939967,0.00992115670676473,-0.006964392062586897,-0.011170696770949066,0.013991030909000248,-0.008275074179774104,1,0.01796292394554006,-0.00482491523414928,-0.012709352174061533,0.03319416772798678,-0.008170097624111191,0.01770511315926673,-0.00678834898336338,-0.003001331298833108,-0.004805643264572765,0.013769134967860515,0.027938711250634046,0.01597904789402345,0.021299400037067387,0.021931511703703284,-0.01072936554090634,0.01999989369819679,-0.00514141575215706,0.023968809155083273,-0.0050694903371002065,-0.011885658291749465,-0.008125404695805645,0.025079084545031362,0.015271560491585895,-0.013664100619128138,0.011910332405597083,0.019812819867532,0.019479727532577228,0.015950144370661338,-0.005857750386268747,-0.01323045912014295,0.03159597120777154,0.025999856831880885,0.01382639341254922,-0.011618224914991645,0.023757671155879102,0.011622823098428645,-0.008141509028083646,0.017969613423842776,-0.007399842571167083,0.025993004406869673,0.011912733002282166,-0.006367161051378634,0.023545320632877786,-0.008560960694101394,-0.010019602215367698,0.017988919585879733,-0.006888159352252662,-0.006455910252229333,0.019761602554500893,0.021110079897644955,-0.007140603116832482,0.017694500265993895,-0.0015489875669603827,0.011947732391532179,0.013885689722363126,0.011721596152007891,0.029991861165943545,0.02181175985358729,-0.004748022544504019,-0.004897087842099488,-0.0033897710927708667,-0.007212325472404576,-0.0031065227264170285,-0.003833456184712249,0.01797390095718577,-0.00923625832550579,0.019890875594564345,-0.007676060980233298,0.013969590457490594,-0.01252325016395114,0.023411232173991228,0.019638758907543866,-0.004444278948742314,-0.0071401584658853995,-0.010149916750108264,-0.006134727289409619,0.023606213817352024,0.017992330607442424,0.025756634723287604,0.01795560197878908,0.021680320000647894,-0.005207584847731971,-0.0019374210453914301,agent28,-1
-1,-0.0059207571423071925,-0.004494895468115962,-0.015367901412565837,-0.011107663050319488,-0.004914465335374191,-0.007963598699405924,-0.006998005019118815,0.011775254627675969,0.017997706904627354,-0.007041406850330117,-0.011800872234939967,0.00992115670676473,-0.006964392062586897,-0.011170696770949066,0.013991030909000248,-0.008275074179774104,1,0.01796292394554006,-0.00482491523414928,-0.012709352174061533,0.03319416772798678,-0.008170097624111191,0.01770511315926673,-0.00678834898336338,-0.003001331298833108,-0.004805643264572765,0.013769134967860515,0.027938711250634046,0.01597904789402345,0.021299400037067387,0.021931511703703284,-0.01072936554090634,0.01999989369819679,-0.00514141575215706,0.023968809155083273,-0.0050694903371002065,-0.011885658291749465,-0.008125404695805645,0.025079084545031362,0.015271560491585895,-0.013664100619128138,0.011910332405597083,0.019812819867532,0.019479727532577228,0.015950144370661338,-0.005857750386268747,-0.01323045912014295,0.03159597120777154,0.025999856831880885,0.01382639341254922,-0.011618224914991645,0.023757671155879102,0.011622823098428645,-0.008141509028083646,0.017969613423842776,-0.007399842571167083,0.025993004406869673,0.011912733002282166,-0.006367161051378634,0.023545320632877786,-0.008560960694101394,-0.010019602215367698,0.017988919585879733,-0.006888159352252662,-0.006455910252229333,0.019761602554500893,0.021110079897644955,-0.007140603116832482,0.017694500265993895,-0.0015489875669603827,0.011947732391532179,0.013885689722363126,0.011721596152007891,0.029991861165943545,0.02181175985358729,-0.004748022544504019,-0.004897087842099488,-0.0033897710927708667,-0.007212325472404576,-0.0031065227264170285,-0.003833456184712249,0.01797390095718577,-0.00923625832550579,0.019890875594564345,-0.007676060980233298,0.013969590457490594,-0.01252325016395114,0.023411232173991228,0.019638758907543866,-0.004444278948742314,-0.0071401584658853995,-0.010149916750108264,-0.006134727289409619,0.023606213817352024,0.017992330607442424,0.025756634723287604,0.01795560197878908,0.021680320000647894,-0.005207584847731971,-0.0019374210453914301,agent6,1
-1,-0.0059207571423071925,-0.004494895468115962,-0.015367901412565837,-0.011107663050319488,-0.004914465335374191,-0.007963598699405924,-0.006998005019118815,0.01377525462767597,0.017997706904627354,-0.007041406850330117,-0.011800872234939967,0.00992115670676473,-0.006964392062586897,-0.011170696770949066,0.013991030909000248,-0.008275074179774104,1,0.01796292394554006,-0.00482491523414928,-0.012709352174061533,0.03319416772798678,-0.008170097624111191,0.01770511315926673,-0.00678834898336338,-0.003001331298833108,-0.004805643264572765,0.013769134967860515,0.027938711250634046,0.01597904789402345,0.021299400037067387,0.021931511703703284,-0.01072936554090634,0.01999989369819679,-0.00514141575215706,0.023968809155083273,-0.0050694903371002065,-0.011885658291749465,-0.008125404695805645,0.025079084545031362,0.015271560491585895,-0.013664100619128138,0.011910332405597083,0.019812819867532,0.019479727532577228,0.015950144370661338,-0.005857750386268747,-0.01323045912014295,0.03159597120777154,0.025999856831880885,0.01382639341254922,-0.011618224914991645,0.023757671155879102,0.011622823098428645,-0.008141509028083646,0.017969613423842776,-0.007399842571167083,0.025993004406869673,0.011912733002282166,-0.006367161051378634,0.023545320632877786,-0.008560960694101394,-0.010019602215367698,0.017988919585879733,-0.006888159352252662,-0.006455910252229333,0.019761602554500893,0.021110079897644955,-0.007140603116832482,0.017694500265993895,-0.0015489875669603827,0.011947732391532179,0.013885689722363126,0.011721596152007891,0.029991861165943545,0.02181175985358729,-0.004748022544504019,-0.004897087842099488,-0.0033897710927708667,-0.007212325472404576,-0.0031065227264170285,-0.003833456184712249,0.01797390095718577,-0.00923625832550579,0.019890875594564345,-0.007676060980233298,0.013969590457490594,-0.01252325016395114,0.023411232173991228,0.019638758907543866,-0.004444278948742314,-0.0071401584658853995,-0.010149916750108264,-0.006134727289409619,0.023606213817352024,0.017992330607442424,0.025756634723287604,0.01795560197878908,0.021680320000647894,-0.005207584847731971,-0.0019374210453914301,agent7,-1
-1,-0.0059207571423071925,-0.004494895468115962,-0.015367901412565837,-0.011107663050319488,-0.004914465335374191,-0.007963598699405924,-0.006998005019118815,0.01377525462767597,0.017997706904627354,-0.007041406850330117,-0.011800872234939967,0.00992115670676473,-0.006964392062586897,-0.011170696770949066,0.013991030909000248,-0.008275074179774104,1,0.01796292394554006,-0.00482491523414928,-0.012709352174061533,0.03319416772798678,-0.008170097624111191,0.01770511315926673,-0.00678834898336338,-0.003001331298833108,-0.004805643264572765,0.013769134967860515,0.027938711250634046,0.01597904789402345,0.021299400037067387,0.021931511703703284,-0.01072936554090634,0.01999989369819679,-0.00514141575215706,0.023968809155083273,-0.0050694903371002065,-0.011885658291749465,-0.008125404695805645,0.025079084545031362,0.015271560491585895,-0.013664100619128138,0.013910332405597083,0.019812819867532,0.019479727532577228,0.015950144370661338,-0.005857750386268747,-0.01323045912014295,0.03159597120777154,0.025999856831880885,0.01382639341254922,-0.011618224914991645,0.023757671155879102,0.011622823098428645,-0.008141509028083646,0.017969613423842776,-0.007399842571167083,0.025993004406869673,0.011912733002282166,-0.006367161051378634,0.023545320632877786,-0.008560960694101394,-0.010019602215367698,0.017988919585879733,-0.006888159352252662,-0.006455910252229333,0.019761602554500893,0.021110079897644955,-0.007140603116832482,0.017694500265993895,-0.0015489875669603827,0.011947732391532179,0.013885689722363126,0.011721596152007891,0.029991861165943545,0.02181175985358729,-0.004748022544504019,-0.004897087842099488,-0.0033897710927708667,-0.007212325472404576,-0.0031065227264170285,-0.003833456184712249,0.01797390095718577,-0.00923625832550579,0.019890875594564345,-0.007676060980233298,0.013969590457490594,-0.01252325016395114,0.023411232173991228,0.019638758907543866,-0.004444278948742314,-0.0071401584658853995,-0.010149916750108264,-0.006134727289409619,0.023606213817352024,0.017992330607442424,0.025756634723287604,0.01795560197878908,0.021680320000647894,-0.005207584847731971,-0.0019374210453914301,agent41,-1
-1,-0.0059207571423071925,-0.004494895468115962,-0.015367901412565837,-0.011107663050319488,-0.004914465335374191,-0.007963598699405924,-0.006998005019118815,0.01377525462767597,0.017997706904627354,-0.007041406850330117,-0.011800872234939967,0.00992115670676473,-0.006964392062586897,-0.011170696770949066,0.013991030909000248,-0.008275074179774104,1,0.01796292394554006,-0.00482491523414928,-0.012709352174061533,0.03319416772798678,-0.008170097624111191,0.01770511315926673,-0.00678834898336338,-0.003001331298833108,-0.004805643264572765,0.013769134967860515,0.027938711250634046,0.01597904789402345,0.021299400037067387,0.021931511703703284,-0.01072936554090634,0.01999989369819679,-0.00514141575215706,0.023968809155083273,-0.0050694903371002065,-0.011885658291749465,-0.008125404695805645,0.025079084545031362,0.015271560491585895,-0.013664100619128138,0.013910332405597083,0.019812819867532,0.019479727532577228,0.015950144370661338,-0.005857750386268747,-0.01323045912014295,0.03159597120777154,0.025999856831880885,0.01382639341254922,-0.011618224914991645,0.023757671155879102,0.011622823098428645,-0.008141509028083646,0.017969613423842776,-0.007399842571167083,0.025993004406869673,0.011912733002282166,-0.006367161051378634,0.023545320632877786,-0.008560960694101394,-0.010019602215367698,0.017988919585879733,-0.006888159352252662,-0.006455910252229333,0.019761602554500893,0.021110079897644955,-0.007140603116832482,0.017694500265993895,-0.0015489875669603827,0.011947732391532179,0.013885689722363126,0.011721596152007891,0.029991861165943545,0.02181175985358729,-0.004748022544504019,-0.004897087842099488,-0.0033897710927708667,-0.007212325472404576,-0.0031065227264170285,-0.003833456184712249,0.01797390095718577,-0.00923625832550579,0.019890875594564345,-0.007676060980233298,0.013969590457490594,-0.01252325016395114,0.023411232173991228,0.021638758907543867,-0.004444278948742314,-0.0071401584658853995,-0.010149916750108264,-0.006134727289409619,0.023606213817352024,0.017992330607442424,0.025756634723287604,0.01795560197878908,0.021680320000647894,-0.005207584847731971,-0.0019374210453914301,agent88,-1
-1,-0.0059207571423071925,-0.004494895468115962,-0.015367901412565837,-0.011107663050319488,-0.004914465335374191,-0.007963598699405924,-0.006998005019118815,0.01377525462767597,0.017997706904627354,-0.007041406850330117,-0.011800872234939967,0.00992115670676473,-0.006964392062586897,-0.011170696770949066,0.013991030909000248,-0.008275074179774104,1,0.01796292394554006,-0.00482491523414928,-0.012709352174061533,0.03319416772798678,-0.008170097624111191,0.01770511315926673,-0.00678834898336338,-0.003001331298833108,-0.004805643264572765,0.013769134967860515,0.027938711250634046,0.01597904789402345,0.021299400037067387,0.021931511703703284,-0.01072936554090634,0.01999989369819679,-0.00514141575215706,0.023968809155083273,-0.0050694903371002065,-0.011885658291749465,-0.008125404695805645,0.025079084545031362,0.015271560491585895,-0.013664100619128138,0.013910332405597083,0.019812819867532,0.019479727532577228,0.015950144370661338,-0.005857750386268747,-0.01323045912014295,0.03159597120777154,0.025999856831880885,0.01382639341254922,-0.011618224914991645,0.023757671155879102,0.011622823098428645,-0.008141509028083646,0.017969613423842776,-0.007399842571167083,0.025993004406869673,0.011912733002282166,-0.006367161051378634,0.023545320632877786,-0.008560960694101394,-0.010019602215367698,0.017988919585879733,-0.006888159352252662,-0.006455910252229333,0.019761602554500893,0.021110079897644955,-0.007140603116832482,0.017694500265993895,-0.0015489875669603827,0.011947732391532179,0.013885689722363126,0.011721596152007891,0.029991861165943545,0.02181175985358729,-0.004748022544504019,-0.004897087842099488,-0.0033897710927708667,-0.007212325472404576,-0.0031065227264170285,-0.003833456184712249,0.01797390095718577,-0.00923625832550579,0.019890875594564345,-0.007676060980233298,0.013969590457490594,-0.01252325016395114,0.023411232173991228,0.021638758907543867,-0.004444278948742314,-0.0071401584658853995,-0.010149916750108264,-0.006134727289409619,0.023606213817352024,0.017992330607442424,0.025756634723287604,0.01795560197878908,0.021680320000647894,-0.005207584847731971,-0.0019374210453914301,agent91,1
-1,-0.0059207571423071925,-0.004494895468115962,-0.015367901412565837,-0.011107663050319488,-0.004914465335374191,-0.007963598699405924,-0.006998005019118815,0.01377525462767597,0.017997706904627354,-0.007041406850330117,-0.011800872234939967,0.00992115670676473,-0.006964392062586897,-0.011170696770949066,0.013991030909000248,-0.008275074179774104,1,0.01796292394554006,-0.00482491523414928,-0.012709352174061533,0.03319416772798678,-0.008170097624111191,0.01770511315926673,-0.00678834898336338,-0.003001331298833108,-0.004805643264572765,0.013769134967860515,0.029938711250634048,0.01597904789402345,0.021299400037067387,0.021931511703703284,-0.01072936554090634,0.01999989369819679,-0.00514141575215706,0.023968809155083273,-0.0050694903371002065,-0.011885658291749465,-0.008125404695805645,0.025079084545031362,0.015271560491585895,-0.013664100619128138,0.013910332405597083,0.019812819867532,0.019479727532577228,0.015950144370661338,-0.005857750386268747,-0.01323045912014295,0.03159597120777154,0.025999856831880885,0.01382639341254922,-0.011618224914991645,0.023757671155879102,0.011622823098428645,-0.008141509028083646,0.017969613423842776,-0.007399842571167083,0.025993004406869673,0.011912733002282166,-0.006367161051378634,0.023545320632877786,-0.008560960694101394,-0.010019602215367698,0.017988919585879733,-0.006888159352252662,-0.006455910252229333,0.019761602554500893,0.021110079897644955,-0.007140603116832482,0.017694500265993895,-0.0015489875669603827,0.011947732391532179,0.013885689722363126,0.011721596152007891,0.029991861165943545,0.02181175985358729,-0.004748022544504019,-0.004897087842099488,-0.0033897710927708667,-0.007212325472404576,-0.0031065227264170285,-0.003833456184712249,0.01797390095718577,-0.00923625832550579,0.019890875594564345,-0.007676060980233298,0.013969590457490594,-0.01252325016395114,0.023411232173991228,0.021638758907543867,-0.004444278948742314,-0.0071401584658853995,-0.010149916750108264,-0.006134727289409619,0.023606213817352024,0.017992330607442424,0.025756634723287604,0.01795560197878908,0.021680320000647894,-0.005207584847731971,-0.0019374210453914301,agent27,-1
-1,-0.0059207571423071925,-0.004494895468115962,-0.015367901412565837,-0.011107663050319488,-0.004914465335374191,-0.007963598699405924,-0.006998005019118815,0.01377525462767597,0.017997706904627354,-0.007041406850330117,-0.011800872234939967,0.00992115670676473,-0.006964392062586897,-0.011170696770949066,0.013991030909000248,-0.008275074179774104,1,0.01796292394554006,-0.00482491523414928,-0.012709352174061533,0.03319416772798678,-0.008170097624111191,0.01770511315926673,-0.00678834898336338,-0.003001331298833108,-0.004805643264572765,0.013769134967860515,0.029938711250634048,0.01597904789402345,0.021299400037067387,0.021931511703703284,-0.01072936554090634,0.01999989369819679,-0.00514141575215706,0.023968809155083273,-0.0050694903371002065,-0.011885658291749465,-0.008125404695805645,0.025079084545031362,0.015271560491585895,-0.013664100619128138,0.013910332405597083,0.019812819867532,0.019479727532577228,0.015950144370661338,-0.005857750386268747,-0.01323045912014295,0.03159597120777154,0.025999856831880885,0.01382639341254922,-0.011618224914991645,0.023757671155879102,0.011622823098428645,-0.008141509028083646,0.017969613423842776,-0.007399842571167083,0.025993004406869673,0.011912733002282166,-0.006367161051378634,0.023545320632877786,-0.008560960694101394,-0.010019602215367698,0.017988919585879733,-0.006888159352252662,-0.006455910252229333,0.019761602554500893,0.021110079897644955,-0.007140603116832482,0.017694500265993895,-0.0015489875669603827,0.011947732391532179,0.013885689722363126,0.011721596152007891,0.029991861165943545,0.02181175985358729,-0.004748022544504019,-0.004897087842099488,-0.0033897710927708667,-0.007212325472404576,-0.0031065227264170285,-0.003833456184712249,0.01797390095718577,-0.00923625832550579,0.019890875594564345,-0.007676060980233298,0.013969590457490594,-0.01252325016395114,0.025396428972424286,0.021638758907543867,-0.004444278948742314,-0.0071401584658853995,-0.010149916750108264,-0.006134727289409619,0.023606213817352024,0.017992330607442424,0.025756634723287604,0.01795560197878908,0.021680320000647894,-0.005207584847731971,-0.0019374210453914301,agent87,-0.8279348869355491
-1,-0.0059207571423071925,-0.004494895468115962,-0.015367901412565837,-0.011107663050319488,-0.004914465335374191,-0.007963598699405924,-0.006998005019118815,0.01377525462767597,0.017997706904627354,-0.007041406850330117,-0.011800872234939967,0.00992115670676473,-0.006964392062586897,-0.011170696770949066,0.013991030909000248,-0.008275074179774104,1,0.01796292394554006,-0.00482491523414928,-0.012709352174061533,0.03319416772798678,-0.008170097624111191,0.01770511315926673,-0.00678834898336338,-0.003001331298833108,-0.004805643264572765,0.013769134967860515,0.029938711250634048,0.01597904789402345,0.021299400037067387,0.021931511703703284,-0.01072936554090634,0.01999989369819679,-0.00514141575215706,0.023968809155083273,-0.0050694903371002065,-0.011885658291749465,-0.008125404695805645,0.025079084545031362,0.015271560491585895,-0.013664100619128138,0.013910332405597083,0.019812819867532,0.019479727532577228,0.015950144370661338,-0.005857750386268747,-0.01323045912014295,0.03159597120777154,0.025999856831880885,0.01382639341254922,-0.011618224914991645,0.023757671155879102,0.011622823098428645,-0.008141509028083646,0.017969613423842776,-0.007399842571167083,0.025993004406869673,0.011912733002282166,-0.006367161051378634,0.025541145647509825,-0.008560960694101394,-0.010019602215367698,0.017988919585879733,-0.006888159352252662,-0.006455910252229333,0.019761602554500893,0.021110079897644955,-0.007140603116832482,0.017694500265993895,-0.0015489875669603827,0.011947732391532179,0.013885689722363126,0.011721596152007891,0.029991861165943545,0.02181175985358729,-0.004748022544504019,-0.004897087842099488,-0.0033897710927708667,-0.007212325472404576,-0.0031065227264170285,-0.003833456184712249,0.01797390095718577,-0.00923625832550579,0.019890875594564345,-0.007676060980233298,0.013969590457490594,-0.01252325016395114,0.025396428972424286,0.021638758907543867,-0.004444278948742314,-0.0071401584658853995,-0.010149916750108264,-0.006134727289409619,0.023606213817352024,0.017992330607442424,0.025756634723287604,0.01795560197878908,0.021680320000647894,-0.005207584847731971,-0.0019374210453914301,agent59,-0.9086218257135431
-1,-0.0059207571423071925,-0.004494895468115962,-0.015367901412565837,-0.011107663050319488,-0.004914465335374191,-0.007963598699405924,-0.006998005019118815,0.01377525462767597,0.017997706904627354,-0.007041406850330117,-0.011800872234939967,0.00992115670676473,-0.006964392062586897,-0.011170696770949066,0.013991030909000248,-0.008275074179774104,1,0.01796292394554006,-0.00482491523414928,-0.012709352174061533,0.03319416772798678,-0.008170097624111191,0.01770511315926673,-0.00678834898336338,-0.003001331298833108,-0.004805643264572765,0.013769134967860515,0.029938711250634048,0.01597904789402345,0.021299400037067387,0.021931511703703284,-0.01072936554090634,0.01999989369819679,-0.00514141575215706,0.023968809155083273,-0.0050694903371002065,-0.011885658291749465,-0.008125404695805645,0.025079084545031362,0.015271560491585895,-0.013664100619128138,0.013910332405597083,0.019812819867532,0.019479727532577228,0.015950144370661338,-0.005857750386268747,-0.01323045912014295,0.03159597120777154,0.025999856831880885,0.01382639341254922,-0.011618224914991645,0.023757671155879102,0.011622823098428645,-0.008141509028083646,0.017969613423842776,-0.007399842571167083,0.025993004406869673,0.011912733002282166,-0.006367161051378634,0.025541145647509825,-0.008560960694101394,-0.010019602215367698,0.017988919585879733,-0.006888159352252662,-0.006455910252229333,0.019761602554500893,0.021110079897644955,-0.007140603116832482,0.017694500265993895,-0.0015489875669603827,0.011947732391532179,0.013885689722363126,0.011721596152007891,0.029991861165943545,0.02181175985358729,-0.004748022544504019,-0.004897087842099488,-0.0033897710927708667,-0.007212325472404576,-0.0031065227264170285,-0.003833456184712249,0.01797390095718577,-0.00923625832550579,0.019890875594564345,-0.007676060980233298,0.013969590457490594,-0.01252325016395114,0.025396428972424286,0.021638758907543867,-0.004444278948742314,-0.0071401584658853995,-0.010149916750108264,-0.006134727289409619,0.023606213817352024,0.017992330607442424,0.025756634723287604,0.01795560197878908,0.021680320000647894,-0.005207584847731971,-0.0019374210453914301,agent90,1
-1,-0.0059207571423071925,-0.004494895468115962,-0.015367901412565837,-0.011107663050319488,-0.004914465335374191,-0.007963598699405924,-0.006998005019118815,0.01377525462767597,0.017997706904627354,-0.007041406850330117,-0.011800872234939967,0.00992115670676473,-0.006964392062586897,-0.011170696770949066,0.013991030909000248,-0.008275074179774104,1,0.01796292394554006,-0.00482491523414928,-0.012709352174061533,0.03319416772798678,-0.008170097624111191,0.01770511315926673,-0.00678834898336338,-0.003001331298833108,-0.004805643264572765,0.013769134967860515,0.029938711250634048,0.01597904789402345,0.021299400037067387,0.021931511703703284,-0.01072936554090634,0.01999989369819679,-0.00514141575215706,0.023968809155083273,-0.0050694903371002065,-0.011885658291749465,-0.008125404695805645,0.025079084545031362,0.015271560491585895,-0.013664100619128138,0.013910332405597083,0.019812819867532,0.019479727532577228,0.015950144370661338,-0.005857750386268747,-0.01323045912014295,0.03159597120777154,0.025999856831880885,0.01382639341254922,-0.011618224914991645,0.023757671155879102,0.011622823098428645,-0.008141509028083646,0.017969613423842776,-0.007399842571167083,0.025993004406869673,0.011912733002282166,-0.006367161051378634,0.025541145647509825,-0.008560960694101394,-0.010019602215367698,0.017988919585879733,-0.006888159352252662,-0.006455910252229333,0.019761602554500893,0.021110079897644955,-0.007140603116832482,0.017694500265993895,-0.0015489875669603827,0.011947732391532179,0.013885689722363126,0.011721596152007891,0.029991861165943545,0.02181175985358729,-0.004748022544504019,-0.004897087842099488,-0.0033897710927708667,-0.007212325472404576,-0.0031065227264170285,-0.003833456184712249,0.01797390095718577,-0.00923625832550579,0.019890875594564345,-0.007676060980233298,0.013969590457490594,-0.01252325016395114,0.025396428972424286,0.021638758907543867,-0.004444278948742314,-0.0071401584658853995,-0.010149916750108264,-0.006134727289409619,0.023606213817352024,0.017992330607442424,0.025756634723287604,0.01795560197878908,0.021680320000647894,-0.005207584847731971,-0.0019374210453914301,agent53,1
-1,-0.0059207571423071925,-0.004494895468115962,-0.015367901412565837,-0.011107663050319488,-0.004914465335374191,-0.007963598699405924,-0.006998005019118815,0.01377525462767597,0.017997706904627354,-0.007041406850330117,-0.011800872234939967,0.00992115670676473,-0.006964392062586897,-0.011170696770949066,0.013991030909000248,-0.008275074179774104,1,0.01796292394554006,-0.00482491523414928,-0.012709352174061533,0.03319416772798678,-0.008170097624111191,0.01770511315926673,-0.00678834898336338,-0.003001331298833108,-0.004805643264572765,0.013769134967860515,0.029938711250634048,0.01597904789402345,0.021299400037067387,0.021931511703703284,-0.01072936554090634,0.01999989369819679,-0.00514141575215706,0.023968809155083273,-0.0050694903371002065,-0.011885658291749465,-0.008125404695805645,0.025079084545031362,0.015271560491585895,-0.013664100619128138,0.013910332405597083,0.019812819867532,0.019479727532577228,0.015950144370661338,-0.005857750386268747,-0.01323045912014295,0.03159597120777154,0.025999856831880885,0.01382639341254922,-0.011618224914991645,0.023757671155879102,0.011622823098428645,-0.008141509028083646,0.017969613423842776,-0.007399842571167083,0.025993004406869673,0.011912733002282166,-0.006367161051378634,0.025541145647509825,-0.008560960694101394,-0.010019602215367698,0.017988919585879733,-0.006888159352252662,-0.006455910252229333,0.019761602554500893,0.021110079897644955,-0.007140603116832482,0.017694500265993895,-0.0015489875669603827,0.011947732391532179,0.013885689722363126,0.011721596152007891,0.029991861165943545,0.02181175985358729,-0.004748022544504019,-0.004897087842099488,-0.0033897710927708667,-0.007212325472404576,-0.0031065227264170285,-0.003833456184712249,0.01797390095718577,-0.00923625832550579,0.019890875594564345,-0.007676060980233298,0.013969590457490594,-0.01252325016395114,0.025396428972424286,0.021638758907543867,-0.004444278948742314,-0.0071401584658853995,-0.010149916750108264,-0.006134727289409619,0.023606213817352024,0.017992330607442424,0.025756634723287604,0.01795560197878908,0.021680320000647894,-0.005207584847731971,-0.0019374210453914301,agent21,1
-1,-0.0059207571423071925,-0.004494895468115962,-0.015367901412565837,-0.011107663050319488,-0.004914465335374191,-0.007963598699405924,-0.006998005019118815,0.01377525462767597,0.017997706904627354,-0.007041406850330117,-0.011800872234939967,0.00992115670676473,-0.006964392062586897,-0.011170696770949066,0.013991030909000248,-0.008275074179774104,1,0.01796292394554006,-0.00482491523414928,-0.012709352174061533,0.03319416772798678,-0.008170097624111191,0.01770511315926673,-0.00678834898336338,-0.003001331298833108,-0.004805643264572765,0.013769134967860515,0.029938711250634048,0.01597904789402345,0.021299400037067387,0.021931511703703284,-0.01072936554090634,0.01999989369819679,-0.00514141575215706,0.023968809155083273,-0.0050694903371002065,-0.011885658291749465,-0.008125404695805645,0.025079084545031362,0.015271560491585895,-0.013664100619128138,0.013910332405597083,0.019812819867532,0.019479727532577228,0.015950144370661338,-0.005857750386268747,-0.01323045912014295,0.03159597120777154,0.025999856831880885,0.01382639341254922,-0.011618224914991645,0.023757671155879102,0.011622823098428645,-0.008141509028083646,0.017969613423842776,-0.007399842571167083,0.025993004406869673,0.011912733002282166,-0.006367161051378634,0.025541145647509825,-0.008560960694101394,-0.010019602215367698,0.017988919585879733,-0.006888159352252662,-0.006455910252229333,0.019761602554500893,0.021110079897644955,-0.007140603116832482,0.017694500265993895,-0.0015489875669603827,0.011947732391532179,0.013885689722363126,0.011721596152007891,0.029991861165943545,0.02181175985358729,-0.004748022544504019,-0.004897087842099488,-0.0033897710927708667,-0.007212325472404576,-0.0031065227264170285,-0.003833456184712249,0.01797390095718577,-0.00923625832550579,0.019890875594564345,-0.007676060980233298,0.013969590457490594,-0.01252325016395114,0.025396428972424286,0.021638758907543867,-0.004444278948742314,-0.0071401584658853995,-0.010149916750108264,-0.006134727289409619,0.023606213817352024,0.017992330607442424,0.025756634723287604,0.01795560197878908,0.021680320000647894,-0.005207584847731971,-0.0019374210453914301,agent5,1
-1,-0.0059207571423071925,-0.004494895468115962,-0.015367901412565837,-0.011107663050319488,-0.004914465335374191,-0.007963598699405924,-0.006998005019118815,0.01377525462767597,0.017997706904627354,-0.007041406850330117,-0.011800872234939967,0.00992115670676473,-0.006964392062586897,-0.011170696770949066,0.013991030909000248,-0.008275074179774104,1,0.01796292394554006,-0.00482491523414928,-0.012709352174061533,0.03319416772798678,-0.008170097624111191,0.01770511315926673,-0.00678834898336338,-0.003001331298833108,-0.004805643264572765,0.013769134967860515,0.029938711250634048,0.01597904789402345,0.021299400037067387,0.021931511703703284,-0.01072936554090634,0.01999989369819679,-0.00514141575215706,0.023968809155083273,-0.0050694903371002065,-0.011885658291749465,-0.008125404695805645,0.025079084545031362,0.015271560491585895,-0.013664100619128138,0.013910332405597083,0.019812819867532,0.019479727532577228,0.015950144370661338,-0.005857750386268747,-0.01323045912014295,0.03159597120777154,0.025999856831880885,0.01382639341254922,-0.011618224914991645,0.023757671155879102,0.011622823098428645,-0.008141509028083646,0.017969613423842776,-0.007399842571167083,0.025993004406869673,0.011912733002282166,-0.006367161051378634,0.025541145647509825,-0.008560960694101394,-0.010019602215367698,0.017988919585879733,-0.006888159352252662,-0.006455910252229333,0.019761602554500893,0.021110079897644955,-0.007140603116832482,0.017694500265993895,-0.0015489875669603827,0.011947732391532179,0.013885689722363126,0.011721596152007891,0.029991861165943545,0.02181175985358729,-0.004748022544504019,-0.004897087842099488,-0.0033897710927708667,-0.007212325472404576,-0.0031065227264170285,-0.003833456184712249,0.01797390095718577,-0.00923625832550579,0.019890875594564345,-0.007676060980233298,0.013969590457490594,-0.01252325016395114,0.025396428972424286,0.021638758907543867,-0.004444278948742314,-0.0071401584658853995,-0.010149916750108264,-0.006134727289409619,0.023606213817352024,0.017992330607442424,0.025756634723287604,0.01795560197878908,0.021680320000647894,-0.005207584847731971,-0.0019374210453914301,agent10,1
